Station: Angersdorf , scaling_factor: 10.0, latitude:  51.4667, longitude:  11.9000, altitude:  108, nodata_value: -9
start: ..1969-01-01  end: ..1991-01-31
   76
   49
    0
    7
    0
    0
    0
    0
    0
    0
    0
    0
    6
    0
    0
    0
    0
    0
    0
    0
   19
   80
    0
   48
   52
    0
   18
    8
    4
    0
    0
    0
   22
    0
    3
    0
    0
   26
    0
    0
    9
    0
   20
    9
    2
  189
   25
    2
    0
    0
   24
    0
    0
    0
    0
   44
    0
    0
    0
    0
    0
    0
    0
    0
    0
    0
    0
    0
    0
   28
   60
  115
    5
   66
    0
    0
    0
    0
    0
    0
    0
   20
   19
   15
    2
    2
    5
    0
    1
   33
    0
    6
    0
    0
    0
    0
    0
    0
    0
    0
  126
   48
    2
    2
   32
   22
   13
    0
   15
    0
    8
   30
   55
   27
    1
    1
   55
   18
   45
   16
    4
    1
   75
  100
    0
  135
   69
    0
  123
    2
    0
    0
    0
    0
   20
   15
    0
    2
    1
    0
    8
    0
    0
    0
    5
  155
    0
   10
    0
   30
    0
   91
   16
   49
    0
   40
   66
    0
    0
    0
    0
    0
    0
    0
    0
    0
    0
    0
   35
   42
   22
    0
    0
    0
  100
    0
    7
   66
   19
   72
    0
    0
    2
    2
    0
    0
    0
    0
    0
   32
   52
   78
    0
    0
    0
    0
    0
    1
    0
    0
    0
    1
    0
    0
    0
    0
    0
    0
    0
    0
    0
    0
    0
    0
    0
    0
    0
    0
    0
    0
    0
    0
    0
   28
   61
   28
    0
   47
    6
    0
    0
   60
    5
    0
    0
    0
    0
   20
   60
   12
  126
   44
    0
    0
    0
    0
    0
    0
    0
    0
    0
    3
    0
    0
    0
    0
    0
    0
  113
    5
    0
    0
    0
    0
   13
    0
    0
    0
    0
    7
    0
    0
    3
    1
   39
   21
    0
    0
    0
    0
    0
    0
    0
    0
    0
    0
    0
    0
    0
    0
    0
    0
    0
    0
    0
  170
    6
    6
    0
    0
    0
    3
    5
    8
    0
    0
    0
   45
    0
    0
   18
   25
   19
    0
    0
   56
    3
    0
    8
    0
    0
    0
    0
    7
    0
    0
   15
   49
    0
    2
    0
    2
    6
    0
    0
    5
   55
    0
    0
    5
    1
   10
    0
    0
    0
    0
    0
    0
   45
   10
    5
   45
    5
    1
    0
    0
    5
    0
    0
    0
    0
    0
   20
    5
   10
    3
    5
   15
   25
   90
    0
    5
    0
    0
    0
    0
    0
    0
    0
    0
   35
    0
    0
    0
    0
    0
    0
    1
    0
    0
   60
   69
   12
    3
    0
    0
    0
  123
    0
    0
   16
   20
   20
    5
   25
   56
    4
   12
    6
    0
    0
    0
    1
    4
   15
   21
   51
  131
   91
   23
    0
   15
   37
    0
   10
   49
    0
   78
   70
    0
    0
    0
    0
    0
    0
    0
   10
    0
    9
   10
    3
    2
    1
   20
    1
    0
    0
    9
   17
    0
    0
   70
    0
    0
    4
    5
    0
   10
    2
    1
    1
    0
    1
   94
    1
    5
    0
   44
    0
    5
   77
    1
    0
   38
   25
    0
    0
    0
   21
   13
    0
    2
    0
   15
   45
   12
    2
    3
    0
    0
    2
    0
    0
    0
    0
   36
  102
    0
    0
    0
    5
    0
    0
   35
   20
   15
    1
    2
    0
   14
   28
  102
   28
    2
   35
   31
   18
    0
    0
   19
    0
    0
    0
    0
    2
   35
    0
    0
    0
    0
    0
    0
    0
    0
    0
    0
    0
   63
   12
   33
   22
    0
    0
  310
   43
    0
   -9
   -9
   -9
   -9
   -9
   -9
   -9
   -9
   -9
   -9
   -9
   -9
   -9
   -9
   -9
   -9
   -9
   -9
   -9
   -9
   -9
   -9
   -9
   -9
   -9
   -9
   -9
   -9
   -9
   -9
   -9
   63
   28
   31
    0
    0
    0
    7
   26
    0
    8
    1
    0
    0
    3
    0
   17
   20
    0
    0
  427
  300
  271
   16
    0
    0
    0
    0
    4
    0
    0
    0
   13
    0
   20
   18
    0
    0
    0
   40
    0
   40
   84
    0
   25
    0
    4
    0
    0
    0
    0
    0
   10
    0
    0
    0
    2
    0
    0
    0
    0
   65
   38
    0
   58
   26
    0
    0
    0
    0
    0
    0
    0
    0
   17
    0
    0
    0
    0
    0
    6
   31
   32
   48
   43
   32
    0
   30
    1
   99
    0
    1
    0
    0
  138
   31
    1
   48
   43
    0
    0
   26
   31
   68
   15
    0
   43
    0
    5
    0
    4
   28
    0
   44
    2
    0
    0
    0
    0
    1
    0
    1
    0
    4
    6
   26
   61
    1
    0
    1
    0
    1
    0
    1
    0
    1
    3
    0
    0
    0
    0
    3
    0
    0
    2
    3
    1
    0
    0
    0
   70
    0
   40
    2
    2
    0
    0
    0
    0
    0
    0
    0
    0
    0
    0
    0
    0
    0
   15
   15
    0
    0
    7
    0
    0
    0
    7
    4
    0
   15
   20
    1
    0
    0
    0
    1
    0
    0
    0
    1
    1
    0
    0
    0
    0
    0
   11
    1
    0
    0
    0
    1
    6
    0
    0
   59
   30
    5
   14
   33
    0
    8
   20
    7
    0
    1
   14
    0
    0
    0
    0
    7
    1
    0
    0
    0
    0
    0
    0
    0
    0
   40
    0
    0
    0
    0
    7
    0
    0
    0
    0
    0
    2
    4
    0
    0
   87
    0
    0
    0
    0
    0
    0
    0
    0
    0
    0
    0
    0
    0
   32
    0
    0
   15
    0
    0
    0
  234
   20
   21
   24
    0
   20
    0
    0
    0
    0
    0
    0
    0
    0
    0
   14
    0
    0
    0
   34
   44
    2
    0
    0
   74
    0
  135
    0
    0
   24
   36
    0
   65
    0
    0
    8
    0
    0
    0
    0
    0
   16
    0
    3
  164
  237
   40
   71
   33
   34
   24
   14
   38
   15
   19
   14
   40
   31
    2
    0
    0
    0
    0
   36
   22
   26
    0
    2
    0
    0
    0
    0
    0
    0
    0
    0
    0
    0
    0
    0
    0
    8
    0
    0
    0
    0
    0
    0
    0
    0
    0
    0
    0
    0
    0
  170
    0
    0
    0
    0
    0
    2
    0
    0
    0
    0
    0
    0
    0
    1
    0
    0
   56
    0
    0
    0
    0
    0
    0
  127
  161
   24
    0
    0
   32
    0
    0
    0
   10
    0
    0
    0
    0
    0
    0
    0
    0
    0
   60
    5
    0
   19
    0
    0
    0
    0
    0
   45
    0
    0
    0
    0
    0
    0
   39
    0
    0
   15
    0
    0
    0
    0
    0
    0
    0
    0
    0
    0
    0
    0
    0
   14
   90
   77
    5
    0
    0
    0
    1
    2
    8
    0
    0
    0
    0
    0
    0
    0
    0
    0
    0
    0
    0
    0
    0
    0
    0
    0
    0
    0
    0
    0
    0
    0
    0
    0
   68
   11
  104
    0
    0
   20
    0
   21
    2
    0
    0
    0
    0
    0
    0
    0
    0
    0
    3
    4
    3
   19
    6
   30
   11
    7
   42
    0
    0
    0
    0
    0
    0
   29
   54
   21
   63
    7
    0
    0
    0
    0
    0
   21
   14
    0
    0
    0
    5
    0
    0
    0
    0
    8
    2
    0
    0
    0
    0
    0
    0
    0
    0
    0
    0
    0
    0
    0
    0
    0
    1
    0
   14
    0
    0
    0
    0
    0
    0
    0
    0
    0
    0
    0
    0
    0
   32
   10
    0
    0
    0
    0
    0
    0
    0
    0
    2
    0
    0
    0
    0
   13
    6
    0
    0
    0
    3
    0
    0
    0
    0
    0
   58
    0
    0
  218
    0
    0
    0
    0
    0
    0
    0
    0
    0
    0
    0
    0
    0
    0
    0
    0
   62
   21
    3
    0
   72
   16
   43
    0
    6
    0
    6
    0
   10
    0
    0
   21
    0
    0
    0
   56
    0
    0
   73
   29
    0
    6
    8
    0
    0
    0
    2
    0
    1
    0
    0
    0
    0
   24
    0
    0
    0
    0
    0
    8
  140
    8
   79
   21
    0
    0
  210
    0
   48
   21
    0
    1
    0
    0
   19
    0
   24
   18
   24
   13
    0
    0
    0
    0
    0
    0
    0
  222
   54
    0
    0
    0
   45
  172
    0
    0
    0
    0
    0
    0
   12
    0
    0
   31
    0
    0
    0
    0
    0
    0
    0
  149
    0
    0
   31
    0
    0
    0
    0
    0
   69
   87
    0
    0
    0
    0
    0
    0
    0
    0
    0
    0
    0
    0
    0
    0
    0
    0
    0
   49
  515
   52
   23
    0
   43
    0
    0
    0
    0
    0
    0
  184
    0
  107
    0
  119
   13
  189
    0
  100
   30
    0
    0
    0
   13
    0
    0
   10
    0
    0
    0
    0
    0
    0
   14
    0
    0
    0
    0
    0
    0
    0
    0
  125
    0
    0
    0
    0
    0
    0
   60
   23
    0
    0
    0
   11
    0
   10
    3
   12
   18
    0
    0
    0
    0
    0
    0
    0
    0
    0
    0
    0
    0
    0
    0
    0
    0
    0
    0
    0
    0
    0
   44
    2
   10
   51
   16
    0
    0
   11
    0
  152
    0
    0
    0
    0
    0
    0
    0
    0
    0
    0
    0
    0
   36
    2
   35
    0
    0
    0
    0
   93
    0
   10
   35
    0
    0
    0
    0
    0
    0
    0
    0
    0
    0
    0
    0
    1
    0
    0
    0
    5
    0
    0
    5
    0
    0
    0
    0
    0
    0
    0
    0
    2
    0
    0
    0
    0
    0
    0
    0
    0
    0
    0
    0
    0
    0
    0
    0
    0
    1
    0
    0
    0
   24
    0
    0
    0
    0
    0
   15
   37
    0
    0
   17
    0
   23
    0
    0
    0
    0
   10
    0
   17
    0
   53
   24
    0
    0
    0
    0
    0
    0
    0
   17
    0
    0
    0
    0
    0
    0
    0
    0
   10
   30
   18
    0
    0
   30
   18
   54
    0
   18
    0
    0
    0
   17
   41
   12
    0
    0
    0
    0
    0
    0
    0
   15
    0
    0
    0
    0
    0
   24
   21
    0
    0
    0
    0
    0
    0
    0
    0
    0
    0
    0
    0
    0
   32
   25
    0
    0
    0
    0
    0
    1
    0
   15
   25
    0
    0
    0
    0
   28
   20
    0
    0
    0
    0
    0
    0
    0
    0
    0
   30
    0
    0
   21
   42
    0
    0
   75
    0
    0
    0
    0
    0
    0
    0
    0
   56
    0
    0
    0
    0
    0
    0
   36
    0
   20
   20
    0
    0
    0
    0
    0
    9
   20
   40
   10
    0
    0
    0
    0
    0
    0
    0
    0
    0
    0
   86
    0
    0
    0
  100
   47
    0
    0
    0
    0
  100
    0
    0
    0
    0
    0
    0
    0
    0
    0
    0
    0
    0
    0
   14
    0
    0
    0
   34
    0
    0
    0
   59
    0
    0
    0
   32
   12
    0
   31
   23
    0
   39
   31
   24
   46
    0
    0
    0
    0
    0
    0
    0
    0
    0
   70
   11
    0
    0
    0
    0
    0
    0
    0
    0
    0
    0
    0
    0
    0
    0
    0
    0
    0
    0
    0
    0
    0
  105
   14
    0
   25
    0
    0
    0
    0
    0
    0
   40
    0
    0
    0
    0
    0
    0
   94
    0
    0
   62
   12
   20
    0
   12
   54
    0
    0
    0
    0
    0
    0
    0
    0
    0
    0
    0
    0
    0
    0
   15
    0
  122
    0
    0
    0
   65
  164
    0
    0
   23
   37
   54
   26
   31
    0
    0
    0
    0
    0
    0
   11
    0
    0
    0
    0
    0
   55
    0
    2
    0
    0
   25
    0
   40
   11
   10
   15
   14
    0
    0
    0
    0
    0
    0
    0
   15
    0
   10
    0
    0
   11
    0
    0
   11
    5
   10
    0
   25
   14
    2
    0
    0
    0
   20
   35
    0
    4
   10
    2
    0
    0
    0
    0
    0
    0
    0
    5
    2
    0
    0
    0
    0
    0
    0
    0
    0
    0
    0
   55
   25
    0
    0
    0
   10
    0
    0
   14
    1
    0
   20
   64
    0
    0
    0
   17
    0
    0
    0
    0
    0
    0
    0
    0
    1
    0
    0
    0
    0
   17
  107
   12
   12
    9
    0
    0
    0
    0
    0
    0
    0
    0
    7
   43
    0
   12
  150
   28
    0
    0
    0
    0
    0
    0
    0
    0
    0
   30
    0
    2
    0
    0
    0
    0
    0
    0
    0
    0
    0
   39
   53
    8
    0
    0
    0
    0
    0
    0
    0
    0
    0
    0
    0
    0
    0
    0
    0
    0
    0
    0
    0
    0
    0
    0
    0
    0
    0
    0
   42
    4
    0
    0
    0
    0
    0
    0
    0
    0
    0
    0
    0
    0
   10
    0
    0
    0
   38
   64
   30
   58
   10
    0
    0
    0
   85
    0
   16
   62
    0
    0
    0
    0
    0
    0
  130
  156
   18
    0
    0
    0
    0
    0
    0
    0
   74
    4
    0
   12
    0
    0
    7
    0
   35
   16
   31
   37
   64
    9
   34
   15
    8
    0
  156
    0
   61
    0
    0
    0
    0
    0
   32
   84
   36
    0
  111
   20
    0
   50
    5
    0
  194
    0
    0
   25
    0
   10
    0
    0
   21
    0
    0
    0
    0
    0
   34
    0
    0
    0
   56
   20
    0
    0
    0
    0
    0
    0
    0
    0
    0
   16
    2
    0
    0
    5
   15
   16
   61
    0
    0
    0
    0
    0
  126
   46
  130
  104
    0
    0
    0
    0
    0
   50
  202
    0
    0
    0
    0
   51
    0
   84
    2
    0
    2
    0
    0
   21
    0
    0
    0
   20
    0
    0
    0
    0
   61
    0
    0
    0
    0
    0
    0
    5
   18
    3
  157
    5
    0
    0
   29
   19
    0
    0
    5
   13
    0
   12
    0
    0
   16
   10
    0
  258
   56
    5
    0
    5
   96
   86
  320
    1
   10
   40
   10
    3
   18
    3
   13
   24
   28
   20
    0
    0
    0
    0
    0
    0
   21
    2
    0
    0
    0
    0
    0
    0
    0
    0
    0
    0
   23
   75
    0
    5
   15
    2
    4
   12
   14
    0
    5
    0
   30
   26
   24
   51
   30
   21
   36
    2
   20
   40
   10
   10
    2
   53
   16
    0
    0
    0
    0
    0
    0
    0
   15
    0
   20
   35
   10
    0
   10
   52
    0
    0
    0
    0
    0
   18
   36
    0
    0
    0
    0
    0
    0
    0
    0
    0
   16
    0
    0
    0
    0
   10
    6
   12
    0
   20
   40
   20
   10
   20
   10
   18
    0
    0
    0
    0
    0
    0
    0
    0
   22
    0
   10
   10
    0
    0
    0
   10
   20
    0
    0
    0
    0
    0
    0
    0
    0
    0
    0
    0
    0
    0
    0
    0
   31
    0
    0
    0
    0
   41
    4
   35
   19
    3
    0
    0
   90
  123
    0
    0
    0
    0
   24
   19
   20
    0
    0
    0
    0
    0
   25
   63
   25
   32
   38
    0
   25
    0
    0
    5
   38
   15
   72
   69
   15
    0
    0
    0
   11
    0
    0
    0
    0
    0
    0
    0
    0
    0
    0
    0
   20
   49
    0
    0
    0
    0
  113
   45
    0
  102
   10
    0
    0
    0
    0
   93
   33
    0
    0
    0
    0
    0
    0
    0
    0
    0
    0
    0
    0
    0
    0
    0
   17
    0
    0
    0
    0
    0
   22
  107
    0
    0
    0
    2
  190
    0
   44
   21
    0
   20
  131
    9
    0
    0
    0
    0
    0
    0
    0
    0
    0
    0
    0
    0
    0
    0
    0
    0
  107
    0
    0
   12
    0
   48
    0
    0
    0
    0
    0
    0
    0
    0
    0
    0
   14
    0
    0
    0
    0
    0
  144
    0
    0
    0
    0
    0
    0
    0
    0
    0
    0
    0
    0
    0
    0
   19
   11
    0
    0
    0
    0
    0
  354
    4
   62
    1
    0
    0
    0
    0
    0
    1
    0
    0
    0
    2
    0
    0
    0
    0
    0
    0
   66
   37
   20
   18
    0
    0
    0
    0
    0
    0
    0
    0
    0
    0
    0
    0
    1
   20
    0
    0
    0
    0
   24
    0
   13
    0
    0
    5
   44
    3
    0
   13
   46
    0
    0
    0
   41
   32
   32
    5
   30
   37
    0
    0
    0
    0
    0
    0
    0
    0
    0
    0
    0
    0
    0
    0
    0
    8
    0
    0
    0
    0
    0
    0
    0
    0
    0
    0
    0
   62
   45
   39
    0
    0
    0
    0
    0
   15
    0
   24
    5
    0
    0
    0
    0
    0
   10
   12
    0
    0
   31
    0
    0
   10
    0
    0
    0
    0
    0
    0
    0
    0
    0
    0
    0
   21
    3
    0
    0
    0
    0
    8
   65
   35
    0
    0
   19
   11
    0
    0
    0
   75
   14
   40
  112
   46
   52
    0
    0
    0
   20
   31
   34
   24
   48
   33
    0
    0
    0
    0
    0
    0
    0
    0
    0
    0
    0
    0
    0
    0
    0
    0
   30
    0
   10
   60
   10
    0
    0
    0
    0
    0
    0
    0
    0
    0
   23
    0
    0
    0
    0
    0
    0
    0
    0
    0
    0
    0
    0
    0
    0
    0
    0
    0
    0
    0
    0
    0
    0
   30
   30
    0
    5
    0
    0
    0
   30
   25
    0
    0
    0
    0
    0
    0
    0
    0
    5
    0
   18
   10
    0
    0
    0
    0
    0
    0
    0
    0
    0
    0
    0
    0
    0
    0
    0
    0
   87
    0
    0
    0
    0
    0
    0
    0
    0
    0
    0
    0
    0
    0
    0
    0
    0
   17
    0
    2
    0
    0
    0
    0
    0
    9
   39
   34
    0
    0
  107
    0
    3
   25
    4
   30
    9
   41
    8
   31
    0
   17
    0
    0
    0
    0
    0
    0
    0
    0
    0
    0
   25
   20
    0
    0
    0
    2
    0
    0
    0
    0
    0
    0
    0
    0
    0
    0
    0
    0
    0
    0
    0
    0
    0
    0
    0
    0
    0
    0
   31
    0
    0
    0
   14
    0
    0
    9
   55
    0
    0
    0
   23
    0
    0
    0
    0
    0
  145
    1
    9
  117
    0
    0
    0
    0
    0
    0
    0
    0
    6
    0
    0
    0
    0
    0
    0
    0
    0
    0
    0
    0
    0
    0
    6
   24
    0
    0
    0
    0
    0
   54
    0
    0
    0
    0
    0
    0
   37
    0
    0
    0
    0
   21
    0
   21
    0
    0
    0
    0
    0
    0
    0
    0
    0
   22
   90
    8
    9
    0
    0
    0
   46
   34
    0
    0
    0
    0
    0
    0
    0
    0
   60
    0
    0
   30
   60
    0
    0
    0
    0
    0
    0
    0
    0
    0
    0
    0
    0
    0
    0
    0
    5
   80
    0
    0
    0
   70
    0
    0
    0
   25
    0
    5
   15
    4
    0
    0
    0
    2
    0
   13
   30
    9
   60
    0
    0
    0
    0
    6
   16
    0
    4
    0
    0
    0
    0
    7
    0
    0
    0
   10
    3
    1
    5
    1
    0
    0
    0
    0
    0
    0
    0
    0
    6
    3
    0
    0
    0
    0
    0
    0
   54
    0
    0
    0
    0
    0
    5
   15
   10
    0
   40
  165
    0
    0
    0
    0
    0
    0
    0
    0
    0
    3
    0
    0
   12
    0
    0
    0
    0
    0
    0
    0
    0
    5
    0
   40
   28
   30
   15
    0
   34
    0
    6
    0
    0
    0
    0
    0
    0
    5
   70
    9
    0
    0
    0
   60
   10
    0
    0
    0
   24
    1
    0
    0
    0
    0
    0
    0
    0
    0
  425
  147
   10
    0
    0
    0
   16
   20
    0
    0
    0
    0
    0
    0
   25
  103
   20
    0
    0
    0
   12
    0
   20
    0
    6
   15
    0
    0
    0
    2
   29
    4
   80
   17
    0
    0
    0
    0
    0
    0
    0
    0
   80
    2
    0
    0
    0
    0
   33
   32
  118
    0
    0
    0
   80
    0
    0
    0
    0
    0
    0
   20
    0
    0
    7
   40
    0
    0
  132
   60
    0
    0
    0
    0
    0
    0
    0
    0
    0
    0
    0
    0
    5
   51
    7
    8
    0
    0
   51
    0
    0
    0
    0
    0
  129
   28
    5
    0
   70
  255
    0
    0
    0
    0
    0
   76
   57
    0
   20
   19
    0
    0
    0
    0
    0
    0
    0
   11
    2
    7
   12
    0
    0
    0
    0
    0
    0
   25
   11
    0
    0
   10
    0
    0
  100
  120
   20
    9
    0
    0
    0
    0
   50
    0
    0
  105
    0
    0
  220
    8
    0
   30
  235
   38
   55
    0
    0
    0
   20
   38
   35
    0
   29
    0
    0
    0
    0
  280
    0
    0
    0
    0
  431
    0
    0
    8
    0
    0
    0
    0
  202
    0
   58
    0
    0
    0
    0
    0
    0
    0
    0
    0
    0
   52
   30
    0
    0
    0
    0
    0
    0
    0
    0
   26
   19
    0
    8
   95
    0
    0
    0
    0
  105
    0
    0
    0
    0
    0
    0
    0
    0
    0
    0
    0
    0
    0
   28
    0
    0
    0
    5
    0
    0
   60
   10
  115
   15
   35
    0
    0
    0
   53
   91
    0
    0
   66
    0
   31
    3
    0
    0
    1
    0
    0
    2
   20
    0
    7
    8
    0
   35
    0
    0
   10
    2
    0
    0
    0
    0
    0
    0
    0
    0
    0
   40
  100
    0
    4
    0
    0
    0
    0
    0
    0
    0
    0
   21
   10
    0
    0
    1
    0
    0
   43
   10
    0
    0
    0
   10
    0
    5
    0
    0
    0
    0
    0
    0
    0
    0
    0
    0
   80
   20
    0
    0
    0
    0
    0
    3
    2
    0
    0
   10
    0
    0
    0
   20
   24
   20
    0
    0
    0
    0
   23
    5
    0
    5
    0
    0
   19
    0
    0
    0
    0
    0
    0
   10
    0
    0
    0
    0
   18
    0
    0
    0
    0
    0
    9
    0
    0
    0
   16
    0
    0
    0
   30
    0
    4
    0
    1
    0
    1
   55
    0
    1
    0
   36
    0
    0
    0
   10
    0
    0
    0
    0
    0
    0
   14
    6
    0
    0
    0
    0
    0
    0
    0
    0
    0
    0
    0
    0
    0
    0
    0
    0
   10
   10
    0
    0
    0
    0
    0
    0
    0
    0
   69
  100
    0
    0
    0
   18
  280
    0
    0
   56
    0
   44
    0
    0
   78
    0
   15
    0
   15
   38
    0
   50
   39
    0
    0
    0
    0
    0
    0
    0
    0
    0
    0
    0
    0
    0
    0
   37
    0
    0
    0
    0
    0
   19
    0
    0
    0
    0
    0
    0
   26
    1
    0
    0
    0
   12
   86
   36
   10
    0
   54
    0
   18
    2
    0
    0
    0
    1
   85
  138
    4
    0
   10
    0
    0
    0
    0
    0
   21
    0
    0
    0
    0
    0
    0
    0
   20
    0
    0
    0
    0
    0
   28
    0
    0
    0
    0
    0
  188
  155
   15
    0
    0
    0
    0
    0
   18
    0
   12
    0
    0
    0
    0
   16
    0
    0
    0
    0
    0
    0
   63
  100
   50
   57
   83
    0
    0
    0
   45
   58
    0
   20
   20
   84
    0
    0
    0
    0
    0
    0
    0
   38
   28
    0
   85
   23
    0
    0
    0
    0
   70
   35
    0
    0
    0
   85
  146
    9
    0
    0
    0
    0
    0
    0
    0
    0
    0
    0
    8
   12
    0
    0
    0
    0
   10
    0
    0
   23
   21
    0
    0
    0
    0
    0
    0
    0
    0
    0
    0
    0
    0
    0
    0
    0
    0
    0
    0
    0
    0
    0
    0
    0
    0
    0
    0
    0
    0
    0
   20
    0
    0
    0
   20
   60
  180
    0
    0
    0
    0
    0
    0
   95
    0
    0
    0
    0
   62
    7
   16
    6
    0
    0
    0
    0
    0
    0
    0
   33
    0
    0
   15
   50
   70
  100
   30
    0
    0
    0
   10
    0
    0
   11
   43
    0
    0
    0
   20
    0
    0
    0
   50
    0
    0
    0
    0
    0
    0
   40
   12
    0
    0
   35
   10
    0
    0
    5
    8
   18
    0
    0
    0
    0
    5
    0
    0
    0
    2
   20
   63
   51
   13
    0
   97
    0
    0
    0
    0
    0
    0
    0
    0
    0
    0
    0
    0
    0
    0
   10
    0
    0
    0
    0
   30
    0
   65
    0
   45
   65
    0
   40
    0
   50
    0
   41
    0
   20
    0
    0
    0
   20
    0
    0
   29
   43
   30
    5
   10
    0
  120
   21
    0
   50
    0
    0
    0
    0
    0
    0
    0
    0
  148
   10
    0
    0
    0
    0
   15
   25
    0
   67
    0
    0
    0
   10
   20
   32
    0
    0
   11
    0
   20
    0
    0
    0
    0
   34
    0
    0
    0
    0
    0
    0
   90
    0
    0
    0
    0
    0
   12
    8
    0
  112
    0
    0
    0
    0
    0
    0
    0
    0
   24
    0
  110
   14
    0
    0
    0
   41
    2
    0
   15
    7
    0
    0
    0
    0
    0
    0
    0
    0
    0
    0
   50
    0
   10
    0
    0
    0
    0
    0
    0
    0
   85
    2
   35
    0
    0
    0
    5
    0
    0
   18
    0
   61
    0
    0
   10
   10
    0
   30
   40
   28
    0
    0
  220
    0
   28
   60
    0
    0
   78
    0
    0
    0
    0
   63
    0
    0
    0
    0
    0
    0
    0
    8
    0
    0
    0
   20
    0
    0
    0
    0
    0
    0
    0
    0
    0
    0
    0
   81
   40
    0
    0
    0
    0
   39
    0
    0
    0
    0
    0
    0
   20
    0
    0
    0
    0
   48
    0
  133
   24
    0
    0
    0
    0
    0
    0
    0
    0
    0
    0
    0
    8
    0
    0
    0
    0
    0
    0
    0
    0
    0
    5
   25
    5
    0
    0
    0
    0
    0
    0
    0
    0
    0
    0
    0
    0
    0
   38
   34
    0
    0
   36
   10
   44
   10
  200
    0
    0
    0
    0
    0
   12
  100
    0
    0
   20
    0
    0
    0
    0
    0
    0
    0
    0
   19
    0
    0
   12
    0
    0
    0
    0
    0
    0
   23
    0
   58
  108
   40
    0
   30
   13
   10
    0
   20
    0
    0
    0
    0
    0
    0
    0
    0
    0
    0
   12
   42
    0
    0
    7
   14
    9
   10
    0
    0
    5
    0
    0
    0
    0
    0
    0
    0
    0
    0
    0
    0
    0
    0
    4
    0
    0
    0
   25
   26
    0
    0
    0
    7
   20
    0
    7
   55
   30
   41
    0
    0
    0
    0
    0
   13
    0
    0
    0
    0
    0
    0
    0
    0
    0
    0
    0
    0
    0
    0
    0
    0
    0
    0
    0
    2
    0
    5
    0
   15
    0
    0
    5
    0
    0
    0
    0
    0
    0
    0
    0
    2
   14
    0
    0
    0
    0
    0
    0
   59
   18
    0
    6
    0
    0
   71
   32
  120
    0
    0
    0
    0
    0
   10
   20
    0
    0
    0
    0
    0
    0
    0
    0
    0
    0
    0
    0
  161
  315
    0
  162
  110
    0
    0
    0
    0
    0
    0
    0
    0
    0
    1
  129
    0
    0
    0
    0
    0
    0
    0
    0
    0
    0
    0
    0
    0
    0
    0
    0
    0
    0
    0
   40
    0
   10
    0
    0
    0
    0
    0
   15
    0
    0
    0
    0
    0
   90
    0
    0
  100
   52
    8
    2
    0
   12
    0
    0
    0
    0
    0
    3
   39
   66
   75
   54
   76
    4
   54
   48
    0
   79
    0
   16
    0
    0
    0
  694
    0
   18
    2
   28
    0
    0
    0
   28
    0
  105
    0
    0
    0
    0
    0
    0
    0
    0
    0
    0
    0
    0
    0
    0
    0
    0
    0
    0
    0
    0
   18
   98
    0
    0
    0
    0
    0
    0
    0
    0
  100
    0
    0
    0
    0
    0
    0
    0
    0
    0
   77
    0
    0
    0
    0
   30
    8
    0
    0
    0
    0
   21
    0
    8
    0
    0
    0
    0
    0
    0
    0
    0
    0
    0
    0
   78
    0
    0
    0
    0
    0
    0
    0
    0
    0
    0
    0
   81
    0
    0
    0
    0
    8
  185
    0
    0
    0
    0
    0
    8
    0
    0
    0
    0
   15
    0
    5
    0
    0
   47
    0
    0
    0
    0
    5
    0
    0
  150
   80
    0
    0
    0
    0
    0
    0
    5
   23
    0
    0
    0
   10
    0
    0
    7
    0
    0
   45
    0
    0
    0
   14
   10
    0
   25
   15
   30
   30
   20
    0
    0
    0
    0
    0
   14
    0
   28
    0
    0
    0
   35
    0
    0
    0
   63
   24
    0
   16
    0
    0
    0
    0
    0
   41
    1
    3
   83
    5
    5
   13
   24
    0
    0
    8
    0
    3
    0
   28
    3
    2
   20
   20
   68
    0
    0
    0
    0
    0
    0
    0
    0
    0
    0
    0
    0
    0
    0
    0
    0
    0
   34
    0
    0
    0
    0
    6
    0
    0
    0
    2
    0
    3
    0
    2
    0
    0
    7
  131
    1
    0
    0
    0
    0
   10
   10
    5
    0
    2
    0
    0
    0
  142
  133
   25
   70
    5
    0
    0
   82
   12
    0
    0
    0
    0
    0
   70
    0
   30
   38
    0
    0
    0
    0
    0
    0
    0
    0
   10
    0
    0
    0
    0
    0
    0
    0
    0
    0
    0
    0
    0
    0
    7
    1
    0
    1
    1
    0
    0
    0
    0
  370
   10
   15
  103
    0
    5
    0
    0
    0
    0
    0
    0
    0
    0
    0
    0
    0
   35
    0
    0
   73
    0
   20
    0
    0
   70
    0
    0
    0
  120
    8
    0
    0
    0
    0
    0
    0
   80
   32
    0
    2
   46
    0
    0
    0
    0
   46
    0
    0
   69
    0
   25
   70
    0
   70
    0
    0
    0
   23
    0
    0
    0
    0
   30
    7
    0
   13
    0
    0
    0
    0
    0
    0
    0
    0
    0
    0
    0
    0
    0
   48
    0
   63
    0
   11
    3
    0
    0
   53
   58
   65
    5
    5
    0
    0
    0
    0
   38
    0
    0
    0
    0
   32
    0
    0
   97
    0
    0
    0
    0
    0
    4
    0
    0
   51
   35
   30
    5
    0
    0
    8
    0
    0
    0
    0
    0
    0
   50
    0
    0
    0
    0
    0
    0
   18
    2
    0
    0
    0
    0
   10
    2
   76
    0
    5
   12
    3
    0
   45
   37
    0
    0
    0
    0
  219
   19
    0
    0
    0
   15
    0
    0
    0
    0
    0
   17
    0
    0
   25
    0
    0
   90
    0
   42
   88
   20
    7
    4
    6
    0
    0
    0
    0
  170
   68
    0
   42
   37
   30
   20
    5
    0
   35
   10
    0
   23
    0
    0
   83
   28
   32
    0
    0
    0
    0
    0
   40
   20
   41
    0
    0
    0
    0
   70
   69
    0
    0
   75
   28
    2
  196
   18
    2
    5
   25
  155
    0
    0
   75
    0
    0
   40
    0
    0
    0
   40
    5
    0
    1
    0
    0
    0
    2
    0
    0
    0
    0
   15
    5
    0
    0
    0
    0
   23
    2
    0
    0
    0
    0
    0
    0
    0
    0
    0
    0
    0
    0
    0
    0
    0
    0
    0
   10
    0
    2
    1
    5
   45
   41
    0
    0
    0
    0
    0
    0
    4
    0
   24
    0
    0
    0
    0
    0
    0
    0
    0
    0
    0
    0
    0
    0
    0
    0
    0
    0
    0
    0
   12
   36
    0
   29
    0
    0
    0
    0
    0
    0
    3
   10
    0
    0
    0
    0
    0
   70
    0
    0
    0
    0
    0
    0
    0
    0
    0
    0
    0
    0
    0
    0
    0
    0
    0
    0
    0
    0
   27
   10
    0
    6
    0
    0
   35
    0
    0
    0
    0
    0
    0
    0
    0
    0
    0
    0
    0
    0
    0
    4
   33
    0
   28
    0
    0
    0
   22
   81
    0
    0
    0
   55
   23
    0
    0
    0
    0
    0
    0
  162
    0
   28
    0
   29
  127
   39
    0
    0
    0
    0
    0
    0
    0
    0
    0
    0
    0
    0
    0
    0
    0
    0
    0
   48
    8
   26
    3
    0
  116
    0
   72
    0
    0
    0
    0
   10
   12
    0
    0
    0
   87
   19
    1
    0
    0
  177
    7
    0
   87
    0
    0
    0
    0
    0
    0
    0
    0
   59
    2
    0
    0
    0
    0
    0
    0
    0
    0
    8
   21
    0
    0
    0
    0
    0
    0
    0
    0
    0
    0
   11
    0
    0
    0
    0
    0
   11
    0
    0
   33
    0
    0
    0
    0
    0
    0
    0
   21
    9
    0
   20
    0
    0
    0
    0
    0
    0
   20
    0
    0
   10
    5
    0
    0
    0
    0
    0
    0
    0
    0
    0
    0
    0
    0
    0
    0
    5
   10
    0
    0
    0
    0
    0
    0
    0
    0
    0
    0
    0
    0
    0
  134
   34
    0
    0
    4
   18
   23
   19
    0
    0
    0
    2
    0
    0
    0
    0
    0
   23
   17
    0
    0
    0
    0
    0
    0
    0
    0
    0
    0
    0
    0
    0
    0
    0
    0
    0
    0
    5
    0
    2
    0
   20
    0
    1
    0
    0
    0
    2
    0
    0
    0
    0
   29
    5
    0
    0
    0
    0
    0
    0
    0
   46
   15
    0
   10
   42
   11
    5
    0
    0
   28
    0
    0
    3
    0
   44
    0
    0
    0
   17
    0
    0
    7
    5
    0
    0
    0
    0
    0
   78
    1
   11
   20
    0
    7
   15
    0
    0
    0
    0
    0
   40
   20
    0
   10
    0
    8
    0
    0
    0
    0
   87
    0
   54
    0
    0
   12
    0
    0
    4
   24
    0
    2
    9
    2
    8
    3
   69
    3
    2
    0
    0
    0
    0
    0
    0
    5
    1
    0
    0
    0
    0
    0
   34
    3
   15
    0
    0
    0
    0
    0
    0
    0
    0
    0
    0
    2
    0
    0
    0
   35
    0
   26
   41
  100
    9
   17
    1
    8
   16
    0
   34
    0
   21
    0
    0
    0
  147
  149
    0
    6
   29
   11
    0
  133
    0
   13
   84
   85
    0
   45
   14
    0
    0
    0
  222
    0
    0
    0
    0
    0
    0
    0
    5
    0
    0
    0
  125
    0
    0
    0
    0
    0
   33
  100
    0
    2
    0
    4
    0
   60
    0
  133
   42
    0
    0
    0
    0
   22
   45
   35
   94
    0
    0
   14
    0
    0
    0
    0
    0
    0
    0
   24
    0
    0
    0
   85
    7
    0
    0
   10
   31
    0
    0
    0
    0
    0
    0
    0
    0
    0
    0
    0
   15
   58
    0
   40
    0
    0
    0
    0
    0
    0
   11
    4
    0
    0
    0
    0
    0
    0
    0
    0
  430
    0
  120
  110
    0
    0
    0
    0
    0
    0
    0
    0
    0
    0
    0
    0
    7
    0
    0
  340
  282
    0
   16
    0
    0
   19
    0
   12
    0
    0
    0
    0
    0
    0
    1
    0
    0
    0
   34
    0
    0
    0
    0
    0
    0
    0
    0
    0
    0
   10
    0
    0
    0
    0
    0
    0
   42
    0
    0
   14
   91
  128
    0
    0
    0
   94
    0
    0
    0
    0
    0
    0
    0
    0
    0
    0
    0
    0
    0
    0
    0
    0
    0
    0
    8
   12
    0
    0
    0
    0
    9
    0
    0
    0
    0
    0
    0
    0
    0
    0
    0
    0
    0
    0
    0
    0
    0
    0
    0
    0
    0
    0
    0
    0
    0
    0
    0
    0
    0
    0
    0
    0
    5
   10
    0
    0
    4
    0
    0
    0
    0
   21
    5
   72
   30
   11
    8
    0
    0
    0
    0
    0
    0
   42
    0
    0
  128
    0
    3
    0
    0
    0
    0
    0
    0
    0
    6
    0
    0
   29
   41
   11
   14
    4
    4
    0
    2
    0
    0
    0
    5
    0
    0
    1
    0
   12
   13
   12
    0
    4
    0
   25
   80
   14
   22
    0
    0
    0
    3
    0
   12
    7
    0
    5
    0
   23
    8
    0
    2
    5
   15
    6
   29
    6
   14
   74
    0
   33
   10
   58
    0
    0
    0
    0
    0
    0
    0
    0
    0
    0
    0
   34
    0
   23
   23
    0
    0
    0
    0
    0
    2
    0
    0
    0
    0
    0
    3
    4
    0
    0
    0
    0
    0
    0
    0
    0
    0
    0
    0
    0
    0
    0
    0
   22
    0
    3
    0
   10
    0
    0
   95
  110
   54
   85
    0
    0
    0
    0
    0
   50
    0
    1
    0
    0
    0
   56
    0
    0
    0
    0
    0
    0
    0
    0
    0
    0
    0
    0
    0
  130
    0
    0
    0
    0
   45
  145
   15
   44
    2
    0
    0
   44
    5
    4
    0
  115
   21
    0
    0
    0
    1
    0
    9
   41
   70
    0
    0
    0
    0
   70
   42
    0
    0
    0
  100
   70
    2
   15
    0
    0
    0
    0
    0
    7
   55
    0
    0
    0
    0
    0
    0
   66
  102
    0
    0
   44
    0
    0
    4
    0
    5
    0
   50
   72
    0
    0
    0
    0
    0
    0
    0
    3
    0
    0
   15
   33
   99
   42
   97
   17
    5
    0
    0
    0
    0
    0
    0
   42
   55
    0
    0
    0
  130
    0
    0
   90
   22
    0
    0
    0
  123
   22
   16
    1
    0
    0
    0
    0
    0
    0
    0
    0
    0
    0
    0
    0
    0
    0
    0
    0
    0
    0
    0
    0
    0
    0
   12
    0
  235
    0
   20
   48
    0
   34
    0
    0
    0
   62
    0
    0
    0
    0
    0
    0
    4
   15
    0
    0
   18
   10
    0
   25
    8
    0
    5
   10
    7
   20
    8
   62
    9
   79
    3
    0
    0
    0
    0
    0
    0
    0
    5
    0
    0
    0
   45
    2
    0
   23
   50
   20
    0
    0
    0
    0
    0
    0
    0
    0
    0
    0
    0
    0
    0
    0
    0
    0
    0
    0
    0
    0
   35
    0
    0
    3
    0
  172
   13
    0
    0
    0
    0
    0
    0
    0
    0
    0
    0
    0
    0
    0
    0
    0
    0
    1
    0
    0
    0
   22
    0
    7
   10
   34
    0
   56
    9
    5
    0
    0
    0
    0
   11
    0
   13
    6
    8
   41
   12
    2
   18
    0
    6
    0
    5
    6
    1
   29
   10
    1
    8
    0
    0
   12
    0
    0
    0
   13
   21
    0
   18
   24
   11
    0
    0
    0
    0
   26
    8
    7
    0
    0
    0
    0
    0
    6
    9
    0
    0
    0
    0
    4
    0
    0
    0
    0
    0
    0
   17
    0
   10
    0
    0
    0
    0
    0
    2
    0
    0
    0
    0
    0
    0
   14
    1
    3
    0
    0
    0
    5
   16
    0
   13
  107
    0
   29
    0
    0
    0
    0
    0
    6
   51
   23
    2
   11
   20
   24
   12
    0
    0
    3
   26
   38
    0
    0
   41
    0
   11
    6
    0
    2
    5
    0
    0
    0
    0
    0
    0
    3
    0
    2
    0
   40
    5
   34
    6
   13
   11
    5
    0
    0
    0
    0
    0
    0
    0
    0
    0
    0
    0
    0
    0
    0
    0
    0
    0
    0
  150
    5
    0
    0
    0
    0
    0
    0
    0
    0
    0
    0
    0
    0
   85
    5
    0
    0
    0
   48
    8
   40
   45
   42
    2
    0
   58
    0
    0
   15
    0
    0
    0
    7
    0
   37
   13
    0
    0
    0
   32
    0
    0
    0
    0
    1
    0
   42
   52
    0
    0
    0
    0
    0
   21
    0
    0
    1
    0
   10
   46
   20
    0
    0
    0
  111
    0
   41
   41
    0
    0
    0
    0
    0
    0
    0
    0
    0
    0
    0
   10
    0
    4
    0
    0
   26
   40
   52
   50
   70
    0
    4
    5
    0
  107
    0
    0
    0
    0
    0
    0
    0
    3
    0
  110
    0
   20
   11
    4
   19
    0
    0
    0
    0
    0
    0
    0
   10
   43
    0
    0
    0
    0
    5
    0
    0
    0
    0
    0
    0
    0
    0
    0
    0
    0
    0
   11
    0
    0
    0
    0
    0
    0
    0
    8
    9
    0
    4
    0
    4
    0
    0
    0
    0
    0
    0
    0
    0
    0
    0
    0
    0
    0
    0
    0
    0
    0
   43
    0
    6
    0
    0
   20
    0
    0
    0
    9
    0
    0
    0
    4
   14
   26
   83
   26
   14
    3
    0
    0
    0
    0
    0
    0
    0
    0
    0
    0
   12
    0
    3
    0
    0
   29
    2
    0
   88
    5
    0
    6
  118
   39
    0
   18
    0
    0
    0
    0
    0
    6
  117
   38
    0
    0
    0
    0
    0
   30
    4
    0
    0
    0
    0
    0
   30
   26
    0
   60
   17
    8
   14
   22
   38
   13
    0
    0
    8
    0
    0
    0
   10
    0
    0
    0
    0
    0
    8
    0
    0
    0
    0
    5
    5
   11
   22
    0
    0
    0
    0
    0
    0
    0
    0
   23
   98
    0
    0
    0
    0
    0
    0
    0
    0
    0
    0
    0
    0
   40
    7
  158
    0
    0
   50
    0
    0
    0
    0
   12
    0
    0
    0
    0
    0
    0
   24
    0
   30
   64
    0
    0
    0
    0
    0
    0
  117
   25
    0
   48
   50
    0
    0
    4
    0
   25
  126
    3
    0
    0
    0
    0
    0
    0
    9
    0
    0
    0
   11
   52
   26
   70
    4
    0
    0
    0
    0
    0
    0
    0
   33
    0
   32
  155
   17
   43
    7
    0
    0
   26
   56
    0
    0
    0
   29
    0
    0
  100
    0
    0
  125
    0
    0
    0
   24
  130
  145
    2
   48
    0
  126
  124
   86
  123
   20
    0
    0
    0
   75
    0
    0
    0
    0
    0
    0
    0
    0
    0
    0
    0
    0
    0
    0
    0
    0
    0
    0
    0
    0
    0
    0
    0
   15
   93
   59
    0
    0
   66
    0
    0
    0
    0
    0
    0
    0
    0
    0
    0
    0
   60
   40
    0
   30
    0
    0
    0
    0
    0
    0
    0
    0
    0
    8
    0
    0
    0
    0
    0
   77
    9
   98
   29
    0
   30
    0
    0
    0
  185
   40
    0
    0
  101
    0
    0
   56
    0
    0
    0
   24
   33
    0
    0
   39
    0
    0
   35
    0
    0
    0
    0
    0
   21
    1
    0
  144
   34
   92
    0
    0
    0
    0
    0
    0
    0
    0
    0
    0
    0
    0
    0
    0
    0
    0
    0
   82
    0
   31
    0
    0
    0
    0
    0
    0
    0
    0
    3
    0
    0
   21
   93
   32
  260
    0
    0
    0
    0
    0
   25
   20
    0
    2
    0
    0
    0
    0
   25
    0
    0
    0
    0
    0
    0
    0
    0
    0
    0
    0
    0
    0
    0
    0
    0
    0
    0
    0
    0
    0
    0
    0
    0
    0
    0
    0
    0
    0
    0
   14
    0
    0
    0
    0
    0
    0
    0
    0
   32
    0
   26
    5
   37
    2
    5
    0
    5
    0
    0
   12
    4
   65
  132
  104
    0
  230
   96
    0
   32
   42
    0
    0
   75
   38
    0
    0
   30
    0
    0
   11
    0
    0
    0
    0
    0
    0
   21
   53
   13
    4
   10
    0
    7
    3
    0
    0
    0
    0
    0
    0
    0
    0
    4
   17
    0
   12
    0
    0
   32
    8
   38
    0
    0
   50
    0
  100
   30
    0
    0
    0
    0
    0
   54
   36
    7
   15
    0
    0
    0
    0
    0
    0
    0
    0
    0
    0
    0
    0
   10
    5
   25
    7
   16
    8
    0
    0
   80
   14
   24
    0
    0
    0
    0
    0
    0
    0
    0
    0
   29
   35
    0
    0
    0
    0
    0
   14
    0
    0
    0
    0
    0
    0
    0
   65
   26
    0
    0
    0
    0
    0
    0
    0
    0
    0
    0
    0
   20
  385
    7
    0
    0
    0
    0
    0
   72
    0
   15
    0
    0
    0
    0
    0
    0
    0
    0
    0
  107
    0
    0
    0
    0
   28
    0
   16
   12
   23
   62
   21
   44
    5
   15
   18
    0
    0
    0
  124
   31
   49
   40
   69
  149
   10
    0
    0
    0
    0
    0
   42
    0
   85
    3
    0
   32
    0
    0
    0
    0
    0
    0
    0
    0
    0
    0
  122
    0
    0
    0
    0
    0
    0
    2
   13
   33
   74
    0
    0
    0
    6
   73
   22
   18
   12
   46
    0
    7
   40
    0
   71
   29
    7
   20
   22
   53
    0
    0
   43
   74
    0
   96
    0
    1
    0
    7
    0
   99
    0
    0
    0
    0
   17
    0
    0
    0
    6
    8
    0
    0
    0
    0
    0
    0
    0
   27
    0
   37
    0
   29
    0
    0
    0
    0
   34
    0
    0
    0
   83
    0
    0
    0
   84
  214
   51
    0
    0
    0
    1
    0
    0
    0
    0
    0
    0
    0
    0
    0
    0
    0
    0
    0
    2
    0
    1
    0
    4
   38
    0
    0
    0
    1
   40
   17
    0
    0
    0
    0
    0
    0
    0
    0
   23
   44
    0
    0
    0
    0
    0
    0
    0
   21
    2
    0
   32
    0
    0
    0
    9
   63
   84
    1
   52
    2
    0
    8
   74
    0
    0
    0
    0
    0
    2
    0
    0
    0
    0
    0
    0
    0
    0
   17
    0
    0
    0
    0
    0
   90
  103
   89
   10
   69
   25
    0
    0
    0
    2
   10
    0
    7
    0
    0
    0
    0
   23
    0
   31
    0
    0
    0
   31
    0
    0
   26
    0
    0
    0
    4
   14
   15
    0
    0
    0
    0
   30
    3
   22
    3
    4
    2
   43
    0
    0
    0
   39
   11
    0
    0
    0
    0
    0
    0
   10
    0
    0
   72
    0
    0
    0
    0
   19
   30
   18
    5
   32
   13
   15
   28
  155
    0
   10
   42
   10
   10
    1
    0
   14
    0
   14
   25
    0
    0
   78
   10
    0
   20
    0
   10
    1
    0
   17
    2
    1
   52
   42
    4
   20
   70
   20
   30
    6
    0
    0
   62
   21
    0
    0
    0
    0
    0
    0
   40
    3
    0
    0
   38
    2
    0
    0
    0
    0
    0
    0
   11
    0
    0
    0
    0
    0
    0
    0
    1
    0
    0
    0
   15
    0
    4
    0
    0
    0
    0
    0
    0
    0
    0
    0
    0
    0
    0
   82
    5
   13
    3
    0
    0
    0
    0
    0
    0
    0
   26
   32
    0
    0
   27
    0
    0
    0
    0
  165
    0
    0
   81
    0
   16
    0
    0
    0
    0
    0
    0
    0
    0
    0
    0
   73
    5
    6
    0
   30
   20
    0
    0
   12
    0
    0
   28
    0
    0
    0
    0
    0
    0
    0
   20
    0
  136
    6
    3
   25
   36
   32
    0
    0
    0
    0
    0
   40
    0
   19
    0
    0
   24
    0
    0
    0
   21
   27
    0
    0
    0
    0
    0
    0
    0
   10
    0
    0
    0
    0
    0
    0
    0
    6
    0
    0
   34
    0
   11
   31
   26
    0
    0
   58
    0
    0
   23
   21
    9
    0
  145
    0
    0
    0
    0
    0
    6
    1
   40
    0
    0
    0
    0
    9
    0
    0
    0
    0
    4
   95
    1
    0
    0
    0
    0
    0
    0
    0
    0
    0
    8
   12
    0
    0
    2
   14
   20
   24
    0
    5
    3
    2
    0
    4
    0
    0
    0
    0
    0
   10
    3
    0
    1
    0
    0
    0
    0
    0
   21
    0
    0
    0
    0
    0
    0
    0
    0
    0
    0
   40
  114
   56
    0
    0
   13
    3
    1
    0
    0
    8
   24
    0
    0
    2
    0
   20
  180
   40
   12
   68
   32
    0
   12
    6
   50
    7
   24
   40
    0
    7
    0
    0
    0
    0
   58
  241
    1
    5
    0
   11
    0
    0
    0
   10
    0
    0
    0
    2
   18
    0
    0
   21
   59
   10
   14
    3
    0
   28
    0
    0
    0
    0
    0
    0
    0
    0
    0
    0
    0
    0
    0
    0
    0
    0
    0
    0
    0
    0
    0
    0
    0
    0
    0
    0
    0
    0
    0
    0
    0
    0
   50
    2
    7
    1
    0
    2
   78
   13
   20
    0
    0
    0
    0
   11
    0
    0
    0
    0
   12
    0
    0
    0
    0
    0
    8
    0
    0
   50
    0
    0
    0
    0
   61
   22
    0
    0
    0
    0
    0
    6
  100
    0
    0
    0
    0
    0
    0
    0
    0
    0
    0
    0
    5
    0
    0
   10
    0
    0
    0
    8
    0
    0
    5
   80
    0
   10
   10
    1
   50
   79
    0
    0
    0
    0
   58
   24
    0
    0
    0
    0
    0
    0
    0
    0
    0
    0
    0
   58
   69
   28
    0
    0
    0
    0
    0
    0
    0
    0
    0
    0
    0
    0
    0
    0
    0
    0
    0
   65
    0
    0
   55
   20
   15
    0
    0
   40
    0
    0
    0
  100
    0
    0
    0
    0
    0
    0
    0
    0
    0
    0
    0
    0
    0
    0
    0
   80
    0
   20
   30
   36
   44
    6
    0
    0
    0
    0
    5
   19
    0
    0
    0
    0
   10
    0
    0
    0
   25
    0
    0
    0
    0
   22
  168
    0
   74
    0
    0
    0
    4
    7
    0
    2
   30
    0
    0
    0
   10
    0
    0
    0
    1
    0
    0
    0
    0
    0
    0
    0
    0
    0
    0
    5
    0
    0
   15
    0
   55
   50
    9
    0
    0
    0
    2
    0
    0
    0
    0
    0
    0
    0
    0
    0
    0
    0
   80
   38
   10
    0
    0
   14
    0
    0
    0
    0
    0
   21
   20
   21
    0
    0
    0
    0
   12
    0
    0
    0
   91
   16
   35
    0
    5
    0
    5
    0
   12
    0
    0
    0
    0
    0
   14
    0
    0
    0
    0
    0
    0
    0
    0
   13
   35
    5
  140
   15
   50
    0
    0
  115
   18
   15
    0
    0
    0
    0
    0
    0
    0
    0
    0
    0
    0
    0
   60
   70
    0
    0
    0
   40
   25
    0
    0
    0
    0
    0
    0
    0
    0
    6
    0
    6
    1
    0
    3
   15
   66
   17
   59
   30
   40
    0
    3
   24
    0
  115
    8
   17
    0
    0
    0
    0
    0
    0
    0
    4
    0
    0
    5
    6
    0
    0
    1
    7
    2
    3
    0
    0
    0
    9
    0
    3
    0
    0
    0
    0
    0
    8
    5
   30
   20
    0
    0
    0
    0
    0
    0
    5
    0
    0
    0
    0
    0
    2
    0
   10
    0
    0
   40
   35
   58
    0
    0
    2
    0
    0
    0
    0
    0
    0
    0
   43
   25
   85
    5
    0
    5
    0
    0
    2
    0
    0
    9
   20
    0
    0
    0
    0
    0
    0
    0
    0
    0
    0
    0
   17
    0
    6
    4
    0
    2
    8
    0
    0
    0
    0
    0
   40
    0
    0
    0
    0
    0
    0
   18
   50
    0
    0
   18
    0
    0
    0
    0
   12
    0
   15
    8
   65
   60
   17
    0
    9
    0
    0
    0
    0
    0
    0
    0
    0
    0
    0
   12
    0
    0
   12
    0
    0
    0
    0
    8
    4
    0
    0
    0
    0
    0
    0
    0
    0
    0
    0
    0
    0
    0
    0
    0
    0
   78
   18
    0
    0
   15
   85
  100
  350
    0
    0
    8
    0
    0
    0
    0
    0
    0
    0
    0
    2
    0
    0
    0
    0
    0
    0
   57
    0
    0
    0
   35
    0
   20
    0
    0
    3
   23
    0
    0
    0
    0
    0
    0
    2
    0
    0
    0
    0
    0
    0
    0
    0
    0
    0
    0
    0
    0
    0
    0
    0
    0
    0
    0
   48
    0
    0
    0
   14
   33
    0
    0
    0
   33
    0
   41
    5
   54
    0
   33
   83
    0
    0
    0
    0
    0
    0
    0
   10
   25
  191
   67
   50
   29
   55
   23
   12
    5
    7
   24
   76
   60
    0
    0
    0
    0
    0
   30
   11
    5
    4
   15
    0
   25
    2
   10
    0
    5
    0
   10
   13
    7
    0
    0
   36
    0
    0
    0
    0
    0
    0
    0
    0
    0
    0
    0
    0
    0
    0
    0
    0
    0
    0
    0
    0
    0
    1
    0
   38
   30
   23
    0
    0
    0
   10
   40
   10
    7
    0
    0
    0
    0
   10
    5
    0
    9
    0
   14
  330
   35
   20
    5
    0
   40
   60
    0
    4
    0
    0
    0
   55
    5
    5
    3
    5
   45
    0
    0
    0
    0
    0
   45
   70
   35
    0
    5
    0
    0
    0
    0
   10
   15
    0
    3
    0
    0
    0
   15
   20
    0
   66
    0
   10
   10
   57
   24
    1
    0
    0
    0
    0
    0
   14
   15
    7
    0
    0
    0
    0
    0
    0
    0
    0
   10
    0
    0
    0
    0
    0
    0
    0
    0
    0
    0
