Station: Bernbruch , scaling_factor: 10.0, latitude:  51.1843, longitude:  12.6587, altitude:  168, nodata_value: -9
start: ..1973-01-01  end: ..2002-12-31
    0
    0
    6
    0
    1
   11
    2
   13
    4
    1
    1
    0
    0
    0
   43
   13
    0
    0
    5
    0
   10
    0
    0
    0
    0
   49
   78
    5
   13
   31
   22
   24
    0
    0
    0
    0
    0
    7
   41
    3
   10
    8
    0
    0
    0
    0
    0
   15
   49
    9
   35
   24
   22
   40
   26
    5
   15
    0
    0
    0
   30
   83
    2
    0
    0
   20
   14
    0
    0
   12
   13
    0
    0
    0
    0
   15
   62
   26
    0
    0
    0
    0
    0
    0
    0
    0
    0
    0
    0
    0
   26
   40
   40
    2
   10
    0
    0
    0
   41
  166
   32
   43
    3
    0
    0
   16
   46
   40
   66
    0
   25
    0
    0
    0
    0
    0
    0
   16
    0
    0
   42
  106
   39
   16
   70
   15
   38
   20
   12
   15
   12
    0
    0
   78
    0
    0
    0
    0
    0
    0
  172
    0
    3
   76
    3
    0
    0
    0
    0
    3
    0
  183
    0
    0
    0
    0
    5
    0
   61
    0
    0
    0
    0
   83
    0
    0
    0
   45
    0
    0
    0
    0
    0
   33
    0
    0
    0
    0
    1
    0
    0
    0
    0
    0
    0
    0
    0
   85
    0
    0
    0
   54
   35
    5
    0
   76
   46
    0
   36
   10
   47
    0
   35
   41
   13
   19
  150
   41
  158
    0
    0
    0
    0
    0
    1
    3
    0
    0
   99
   15
    0
    0
    0
    0
    0
    0
    0
    0
    0
    0
  111
   13
   30
    0
    0
    0
    0
    0
    0
    0
    0
  174
   17
    0
   57
    0
    0
    0
    0
    0
    0
   42
    0
    0
    0
    0
    0
    0
   10
    0
    0
   32
    0
   40
    0
    0
   80
    0
    0
    0
   17
    0
    0
    0
    0
    0
    0
    0
    0
    0
    0
   30
    0
  129
    0
    0
   47
   62
   73
   20
    0
   72
  114
   75
   42
  105
    0
    0
    0
    0
    0
    0
   11
    0
    0
    0
    0
    0
   82
    0
    0
   61
    0
    5
    0
   10
   53
   45
    0
   48
    0
    0
   20
    0
    0
    0
    0
   22
    0
   45
   19
   16
   35
    0
   18
    0
   57
   23
    5
   15
   62
   49
    0
    0
   20
    0
   50
   21
   28
   50
    0
    0
    0
    0
    8
    0
    0
    0
    0
   11
    1
    0
    0
   18
    0
   21
    0
    0
    0
    0
   55
   65
    0
    0
    0
    9
    0
    0
   20
   14
    4
   43
  118
    0
    0
    0
   45
    0
   31
    0
    0
    4
    0
    0
    0
    1
    0
    0
    0
    0
   10
   87
   45
   71
   30
    0
    0
   10
    0
    4
    0
    0
    5
   10
   86
    0
   23
  145
   70
    0
    0
    0
    0
    0
    0
    0
    0
    0
   56
    0
    0
    0
    0
    0
    0
    0
    7
   15
    0
    0
   56
   81
    0
    0
    0
    0
    0
    0
    0
    0
    0
    0
    0
    0
    0
    0
    0
    0
    0
    0
    0
    0
    0
    0
    0
    0
    0
    0
    0
   96
   23
    0
    0
    0
    0
    0
    3
   10
    1
    0
    0
    0
   18
   14
    0
    0
    0
    0
  139
   33
   95
   24
    0
    0
    0
  127
   53
   20
   73
    8
   15
    0
    0
    0
    0
   58
  159
    4
    0
   21
    0
    0
   13
    0
    0
   35
   19
    0
   16
    0
    0
   30
   14
   58
   45
   55
   31
   49
   98
   45
   17
    0
   20
   98
    0
   23
    0
    3
    0
    0
    0
   18
  225
    0
   26
   60
   50
    0
   81
   29
    3
  114
    6
    2
   70
    4
   82
    0
    2
   22
    0
    0
   11
    8
    0
  101
    0
    0
    0
  106
   10
    6
    0
    0
    0
    0
    0
    0
    0
    0
    3
   15
    0
    0
    4
    0
   35
   13
    8
    0
    0
    0
    0
  110
  218
   15
   99
    0
    0
    0
    0
    0
    0
   37
    0
    0
    0
    0
    1
    0
   28
    1
    0
    1
    0
    0
   57
    0
    0
    0
    0
    0
    0
    0
    0
   55
    0
    0
    0
    0
    4
    0
   16
   59
    0
  134
   11
    0
    0
   22
   61
    4
    5
   13
    0
    0
   20
    0
    2
    0
   12
    8
   54
  173
    0
    0
   20
  140
  125
  466
   33
   29
   52
   17
   29
   54
    0
   17
   35
  153
   64
    0
    0
    0
    0
    0
    0
   10
   11
    0
    0
    0
    0
    0
    0
    0
   21
    0
   10
    0
   84
    0
   29
    0
   48
   27
   25
   24
   21
   24
    8
    6
   20
    8
  164
  166
   67
   32
   32
   39
   76
    6
    0
   57
   24
   72
   13
    6
    0
    0
    0
    0
    0
   38
   21
   18
   81
   36
   87
   66
   50
    0
    0
    2
    1
    6
   51
    0
    0
    0
    0
    0
    0
    0
    0
    0
    0
    0
    5
    0
   25
   19
   10
    0
   26
    0
   53
   68
    3
   20
   22
    9
   40
    0
    0
    0
    0
    0
    0
    0
    0
    9
    3
   39
   41
    0
    0
    0
   28
   60
    0
    0
    0
    0
    0
    0
    0
    0
    0
    0
    0
    0
    0
    0
    0
   10
    0
    0
    0
    0
   21
    3
   56
   14
   22
    0
   15
   17
  130
    0
    0
    0
   16
   86
   39
   10
    0
    6
    0
    0
    0
   28
    6
   45
   69
   44
    0
    0
    0
   17
    6
   40
   20
  153
  146
   66
    8
    0
    0
    9
    0
    0
    0
    0
    3
    0
    0
    0
    0
    5
    0
   39
   65
    0
    0
    0
    0
   67
   70
    0
   25
   16
    0
    0
    0
    0
   37
   29
    0
    0
    0
    0
    0
    0
    9
    5
    0
    0
    0
   29
    0
    0
    0
    9
    0
    0
    0
    0
   30
   60
   56
    0
    0
    0
    0
   77
   10
    0
  135
   11
   34
  223
   84
   45
    0
    0
    0
    0
    0
    0
    0
   57
    0
    0
    0
    0
    0
    0
    0
    9
    0
   20
    3
    0
    3
    0
    0
    0
   22
   59
   39
    0
    0
    0
    0
   10
    2
    0
    0
    0
    0
    0
   45
    0
    0
    0
    0
    0
    0
    0
    0
    0
    0
    2
    0
    0
   91
    0
   26
   26
    0
    3
    0
  464
   33
   84
   83
    0
    0
    0
    0
    0
    0
    0
    0
    0
   45
    0
    0
    0
    0
    0
    0
  290
   33
   27
   17
    0
    0
    0
    0
    0
    0
    0
    0
    0
    0
    0
   10
    6
   25
    5
    0
    0
    4
    0
   20
   40
    0
   21
   18
   62
    4
    0
    0
   40
    0
    0
    0
   29
   16
   47
   16
   55
   38
    0
    0
    0
    0
    0
    9
    0
    0
    0
    0
    0
    0
    0
    0
    0
    0
    0
   14
    0
    0
    0
    8
   26
    0
    0
    0
   18
  131
   45
   55
    0
    0
    0
    0
    0
    0
   26
   33
    0
    3
    8
   32
    0
   12
   13
    4
    0
    0
    0
    2
    3
    0
    0
    0
    0
   40
    0
    0
    0
    0
    0
    0
   28
   57
   37
    0
    0
    0
    0
    0
   72
   57
    0
    5
   28
   55
    0
    0
   26
  138
   87
   75
  140
   90
   21
   17
    0
   12
   32
   37
   21
   40
   52
   16
   22
    0
    0
    0
    7
    0
    0
    0
    0
    0
    0
    0
    0
    0
    0
    0
   35
    0
    0
   36
   16
   11
    0
    0
    0
    0
    0
    0
    0
    0
    0
    0
    0
    0
    0
    0
    0
    0
    0
    0
    0
    5
    0
    0
    0
    0
    0
    0
   10
    0
    0
    9
    8
   24
   51
    0
    3
    7
    0
    0
   55
   39
   16
    0
    0
    0
    0
    0
    0
    0
   19
   26
    0
    0
    0
    0
    0
    0
    0
    0
    0
    0
   11
    0
    0
    0
    0
   17
    0
   29
   52
   17
    0
    0
    9
    0
    0
    0
    0
   30
    0
    0
    0
    0
    0
    0
    0
    4
    0
    0
    0
    0
    0
    0
    0
    5
   85
   74
    0
    0
   48
   10
    3
   28
   44
   80
   20
   52
    8
   48
   16
   49
    0
    0
    0
    0
    0
    0
    0
    0
    0
    0
   26
   78
    0
    0
    1
    6
    0
    0
    0
    0
    0
    0
    0
    0
    0
    0
    0
    0
    0
    0
    0
    0
    0
   11
    0
    0
    0
    0
   88
   15
    0
    0
    5
    0
   12
   18
    0
    0
    0
    1
   16
    0
    0
    0
    0
    0
   90
   31
   55
   83
    4
    3
    0
    0
    0
    0
    0
    0
   10
    4
    0
    0
    0
    7
    3
    1
   15
    0
    0
    0
    0
    0
    0
   20
    0
    0
    5
    0
    0
   36
    4
    1
    0
    0
    0
    0
   71
    0
    0
    0
    0
   52
    0
    0
    0
    9
    1
    0
    0
    0
    0
   19
    0
    0
   31
   37
   78
    0
    0
    0
   38
   20
   16
    1
    0
    0
    0
    0
    0
    0
   25
    0
    4
   60
  105
    0
    0
    0
    0
    0
    0
    0
    0
    0
    0
    0
    0
   31
    0
    0
    0
   32
    0
    0
    0
  144
    0
    0
    0
    6
    0
   27
   32
   29
   11
    0
    0
   10
    0
   13
  139
   27
  138
   19
    0
    0
    0
    9
   19
   28
   12
    0
   10
    0
    4
   25
    8
    0
    0
   56
   35
   20
   25
    5
    6
    0
    4
    5
    0
    0
    0
    0
   20
    6
    0
    0
   10
    0
    0
    0
   30
    1
    0
    0
    0
    5
   22
   34
   10
    0
   39
   22
    0
    0
    0
    0
    2
    0
   19
    0
    0
    3
   17
   63
    2
    0
    0
    0
   45
    0
    0
    0
    0
    8
    3
   24
   35
   50
   24
    0
   39
    7
    0
    4
    0
    0
    0
    0
   16
   44
   77
    6
    0
    0
    1
   35
   25
    4
    0
    9
   51
    3
   10
    0
    0
    0
   26
    0
    0
    0
  257
   83
    5
   22
    0
    0
   47
   31
    3
    0
    0
    0
    0
    0
   27
   73
   59
    0
    0
    0
    7
    0
   16
    0
   14
   30
   30
    6
    0
   16
   15
    8
  109
   32
   95
    6
    0
    0
    0
    0
   21
    0
   98
   20
    0
   11
    0
   20
  115
   53
   18
    0
    0
    0
   74
    0
    0
   86
    0
    0
    0
   55
    0
    0
   14
    0
    0
    0
   46
   30
    4
    0
    0
    0
    0
    0
    0
    0
    0
    0
    0
    0
   10
   70
    9
   68
   15
   22
   16
    0
    4
    0
    0
    0
   33
   83
   48
   92
  350
  198
    0
    0
    0
    0
    0
   11
   92
    0
    0
    0
    0
    0
    0
    0
    0
    0
   60
   16
   30
    5
   25
    0
    0
   94
    0
   19
    0
   16
   30
   14
    0
    2
    0
    0
  221
  126
    8
    0
    0
    0
    0
   40
    0
    0
   31
    0
    0
    0
    0
    0
   29
   99
  293
   24
   62
   12
    0
    0
   10
    9
   30
    1
    9
   34
    0
    0
    0
   87
   27
    0
    0
    0
    6
   20
    0
  163
    0
    0
   18
    0
  123
   26
   56
    0
    1
    0
    0
   29
    6
   15
    2
    0
    0
   37
   65
    0
    0
    0
    0
    0
    8
    0
    0
   32
   18
   11
   18
   58
    0
    0
    0
    0
   98
    0
    0
    0
    0
    0
    0
    0
    0
    0
    0
    0
    0
    0
   70
    0
    0
    0
   26
    5
    0
   60
   68
   85
  152
   52
    0
    0
    0
    0
  246
   15
    0
   63
    0
   18
    0
    6
   17
   36
    0
    0
    0
    9
    1
    0
   65
   10
   13
    8
    0
   34
   13
   17
    7
    0
    0
   13
    0
    0
    0
    0
    0
  104
    4
   30
    4
    3
    0
    0
    0
    0
    0
    0
   30
   18
   40
   27
   53
    0
   23
   22
   16
    2
   15
    0
   51
   13
    6
    0
    0
    5
    4
    0
    0
    0
    0
    0
    0
   20
   10
    0
    0
    0
    0
    0
   34
   16
    4
    0
    0
   13
    2
    0
    0
   58
   11
    9
    0
    0
    0
   14
   14
    0
   29
    0
    0
   24
    0
    0
    0
    0
    0
    0
    0
   20
    7
   24
    0
    1
    0
    4
    0
    4
    0
    0
   20
    0
    0
   78
    0
    6
    0
    0
   51
    0
    8
   25
   15
   19
   91
   28
    5
   12
   29
    4
   20
    0
   25
    0
    0
    0
    0
    0
    0
   10
   10
    0
    0
    0
    0
    0
    0
    0
   60
    0
    0
    0
    6
    0
    0
    0
    0
    0
    0
   40
    0
    0
    0
    0
    0
   29
    0
   53
  109
    0
    0
    0
   23
  156
  196
    9
   42
    4
   56
   42
   67
    0
    2
    9
    0
   46
   48
    0
   13
  136
    0
    0
    0
    0
    0
    0
    0
    0
    0
    0
    0
    0
    0
    0
    3
    6
    3
    0
    0
   11
   76
   13
    0
    0
    0
    0
    0
    3
  127
    7
   18
    0
    0
   61
   34
    0
    0
   44
    0
   55
   17
    0
    3
    0
   52
   82
  203
    3
    0
   22
    0
    0
    0
    0
    0
   33
   28
   27
   15
    0
    0
    0
    0
    0
    0
    0
    0
    0
    0
    0
   12
    0
    0
    0
    0
  496
  507
    8
   21
   11
    0
    0
    0
   20
   53
   11
    0
    0
    0
    0
    0
    0
    0
    0
    2
   47
    0
   74
  198
   40
  141
   31
   26
    0
    0
    6
   22
    2
   41
   23
  152
   65
    0
    0
    0
    0
    0
    0
  100
   52
    3
  187
   31
    0
   20
   83
    6
   53
   57
   12
    0
   15
   82
  233
   74
    0
    0
    0
    0
    0
    0
    0
    0
    0
    0
   19
   34
    0
    0
    8
    0
   75
    0
    0
   88
    7
   20
    0
    0
    0
    0
    0
    0
    0
    2
    0
    0
    0
    0
    0
    0
    0
    0
    0
    0
    0
    0
    0
    0
    0
    1
    0
    0
    0
    0
   40
    0
    0
   20
   40
  121
   70
    3
    0
    0
    0
    0
    0
   88
   72
    1
    0
   29
   14
   16
   36
   15
    0
    0
    0
    0
    0
    0
    6
   28
   17
   15
   16
   26
   84
  125
   44
    6
   18
   13
   18
    8
    0
   63
   44
   15
    0
    8
   28
    5
   12
   16
   83
    0
    0
    0
   12
    0
    0
   47
   12
    0
    0
   32
    0
    0
    0
   25
    5
   35
    0
   11
    0
    0
   16
    2
    0
    0
    0
   57
   62
   44
    0
   15
   42
    1
    0
    0
    0
    0
    8
    0
    0
    0
    0
    0
    5
    0
    0
   77
    0
    0
   13
    0
   50
    4
   77
   41
   50
   47
    3
   76
    0
   14
   41
   62
    0
    0
   11
    0
   39
   28
    0
    4
   56
  198
   27
    4
    0
    0
  230
   26
   20
  112
    0
    0
    0
    0
    0
    0
    0
    0
   83
   18
    0
    0
    0
    4
   29
    0
    0
    1
    0
    0
    0
   27
   28
    5
    0
    0
   13
    0
   51
    0
    0
    0
    0
   36
    0
    0
    0
    0
    0
    0
   29
    0
    0
    0
    0
    0
   16
    7
    0
  117
    0
    0
    0
    0
    0
    0
    0
    0
    6
  102
   52
   57
    0
    0
    0
    6
    0
   21
   28
   60
    0
    0
    0
    0
    0
   20
    0
   12
    0
    0
  104
   59
    0
    6
    9
    0
    0
    0
    0
    0
   71
   78
   95
    0
    0
    0
    0
   20
    0
   19
   36
    1
   56
    0
    2
    0
    0
   85
   61
  166
   40
    0
  209
    0
   31
   55
    6
    0
   32
    0
    0
    0
   18
  155
    7
    1
    0
    0
    0
    0
    0
    0
    0
    0
    0
   19
   24
    2
    0
    0
   18
    0
    0
    0
    0
    0
    0
   42
   38
   12
    0
    0
    0
   15
  185
    0
    0
    0
    0
    0
   20
    0
   13
    0
    0
  123
   22
  280
   34
    6
    0
    0
    5
    0
    0
    0
    0
    0
    0
    0
    0
    0
    0
    0
    0
    0
    0
    0
    0
    0
    0
    0
    3
   15
    0
    0
    0
    0
    0
    0
    0
    0
    0
    0
    0
    0
   23
   20
   19
    1
   63
   55
   11
   43
  195
    1
    0
    0
   44
   23
    8
  108
    0
    1
   55
   10
    2
    3
    0
    0
    5
    0
    9
    4
    0
    0
    8
   13
    0
    0
    0
    7
    0
   57
    0
   31
  116
   52
    0
   15
   42
   27
   17
   26
    0
    0
   60
    1
    0
    0
    0
    5
    0
    0
    0
   37
   23
    7
    8
   14
    0
   19
   11
    8
   32
    0
    0
    0
    0
    2
    0
    0
    0
    3
    0
    0
    0
    0
    0
    0
    9
    0
   22
   31
    0
    1
    1
   23
   30
   35
   21
  101
   33
  123
   22
    0
    0
    0
   20
   10
    7
    0
    0
    0
    8
    1
    0
    0
    0
    0
    0
    0
    0
    0
    0
    0
   13
    8
    0
   10
   10
    8
    0
    0
    0
   30
   12
    0
    0
    0
    0
    0
    0
    0
    0
    7
   86
    0
    0
    0
   14
    0
    0
    5
    9
    0
   16
    4
    0
   74
  205
  182
    9
    0
    0
   17
   26
   46
   30
    0
    0
    0
    0
    0
    0
    0
   16
   20
   14
    8
   17
  245
  371
    0
   24
  102
    0
    0
    0
    0
    0
    0
    0
    0
    0
    0
  142
   19
    0
    0
    0
    0
    0
    0
    0
    0
    0
    0
    0
    0
    0
    4
    0
    0
    0
    0
  163
    0
   32
    0
    0
    0
    0
    0
  100
    0
    0
    0
    0
   31
  128
    0
    0
   16
   39
    5
   33
   10
   68
    8
    6
   22
   50
   21
    9
    0
  167
   34
   76
  122
   46
  152
  113
    0
   56
    0
   88
   23
    3
   17
   47
    0
   94
   35
  195
    3
    4
    8
   59
    0
  446
   18
    0
    0
    0
    0
    0
   46
    0
   18
    0
    0
    0
    0
    0
   38
    0
    0
    0
    0
    0
    3
   52
    0
    0
    0
    0
    0
    0
   34
    0
   81
   16
    0
   18
    0
    0
    0
    0
   36
    5
  153
    0
    0
    0
    0
  228
    6
    0
    0
   19
   15
   32
   11
    5
    8
   19
    0
   32
    0
    0
    0
    0
    0
    0
    0
  130
    0
    0
    0
    0
   45
   19
    0
    0
    0
    0
    0
   92
    0
   25
    0
    0
  168
  332
    1
    0
    1
    0
   55
   18
    0
    0
    0
   26
   18
    0
    0
   20
    1
   34
    6
    8
    0
    0
    5
    1
    0
  108
   72
    0
    0
    0
    0
    0
    0
   14
   67
   12
    0
    0
    7
    4
    0
    0
    0
    0
   98
    0
    0
   11
   46
    4
    0
   15
   20
   31
   73
   23
    2
    0
    0
    0
   13
    0
   44
   22
   20
    0
    0
   10
    3
    0
    2
   10
   49
    1
    0
    7
    1
    0
    0
    0
   21
   11
  135
   86
   16
   10
   13
   25
    0
   10
   36
    0
    0
   10
   18
    0
   16
   16
   26
   78
   20
    0
    0
    0
   10
    6
    0
    0
    0
    0
    0
    0
    0
    0
    7
   33
   12
   44
    9
    0
    0
    4
    5
    1
   15
    0
    0
    0
    3
    0
    5
    2
    0
    5
   70
    0
    0
    0
    0
    0
   10
    0
   25
    0
    5
    3
   45
    0
  145
  175
   57
  144
   59
   14
    0
    0
   16
    6
    0
    0
    0
    0
   74
    3
   27
   88
    0
    0
    0
    0
    0
    0
    0
    0
    7
    9
    0
    0
    0
    0
    0
    0
    0
    0
    0
    0
    0
    0
    0
    2
    0
    0
    1
    0
    0
    0
    0
  478
    4
   78
  328
    4
    5
    0
    0
    0
    0
    0
    0
    0
    0
    0
    0
    0
   39
   48
    4
   42
    0
    0
    0
    0
  131
    8
    5
   58
   60
   14
    0
    0
    0
    0
    0
    0
   17
    2
    0
    0
    0
   47
    0
    0
    0
   12
    0
   81
   30
    0
   10
  128
    2
  147
    0
   17
    0
    0
    9
    0
    0
    0
   63
    6
    0
    2
  142
    0
    0
    0
    0
    0
    0
    0
    0
    0
   24
   56
    0
    0
    0
   89
   65
    6
   41
  165
   18
  126
   48
  153
   13
   14
    6
    0
    0
    0
    9
    0
    0
    0
    0
   10
    0
   23
  109
   12
    0
    0
    0
    0
    0
   23
    0
   59
   82
    3
    8
   20
    0
    0
    9
    0
    0
    0
    0
    0
    0
    0
    0
    0
    0
    0
    0
    0
    9
    0
    0
    0
    0
   12
    6
  103
    0
    3
    0
    9
    4
   28
   97
    0
    0
    0
   36
  237
  116
    0
    0
    7
    0
    4
   14
    0
   10
    0
   51
    7
   20
   42
   16
    1
   95
    0
   12
   25
    5
    3
   36
   27
   24
    0
    0
    0
  220
   15
    8
   25
    6
   15
    2
    0
   18
   35
   25
    9
   13
    9
    0
   57
   12
   93
   18
    8
    0
    0
   23
   54
    9
  104
    0
   13
    0
    0
  126
  104
   20
   18
   64
   28
   10
  120
   97
   13
   12
   33
  161
    3
    0
  125
    0
    0
   62
    2
    0
    0
   52
    9
    0
    0
    0
    0
    6
    6
    0
    0
    0
    6
   41
    0
   20
   11
    5
   10
   56
    3
    0
    0
    8
    0
    0
    0
    0
    0
    0
    0
    0
    0
    0
    0
    0
   12
    0
    2
    0
    0
    7
   24
   75
  110
    0
    0
    0
    0
    0
    0
   12
    1
   32
    0
    0
    0
    0
    0
    0
    0
    0
    0
    0
    0
    0
    0
    2
    0
    0
    0
    0
    0
   21
   20
    2
   41
    0
    0
    0
    0
    0
    0
    7
   35
    3
    1
    0
    0
    0
   25
    3
   24
    0
    0
    0
    0
    0
    0
    0
    0
   16
    0
    0
    0
    0
    0
    1
    0
    0
    0
   36
   62
   11
   23
    2
    0
   19
    0
    0
    0
    0
    0
    0
    0
    3
    0
    0
    0
    0
    5
    0
    0
   90
   11
   41
    1
    0
   63
  111
  130
    6
    0
    4
  265
  173
    0
    0
    0
    0
    0
    2
    0
    0
    0
    0
  129
    6
    3
    0
    0
    0
    6
    0
    0
    0
    0
    0
    0
    0
    0
    0
    0
    0
    0
    0
   30
   60
    3
   21
    0
  141
    0
   81
    5
    4
   57
    0
   77
    2
   20
    5
    0
   52
    0
   25
    0
    0
  191
   42
    0
   43
    0
    0
    0
    0
    0
    0
    0
    0
    0
    0
    6
    0
    0
    0
    0
    0
    0
    0
   82
   21
    0
    0
    0
    0
    0
    0
    0
    0
    0
   35
   72
   45
   20
    1
    0
    0
    0
    0
    0
    0
    0
    2
    0
   25
   20
    0
    0
    0
    0
    2
   16
    3
    0
    0
    0
    0
    0
   13
    0
    0
    0
   28
    3
    0
    0
    0
    0
    0
    0
    0
    0
    0
    0
    0
    2
    0
   19
    6
    0
    0
    0
    0
    0
    0
    0
    0
    0
    0
    0
    0
   11
   48
   55
    1
    0
   20
    7
    5
   80
    5
   25
    0
    1
    0
    4
    0
    0
    0
    2
   16
    0
    0
    3
    1
    0
    0
    0
    0
    0
    0
    2
    0
    0
    0
    0
    0
    0
    0
    0
    0
    0
    0
   46
   45
    8
    0
    0
    0
   33
    0
   12
    0
    0
    6
    5
    3
    0
    0
    0
    2
    2
   13
   56
   57
    8
    0
   66
   27
    0
    6
    0
   55
    0
    0
    9
    3
   26
    1
    2
    0
   10
    2
    0
   15
   36
    0
    0
    0
    3
    7
  184
   36
   13
    0
   17
    8
    5
   15
    0
    0
    6
    8
    3
  113
    4
    8
   13
   21
    4
    0
    0
    0
   64
    1
   10
   30
    0
   35
   22
   19
    4
   44
    0
    7
   11
    7
    6
   32
   67
    9
   57
    0
    0
    0
    0
    0
    0
   10
   11
    0
    0
    0
    0
    0
   37
    5
    5
    0
    0
    0
    0
    0
    4
    0
    0
    0
    0
    2
    0
    0
    0
    1
    0
   27
   35
  111
   14
   16
    8
    0
   18
    6
   26
    0
    8
    0
    0
    7
  233
   55
   22
    2
   25
    3
    0
  225
    0
    7
  115
  108
   13
   35
   56
    0
    0
    0
  203
    0
    0
    8
    0
    0
    0
    0
    0
    0
    3
    0
   76
    0
   13
    0
    0
    0
   23
    4
    3
   64
   39
    0
    3
   29
    0
   28
    0
    0
   19
    0
   13
   17
   33
   89
   16
    0
   41
    0
    0
    0
    0
    0
    0
    0
    0
   18
    0
    0
    0
   58
    3
    0
    0
  102
  153
    0
   14
    1
    1
    0
    0
    0
    0
    0
    0
    0
    1
   84
    3
    0
    6
    9
    0
    0
    0
    0
    0
    0
    0
    0
    0
    0
    0
    0
    0
    0
  220
    0
    5
   60
   18
    0
    0
    0
    0
    0
    0
    0
    0
    0
    0
    0
   22
   43
  243
 1056
  402
   10
    3
    0
    0
   38
    0
    6
    0
    0
    0
    4
    1
    0
    0
    0
    0
    0
    0
    0
    0
    0
    0
    0
    0
    0
    0
    0
    0
    8
    0
    0
    0
    0
    0
   14
   34
    0
    0
    8
   77
   85
    0
    0
    0
   40
   36
   10
    0
    0
   13
    0
    0
    0
    0
    0
    0
    0
    1
   14
    0
    0
    0
    0
   40
    5
   26
    0
    0
    0
    2
    0
    0
    0
    0
    5
    0
    0
    0
    0
    0
    0
    0
    0
    0
    0
    0
    5
    0
    0
    0
    0
    0
    0
    0
    0
    0
    0
    4
    0
    0
    0
   69
    0
    3
    0
    1
    2
   20
    0
    0
   14
   11
   76
   37
   31
    9
   11
    2
    0
    0
    0
    0
   50
    0
    0
   69
    7
   29
    0
    0
    0
    0
    0
    3
    0
    1
    0
    1
   35
   36
   10
   88
   42
    0
    0
    9
    0
    0
    0
   12
    6
    0
    8
    0
   32
    9
   32
    0
   15
    9
   31
  112
    5
    8
    0
    0
    0
    0
    0
   25
   26
    9
    0
    0
    0
    0
   25
   34
    8
    3
    0
   58
    0
   29
  108
    0
   46
   38
   15
    0
    0
    0
    0
    0
    0
    0
    0
    0
    0
    0
   20
    8
   35
   15
    0
    0
    0
    0
    0
    2
    0
    0
    4
    0
    4
   15
    0
    0
    0
    0
    0
    0
    0
    0
    0
    0
    0
    0
    0
    0
    0
    0
    0
    7
   12
    0
   25
    0
    3
   75
  195
   25
   70
    0
    0
    0
    3
    0
    5
    5
    5
    0
    0
    0
   20
    0
    0
    0
    0
    0
    0
    0
    0
    0
    0
    0
   15
    0
   73
    0
    0
   11
    0
   18
    5
    2
    7
    0
    1
    9
   45
   77
    5
    0
   72
    0
    0
    0
    0
   38
    0
   27
   39
  143
    0
   15
    0
   17
    0
   30
    0
    0
    0
   91
   75
   90
   40
   51
    0
    0
    0
    0
    1
   24
    2
    0
    0
    0
    0
    0
   31
    0
   73
    0
   46
    0
   17
    8
    0
   10
    0
   77
  122
    7
    0
    0
    0
    0
    0
    0
    0
    0
    0
   23
  139
   79
   64
   50
   20
    0
    0
    0
    0
    0
    0
    0
   63
   70
    0
    0
    0
  192
    0
    0
   74
  140
    0
    0
    0
   26
  198
  169
    0
    0
    0
    0
    6
    0
    0
    0
    0
    0
    0
    0
    0
   53
    0
    0
    0
    0
    0
    0
    0
    0
    0
   28
   15
  120
    0
   22
   88
    3
  131
   14
    0
    0
   88
    0
    0
    0
    0
    0
   63
   25
   23
   11
   15
   72
   42
    0
    0
    9
    0
   42
    0
    0
    0
    0
   94
    0
   64
   14
    0
    0
    0
    0
    0
    0
    0
    0
    0
   14
    0
   46
   21
    0
   12
   27
    3
    0
    0
    0
    0
    0
    0
    3
    0
    0
    0
    0
    0
    0
    0
    0
    0
    0
    0
    0
    0
   20
    0
    0
    0
   16
  341
    8
    0
   16
   32
    0
    0
    0
    0
    0
    0
    0
    0
    0
    0
    0
    0
   11
   26
    8
    0
    0
   10
    0
   15
    3
   56
    0
   63
    6
    5
    0
    0
    0
    0
    6
    0
   10
    2
    6
   10
   36
   32
   12
   25
    6
   12
    0
    5
    0
    6
   49
   23
    6
   12
    0
    0
    0
    0
    0
    0
   25
    0
    6
   25
   44
    0
    0
   32
    9
   59
   38
   82
    0
    0
    8
    6
    0
   17
   25
    9
    0
    0
    0
    0
    5
    0
    0
    0
    0
    0
   50
    6
   26
   11
    0
    0
    0
    0
    3
    0
    0
    0
    0
    0
    0
   12
    6
    0
    0
    0
    0
   22
    0
    0
   68
  189
    0
    0
    0
    0
    0
    0
    0
   16
   40
   38
    0
   26
   26
   42
   29
    0
    0
    0
   56
    0
    0
   13
    2
    3
   16
   24
    6
    0
    0
    0
    0
    0
    0
    0
    0
    0
   13
    6
    0
   18
   72
  152
   46
   24
   22
   28
    0
    0
    0
   11
    9
    0
    0
    0
    0
    0
   78
   16
    0
    0
    0
    0
    0
    0
  160
  195
    0
    0
    0
    0
    6
    8
   11
    0
    3
    0
    0
    0
   32
   70
   18
    0
    0
   23
   45
   62
   54
   38
   49
    0
   78
    0
    0
   64
    0
    0
    0
    0
    0
    0
   28
   30
    8
    0
   23
    0
    0
    0
    0
   68
    0
   45
   48
   19
    0
    0
    0
    0
    0
   83
    0
    0
    0
   44
    0
   18
    0
    0
    0
   89
    0
   56
   67
    0
    8
    6
   11
    0
    0
    0
   21
    0
    0
    0
    0
    0
   24
    0
    0
   56
  315
   69
   21
   38
    0
    6
   29
    0
   56
    0
    0
    0
    0
    0
    0
    0
   78
    0
   90
    2
    6
   26
    5
   24
    0
    0
    0
    0
    0
    0
    0
   29
   46
    0
    0
    0
    0
    0
    0
    0
    0
    0
    0
    0
    0
    0
    0
    5
    0
    0
    0
    0
    0
   20
    0
    0
   32
    0
    6
   51
    0
    9
    0
   16
    0
    0
    0
    0
    0
    0
    0
    0
    0
    0
    0
    0
    0
    0
   26
    0
    0
   27
    6
   26
    0
   22
   18
    0
    0
    8
   18
    0
    0
    0
    0
    0
   36
   84
   28
   26
   10
    2
    0
    0
    8
    0
    0
    0
    3
    0
    0
    0
   14
    6
    0
    8
   16
   95
    8
   54
   11
    5
   36
  105
  108
   26
   34
    0
    0
    0
    0
   28
    4
   26
   22
    9
    0
    0
    0
    5
   35
    9
    0
    6
    0
    0
    0
   36
   48
    0
   89
   29
   21
   45
    3
   89
   58
    1
    0
    0
    0
    6
    6
    0
    0
    0
    0
    0
    0
    5
    0
    0
    0
    0
    3
   16
    9
   89
    6
    0
    0
    0
    0
    0
    0
    0
   60
   92
    8
    8
    0
    0
    0
    0
    0
    0
    0
    0
    0
    0
   12
   57
   92
    0
   38
   21
   13
    0
    0
    0
    0
    0
    0
    0
    0
    0
    0
   86
    0
   56
   64
    0
    0
    0
    0
    0
   16
  158
    0
    0
   74
   32
    0
    0
    5
   12
   82
   56
   23
   12
    0
    0
    0
   16
    8
   14
    0
   13
    0
   31
    3
   54
   15
   14
    0
    0
    0
    0
    0
    0
    0
    0
    0
    0
   56
   11
   25
   12
   49
    0
   26
   15
    0
    0
    0
   92
    0
    0
  110
    0
    0
   40
    0
    0
    0
   40
  250
  200
   40
   10
   12
  118
   89
   88
  136
   58
    0
    0
    0
   32
    8
    0
    0
    0
    0
    0
    0
    0
    0
    0
    0
    0
    0
    0
    0
    0
    0
    0
    0
    0
    0
    0
    0
   30
   31
   39
    0
   18
   66
    0
    0
    0
    0
    0
    0
    0
    0
    0
    0
    0
   40
  148
   85
  115
   25
    0
    0
    0
    0
   38
   21
    0
    0
  106
   12
    0
    0
    0
    0
   71
   21
   57
    0
    0
   56
    0
    0
   16
  168
    9
    0
   17
   41
   23
    0
   13
    0
    9
   23
    5
   26
    0
    8
   96
    6
    0
   61
    0
    0
    0
    0
    0
   60
    4
    0
   28
   76
  142
   26
    0
    0
    0
    0
    0
    0
    0
    0
    0
    0
    0
    0
    0
    0
    0
    0
    0
    0
   58
    0
    0
    0
    0
    0
    0
    0
    0
    0
    0
    0
   39
   35
  102
  289
   21
    0
    6
    0
    0
   18
   56
    0
    0
    8
    0
    0
    0
   52
    8
    0
    0
    0
    0
    0
    0
    0
    0
   12
    0
   13
    0
   60
   15
    0
    3
    0
    0
    0
    0
    0
    0
    0
    0
    0
    3
    0
    0
    0
   13
   12
    0
    0
    9
    0
    0
   18
    0
   23
   13
   33
   29
   31
   22
    6
   20
   12
    1
    0
   26
   19
   68
  154
  141
  184
  226
  122
   12
   55
   51
   32
    6
  106
   57
    0
   20
   51
    0
    0
    5
    0
    0
    0
    0
    0
    0
   16
   76
    0
   25
   47
    0
   47
   26
    0
    0
    0
    0
    0
    0
    0
    0
    2
   12
    4
   21
    0
    0
   32
    2
   91
    1
    2
   84
    0
  104
    0
    2
    0
    0
    0
    0
   65
   96
    1
   62
    0
    0
    0
    0
    2
    0
    0
    0
    0
    0
    0
    0
   31
   71
   37
   18
   16
    3
    0
    0
  117
   18
   15
   24
   17
    1
    2
    0
    0
    0
    0
    0
   45
   36
   31
    0
    0
  183
   64
   17
   11
    0
    0
    0
    3
    0
    0
   16
   21
   20
    0
    0
    0
    0
    0
    0
    0
    0
    5
    0
   63
  193
    2
   24
   30
    0
    0
    0
  153
    0
   26
    0
    0
   71
    0
    0
    0
    1
   20
    5
   77
    2
    0
    0
    0
    2
    0
   41
    2
   11
   89
   48
   19
    2
   21
    0
    0
    2
    0
    5
    9
   56
   31
  122
   35
   11
   19
    9
    0
  219
  175
   34
    8
   36
    0
   18
   10
    0
    0
    0
    0
    0
    3
    0
    0
    0
    0
   98
    0
    0
    0
    0
    0
    0
   73
    4
  489
  185
    0
   72
    2
   19
    4
    0
   38
   17
   85
    3
   21
  174
    9
  216
   66
   73
   20
   19
   71
   32
    0
   81
   72
    0
   82
   79
   17
    0
   28
    0
   95
    0
    0
    0
    0
   46
    0
    0
    0
   45
   18
   36
    0
    0
    0
    0
    0
    0
   77
    0
  132
    0
    0
    0
    0
    0
    0
   49
    0
    0
    0
  113
    0
    0
    4
   22
   81
   48
    0
    0
    0
    2
    0
    0
    0
    0
    0
    0
    0
   34
    0
    7
    3
    0
    0
    0
    1
    0
    2
    0
   55
    1
    2
    1
    0
   25
    5
    0
    0
    0
    0
    0
    0
    0
    0
    0
   21
    0
    0
    0
    0
    0
    0
    0
   11
    8
    0
    4
    2
    0
   35
   28
   55
  242
   61
    7
   20
    0
    0
   21
    9
    0
    0
    0
    0
    0
    6
    0
    0
    0
    5
    2
    0
    0
    6
    0
    0
    0
    0
    0
  104
  139
   91
   32
  107
   10
    6
    0
    0
    0
    7
    2
   16
   23
    0
    0
   83
    4
    0
   16
    5
    0
    0
   26
    0
    0
   63
    0
    0
    0
    0
    4
   28
    0
    0
    0
    0
   54
   36
   54
   26
    9
    0
   40
    1
    0
    0
   19
   44
    5
    0
    0
    0
    0
    0
   14
    0
   14
   82
    2
    0
    0
    0
   33
   64
   63
    0
   14
    7
   37
   29
  134
    9
   13
  111
    8
   67
   16
    0
    6
   13
   32
   42
   22
    0
   43
   42
    4
   32
    0
   46
    7
    3
   14
    0
    5
   38
   18
   54
   24
   56
    2
   64
   29
    1
    0
   24
   47
    0
    0
    0
   26
    0
    0
    3
   27
    0
    0
    0
   17
    0
    0
    0
    1
    0
    0
   33
    0
    0
    0
    0
    0
    0
    0
    1
    0
    0
    4
   30
   13
    1
    0
    0
    0
    0
    0
    0
    0
    0
    0
    0
    0
    0
    4
   45
    9
    5
    0
    0
    0
    0
    0
    0
   32
    2
  131
    2
    1
    3
    0
    0
   82
   66
  194
    0
   12
    2
   23
   51
    0
    0
    0
    0
    0
    0
    0
    0
    0
    0
   64
   14
    3
    2
    8
   21
   24
    4
    5
    4
    0
   41
    1
   27
    0
   21
   45
    0
    0
   86
    2
   27
    0
  231
   37
   61
   43
    0
    0
    6
    0
    0
   34
    0
   15
  148
    0
   30
    0
    0
    0
    4
   84
    3
    0
    0
    0
    0
    0
    0
    0
    0
    0
    0
    0
    0
    0
    0
   61
    0
    0
    1
    0
    0
   65
   37
    0
    0
   20
    2
    0
    7
   51
    2
   37
  123
    0
    0
    0
    0
    0
   23
    7
    0
    2
    1
    6
    0
    0
    7
    0
    0
    0
   42
   44
   69
    0
    0
    0
    0
    0
    0
    0
    0
    0
    9
   19
    0
    0
   20
    0
   14
   38
    4
    3
    4
    4
    1
    4
    0
   39
    1
    0
    0
    5
    8
    0
    4
    0
    3
    1
   22
    2
   57
    1
    0
    0
    0
    0
    0
    0
    0
    0
    2
   96
   92
   26
    4
    0
    2
   32
   21
    4
    0
   22
   64
    2
    2
   10
    0
   32
  151
   32
   29
   48
   64
    1
   42
    0
  122
    7
   45
   64
    8
    3
    0
    0
    0
   32
  146
  324
    7
    9
    4
   44
    1
    3
    0
    7
    4
    1
    0
    1
   57
    0
    0
    2
   68
   18
   47
    8
    0
   30
    0
    1
    0
    6
    0
    0
    0
    0
    0
    0
    0
    0
    0
    0
    0
    0
    0
    0
    0
    0
    0
    0
    0
    0
    0
    9
    0
    0
    0
    0
    0
    0
   78
    9
   19
   34
    0
    4
   78
   71
   40
    0
    9
    2
    0
   30
    9
    4
   29
    0
    9
    0
    0
    0
    0
    0
   32
    0
    0
   49
    0
    2
    9
   30
   31
   30
    0
    0
    0
   19
   13
    0
  104
    0
    0
    0
    0
    0
    0
    0
    0
    0
    0
    0
   32
    0
    0
   35
    6
    0
    0
    0
    0
    5
   19
   26
    0
   18
   24
   14
  127
  257
    0
    0
    0
    2
   59
   81
    0
    0
    0
    0
    0
    0
    8
    0
    0
    0
    0
  139
   49
   35
    0
    0
    0
    0
    0
    0
    0
    0
    0
    0
    0
    0
    0
    0
    0
    0
   11
   18
    0
    0
   35
   33
   32
   51
    0
   24
    0
    4
    0
  126
    0
    0
    0
    0
    0
    0
    0
    0
    0
    0
    0
    0
   21
    0
    0
   65
    0
    3
   25
  177
  196
    8
    0
    0
    0
    0
   49
   33
    0
    0
    0
    0
   55
    0
    0
    0
   10
    0
    0
    0
    0
  241
   46
    1
   28
   11
    0
    0
   10
    0
    0
    5
   24
    0
    0
    0
  109
    0
    0
    3
    4
    0
    0
    0
    0
    0
    0
    0
    0
    0
    0
    4
    0
    0
   20
    0
   44
  134
   47
    0
    0
    0
    0
   12
    0
    0
    0
    0
    0
    0
    0
    0
    0
    0
   97
  107
   24
    0
    0
    8
    0
    0
    0
    0
    0
    1
   30
    0
    0
    0
   11
    1
   68
    0
    0
    0
   55
   42
   23
   12
   33
    2
    4
    0
    0
   10
    0
    0
    0
    0
   23
    0
    0
    0
    0
    0
    0
    0
    0
   13
   58
    5
  177
    8
   27
   10
    0
  171
  134
   24
    0
    0
    0
    0
    0
    0
    0
    0
    0
    0
    0
    0
   32
   94
   20
    0
   28
   26
   12
    0
    0
    0
    0
    0
    0
    1
    1
   11
    0
    9
   21
    0
    3
   27
   53
    2
   77
   31
    0
    1
    2
   55
    0
  129
   34
    5
    0
    0
    0
    0
    0
    0
    0
    0
    1
    0
    2
    4
    0
    0
    2
    9
    3
    7
    2
    0
    0
    1
    0
    5
    0
    0
    0
    0
    0
   19
   11
   19
    0
    0
    0
    0
    0
    0
    0
    0
    6
    0
    0
    0
    0
    0
    0
   25
    0
    1
   86
   16
  197
    0
    2
   15
    0
    0
    0
    0
    0
    0
    0
   24
    5
   54
    1
    2
   19
    2
   10
   16
    1
    0
   28
   42
    0
    0
    0
    1
    0
    0
    0
    0
    0
    0
    0
   54
    0
   14
    0
    0
    0
   24
    2
    0
    0
    0
    1
  105
   10
    0
    0
    0
    0
    0
   42
   38
    1
    0
   22
    3
    0
    0
    0
    2
    0
   14
    0
   24
   77
   27
    2
   17
    1
    0
    0
    0
    0
    0
    0
    0
    0
    0
   27
    0
    0
    0
    0
    0
    0
    0
   50
    4
    0
    0
    0
    0
    0
    2
    0
    0
    0
    0
    0
   20
    0
    0
    0
  162
   38
    2
    0
    0
   20
  274
   28
  371
    1
    0
    5
    0
    0
    0
    0
    5
    0
  150
    7
   26
    4
    0
    0
    0
    9
    9
   37
   94
    0
    0
   54
    0
   27
    0
    0
   11
   39
   48
    0
    0
    0
    0
    0
   15
    0
    0
    0
    0
    0
    0
    0
    0
    0
    0
    0
    0
    0
    0
    0
    0
    0
    0
    0
   39
   26
    0
    0
    0
    0
    0
   21
    0
   22
    0
   61
    0
   12
    0
   83
   84
   21
   17
    0
    0
    0
    0
    0
    0
    7
  118
    3
   48
   60
   49
    4
    3
    1
   58
   69
   62
   32
    0
    0
    0
    0
    0
   32
    9
    0
    4
   16
   10
   46
   36
   39
    4
    2
    0
   11
   26
   33
    0
    0
   44
    3
    0
    0
    0
    0
    0
    0
    0
    0
    0
    0
    0
    0
   36
    0
    0
    0
    0
    0
    0
    0
    0
    0
    4
   42
   34
    5
    4
   32
   46
   74
   32
    5
    1
    0
    0
    4
    8
   14
    0
    1
    6
   14
  246
   22
   42
   41
    1
   41
   43
    0
    2
   12
    0
    0
   13
    2
    0
    1
   18
   89
    0
    0
    0
    0
    0
   19
   98
   75
   16
    2
   14
    2
    1
    0
    3
   21
   12
    2
    0
    0
    0
    7
    9
    0
   64
    0
    7
    0
   21
   27
   38
    0
    0
    2
    0
    0
   49
    4
   30
    0
    0
    0
    0
    0
    0
    0
    0
   26
    1
    0
   12
    0
    2
    0
    0
    2
    0
    0
    0
    0
    0
    2
    4
    0
    0
   12
    1
   71
    0
   26
   19
    6
   61
    1
    0
    0
    0
    0
    0
   11
   14
    0
    0
    0
    0
    0
    0
    0
    0
    0
    0
    1
    0
    0
    5
    1
    0
    0
    0
    0
   16
    0
    0
    0
  134
   49
   43
    8
    0
    4
    1
    0
    0
    2
    0
    0
    0
   64
    2
    0
   12
    0
    0
    0
   28
    0
    0
    0
    0
    0
    0
    0
    3
   24
    1
  109
    6
    5
    2
   48
    1
   27
    0
    0
    0
    5
   48
    4
    1
    0
    0
    0
   15
    0
    0
   42
    3
   71
    1
    0
   62
   57
    2
   31
    0
    0
    0
    0
    0
   28
   17
   23
   10
    0
    0
    0
    0
    0
    0
    0
    5
    0
    0
    0
    0
   14
    4
    2
    9
    5
   20
    0
    0
   29
  311
   66
   12
   26
    0
  103
    8
   52
   21
   26
   56
  327
    0
    0
    0
    0
    0
    0
    0
    0
    0
    0
    1
    0
    0
    2
   19
   46
    0
    0
    0
    3
    0
    0
    0
    0
    0
   99
    0
    6
    0
    0
    0
    0
    1
    9
   97
    1
    0
    0
    0
   38
    4
    0
   20
    8
   45
    4
    0
    0
    8
   14
    0
    0
   41
    0
    0
    0
    0
    0
    0
    0
    0
    0
    0
    0
    0
    0
    0
    0
    4
    0
    0
    9
    0
    0
    0
    0
    0
    0
    0
   74
    0
    0
    0
    1
    0
   51
    0
    0
    0
    2
    1
    0
    0
   11
    1
   31
    0
    0
    0
    0
    0
    0
    0
    0
    0
    7
    0
    0
    0
    6
   36
    9
    7
    0
   17
    0
    0
   63
    0
    0
    0
    0
    0
    0
    0
    0
   15
   37
   15
   19
   26
  111
   39
   11
    0
   51
    0
   41
    0
    2
    9
   14
    0
    0
    0
    0
    2
   16
    0
    0
    0
    0
    8
    2
    0
    0
    0
    0
   24
   12
    2
    5
    0
    0
    0
    0
    0
    0
    0
    0
    0
   36
   32
  167
    0
   64
   71
   22
    4
    0
  161
    3
    0
    4
    1
    0
    0
    0
    0
   63
  192
   16
    0
    2
   43
    0
    0
   23
    4
   30
    0
    0
    0
   51
  127
    0
    0
    0
    0
    0
    0
   21
    0
    0
    3
    0
    0
    0
    0
   19
    3
  146
   23
    1
    0
    0
    4
    2
    4
   41
    7
   39
   24
   25
   13
   24
    2
   32
   38
   20
    0
    0
    0
    0
    0
    0
    0
   17
    0
    0
    0
   71
    0
    0
    0
   22
   15
   36
  112
   18
    9
    5
    0
    0
    6
   19
   26
   75
    0
  181
   34
    9
   32
   24
   16
    0
    0
   61
   14
   15
    6
    0
    0
    0
    0
    0
    0
    0
    0
    3
    0
    0
   37
   14
   27
    0
    0
    0
    0
    2
    0
    0
    1
   33
   36
   11
    0
    2
   13
    0
    0
    0
    0
   22
   31
   41
   17
   66
    0
    0
    0
    0
    0
    0
    0
    0
    0
    0
    2
    0
    0
    0
    0
    0
    0
    0
    0
    0
   18
    0
   89
   43
    0
   67
    0
   81
   31
    0
    7
    0
    0
    0
    0
    0
    0
    9
    2
    0
    7
    0
    0
    0
    0
    0
    0
    0
    0
    0
    0
    0
    0
   98
  377
   93
    0
    0
    0
   13
   22
   13
    5
   37
    0
    0
    0
    0
    0
    0
  437
    3
    0
    0
   55
    0
   48
    0
    0
    0
    6
    0
    0
    0
    0
    0
    0
    0
    0
    0
    0
    0
    0
   23
   25
    0
    0
   29
    4
   25
   30
    0
    0
    6
   23
    0
    0
    0
    0
    8
   17
  191
   61
   13
   10
   19
   52
    0
   13
    7
    0
    0
    0
    0
    0
   39
    0
    0
    0
    0
    0
    0
    0
    0
    0
   63
    0
    0
    0
    0
    0
    0
    0
    0
    0
   48
   51
    5
   15
    0
    4
    0
   12
    4
    0
    0
   12
    0
    0
    0
    0
    0
    0
   39
   21
   18
   92
   73
   27
   39
    0
    0
    0
    0
   36
    0
    0
    6
    0
    6
    0
    0
   16
   71
    1
   37
    7
   30
    0
   56
   16
   51
    0
   62
   32
   22
    7
   24
    6
   11
    2
    0
    0
    0
    0
    0
   14
    0
    0
    3
    0
    8
   10
  234
   23
   53
    0
    0
    0
    0
    0
    0
   89
    9
    5
    0
    0
    0
    0
    0
    0
    0
    0
    0
    0
    0
    0
    0
   27
   89
   11
    4
    0
    0
   68
   77
    0
    0
    0
    0
    2
    0
    5
   66
    0
  243
    7
    8
   54
    2
   14
    9
    0
    0
    0
    0
    0
    0
    0
   27
   61
    0
    0
    0
    0
    0
    0
    0
    0
    0
   95
   39
    8
   20
   39
   13
   14
    7
   26
    8
    1
    8
    1
    0
    0
    9
    0
   32
   31
    0
    0
    0
    0
    0
    0
    0
    7
    0
   24
   31
    9
    0
    0
    2
   49
   14
    0
    8
   13
    6
    1
    1
    0
    0
    0
    0
    0
    0
   17
   55
   38
   11
    0
    0
    0
    0
    0
    0
    0
    0
    9
   74
   61
    0
    0
    0
    0
    0
    0
    0
    0
    0
    0
    0
    0
    0
    0
    0
   20
    0
    0
    0
    9
    0
    0
    0
   12
   38
    0
    0
    0
    0
    0
    0
  436
   38
    3
    0
    0
  116
   98
   34
    0
   19
   18
    0
  139
   75
    0
    0
   43
    0
    0
    0
   38
  136
   47
    0
   13
    4
   34
   11
    4
    3
    0
    3
    2
   24
    3
   31
    4
   34
   54
    0
    0
    0
    0
    0
    0
  236
    0
    0
    0
    0
   61
   28
   11
   32
   19
   99
  111
    0
   54
   92
    0
    2
   14
   39
    0
   54
   33
  143
   92
    4
    0
   85
    0
    0
   23
   32
   69
    0
    0
    2
   68
  111
    0
    4
    0
    0
    0
    5
    0
    0
    0
    0
    0
   88
    0
    0
    0
    0
    0
    0
    0
   62
   39
    0
   30
   72
   24
   15
    0
    0
    5
   45
    0
  128
   32
   62
    7
   10
   33
   14
    1
    0
    0
    0
    0
    0
    1
    0
    0
    0
    0
    0
    0
    0
   14
    0
    0
    0
    0
    0
    0
    0
   59
    1
    3
    0
    0
   15
    0
    0
    0
    0
    3
    8
   21
   81
   86
    0
    0
    0
    0
    0
    0
    0
    0
    0
    0
    0
    0
  123
   39
   34
    2
    0
    6
    0
    0
  137
   48
    2
    2
    0
   26
    8
    6
   75
    0
    0
    0
    0
    0
   38
    0
    0
    0
   63
    2
   22
    0
    0
   17
   44
    0
   98
    1
   64
  103
   22
    1
    3
    2
    0
   18
   77
  174
    7
   14
    6
   84
   82
    0
    0
   34
    2
   66
    0
   34
   97
    4
    9
    0
    3
    1
    0
    1
    9
   47
   43
    3
   11
    4
    1
    0
    0
    5
    0
    0
   75
    0
   46
   34
   38
   31
   28
   41
    0
    0
    1
    0
    0
    0
    0
    2
   51
    0
   32
    5
    8
    0
    0
    0
    0
    0
    0
    0
    0
   17
   61
   28
   19
    2
    0
    0
   32
   31
   20
   61
    0
   10
    0
   62
    0
    0
    0
    0
   55
   43
  181
  353
   23
    9
   41
   24
   43
    0
   27
   34
   94
   48
   17
    0
    0
   11
    0
    3
    4
    4
    0
   36
    0
    0
    0
    0
    0
   23
  154
  394
   36
   14
    0
    3
   18
    0
    0
    0
    0
    0
    0
    0
    0
    2
    0
    0
    0
    2
    0
    0
    0
   39
   18
    0
    0
    0
    0
    0
    0
    0
    0
    5
    0
    1
    0
    2
  378
   28
   42
    2
   56
   74
   19
  123
   47
    0
    0
    0
    0
    0
   41
    0
    0
   77
    0
    0
    4
    0
   24
   35
    0
    0
    0
    0
  113
    0
    0
    0
    0
    0
    0
    0
    0
    0
    0
    0
    0
   22
    0
    0
    0
    0
  171
    0
    0
  172
    0
    0
    0
    0
    0
    0
   32
    0
    0
   33
    0
    0
    0
    0
    0
    0
    0
    0
   23
    4
    0
    0
    0
    0
  109
    0
    0
    0
    2
    0
   24
   30
    0
   89
   97
  123
   66
    0
    0
    0
   97
  143
    3
    0
    0
    0
  144
   73
  101
    0
   11
    0
    0
    0
   72
    4
   24
    0
    0
  104
   15
    9
  242
   24
  104
   18
    0
    0
  151
   25
    5
    1
    2
    0
    0
    0
    0
    0
    0
    0
    0
    0
    0
    0
    0
   38
    4
  101
    9
   10
    0
    1
    0
   28
    0
    0
    0
    0
    0
    0
    0
    0
    0
    0
    0
    0
   14
   13
    0
    9
    1
    0
    0
   62
   14
   49
    0
    0
    0
    0
    0
    0
    1
    6
    0
    0
    0
    0
    8
  158
   56
    2
  154
    1
   34
    0
    0
    0
    0
    6
   31
   51
    4
    9
    2
    5
    0
    0
    0
   23
   21
    0
    0
   46
    3
   98
    0
   68
   93
    0
    0
   24
    0
    0
    0
    3
    2
    0
    0
    0
    0
   10
   19
   79
   14
    6
    5
    2
   15
    7
    0
    0
    0
    3
    4
   66
   17
   21
   24
    0
    4
    0
    0
    0
   73
    4
   39
   27
   24
    0
    0
   27
   18
   46
    8
   64
   62
    0
   22
   23
    2
   24
    0
    7
    0
  108
    0
   23
   19
    0
   40
    0
   19
    0
    0
    0
   32
    5
   36
    0
    0
   18
   37
    0
   32
    0
   28
    1
    0
    0
    0
    7
   11
    0
    0
    0
    0
    0
    0
   16
   19
    7
   21
    1
    3
   14
    9
    0
    0
    0
    7
    7
   75
   64
   49
    0
   86
   72
    0
    0
    3
    0
    2
    0
   17
   16
  141
   62
   32
    1
    0
  128
   39
  172
   74
  109
    2
    0
    0
    0
    0
    6
  132
   10
    0
    0
    2
    0
    0
    0
    0
    0
    0
    0
    0
   48
   44
    0
   43
  295
    0
    0
   10
   41
  124
    0
    0
    0
    0
    0
    0
    0
    0
    0
    0
    5
   80
   31
  401
   72
    0
   15
   14
  139
   27
    6
    1
    0
    3
   58
   64
   48
  103
    1
   89
    3
    0
    0
   74
    8
   13
   38
    0
    0
    0
    0
    0
    0
    0
  187
   17
    2
    0
    0
    0
    0
    0
    0
    0
    0
   92
   32
   20
   17
   11
    2
    0
    0
    0
  194
    0
    0
    0
    0
    3
  119
    0
    0
    0
    0
    0
    0
    0
    0
    0
    0
    0
    0
    0
    0
    0
   98
   81
    0
    1
    0
    0
   22
    0
    0
    0
    0
    2
    6
   22
   96
  128
   42
    6
  445
  114
    0
   12
    1
    0
    4
    7
    8
    0
    0
    6
    0
    2
    0
    0
    0
    0
    0
  202
  122
    2
    0
    0
    0
    0
  239
  109
    2
  100
   89
   19
    0
    0
    0
    0
    1
    0
    0
    0
    0
    0
    0
    0
    0
    0
    0
    0
    5
    0
    0
    0
    0
    0
    0
   26
    0
   41
   39
   11
    1
    0
   66
  133
  103
   37
    0
   98
   34
   24
    0
    0
    0
    0
    0
   16
   66
   71
   34
    1
   19
    0
    0
    2
    0
    0
    0
    0
    0
    0
    9
    0
    0
    0
    0
   15
    0
    0
    8
    0
    0
    0
   39
   10
    0
    0
    0
    0
    0
   27
    8
   88
    0
   66
   67
   27
    0
    0
    0
    0
    0
    2
    1
    0
    0
    9
    0
    0
    0
    1
    0
    0
    0
    0
    0
    0
    0
    0
    0
    0
    0
    0
    0
    0
    0
    0
    0
    0
   19
    0
    0
    0
    0
    0
    0
    3
    9
   11
   10
    0
    0
    1
    0
    0
    2
    3
   22
   18
   73
   67
   12
   90
    0
   11
   18
    8
    0
    0
    0
    0
    0
    0
    2
    8
   12
    2
    2
   18
    0
    0
    0
    0
    5
    7
    6
    1
    0
    0
    0
    0
    0
    0
    0
    0
    2
   33
   18
    0
   54
    0
    0
   22
   19
   16
    8
   12
   48
    1
    0
    0
    0
    0
    0
    6
   80
    9
    3
    0
    0
    0
    0
    0
    0
    0
    0
    0
    4
   18
    0
    0
    0
   11
    3
    0
    0
   58
   33
   29
    0
    0
    0
   15
   41
    0
   14
   10
    4
    1
  114
    4
   32
  129
  124
    6
   16
   41
   32
    2
   17
   19
   28
    0
    0
    0
    0
    0
   18
    3
    0
    0
    0
    0
    4
   11
    0
    0
    0
    0
    0
    0
    0
    0
   13
    0
   26
    4
   30
    2
    0
    0
    0
    0
    0
   94
   45
   64
    3
    4
    2
  177
   86
  157
  347
   33
    2
   97
   85
    0
    0
    0
    0
    0
   46
    0
    0
    0
    0
  232
  138
    4
    0
    0
    9
    0
    0
    0
    0
    0
    0
    0
    0
    0
    0
    0
    0
    0
    6
   75
   11
    0
   93
    7
    0
    0
    0
    0
    0
    0
    0
   25
   66
    0
    0
   79
    0
    0
    1
    0
    0
    0
    0
   19
  100
    5
   14
   19
   11
    3
   32
   30
   11
   48
    1
   23
    0
    0
    4
   26
    0
    2
  120
   20
    0
   16
   11
   45
    0
   63
   13
    4
   12
   24
    0
    0
    0
   18
    0
    0
    0
    0
    0
    0
   92
   72
    2
    6
   53
   78
    0
    0
    0
    0
    0
   51
    0
   14
    8
   48
   17
   14
   15
    0
    0
    0
  112
   14
    2
   16
    1
    1
   92
    0
   14
    2
    1
    5
   16
    4
    2
    0
    1
   19
    0
   24
   19
   15
   41
   15
   22
   61
    2
    0
    0
    0
    0
    0
    0
    0
    0
    0
   79
    5
   14
    0
   15
   46
  100
   16
    0
    0
    1
    0
    6
    2
    0
    0
    5
    0
    0
    0
    0
    0
   25
    0
    0
    0
    0
    0
    0
    7
    0
    0
    0
    0
    0
    0
   17
   22
   10
    0
    0
    0
    5
    0
    0
    0
   14
    1
    5
   11
    0
    0
    0
   13
   60
    0
    2
    0
    0
   14
   23
  102
   24
    0
   32
    0
    1
   72
   13
    0
    8
    0
    0
    0
   30
   38
    1
    0
    0
    0
    0
    0
    0
    6
    0
    0
    0
    0
    0
    0
    0
    2
   91
   58
   12
  116
   15
    6
   16
    9
   36
    0
    0
   36
   13
   68
   19
    5
    0
    0
    0
   13
    2
  155
    6
    0
    0
    0
    0
   16
   11
    5
   60
   20
   25
    1
   35
    1
    0
    0
    0
    0
    0
   24
   11
    3
   24
   86
   20
    0
    0
    0
   13
   15
   81
    2
    0
    9
    2
    0
  120
    8
    0
    0
    0
    0
    0
    0
  138
   19
   51
   29
   28
    0
   28
  139
   24
   10
   10
    0
    0
    0
    0
    0
    0
    0
    0
    0
    0
    0
    0
    0
    0
  252
   81
    0
    0
   20
   29
   51
   91
    0
   28
   42
    3
    3
   24
    0
    0
   44
    0
    0
    0
   64
    4
    0
    0
    0
    0
    0
    0
    0
    0
    1
   17
   47
   61
   96
  266
  352
   62
    0
   16
    0
   63
   22
    1
    0
   53
    3
   45
   61
    0
    0
    5
    0
    0
    0
    0
    0
    0
    0
    0
    0
    0
   11
    0
    0
    3
    6
    0
    0
    4
    0
    0
    0
    0
    0
  101
   23
    0
    0
    0
    0
    0
    0
   96
   12
    0
    0
   10
    5
    0
   93
   46
    0
    0
    0
    0
    6
    0
    0
    0
    0
    0
    0
    0
    0
    0
    0
   11
    4
   50
    3
    0
    0
    0
    0
    8
   60
   95
   51
   98
   17
   28
   79
  101
    0
    0
    0
    0
    0
    0
    0
   15
    8
   35
   20
    0
    0
    0
    0
    0
    0
    3
    8
    0
    2
   12
    2
    8
    0
    0
    0
    0
    0
    0
  109
    0
    0
    0
    0
    0
   16
    0
    0
    0
    0
    0
    0
   16
    0
    0
    4
  193
   72
    5
    7
   91
   53
    0
    1
   23
   66
   64
   16
   17
    1
    0
    0
    4
   15
   39
    3
    1
    0
   63
   19
    7
   13
    6
   19
    0
    0
    0
    0
   18
    1
   21
   26
   23
    1
    0
    0
    0
    0
    0
    0
   14
   71
    3
    0
   77
   27
   21
   11
    6
    8
    0
    0
    0
   58
    2
   14
    0
    0
   21
    0
    0
    0
    0
    0
    0
    0
    0
    0
    0
    1
    0
    0
   61
    0
    0
    0
    0
    9
   71
    2
   77
   11
    0
    0
   22
    7
   26
   24
   54
    9
  199
   10
   87
    3
    0
    0
    3
    5
   16
   67
  136
   60
    6
   21
    9
    1
    4
    0
    0
    0
    0
    0
    0
    0
    0
    0
   46
   15
    9
    5
    0
    4
   13
   64
   42
    0
   39
  114
    0
    0
    0
    0
    0
    0
    0
    1
   51
    0
    0
    0
    9
    0
    0
    0
    6
    0
   11
   82
    5
    1
    0
    0
    0
    0
    0
    0
    0
    0
    0
    0
    0
    0
    0
    0
    0
    2
   43
    0
    1
    0
   46
    6
    4
    0
    2
   48
    0
   26
   46
    0
    0
    0
    0
   95
    0
    0
   32
   34
  368
    0
    0
    0
   78
   32
   39
    1
    0
  237
    7
   30
   11
    0
    0
    0
    0
    0
   44
    0
    0
    6
   88
   42
    0
    4
  211
   58
   17
   58
   42
   48
    0
    0
   13
    0
    2
    0
    0
   14
    5
   19
    0
    3
    0
   96
  166
   24
    2
    0
    0
   86
    0
   12
    0
    0
    0
    0
    0
    0
    0
   74
   22
    0
    0
    0
    0
    0
    0
    0
   54
   56
   41
   34
    6
  229
   17
   16
   32
    5
   63
    0
    0
   51
    0
  202
    0
    0
    0
    0
   74
    6
  114
    0
  237
  118
  139
   92
   24
    0
    0
    0
    0
    0
    0
    0
    0
    0
    0
    0
    0
  132
   21
   17
    0
    0
    0
   86
   16
    0
   21
   31
   57
   34
   29
    0
    0
   15
   17
    0
   26
    0
    0
   30
   96
    7
    0
   57
  169
   19
   37
  166
   68
   59
    3
   20
    0
    6
    0
   15
   41
   17
    3
    0
    2
   69
    3
   30
    9
    0
    7
    2
    0
    0
    6
    0
    1
    2
    0
    0
    1
    2
    2
    0
    0
   27
   21
   48
    2
    0
    0
    0
    0
   47
    3
   51
   43
    0
    0
   28
    3
    1
    1
    9
    0
    2
    0
    0
    0
   13
    0
    0
    0
    0
   15
   44
    2
    0
    0
   14
   76
   23
    0
   62
   17
   22
    0
    0
    0
    0
    0
    0
    0
   19
   25
    0
    0
   48
    9
   43
    2
   16
    9
   29
   12
    6
   62
   10
  160
    5
   72
   12
    6
    0
    0
    1
   15
    2
    6
  101
    9
   16
  103
    0
   73
   36
  117
   47
   12
   27
    0
    0
   46
  136
    0
    0
   22
    3
    0
    1
   10
   48
    1
    0
    1
    0
    0
    0
    0
    0
    1
   24
    2
    4
   44
    2
    0
    2
   42
    4
    0
    0
    0
    0
    0
    0
   19
    7
   41
   37
    9
    0
    0
   26
    0
   17
    4
    6
   54
   31
    0
    0
    0
   12
    0
    0
    0
    5
    0
    9
    0
    0
    0
    0
    0
    0
    0
    0
    0
   17
  152
    0
   15
   16
   18
   50
  119
    0
    0
    0
    0
    0
  162
   31
    6
    0
    0
    0
    0
    0
   24
    0
  455
    0
    0
  124
    0
    0
    0
    3
    0
   78
    0
  136
   46
    0
    0
    0
    0
    0
  131
  262
    3
   88
    6
    0
    0
   21
    0
    0
    0
    7
    0
   21
    4
    0
    0
   98
  196
  297
   45
   11
    2
    0
    0
  129
   42
  111
   21
    5
    0
    0
    0
   46
    0
   22
    9
    0
    0
    0
    0
    0
    0
    0
    0
    0
    0
    0
    0
    6
    0
    0
    0
    0
    8
    1
    0
    0
   73
    4
   16
    0
   19
    0
    9
    0
    0
    0
    0
    0
    0
    0
    2
    0
    0
   57
    0
    0
    0
    0
    0
    0
    0
    0
    0
    0
    0
    0
    0
    0
    0
    0
    0
    0
    0
   67
    0
   11
    0
    0
    5
   64
    0
    5
   39
    8
    0
    0
   30
    0
   17
   89
    0
   11
  104
    3
   19
    0
    0
    6
    0
    0
    0
    0
    0
    0
    0
    0
   23
    0
   22
    0
    0
    0
    0
   13
    2
    9
  144
    0
    0
    0
    3
   34
  106
   94
   59
   21
    0
    6
   16
    0
    0
    0
   69
   18
   15
   11
    4
    0
    0
    3
    0
    0
    0
    0
    0
   47
   27
   14
    1
    3
   19
   59
    0
    0
    0
   14
    8
   13
   16
    1
    2
   19
    0
   15
    6
    2
    0
    2
    6
    4
   96
   46
    0
    2
    1
    0
   19
    0
    0
   41
    0
    6
    3
    1
    2
    0
    0
    0
    0
    0
    0
   43
   62
   26
    3
   59
   56
   58
    0
    4
    0
    4
    1
    0
   56
   32
   64
   14
   44
    0
   29
    0
    0
    1
   54
    1
   46
    0
   24
   28
   28
   50
   23
   11
   33
   48
   29
    0
   30
    0
  116
   47
    0
    0
   17
    0
   38
   11
   23
    9
   12
    0
   36
  142
  158
   66
   72
   12
   18
  156
   76
  184
   26
    0
    0
    0
    0
    0
    0
   30
   14
   21
   66
   20
   24
   53
   26
    0
    0
    0
   10
    0
    0
    7
    0
    0
    0
   24
   34
    0
    9
   91
    0
    6
    0
    0
    0
    0
    0
    0
   19
    0
    0
    0
    0
    0
   18
    0
    0
    0
    0
    0
    0
    0
    4
    0
    0
    0
    0
    0
    0
    0
    0
   28
    5
   26
   74
   31
   96
    0
    0
    0
    0
    0
    0
   11
    4
    6
    0
    0
    1
    0
    2
    0
   21
    0
    0
    0
   10
    0
    0
    0
   47
    0
    0
    0
    0
    0
    0
    0
    0
    6
   29
    8
    1
    0
    0
    0
    2
   21
   18
   46
  132
    2
  168
   16
    2
   28
    0
    0
   18
  131
    0
    0
    0
    0
   28
    0
    0
    3
    0
    0
    0
    1
    9
    6
   49
    0
    0
    0
    4
    0
    0
    0
   24
    4
    0
    0
   27
    0
    0
    0
    0
    6
    0
   48
    0
   65
  214
   69
    0
    0
    0
    0
    0
   36
  213
    0
   39
    0
  248
   16
  192
    9
    4
   44
   35
    0
    0
    0
    0
    0
    6
    0
    3
   28
   11
    0
    0
    0
   23
    0
    0
    0
    0
    0
    3
    0
    0
    0
  128
    0
    0
    0
   19
   57
  139
    3
    0
    3
    8
    1
    0
    0
    0
    0
    0
    0
    0
    0
    0
    0
    1
    0
    0
   23
   24
   16
    0
    8
   22
    0
    0
   25
    1
    0
    2
   24
    0
    0
    0
    0
    0
    5
   93
    0
    0
   41
    0
   20
    2
   39
    0
    0
    4
    2
    9
    0
   27
    0
    0
    0
    0
    0
    0
    0
    1
   19
    2
    0
   28
   31
    7
    0
   19
   39
    0
    0
    0
    0
    0
    0
    0
    0
   57
   41
   11
    0
    0
    0
   27
    0
   26
    1
    1
   14
   36
    7
    0
    0
    5
    2
    0
    0
    0
    0
    0
    0
    0
    1
    0
    0
    0
   39
   19
   61
   34
    0
    8
    0
    5
    2
    6
   46
   31
   46
   56
    2
    0
    0
    0
    0
    0
    0
   16
    0
    0
    0
    0
    4
    0
    6
    0
   11
  166
   26
    0
    6
    4
    0
    0
   20
    6
   33
   56
    2
    0
    0
   56
    3
   67
   10
   87
   24
    2
    6
    0
  166
   52
   21
    2
   69
   11
  116
   84
  118
    2
    0
    0
   13
   18
    0
    0
    0
    5
   29
    9
   38
    0
   21
    0
   14
    0
    4
   39
    7
  105
   29
    6
    4
   11
    0
    6
    6
    0
    0
   47
    1
    4
    7
    0
    0
    0
    0
    0
   12
  117
   46
    2
    0
    0
    0
    0
    0
    0
    0
    6
   19
  112
    7
    0
    0
    0
    0
    0
    0
    0
    0
    7
   33
    0
    0
  102
   27
   45
  114
   46
    0
    0
   26
   24
   23
  116
   15
    0
    0
    0
   78
   77
   20
  149
    0
    0
   18
   85
    0
    0
    0
    0
    0
   12
    0
  176
    0
    0
    0
    0
    0
    0
  602
   97
   59
   14
    4
    0
   12
    7
  201
   46
    1
    0
    0
    0
    0
    0
    0
    0
    0
    0
    0
    0
   26
    0
    1
    0
    0
    5
  166
    8
   21
    0
   14
    0
   72
   21
    0
   18
    0
    0
   22
    0
    0
   16
   12
    0
    0
    0
    0
    0
    0
   22
    0
    0
   11
   16
   20
    4
   23
   28
   30
   22
  133
   44
  192
   99
   93
   31
   31
    3
    0
  152
    0
    2
   38
   26
   30
    0
    0
   48
   11
    4
   21
   14
    0
  109
  108
    0
   47
    7
    0
    0
   17
    6
    1
    0
    0
    0
    0
    0
    0
    0
    0
    0
    0
    0
   53
   41
    0
   26
   12
    0
   22
    4
   14
    0
   11
   41
    4
    0
    0
    0
    4
  144
  107
   11
    0
    0
   49
    0
    0
    2
    0
    0
    4
   14
    2
   42
   57
    1
   13
   14
    9
   48
   14
   47
    0
    0
    0
    0
   69
  122
   72
   29
    0
    0
   21
   42
   20
    0
    2
   20
   16
   22
    7
   49
    4
   73
   56
    0
    4
    0
   12
   64
   19
  106
   24
   11
   21
    0
    0
    0
    0
   49
    4
    0
    0
    0
    0
   18
    0
    0
    0
    0
    0
    1
    3
   35
   17
    0
    0
    0
   36
    1
   73
   13
    0
    0
    0
    0
    0
    0
    0
    3
    0
   11
   28
   73
   49
   18
   52
   17
    0
    0
    0
    0
    0
   61
   20
    0
   51
   39
   49
   44
   72
   15
    0
    3
    2
    2
    0
    0
   34
   29
    0
    0
    0
    0
    0
   42
  102
    0
    1
    0
   11
   29
   32
   13
    9
   16
    6
    0
    0
    0
    0
    0
    0
    0
    0
    0
    0
    0
    0
    0
    0
    0
    0
    0
    0
    0
   23
  183
   56
    1
    4
    0
    0
    0
    0
    0
    0
    8
    0
   99
   51
    1
   14
    0
    3
    0
   11
   59
   27
   11
    0
    0
    0
    0
    3
    0
    0
    0
    0
    0
    0
    2
   54
    0
    0
    0
  131
    0
   62
    4
   41
   28
    0
    0
    4
    0
    0
    0
    0
    0
   33
   38
   82
    6
    0
    0
    0
   11
   14
   91
    2
    0
    0
    0
   42
   12
    0
    0
    0
    0
    0
    0
    0
    0
    0
   19
   15
    0
    0
    0
    0
    0
    0
    0
  167
    0
    0
   14
    0
    0
  243
  272
   19
   14
    0
   23
    0
   24
   20
    0
   12
    0
    0
    0
    0
    0
    9
    0
    0
  126
    3
    0
  454
   89
    0
   46
  438
  548
   14
    9
    0
    0
   19
    0
    0
    0
    0
    0
    0
    0
    0
    0
    0
    0
    0
    0
   19
    0
    0
    0
    0
    0
    0
    0
    0
    0
   73
    3
    0
    0
   70
    0
    9
    0
    0
    0
    0
   24
   45
   13
    0
   48
   96
    2
    0
    0
    0
    0
    0
    8
    0
  101
   55
    6
   48
    0
    0
    0
    0
    0
    0
   58
   49
   13
   91
    2
    0
   84
   28
    0
    0
   51
   42
   39
   19
    6
    0
    2
   69
   42
  106
    2
    0
    0
   18
  112
   24
   36
   14
    0
    1
    0
    0
   11
    0
   32
  139
    0
    1
  107
    0
   24
   19
    2
    0
    1
  123
  215
    0
    0
    2
    7
    2
    0
    0
    0
    0
    0
    0
    0
    0
    0
    1
    7
   24
   13
    0
    0
    0
  154
    0
   13
    0
   20
    3
    4
  123
  213
    0
