Station: Oberschoena-Braeunsdorf , scaling_factor: 10.0, latitude:  50.9407, longitude:  13.2194, altitude:  390, nodata_value: -9
start: ..1969-01-01  end: ..2006-01-31
   76
  120
    5
    0
    0
    0
    0
    0
    6
    0
    0
    0
    0
    0
    9
    0
    9
    5
    0
    0
    0
   93
   29
   26
   40
    3
    0
   13
    8
    3
   43
    0
   33
    0
   23
    0
    0
    8
    0
    7
   16
    0
    2
   15
    2
  128
   21
    0
    0
    0
    0
    0
    0
    0
    2
    3
    0
    0
    0
    0
    0
    0
    0
    0
    0
    0
    0
    3
    0
   63
   89
  100
    2
   28
    2
    0
    0
    0
    0
    0
    0
    0
    0
    9
    3
   20
   50
    0
   70
   66
   65
   38
    0
    0
    0
    0
    0
    0
    0
    0
  130
   54
    0
    0
  101
   66
   71
   26
   42
    0
    0
   32
   73
    5
    1
    0
  205
   13
   14
  120
   10
    0
  118
    0
    0
    0
   20
    0
   20
   40
    1
    0
    0
    0
    0
   39
    0
    5
    4
   21
   14
    0
    0
    0
   13
  168
    0
    0
    0
  161
    0
   15
   19
   12
   76
   63
   54
    0
    0
    0
    0
    0
    0
    0
    1
    0
    0
    0
    1
  560
   59
    0
    0
    0
   90
    1
  132
   19
   28
  125
   10
    0
    0
  158
    0
    0
   33
    1
   59
   13
    7
   20
    1
   20
    0
    0
    0
    9
    0
    0
    3
   29
    0
    0
    0
    0
    0
    0
    0
    0
    0
    0
    0
    0
    0
    0
    0
   10
    0
    0
    0
    0
    0
    3
   96
  115
   26
    9
   25
    0
   10
   45
   14
    0
    0
    0
    0
   10
    5
   47
   82
  133
    0
    0
    0
   31
    2
    0
    0
    0
    0
    0
   16
    0
    0
    0
    0
    3
   32
   58
    0
    0
    0
    3
    0
    0
    0
    0
    0
   42
    0
    0
    0
   37
   34
   29
    0
    0
    0
    0
    0
    0
    0
    0
    0
    0
    0
    0
    0
    0
    0
    0
    0
    0
    0
   18
   24
    5
   13
    2
    0
    7
   64
   21
    0
    0
    0
   56
    0
    0
   75
   28
    6
    0
    0
    0
    0
    5
    0
    0
    0
   12
    3
   10
    0
    0
    0
   67
    0
  163
    1
    0
    0
    0
    1
    7
   70
    0
    0
    1
    0
    0
    0
    0
    6
    0
    0
    0
   45
    8
    0
   25
    3
    0
    0
    0
   15
    0
    0
    0
    0
    0
   25
    0
   27
   26
    3
    8
   14
   47
    0
    5
    0
    0
    0
    0
    0
    0
    0
    0
   32
    3
    0
    0
    0
    0
    0
    1
    0
    0
   10
   71
   25
    0
    0
   11
    0
  175
    0
    3
   38
    6
    0
    8
    9
   21
   15
    4
   10
    0
    9
   15
    8
    2
   22
   61
   37
  203
   84
   68
    0
   83
   52
   32
   14
   68
    0
  162
  250
  121
    0
    0
    0
    0
    0
    0
    0
    0
    8
   14
   34
   10
    7
   35
    0
    0
    0
    0
   12
    0
   11
   82
    5
    0
   65
    1
   14
   20
   45
    8
    1
   18
    0
  207
   12
    1
   18
   89
    0
    0
   50
    0
   25
   94
   37
   53
   63
    0
   20
    7
   25
   34
   15
   27
   49
   63
   20
   14
    0
    0
    0
    0
    0
    1
    2
   58
   54
    0
    0
   15
   11
    0
    0
   47
   22
   43
   49
   14
    0
   16
  122
  101
   66
   19
  128
   33
   27
    0
    1
   55
    8
    0
    0
    0
    0
  172
   14
    0
    0
    0
    0
    6
    0
    0
    0
    0
    0
   15
   22
    5
   49
    0
    0
   98
    5
    0
   51
    4
   33
    0
    0
    0
    0
   30
   83
    0
    0
    0
    0
   55
   26
   53
   18
    1
   41
   17
   58
    0
    0
   58
   65
   50
    6
    0
   95
    0
   14
  242
   37
    2
    0
    0
    0
   42
   64
   16
    0
   15
    0
    0
  142
    0
   33
   26
    0
    0
   83
  191
   34
   60
   41
   30
    0
    0
    0
    0
    0
    0
   13
    0
   40
    8
    0
    0
    0
    5
    0
    0
   34
    0
    3
    0
    0
    0
    0
    0
    0
    0
    6
    0
    0
    0
   38
    0
    0
    0
    0
   80
  125
  152
  105
   91
    6
    0
    0
    0
    0
    0
    0
    0
    0
    0
    0
    0
    0
    0
   50
    3
   60
  183
   16
   62
    0
   70
    3
  152
    0
    3
   10
    0
  150
   22
    4
   82
   42
    0
    5
   29
   42
   66
    0
   16
   58
    0
    5
    0
   31
   19
    0
   40
   85
    0
    0
    0
    0
    0
    0
   29
    9
   62
   20
   65
    0
   25
    0
    0
    0
   15
    0
    0
    0
    0
   19
   12
    0
   10
   15
    0
    0
   35
    9
   14
   50
    5
    0
    0
    0
    0
  158
   20
    1
    0
    0
    0
    0
    0
    0
    0
    0
    0
    0
    0
    0
    0
    9
   25
    0
    0
   17
    0
    0
    0
   66
    4
    0
   52
   25
    0
    0
    0
    0
   21
    0
   17
    0
    6
    8
   22
   58
    0
    0
    0
   17
   33
    0
    0
    0
    3
    0
   94
    0
   16
   73
   35
   70
   48
   16
   14
   80
   39
    1
    4
   36
    4
    8
    1
    0
   12
   21
    5
    7
    0
    0
    0
   33
    0
    0
    0
    0
    0
   51
    0
    0
    3
    5
    0
    0
    0
    4
   31
    0
    0
    0
    0
   35
    1
    0
    0
    0
    0
    0
    0
    0
    0
    0
    0
   70
    0
    0
   42
    0
    0
   10
  148
   50
   35
   27
   21
    0
    0
    0
    8
    0
    0
    0
    0
    0
    0
   49
    0
    0
    0
    0
    0
   38
    0
    0
   29
    1
   33
   13
   24
   15
    1
   52
   88
    0
   24
   33
   22
    0
   37
  184
    0
   56
  129
   32
  246
    0
  113
  128
   58
   42
   78
    9
   47
   26
   22
   78
   52
   24
    5
   34
    1
    0
    0
   78
   13
   90
   74
  268
    1
   75
    0
    0
    0
    0
    0
    0
    0
    0
    0
    0
    0
    0
    0
    0
    0
    0
    0
    0
    0
    0
    0
    0
    0
    0
    0
    0
    5
    0
    0
    0
    0
    7
    0
    0
    0
    1
   23
    0
    0
    0
    0
    0
  161
    0
    0
    0
    0
    0
    0
  245
  118
   30
    1
    1
   22
   28
    0
    0
    0
   73
    0
    0
    0
    0
    0
    0
    0
    0
  222
   42
   21
   14
    0
   46
   57
   38
    0
  100
    0
    0
    0
    0
   55
   58
   19
    0
    0
  165
   26
    0
    0
    0
    0
   14
    1
    0
    0
    0
    0
    0
    0
    0
   61
  134
   18
    0
    0
    0
    0
    0
    1
    0
    0
    0
    0
    0
    0
    0
    0
    0
    0
   30
    0
    1
    0
    0
    0
    0
    4
   18
   86
    4
    0
    0
   44
   30
   64
   51
  303
   17
    0
   56
    0
   50
   19
    1
    0
    0
    0
    0
    0
    5
    0
    0
   50
   21
   19
   25
    5
   35
  119
   65
   71
    3
    0
    0
    0
    0
    0
   51
   80
    8
   41
   32
    0
    0
    0
    0
   34
    2
    0
    0
    0
    0
    0
    0
   38
    0
    0
    8
    9
    0
    0
    0
    0
    0
    0
    0
    0
    0
    0
    0
   68
   15
    0
    0
    0
    2
   24
    1
    3
   12
    8
    0
    0
    0
    0
    0
    0
    0
    0
    0
   22
    8
    0
    1
    0
    0
    0
    0
    0
    0
    0
    0
    0
    0
    0
    5
    0
    0
    0
    0
    0
    0
    0
    0
    0
    0
    1
    0
    0
  134
    0
    0
    0
    0
    0
    0
    0
    0
    0
    0
    0
    0
    0
    0
    0
   18
  107
   12
   28
    0
   73
   56
   43
  113
   15
    1
   13
   27
    0
    0
    0
   13
    0
    0
    0
    7
    1
   12
   32
   42
    0
   23
    0
    0
   20
    0
   23
   30
   12
    0
    0
    0
    0
   25
    0
    0
    0
   28
   13
  118
   63
  130
   25
    1
   19
   58
   84
    1
   75
   93
    1
   64
    0
    0
   15
   18
   31
   24
   76
   46
   23
    0
    1
    0
    0
    0
    0
   11
   64
    0
    0
   68
   90
  208
    1
    0
    0
    0
    0
    0
   21
    0
    0
    1
   12
   18
    0
    0
    0
    0
    9
   23
    0
    0
   10
    0
    0
    0
   14
    0
   12
  141
    0
    0
    0
    0
    0
    0
    0
    0
    0
    0
   52
  177
    1
    0
  250
    0
    0
    3
  180
   43
    1
    1
  100
   88
    0
   31
    0
    0
    0
    1
    0
  108
    0
    0
    0
  305
   26
    0
  115
    0
    0
   10
   23
    0
    1
    0
   19
    0
    0
    0
    2
    2
  109
    0
    0
    0
    0
    0
    0
    0
    0
   54
   13
    0
    1
    1
    0
   28
   20
    0
    0
    0
    0
   56
   50
   25
   34
   14
   27
   35
    3
    0
    0
    0
    0
    0
    0
    0
    0
    0
    0
    0
    0
    0
    0
    0
    0
    0
    0
    0
   53
   12
   62
   97
   76
    0
    0
    0
    0
  161
    9
    0
    0
    0
    0
    0
    0
    3
    2
    1
   22
    3
   29
   68
   76
    0
    1
    1
    0
  150
    3
   13
    0
    0
    0
   20
   61
    0
    0
    0
    0
    0
    0
    0
    0
    0
    0
    0
    0
    9
   18
    0
    0
    0
    0
    0
    1
    0
    0
    0
    0
    1
    0
    0
    0
    0
    0
    0
    0
    0
    0
    0
    0
    0
    0
    0
    0
    0
    0
    0
    2
    8
   17
    0
   11
    0
    0
    0
   46
    6
    0
    0
    0
    1
    0
    0
    0
    0
    0
   55
   67
   28
   15
    1
   15
   48
    0
    0
    0
    1
    1
    5
   12
   28
    8
    9
    5
    0
    0
    0
    1
    7
   45
    1
   52
   69
   28
   68
   30
    6
   25
    4
    1
    0
   30
   56
    9
    0
    1
    5
   21
    1
    0
    9
    1
    0
    0
    1
    0
   38
  189
   18
    3
    0
    0
    0
    0
    0
    0
    0
    0
    0
    0
    1
   36
   15
   40
    0
    7
    1
    0
    0
   62
  268
   10
   48
    0
    0
    0
   28
   54
   58
   18
    0
   85
    3
    0
    0
    0
    0
    0
   39
    1
    0
   10
  276
   20
    0
   20
   25
   22
   87
   28
   21
   15
    0
    0
   59
    0
    0
    0
    0
    0
    0
  241
    0
    0
   59
   25
    4
    0
    0
    0
   17
    2
  134
    0
    0
    0
    0
    2
    4
  431
    5
   31
    0
    0
   81
    0
    9
    0
   78
    0
    0
    0
    0
    0
    3
    0
    0
    0
    0
    9
   10
    0
    0
    0
    0
    0
    0
    0
    0
    0
    0
    0
   52
   60
   11
    0
  128
    0
   12
   49
    1
  161
    0
   23
   51
    5
   30
  350
   30
  220
    0
    0
    0
    0
    0
    0
   20
    0
    1
   40
    1
    0
    0
    1
    0
    0
    0
    0
    0
    0
    0
  105
   10
    0
    0
    0
    0
    0
    0
    0
    0
    0
  220
   20
    3
   23
    0
    0
    0
    0
    0
    0
  106
    6
    0
    6
    0
    0
    0
   98
    5
    0
    5
    0
   10
    0
    0
   15
    0
    0
    0
    0
   25
    0
    0
    0
    0
    0
    0
    0
    0
    2
   18
    0
  155
    1
    3
   28
   25
  120
   13
    1
  133
  130
  128
   35
  130
    0
    0
    0
    0
    0
    0
   28
    0
    0
    0
    0
    0
   35
    5
    4
   31
    0
    3
    0
    0
   68
   45
   36
   14
    4
    0
   32
    0
    0
    0
   26
    0
   19
   47
    7
   15
   29
    5
   13
    0
   18
   69
   15
   25
   72
   95
    7
    0
   13
    0
   37
   23
   23
   15
    3
    2
    0
    0
    0
    1
    0
    0
    0
    5
    2
    2
    0
    1
    2
    0
    0
    0
    0
    0
   58
   42
    3
    0
    0
   10
    0
    0
   19
   14
    8
   95
  123
    4
    2
    0
   47
    3
   38
    0
    0
    4
    0
    6
    0
    0
    0
    0
    5
    2
    8
   45
   35
   34
   10
    0
    0
    3
    0
    8
    0
    0
   12
    8
   95
    0
   24
   99
  118
   23
   16
    1
    0
    0
    0
    0
    5
    0
   11
    0
    1
    0
    0
    1
    0
    0
    1
   10
    0
    7
   58
   37
    2
    0
    0
    0
    0
    0
    0
    0
    0
    0
   10
    0
    0
    0
    0
    0
    0
    0
    0
    0
    0
    0
    0
    0
    0
    0
    0
   88
   51
   11
    0
    0
    0
    5
    0
    0
    5
    0
    0
    0
    6
    0
    0
    0
    0
    0
   90
   99
   95
   27
    0
    8
    0
  184
    1
   27
  213
    0
   31
    2
    0
    0
    2
   90
  190
   13
    2
    2
    0
    0
    0
    0
    1
   29
   29
    0
  254
    0
    1
    6
    2
   53
   12
    1
   50
  115
  175
   55
    3
   25
    0
   37
    0
   30
    0
    0
    2
    1
    0
   20
   50
   79
   24
  161
   80
    2
   49
   11
    0
  130
    1
    0
  132
   12
  147
    0
   16
   57
    0
    3
   12
  100
    0
  101
    1
    0
    3
   89
   57
    0
    0
    0
    0
    0
    0
   36
   35
    0
   35
   71
    0
    0
    1
  110
   14
   12
    8
    0
    0
    0
    0
  208
  120
   50
   50
    0
    0
    0
    0
    0
    0
   70
    0
    0
    0
    4
    0
    0
   68
    4
    0
  111
    0
    0
  100
    0
    0
    0
   16
    0
    0
    0
    0
   34
    0
    0
    0
    4
    0
    0
   57
   78
    0
  101
   21
    0
   56
    1
   37
    0
   20
   11
   18
    1
   47
   10
    0
    0
    0
    0
    8
  257
   22
    0
   12
  165
  165
  397
   86
   45
   91
   21
   43
   54
    0
   17
   25
  228
   98
    1
    1
    2
    0
    0
    0
    1
    3
    0
    0
    0
    0
    0
    0
    0
   20
   13
    0
    0
   45
   26
   20
    8
   10
   55
   52
   55
   16
   33
   56
   10
   19
   20
  216
  303
  139
   38
   25
   15
   68
   38
    9
   32
   39
   45
   63
   10
    0
    0
    0
    0
    0
   68
   74
   10
   58
   90
  142
   96
   38
    0
    0
    2
   12
   26
   44
    6
    0
    0
    1
    0
   11
    0
    0
    0
    0
    0
    0
    0
    7
   61
    3
    1
   48
    0
   41
   71
    0
   11
    0
   22
   53
    3
    0
    0
    0
    0
    0
    0
    0
    7
    0
   28
   20
    0
    0
    1
   48
   45
    0
    0
    0
    0
    0
    0
    0
    0
    0
    0
    0
    0
    0
    0
    0
    0
    0
    0
    0
    1
   83
    2
   63
   10
   21
    0
    2
   14
  145
    0
    0
    0
   60
   98
   60
   19
    3
    1
    0
    0
    0
    4
    0
   44
    3
   18
    0
    0
    0
    0
    4
   38
    8
  109
  242
   37
    7
    0
    0
    3
    0
    0
    0
    0
   33
    0
    0
    0
    0
    0
    0
   38
  100
    0
    0
    0
    0
  215
   18
   17
  108
    8
    0
    0
    0
    0
   58
   16
    7
    0
    0
    0
    0
    0
   19
    0
    0
    0
    3
   13
    0
    0
    0
    4
    0
    0
    0
    0
   36
   72
   72
    0
    0
    0
    0
   13
   23
    0
  201
    2
   80
   10
   48
    0
   92
    0
    0
    0
    2
   20
   22
   62
   11
    0
    0
    0
    0
    0
    0
    1
    0
    0
    0
    0
    2
    0
    1
   13
  148
  219
    2
    1
  154
    0
    1
   34
    3
    0
    0
    0
    0
   28
    1
    0
    0
    0
    0
    0
    0
    0
    0
    0
    0
    0
    0
    0
    0
    0
    3
    5
    0
    0
    0
  575
   41
  148
  208
    0
    0
    0
    0
    0
   14
   16
    0
    0
   18
    0
    0
    0
    0
    0
    0
  441
   46
    0
    4
    0
    0
    0
    0
    6
    0
    0
    3
    0
    0
    0
   10
    3
    7
    0
    0
    0
    2
   42
   18
   85
    0
   41
   53
   51
    4
    0
    0
   27
    0
    0
    0
   30
   53
   28
   20
   80
    7
    0
    0
    0
    0
    0
    0
    0
    0
    0
    0
    0
    0
    0
    0
    0
    0
    0
    1
    0
    0
    0
    2
   32
    2
    1
    0
   91
   82
   67
   70
    0
    0
    0
    0
    0
    0
    0
   44
   24
    0
    0
   27
   15
    5
    3
   44
    4
    0
    0
    0
    0
   22
    0
    0
    0
    7
    0
    0
    9
    0
    0
    0
   24
   47
   67
    0
    0
    0
    0
   45
   97
   88
   18
   20
   99
   14
    1
    0
   14
  191
  129
  168
  101
  151
   17
   27
    0
   34
   23
   52
   29
   32
   94
   28
    1
    0
    0
    0
    0
    0
    0
    0
    0
    0
    0
    0
    0
    0
    0
    1
   33
   12
    1
    3
   33
    8
    0
    0
    0
    0
    0
    0
    0
    0
    1
    0
    0
    0
    0
    3
    0
    0
    0
    1
    1
    2
    1
    8
    4
    5
    0
    0
    3
    0
    0
    5
   11
   25
   85
    0
   10
    0
    0
    0
   35
   44
    8
    0
    0
    6
    0
    0
    0
    0
    3
   37
    3
    0
   13
    1
    0
    0
    0
    4
    1
   40
    0
    0
    0
    0
    0
    5
    0
   35
   24
   18
    0
   26
    5
    1
    3
    0
    0
   23
    0
    0
    0
    0
    0
    0
    0
    8
    0
   15
    0
    0
    0
    0
    0
   20
  180
   48
   23
    1
    0
    0
    4
   22
    1
   19
   32
   99
   13
   68
    4
   71
    0
    0
    0
    0
    0
    0
    0
    0
    0
    0
  141
   21
    0
    0
    1
    4
    0
    0
    0
    0
    0
    0
    0
    0
    0
    0
    0
    0
    0
    0
    0
    0
    0
   34
   26
    0
    0
    0
   52
    7
    0
    0
    0
    0
    0
   33
   35
    0
    0
    0
   27
    6
    0
    1
    0
    0
   75
    7
   13
  113
    2
    3
    0
    0
    0
    0
    0
    0
   14
    0
    0
    0
    0
  121
   50
    1
   16
    0
    0
    0
    0
    0
    5
   68
    0
    0
    4
    0
    0
   46
    0
   20
    0
    0
    0
    0
   26
    0
    0
    0
    0
   74
    0
    0
   44
    1
    3
    0
    0
    0
    0
    6
    0
    0
   30
   39
   10
    3
    0
    0
   20
   10
   39
    3
    0
    0
    0
    0
    0
    0
    3
    0
    5
   88
   79
    0
    0
    0
    0
    0
    0
    0
    0
    0
    0
    0
    0
   40
   25
    0
    6
   13
    0
    0
    0
  159
    0
    0
    0
    0
    0
   20
   74
   62
   24
    0
   29
   15
    2
    3
  185
   36
  110
   22
    1
   24
   10
    0
    0
   10
    5
    2
    1
    0
    3
   31
    5
    0
    3
   73
  151
   39
   56
    6
    1
    0
    0
    0
    0
    0
    0
    0
   18
    8
    1
    0
    6
    0
    0
    0
   30
    1
    0
    0
    0
    2
   40
   18
    0
    0
   21
    0
    0
    1
    0
    8
    0
    0
   18
    0
    0
    6
    2
    5
  104
    0
    0
    0
  120
    1
    0
    0
    0
    1
    0
   15
   27
   73
   43
    0
   31
    0
    0
    1
    0
    0
    0
    0
    4
   65
   62
   20
    0
    0
    0
   16
   36
    6
    3
    1
   28
    2
   37
    1
    0
    0
   48
    0
    0
    0
  100
    1
    1
   10
    0
    0
  107
   89
   11
    0
    0
    0
    0
    1
   73
   41
   55
    6
    0
    1
   16
    0
    9
    4
    0
   20
   19
   13
    5
   28
   20
   10
  101
   29
   83
    0
    0
    0
    0
    0
   23
   19
   55
   35
    2
   26
    2
   13
  110
    3
    0
    0
    0
    0
  221
    0
    0
    1
    0
    0
    0
  118
    0
    2
    1
    0
    0
    0
   25
   26
   12
    0
    0
    0
    0
    0
    0
    0
    0
   10
    0
    0
    1
   69
    5
   48
    3
   36
   19
    0
   35
    6
    0
    0
   94
  106
    2
    0
  133
  518
   10
    0
    0
    0
    0
    2
   27
    0
    0
  156
    0
    0
    0
    0
    0
    0
   90
    4
   32
   74
   68
    0
    0
   86
    0
   24
    0
    0
   37
   12
    0
    0
    0
    0
  252
  171
   28
    0
    0
    0
    0
   85
   12
    4
    2
  128
    0
    0
    0
    0
  287
  431
  104
  200
    0
   21
    0
    0
    1
    4
  238
    2
    6
  203
    0
    0
    0
   10
   17
    1
    0
    0
    1
  175
    0
  462
    0
    0
    0
   30
  124
  120
   51
    1
    0
    0
    0
   27
    3
    0
    0
   13
    0
   60
   61
    0
    0
    0
    0
    0
   14
    0
   13
   60
   57
    5
    0
   17
    0
    1
    0
    0
   34
    0
    0
    0
    0
    0
    0
    0
    0
    0
    0
    0
    0
    0
   52
    6
    1
    0
    0
  150
    0
    0
   30
  100
   60
    4
    0
    0
    0
    0
  300
    1
    0
  140
    0
   49
    0
    8
   25
   31
    0
    0
    1
   25
    0
    0
   53
   69
   37
    4
    0
   30
   12
   42
    0
    0
    0
    3
    0
    0
    0
    0
    0
   51
    0
   35
    4
    0
    0
    0
    0
    0
    0
    0
   16
   30
    2
   58
   27
   20
   36
   44
   14
    0
    0
    4
   45
    2
   13
    0
    0
    2
    8
    0
    0
    0
    0
    0
    0
    0
    3
    0
    0
    0
    0
    0
   73
   39
    9
    0
    0
    0
    3
   25
    0
   18
    2
    8
    0
    0
    7
   13
    3
    0
   55
    0
    0
    5
    0
    0
    0
    0
    0
    0
   17
    0
    0
    5
    0
    0
    0
    0
    0
    0
    0
    0
   18
    1
    0
   90
    2
   10
    0
    0
   26
    0
   15
    2
   36
   30
  124
   40
   18
    1
   20
   18
   41
    0
   22
    0
    0
    0
    0
   11
   10
   21
   53
    0
    0
    0
    0
    0
    2
   39
    0
    0
    0
    4
    7
    0
    0
    0
    0
   15
    1
    0
    2
    0
    0
    0
    0
    0
    5
   -9
   -9
   -9
   -9
   -9
   -9
   -9
   -9
   -9
   -9
   -9
   -9
   -9
   -9
   -9
   -9
   -9
   -9
   -9
   -9
   -9
   -9
   -9
   -9
   -9
   -9
   -9
   -9
   -9
   -9
   -9
    0
    0
   33
   65
    0
   48
    0
   28
    5
    0
    0
   37
  155
    7
    0
   37
    0
    0
    0
    1
    0
    2
    8
    0
    1
   38
   64
    0
    0
    5
    0
   68
   44
   50
    5
    6
   24
   90
  145
   13
    0
    5
    0
    0
    0
    5
    0
  103
   33
   18
    3
    0
    0
    0
    0
    0
    0
    0
    0
    0
    0
    0
    1
   14
    5
    0
    0
  413
  561
   70
   57
    7
    1
    0
    0
    7
   13
   90
    0
    0
    0
    0
    0
    1
    0
    5
    3
   38
    0
   50
  120
   54
   58
   33
    5
    0
    0
   23
    5
    0
   49
   23
  157
  152
    3
    5
    0
    0
    0
    0
   88
   46
   22
   82
   22
    2
   24
  159
    0
   45
   61
    1
    0
   32
   77
  183
   44
    2
    0
    0
    0
    0
    0
    0
    0
    0
    0
   41
   14
    0
    0
   22
   16
   94
   25
   24
   96
    1
    8
    7
    3
    2
    0
    0
    0
    0
    1
    0
    0
    0
    0
    0
    0
    0
    0
    0
    0
    0
    0
    1
    0
    0
    1
    0
    0
    0
    0
   68
    5
    1
    2
  134
  157
   57
    1
    0
    0
    0
    0
    0
   72
  102
    0
    0
   17
   22
   31
   29
   11
    3
    0
    0
    3
    0
    0
    0
   21
    2
   16
   23
   79
  145
  125
   85
   26
    1
   15
    8
    0
    0
   23
   14
    0
    0
   10
   65
   10
   17
   53
  111
    0
    0
    0
    0
    0
    0
   28
    4
    0
    0
   24
    0
    0
   38
   24
   85
   48
    0
    2
    7
    0
    2
   47
    0
    0
    2
   67
   34
   20
    0
    4
    1
    1
    0
    0
    0
    0
    1
    6
    1
    0
    0
    0
    1
   15
    0
   71
    0
    0
    6
    5
   48
    3
   85
   24
   55
   98
    0
   68
    0
    1
   36
   38
    0
    1
    4
    0
   12
   38
    0
    0
   99
  221
   10
   10
    6
    0
  114
    0
   60
  154
    0
    0
    0
    0
    0
    0
    0
    0
    0
   20
    0
    0
    4
    2
   50
   30
   20
    0
    0
  120
    0
    0
   55
   11
    0
    0
   11
    8
   20
    0
    0
    0
    0
   38
    1
    0
    0
    0
    0
   32
   32
    0
    0
   10
    8
    0
   12
    0
    0
  137
    0
    0
    0
    0
    0
    0
    0
    0
    4
  482
  122
   54
    0
    0
    0
  137
    0
    5
  166
   89
    0
    0
    0
    0
    0
    0
    0
   42
    0
    0
  123
   63
    3
    7
    4
    0
    0
    1
    0
    0
  125
   56
  135
    0
    0
    0
    0
   18
    0
   60
   24
    1
   36
    2
   61
   12
    0
   77
   69
  123
    0
    0
  553
    4
   26
    2
   13
    0
   29
    0
    0
    0
  129
  178
    4
    0
    0
    0
    0
    0
    0
    0
    8
    0
    0
    1
   47
   70
    0
    3
    0
    2
    0
    0
    0
    0
    0
   13
  112
   14
    0
    0
    0
    0
   42
    0
    0
    0
    0
    0
   34
    0
    0
    0
    0
  240
  135
  229
   83
   97
    4
    0
   16
    3
    0
    0
    0
    0
    0
    0
    0
    0
    0
    0
    0
    0
    0
    0
    0
    0
    0
   32
   15
   55
    0
    0
    0
    0
    0
    0
    0
    0
    0
    0
    1
    0
   25
   20
   33
    1
   71
   53
   19
   54
  128
    1
    0
    0
    3
   30
    1
   40
    0
    5
   81
   41
   76
   15
    0
    0
    3
    0
   12
    3
    0
    0
   11
   19
    0
    0
    0
   18
    1
   65
    0
   43
  114
  104
    4
   20
   29
   50
   63
   70
    0
    0
   75
    0
    0
    0
    0
    0
    0
    0
    1
   32
   20
   32
   18
   45
   13
   30
   20
   40
   15
    0
    0
    3
    1
    2
    0
    0
    0
    2
    0
    0
    0
    0
    0
   28
   16
    0
   45
   59
    8
    0
    0
   75
   26
   36
   66
   96
   23
  203
   50
    0
    0
    0
   45
   20
   15
    0
    0
   23
   34
    3
    0
    0
    0
    0
    0
    0
    0
    0
    0
    0
   43
   17
   17
   23
    7
    7
    0
    0
    2
  125
   76
    2
    0
    0
    0
    0
    0
    0
    0
    1
   54
    1
    0
    0
    0
    0
    0
    0
   18
    4
   23
   15
    0
   85
  160
  133
   16
    0
    0
   10
   35
   68
   23
    2
    0
    0
    0
    0
    0
    0
   39
   44
    3
    0
   70
  484
  174
    0
   28
   24
    0
    0
    0
    0
    1
    0
    0
    0
    0
    1
   23
   30
    0
    0
    0
    0
    0
    0
    0
   10
    0
    0
    0
    0
    0
    0
    1
    0
    0
    0
  145
    0
    4
    0
    0
    0
   63
    2
    1
    0
    0
  105
    0
    0
   68
    0
    0
    0
   18
    0
   75
  149
    0
   30
    2
   26
    1
   14
    2
    0
   69
   35
   46
   94
   31
  280
  114
    0
    5
    0
   61
  142
   62
   38
   14
   10
   79
   29
   83
    4
    0
    1
   30
   11
  541
   99
    0
    0
    0
    0
    0
  219
    0
    3
    0
    0
    0
    0
    0
   54
    0
    0
    0
    0
    0
   24
    0
    0
    0
    0
    0
    0
    0
  122
   16
   57
   25
    0
   43
    0
    0
    0
    0
   41
   27
  205
   69
    0
    0
    0
  358
    7
    0
    0
    2
   45
  111
  151
   18
   60
   42
    0
   20
    0
    0
    0
    0
    0
    0
    0
  135
    0
    0
    0
    5
   40
    2
    1
    0
    0
    0
    1
   58
    0
    0
    0
    0
  258
  285
   20
    0
    0
    0
  103
   16
    0
    0
    0
    3
   58
    0
    0
   20
    0
    2
   31
    1
    0
    0
    5
    1
    0
  105
   47
    0
    0
    0
    0
    0
    0
    0
   80
   52
    0
    0
   21
    1
    0
    0
    0
    0
   89
    3
    0
    1
   59
   22
    0
   13
   31
   41
   88
   32
    2
    1
    0
    0
    0
    0
   48
   27
   30
    0
    0
    7
   17
    0
    0
    4
   50
    0
   11
    0
    7
    0
    0
    0
   15
   37
  170
  100
   48
   78
   52
   10
    0
    2
   60
    0
    3
    1
   44
    2
   34
    0
    0
  157
   51
    6
    0
    0
    0
   15
    6
    0
    0
    0
    0
    0
    0
    0
    9
   60
   13
   42
   31
    1
    0
    8
    7
   13
   13
   12
    0
    0
   15
    5
    4
   13
    0
    7
    8
    0
    0
    0
    0
    0
    5
    0
   32
   31
    2
    0
   33
    4
  150
  183
  114
  179
   38
    7
    0
    0
    1
   10
    0
    0
    0
    0
   97
   12
    7
  217
    0
    0
    0
    0
    0
    0
    0
    0
   18
    8
    0
    0
    2
    0
    0
    0
    0
    1
    0
    0
    0
    4
    1
    0
    0
    0
   53
    0
    0
    0
    0
  311
   26
   78
  178
    1
    1
    0
    1
    0
    0
    0
    0
    0
    0
    0
    0
    0
   30
    0
    0
   69
    0
    0
    0
    0
  301
   50
   58
   68
   58
    1
    0
    1
    0
    0
   24
    0
    0
    0
    1
    0
    2
   18
    0
    0
    0
   22
    0
   58
    7
    0
    8
  122
   11
   60
   16
    0
    1
    5
   22
    0
    0
    0
    4
    2
    0
    2
  148
    0
    0
    0
    0
    0
    0
    0
    2
   38
    3
   77
    0
    8
    3
  347
  434
   88
  115
    0
  260
   69
   35
  130
   58
   20
    1
    0
    0
    0
   59
    0
    0
    0
    0
    0
    0
  926
  254
   20
    0
    0
    0
    0
    2
   36
    0
    4
  118
    3
   70
   99
    1
    8
   20
    5
    0
    0
    0
    0
    0
    0
    0
    0
    0
    0
    0
    0
   49
    0
    0
    0
    0
    3
    0
   58
    0
   32
   39
    0
    1
    8
  104
    0
    0
    0
   41
  279
   58
    0
    1
   17
    0
    0
    0
    0
   18
    0
   50
  128
   50
   35
   55
    0
  209
    0
   20
   72
    0
   24
  116
  132
    7
    0
    0
    0
  208
   45
   63
   43
    8
   27
   59
    0
   19
   14
   70
   25
   38
   26
    0
   31
   31
   85
   63
   13
    0
    3
   85
   32
    9
  160
    0
   13
    3
    9
   90
   94
    7
   10
   50
   60
   29
   61
   69
   15
   22
   23
  149
    4
    0
  104
   14
    0
   66
   10
    0
    0
   58
   10
    2
    0
    0
    8
    4
    5
    7
    0
    0
    0
    0
    0
    2
   66
    1
   42
  135
   10
    4
    0
   15
    0
    0
    0
    0
    0
    0
    0
    0
    0
    0
    0
    0
    9
    0
    1
    0
    7
    5
   39
  117
  207
    0
    0
    0
    0
    0
    0
   10
    1
   67
    0
    0
    0
    0
    0
    0
    0
    0
    0
    0
    0
    0
    0
    1
    0
    0
    0
    0
    0
   16
   23
   42
   18
    0
    3
    0
    0
    0
    0
   24
   30
   14
    0
    1
    0
    0
    0
   67
   58
    0
    0
    0
    0
    0
    0
    0
    0
   19
    0
    0
    0
    0
    0
    4
    0
    0
    1
   34
   68
    5
   39
   13
   15
   27
    0
    0
    1
    0
    1
    0
    0
    1
    0
    0
    0
    0
   26
    0
    2
   77
   28
   44
    0
    0
    9
  175
  146
    1
    0
    9
   51
  198
    0
    0
    0
    0
    0
   21
   40
    1
    0
    1
   53
   36
    1
    0
    0
    0
    6
    0
    0
    0
    0
    0
    0
    0
    0
    5
    0
   30
   26
    0
   38
   24
    3
   37
   11
  182
    0
   16
   53
    8
   24
    0
    2
   37
   32
  152
    0
   20
   24
   29
    0
    0
  120
   34
    0
   82
    3
    0
  121
   11
    0
   10
    0
    0
   15
    0
    0
   22
    0
    0
    0
    2
    0
    0
  101
   28
    0
    0
    0
    0
    0
    0
    0
    0
    3
    7
  183
  126
    0
    0
    0
    0
    0
    0
    1
    0
    2
   15
    3
   43
   39
    0
    0
    0
    0
    0
   13
    1
    0
    0
    0
   19
    0
   26
    0
    0
    0
   11
   50
    0
    0
    0
    0
    0
    0
    0
    0
    0
    0
    0
   13
    0
   25
   20
    0
    0
    0
   13
    0
    0
    0
    0
    0
    0
    0
    0
    0
   23
  103
    1
    0
   41
    1
   46
   56
    5
   37
    0
    4
    0
   17
    0
    0
    0
    0
   11
    0
    0
    4
    0
    0
    0
    0
    0
    0
    0
    5
    0
    0
    0
    0
    0
    0
    0
    1
    2
    0
    0
   32
   85
   20
   18
    3
    0
   30
    0
    1
    0
    0
    1
   38
   11
    0
    0
    0
    0
    0
    0
   89
   10
   83
    0
   20
   51
    8
    0
    0
   62
   10
   36
   23
    0
   23
    0
    0
    0
   10
    4
    0
   30
   23
    0
    0
    0
    0
    2
  157
   35
   23
    0
   29
   29
   16
    1
    0
    0
    5
   18
   38
  179
   16
   29
   25
   25
   58
    2
    0
    0
   65
    0
    1
   76
   18
   18
   51
   28
    2
   48
    4
   51
   44
    1
    2
   30
   54
   59
  110
    0
    0
    0
    0
    0
    0
   27
   11
    0
    0
    0
    0
    0
   13
   10
   10
    0
    0
    0
    0
   11
   51
    2
    0
    0
    0
   11
    0
    0
    0
    0
    2
    3
   35
   74
   21
   17
    7
    0
   77
    7
   47
    1
   14
    0
   10
    0
  214
   29
   15
    0
    1
   31
   43
   99
    0
    4
  127
  134
   33
   84
   34
    0
    0
    0
   30
    0
    0
    7
    0
    0
    0
    0
    0
    0
    1
    0
   20
    0
   18
   12
    0
    0
   40
   15
    0
  111
   10
    0
   25
    0
   15
    2
    0
    0
   62
    0
   10
    0
   62
  127
    9
    0
    0
    0
   26
    0
    0
    0
    0
    0
    0
   67
    0
    0
    0
   21
    0
    0
    0
   91
   97
    2
   10
    5
    2
    0
    0
    0
    0
    0
    0
    0
    1
   39
    0
    0
    0
   29
    0
    0
    0
    0
    0
    0
    0
    0
    0
    0
    0
    0
    0
    0
   78
    0
   54
  112
    1
    0
    0
    0
   60
    0
    0
    0
    0
    2
    0
    0
  181
  171
  489
  717
  404
   15
    1
    0
    0
    6
    0
   13
    0
    0
    0
   36
    0
    0
    0
    0
    0
    0
    0
    0
    0
    0
    0
    0
    0
    0
    0
    0
    1
    4
    0
    0
    0
    0
    0
   30
  150
    0
    0
    1
   27
   48
    0
    0
    0
   14
   78
    3
    0
    0
   48
    0
    0
    0
    0
    0
    0
    0
   10
   23
    0
    0
    0
    0
   91
    5
    0
    1
    0
    0
    0
    1
    1
    0
    0
    2
    0
    0
    0
    0
    0
    0
    0
    0
    0
    0
    0
   19
    0
    0
    0
    0
    1
    0
    0
    0
    0
    0
    0
    0
    0
    0
   42
    6
    0
   25
    0
    6
   19
    7
    1
   13
   32
  111
   48
   70
   27
   15
   10
    0
    0
    0
    0
   27
   10
    0
   45
   47
   24
    0
    0
    1
    0
    0
    0
    0
    0
    0
    0
   37
   11
    1
   87
  106
    0
   22
    6
    0
    0
    0
   13
   35
   16
   14
    6
   44
   17
   70
    1
    0
   26
   41
   98
    1
   43
    5
    1
    0
    0
    0
   33
   19
    7
   10
    0
    0
    0
    1
   31
    1
    0
    0
   98
    1
   34
  220
   15
  107
   38
   28
    0
    0
    0
    0
    0
    0
    0
    0
    0
    0
    0
    1
   11
   57
    8
    0
    0
    0
    0
    0
    0
    0
   13
    1
    0
   11
   23
    9
    0
    1
    1
    0
    0
    0
    0
    0
    0
    0
    0
    0
    0
    0
    0
    0
    1
    6
    0
   47
    0
    1
  119
  161
   30
   69
    0
    0
    0
    6
    0
    6
   59
    9
    1
    0
    0
  100
    0
    0
    0
    0
    0
    0
    0
    0
    0
    0
    6
   46
    0
   29
    0
    0
    2
    8
    6
    0
   14
   10
    0
    5
    6
   28
   91
   46
    0
   48
    0
    0
    0
    0
   23
    0
   21
   54
   43
    4
    6
    2
    0
    0
    0
    0
    0
    0
   25
  123
   82
    2
   66
    1
    0
    0
    0
    5
   26
   14
    1
    0
    0
    0
    0
   20
    1
   64
    1
   77
   17
    0
    6
    1
   30
    0
   85
   83
   15
    1
    0
    0
    0
    0
    0
    0
    0
   48
   64
   34
  189
   99
   58
   26
    0
    0
    0
    0
    0
    0
    4
   66
   96
    1
    0
    0
  216
    0
    0
    2
    3
    0
    0
   11
  293
  140
  291
   29
    0
    0
    0
   28
    0
    0
    0
    0
    0
    0
    0
    0
   31
    3
    0
    0
    0
    0
    0
   11
    0
    1
    3
   58
  100
    0
   45
   76
   16
  211
   31
    0
    0
    7
    3
    1
    0
    1
    1
   87
   16
   51
    4
    1
   50
    0
    0
    0
    7
    0
  110
    0
    0
    0
    2
  121
    2
   53
   17
    1
    1
    0
   11
    0
    0
    0
    0
    0
    0
    0
    6
   42
    0
    8
   20
    5
    0
    0
    0
    0
    0
    0
    1
    3
    0
    0
    0
    0
    0
    0
    0
    0
    0
    0
    0
    0
   12
    1
    0
    0
    9
  238
   47
   54
   20
    9
    0
    0
    0
    0
    0
    0
    0
    0
    0
    0
    0
    0
   36
   31
   14
    0
    0
   16
    8
   28
   35
   28
    0
   62
    2
    0
    0
    0
    0
    0
    0
   13
   23
   19
    2
   22
   38
   17
   26
    8
    1
    0
    0
   11
    5
   34
   35
    6
    0
    0
    0
    0
    0
    0
    0
    0
   17
    1
    7
   15
   42
    4
    0
   34
   43
   53
  123
   89
    0
    0
   10
   34
    0
   29
   43
    3
    0
    0
    0
   23
    2
    9
    2
   23
    0
    0
   92
    4
   40
    4
    0
    0
    0
    1
    7
    0
    0
    0
    0
    0
    1
   17
   15
    1
    1
    0
    0
    9
    1
    0
  103
  390
    0
    0
    0
    0
    0
   10
    0
    1
   24
   23
    3
   13
   38
   29
   32
    0
    0
    0
    0
    0
    0
    0
   15
   20
   15
   83
   13
    1
   27
    0
    0
    0
    0
    0
    0
   48
    3
   39
    6
   56
   36
  191
   71
   39
   58
   38
    0
    0
    0
   38
    8
   42
    0
    0
    0
    0
   35
   50
    0
    0
    0
    0
    0
    0
   85
   72
    0
    0
    0
    0
    1
   53
    0
    0
   28
    0
    0
    0
   42
   43
   22
    3
    3
   58
   38
   14
  182
   33
   58
    0
   89
    1
   27
   71
   34
   19
   37
    0
   52
   28
    1
    2
    1
    0
   66
    0
    0
    0
    0
   79
    0
   78
   44
   47
    0
    0
    0
    0
    4
  111
    0
    0
    6
   35
   33
   20
    0
    0
    0
   41
    3
   49
   31
    0
   69
    7
   15
    0
   15
    0
   25
    0
    0
    0
   53
    0
   40
    0
    0
  376
  178
    0
    0
   34
    0
    0
   34
    0
   16
   13
    0
    0
    0
    0
    0
    0
    0
    0
   76
   13
    2
   23
   25
   23
    3
    0
    0
    0
    0
    0
   41
   35
   50
    0
    0
    0
    0
    8
    0
    0
    1
    2
    0
    3
    0
    0
    0
    1
    0
    0
    0
    0
    0
   11
    5
    0
    9
    0
    0
   90
    0
    9
    6
   40
    0
    0
    0
    0
    0
    0
    0
    0
    0
    0
    0
    0
    0
    0
   20
    0
    0
   54
    8
   14
    6
   59
   25
    0
    0
   41
   30
   20
    0
    1
    3
    6
   25
   58
   25
   18
   18
   20
    2
    0
   16
    0
    6
    0
   11
    0
    9
    0
   17
   24
    0
   10
   18
   58
   16
   26
    6
   10
   65
  168
   97
   16
   56
    0
    0
    0
    0
   32
   39
   26
   62
   13
    2
    0
    0
    0
   68
   21
    0
    8
    1
    3
    0
   73
   37
   40
   89
   41
   60
   49
    2
  131
   56
    2
    3
    6
   31
   14
   44
    7
    2
    1
    0
    0
    0
    1
    2
    1
    0
    0
    6
   16
    1
   69
    5
    0
    0
    0
    0
    0
    0
    0
   44
   14
    3
    0
    0
    0
    0
    3
    0
    0
    0
    0
    0
    0
   14
   39
   95
   15
   14
    2
   10
    0
    0
    0
    0
   14
    0
    0
    0
    0
    3
  124
   44
   69
   59
    2
    0
    0
    1
    5
    7
  114
    0
    3
   73
   16
    0
    0
    1
    4
   52
  126
   28
    2
    0
    0
    0
    1
   76
   11
   34
   17
    7
    0
    0
   95
   18
    6
    2
    2
    0
    0
    0
    0
    0
    0
    0
    0
   19
   27
   30
    0
    0
    0
   50
   45
    0
    0
    0
   83
    0
   17
    0
    0
    0
   27
    0
    0
  100
   69
  321
  235
   45
    0
    1
   70
  100
   82
   30
   31
    1
    0
    0
  101
   75
   67
    0
    0
    0
    0
    2
    0
    0
    0
    0
    0
    0
    0
    0
    0
    0
    0
    0
    0
    0
    0
    0
   52
   64
   72
   18
   30
   80
   28
    0
    0
    0
    0
    0
    0
    6
    2
    0
    0
    5
   65
   91
   34
   65
    0
    0
    0
    0
   54
   15
    0
    0
   56
    0
    0
    0
    0
    0
    2
  158
  120
    0
    0
    0
   18
   20
  134
  105
   22
    0
   21
   18
   75
    0
   32
    0
   13
    7
    4
   30
    1
    4
   92
   17
    0
   73
    0
   13
    0
    0
    0
  180
    3
    0
   14
   78
  123
    7
    0
    0
    0
    0
    2
    0
    0
    0
    3
    0
    0
    0
    0
    0
    0
    0
    0
    1
   66
    2
    0
    0
    0
    0
    0
    0
    0
    0
    0
    0
   18
   75
  125
  335
   40
    0
    3
    0
    0
    1
   86
    0
    0
   48
   16
    0
    2
   31
    7
    0
    2
    0
    0
    0
    0
    0
    0
   20
    0
   18
    0
   22
    6
    4
   18
    2
    0
    0
    0
    0
    0
    0
    0
    1
    0
    0
    0
    0
   39
    1
    0
    1
   25
    0
    0
    1
    8
   30
   35
   40
   39
   18
   50
   18
   26
   55
   28
    0
   70
   60
  282
  331
  150
   51
  193
   82
    4
   16
   47
   46
    5
  284
   49
    0
   35
   46
    0
    7
   15
    3
    0
    0
    0
    0
    0
   30
  120
    0
   64
  102
   13
  212
   14
    0
    0
    0
    0
    0
    0
    0
    6
   19
  136
    2
   26
    0
    0
   26
    3
   76
    0
   13
   63
    8
   69
    3
    0
    0
    0
    0
    0
   73
  104
   20
   84
   11
    0
    0
    4
   10
    4
    1
    0
    0
    0
    0
    0
   45
   67
   42
   24
   14
    3
    0
    5
  101
    4
   44
    5
   20
   13
    2
    9
    0
    8
    1
    0
   43
   63
    0
    0
    0
  280
  105
   22
    3
    0
    0
    0
    7
    0
    0
    8
   50
   60
    0
    0
    0
    0
    0
    0
    0
    0
    1
    0
   48
  224
    3
   30
   18
   18
    0
    0
    0
    0
   68
    2
    5
   42
    0
    0
    0
   10
   25
   14
  173
    0
    0
    0
   24
   25
    2
   55
   47
   20
   53
   41
   35
    7
   44
    3
    3
   10
    0
    6
   26
   46
  141
   94
   97
   23
   60
    4
    0
   28
    0
    0
   20
  104
    2
   31
    0
    2
    0
    0
    0
    0
    3
    0
    0
    0
    0
  100
    0
    0
    0
    3
    0
    0
   60
   21
   67
  335
   47
   32
    2
   78
    2
    0
   10
   16
   95
    3
    2
   95
   18
  112
  103
  148
    0
   44
   50
    0
    2
  144
   55
    0
  126
   50
   10
   10
   20
    0
  125
    3
    1
    0
    0
   30
    1
   15
    0
   21
   18
   25
    0
    0
    0
    6
    0
    0
  133
    0
  130
    0
    0
    1
    0
    0
    0
   42
    0
    0
    1
  152
    0
    0
    0
    0
   58
   26
    0
    0
    1
    2
    2
    0
    0
    0
    0
    0
    0
   18
    0
    1
    1
    0
    0
    1
    0
    2
    3
    0
  195
    0
    0
    0
    0
   30
   17
    0
    0
    0
    0
    0
    0
    0
    0
   37
   51
    0
    0
    1
    2
    0
    0
    0
    2
   14
    0
    7
    7
    0
   55
   87
   58
  176
  107
   10
    1
    0
    0
   30
    0
   30
    0
    0
    0
    0
    1
    0
    0
    0
    0
   25
    0
    0
   22
    0
    0
    0
    0
    0
   81
   89
  188
   80
   78
   20
    8
    1
    0
    0
    8
    2
   24
   16
    2
    0
   69
    6
    0
   23
    1
    1
    1
   24
    0
    0
   58
    0
    0
    0
   13
    0
   34
    0
    0
    0
    0
   34
   39
   40
   17
   16
    0
   14
    2
    0
    7
   16
    2
   15
    0
    2
    0
    0
    2
   30
    0
   19
   78
    0
    0
    0
    0
   38
   93
  126
    1
    6
    1
   54
   55
  165
   18
   24
  236
   88
   72
   15
    1
    5
    1
   39
   53
  108
    4
   82
   67
    2
   60
    0
   60
   15
   18
   21
    0
   40
   75
   24
    8
   40
   65
   28
   56
    7
    0
    0
   16
   43
    0
    0
   54
   32
    2
    0
    3
   34
    0
    0
    0
   26
    0
    0
    0
    0
   10
    0
   40
    0
    1
    1
    0
    0
    0
    0
    0
    0
    0
    1
   68
   81
   14
    0
    0
    0
    0
    0
    0
    0
    0
    0
    0
    0
    0
    6
   76
    1
   36
    0
    0
    0
    0
    0
    0
    0
    0
   15
   40
    3
    0
   18
    0
   45
   60
  181
    0
   26
    0
    0
   34
    2
    0
    0
    0
    0
    0
    0
    5
    0
    0
   25
   20
    5
    0
   18
   70
    0
   36
   40
    0
    0
   20
   15
   43
    2
   49
    0
   11
    0
    2
   25
   15
    0
  114
   35
   18
   35
    4
    0
    1
    0
    0
   99
    0
    0
   54
    0
   43
    0
    1
    0
    0
   67
    0
    0
    0
    0
    0
    0
    0
    1
    0
    0
    0
    0
    0
    0
    0
   45
    0
    0
    3
    1
   14
   83
   92
    0
    0
   43
    0
    0
   11
  124
    4
    4
  197
    0
    0
    0
    0
    0
   29
    1
    3
    0
    3
   13
   20
    3
    0
    0
    0
    0
   74
   12
   64
    0
    0
    0
   31
    0
    0
    0
    0
    0
    1
   28
   15
    1
   21
    3
   10
   33
   25
    0
    5
    4
    0
    4
    0
   31
   14
    1
    0
   12
    8
    0
    0
    0
   18
    7
   18
    3
  128
    3
    0
    0
    0
    8
    0
    0
    0
    0
    2
  100
  124
   27
    1
    0
   59
   19
   42
   19
    0
   11
  114
   16
    8
    3
   13
   33
  165
   53
   44
   24
  135
    1
   86
   29
   85
    0
   47
   85
   64
   16
    0
    2
    0
   22
   96
  371
   27
    7
    0
   79
   74
    3
    0
    1
    0
    0
    1
    1
   40
    0
    0
    1
   50
   30
   75
   20
    0
   58
    0
    2
    0
    4
    0
    0
    3
    0
    0
    0
    0
    2
    0
    0
    0
    0
    0
    0
    0
    0
    1
    0
    0
    0
    0
   22
    0
    0
    0
    0
    0
    0
   89
   14
   42
   43
    3
    0
   51
   43
   44
    0
    0
    6
   25
   10
    4
   14
   24
    2
   31
   19
    8
    0
    0
    0
   30
    0
    0
   71
    2
    5
    2
   18
   27
   18
    0
    0
    0
   12
   63
    1
   75
    0
    0
    0
    0
    1
    0
    0
    1
    0
    0
    1
   83
    0
    1
   40
    0
    0
    0
    0
    0
   26
   42
   18
    0
    0
    8
    5
   95
   35
    0
    0
    0
   55
   81
  142
    0
    0
    0
    0
    0
    0
    1
   19
    0
    0
    0
  105
   28
    0
    0
    0
    0
    0
    0
    0
    0
    0
    0
    0
    0
    0
    0
    0
    0
    0
    1
  113
    0
    1
   78
   10
    4
   41
    1
   20
   10
    0
    0
   35
    0
    0
    0
    0
    0
    0
    0
    0
    0
    0
   15
   63
    0
    0
    0
  128
    2
    1
   31
   25
   72
   13
    1
    0
    0
   35
   59
   73
    0
    0
    0
   89
   27
    0
    0
    0
   67
    0
    0
    0
    0
  160
   30
   30
    2
  222
    0
    0
    0
   18
    5
   15
   26
    1
    0
   22
  170
   73
    0
    0
    3
   24
    0
    0
    0
    0
   15
    0
    0
    0
    0
    0
    0
    0
   70
    0
   50
  213
  124
    0
    0
    0
    0
  135
    2
    0
    0
    0
    0
    0
    0
    0
    0
    0
   97
  101
   19
    0
    0
   12
   28
    0
    0
   12
    1
    0
  107
    0
    1
    2
    8
    1
   52
    0
    0
    0
   48
   59
   16
    5
   15
    2
    1
    0
   31
    6
    0
    0
    0
    0
    5
    0
    0
    0
    0
    0
    0
    0
    0
   17
  145
   18
  221
    1
    7
   53
    0
  193
  125
   25
    0
    0
    0
    0
    0
    0
    0
    0
    0
    0
    0
    0
   38
  110
    1
   14
   51
  126
   34
    0
    0
    0
    0
    0
    0
    0
    0
   19
    0
   21
   18
    0
    0
   33
   13
  118
  137
   36
    0
    3
    1
   60
    0
  130
    8
    1
    0
    0
    0
    0
    0
    0
    0
    0
    1
    0
    0
   17
    0
    0
    0
    0
    0
   14
    1
    0
    0
    1
    1
   10
    0
    0
    3
   17
    0
    3
    4
   43
    0
    1
    0
    0
    0
    0
    0
    1
   19
    0
    0
    0
    0
    8
    0
   45
    1
    0
  105
   28
  144
    0
    0
    9
    0
    0
    0
    0
    0
    0
    1
   79
    1
  188
   42
   20
   29
    4
   42
   50
    0
    0
   10
   58
    0
    0
    0
    3
    0
    0
    0
    0
    0
    7
    0
   66
    0
    0
    2
    3
   20
   13
    4
    0
    0
    0
   13
   88
    1
    0
    0
    0
    0
    0
   13
  108
    0
    0
   53
    3
    0
    1
    1
    4
    0
   25
    0
   81
  178
  170
    4
   44
    6
    0
    0
    0
    0
    0
    0
    0
    0
    0
   13
    0
    7
   15
    0
    0
    0
    0
   20
    5
    0
    0
    0
    0
    0
   24
    0
    0
    0
    0
    1
    5
    0
    0
    0
  128
    0
   31
    0
    0
   10
  152
   10
  279
   12
    0
    0
    4
    0
    0
    0
   72
    0
  195
    0
   41
    6
    0
    0
    0
    4
   70
    2
   61
    0
    0
  162
    2
    2
    0
    0
    0
   84
   22
    0
    0
    0
    0
    0
    0
    0
   22
    0
    0
    0
    0
    0
    0
    0
    0
    0
    0
    0
    0
    0
    0
    0
    0
    0
   13
   89
    0
    0
    0
    8
    0
    0
    0
    2
    0
   31
   54
   27
    0
   44
  200
   32
    3
    0
    0
    0
    0
    0
    0
   36
   55
   28
   48
    4
  139
   21
   62
   18
   79
   58
  138
  100
    2
    0
    0
    0
    0
   35
   17
    0
    0
   50
   20
   32
    4
   20
    1
    6
    0
    3
   80
   35
    0
    0
   44
    0
    0
    1
    6
    0
    0
    0
    0
    0
    0
    0
    0
    0
   38
    0
    8
    0
    0
    0
    0
    0
    0
    0
    1
  135
   66
   29
    0
   26
   30
   67
   32
    8
    3
    0
    0
    1
    4
   15
    2
   36
    3
    8
  160
   64
   61
   85
    0
   63
    2
    0
    3
   48
    0
    1
   51
    2
    0
    0
   24
  120
   27
    0
    0
    0
    0
   30
   71
   45
   15
   15
    0
   15
    0
    0
    5
   11
   20
    0
    1
    0
    0
    0
   10
    0
   47
    0
   25
    8
   57
   58
   50
    0
    0
    5
    0
    4
   30
   14
   28
    0
    0
    0
    0
    0
    0
    0
    0
    8
    0
    0
   10
    0
    0
    0
    7
    0
    0
    0
    0
    0
    0
    8
    5
    0
    2
    8
    0
   58
    0
    8
   22
    9
   60
   10
    0
    0
    0
    0
    0
    2
   14
    0
    0
    0
    0
    0
    0
    0
    0
    0
    1
    0
    0
    0
    3
    0
    0
    0
    0
    0
   10
    0
    0
    0
  150
   27
    7
   12
    0
    1
    0
    0
   13
    1
    0
    0
    1
   65
    2
    0
   35
    0
    0
    4
   26
    0
    0
    0
    0
    0
    0
    0
    5
   40
    0
   69
   30
    0
    5
    8
    0
   24
    0
    4
   66
   40
   42
   11
    5
    2
    0
    0
    4
    1
    0
    0
   21
  265
   34
    0
  100
   60
    1
    0
    0
    0
    0
    1
    0
   43
   14
   37
   34
    0
    0
    0
    0
    0
    0
    0
   15
    5
   19
   26
   55
   80
   50
    3
    2
    2
   17
    0
   18
   13
  460
    6
    0
   21
    1
   16
    0
   41
    3
    1
   15
  424
    0
    0
    0
    0
    0
    0
    0
    0
    0
    0
    0
    0
    0
    0
   52
  163
    0
    0
    0
    2
    0
    1
    0
    0
    0
  171
    4
  244
    0
    0
    0
    0
    0
    8
  171
   94
    0
    0
    0
    0
   25
    0
   28
    0
   81
    0
    0
    0
   10
    3
    0
    0
   21
    0
    0
    0
    0
    0
    0
    0
   10
   25
    0
    0
    0
    0
    0
    0
   15
    0
    0
   22
    0
    0
    3
    0
    0
    0
    0
   84
    5
    1
   23
    1
    0
   16
    0
    0
    0
    3
    2
    0
    1
   28
   30
    1
    0
    0
    0
    0
    0
    0
    0
    0
    0
    1
    0
    0
    0
    9
   31
    1
    2
    3
    0
   34
    0
   78
    0
    0
    0
    0
    0
    0
    0
    0
    5
   86
   50
   45
   55
   97
   15
   16
    1
   69
    1
   10
    5
    3
   70
   44
    0
    0
   19
    0
    0
    2
    0
    0
    0
    7
    0
    0
    0
    0
    0
    0
   35
   23
   44
   42
    2
    0
    0
    0
    0
    0
    0
    0
    0
   52
   58
  176
    1
   57
   97
   45
    5
    3
  205
   15
    0
    5
    0
    0
    0
    0
    0
   73
  101
   23
    0
    1
   33
    0
    0
   12
    3
   45
    0
    8
    2
   95
   84
    2
    0
    0
    0
    0
    0
   13
    0
    0
    0
    0
    5
    0
    1
   12
    1
  138
   20
    5
    0
    0
    5
    1
    0
   60
    1
   15
   36
   14
    9
   15
    5
   49
   38
   10
    0
    0
    0
    0
    0
    0
    0
   35
    4
    0
    0
  130
    0
    0
    0
   35
   38
   52
  137
   88
    8
   23
    1
    0
   13
   27
   26
   49
    0
  145
    8
   50
   87
   18
    9
    0
    0
   21
   16
   23
    0
    3
    0
    0
    0
    0
    0
    0
    0
   14
    1
    1
   42
   15
   15
   10
    0
    0
    5
    8
    0
    0
   40
   42
  166
   10
    0
   10
   27
    0
    0
    0
    0
   10
   36
   74
    3
   94
    0
    0
    0
    0
    0
    0
    0
    0
    0
    0
    0
    0
    0
    0
    0
    0
    0
    0
    0
    0
   10
    3
   23
    0
    0
   35
   41
  118
  115
    0
    9
    0
    0
    0
    0
   18
    0
   23
    1
    0
   22
    0
   14
    0
    0
    0
    0
    0
    0
    0
    9
   66
   20
  148
  626
  224
   32
    0
    0
   12
   97
    3
    0
   75
    0
    0
    1
    0
    0
    0
  218
   18
    0
    0
   31
    0
   22
    0
    0
    0
   50
    0
    0
   25
    0
    0
    0
    0
    0
    0
    3
    0
    0
   40
   15
    0
    0
   11
    5
   71
  145
    0
    0
  126
   13
    0
    1
    0
    0
   86
   48
  191
   23
   26
   12
   25
   56
    1
    0
    0
    0
    0
    1
    0
    0
   41
    0
    0
    0
    0
    3
    0
    0
    0
   42
   80
    0
    0
    0
    0
    0
    0
    1
    0
    0
   28
    8
   12
   30
    0
   65
    0
    8
    0
    0
    0
   25
    0
    0
    0
    0
    0
    3
   59
   38
   39
  125
   76
   17
   73
    1
    0
    0
    0
   38
    3
    1
    1
    0
   30
    0
    0
   15
   75
    5
   48
   25
   28
    0
   52
    1
   22
    1
   74
   27
   24
    0
   24
   31
   24
    0
    0
    0
    0
   12
    3
    2
    0
    0
    0
    0
   10
    4
  144
   42
   41
    0
    0
    0
    0
    0
    0
   43
    2
    0
    0
    0
    0
    0
    3
    0
    0
    0
    0
    0
    0
    0
    0
   17
   90
   24
    2
   12
    1
  119
   22
    1
    0
    0
    0
    0
   29
    1
   30
    0
   92
    6
   38
   16
  184
    3
   48
    0
    0
    0
    0
    0
    0
    0
    1
   45
    0
    0
    0
    0
    0
    0
    0
    0
    0
   36
   65
   16
   27
   53
   58
   65
   48
  140
   10
    0
    4
    0
    0
    0
   22
    8
   13
   20
    0
    0
    0
    0
    0
    0
    0
    6
   23
   22
    7
    0
    0
    0
    1
   47
   13
    1
   20
   11
   21
    5
   10
    0
    0
    0
    0
    0
    1
   20
   57
   88
    7
    0
    0
    0
    0
    0
   12
    2
    0
    3
  135
   91
    0
    0
    0
    0
    0
    0
    0
    0
    0
    0
    0
    0
   31
    1
    0
   18
    1
    0
   13
    0
    0
    0
    0
    2
   16
   67
    0
    0
    0
    0
    0
  281
   34
   14
    0
    0
   20
   60
   58
    1
    1
   25
    0
  148
  101
    1
    0
   20
    0
    0
    0
   10
   87
   15
    1
   21
   12
   40
   11
    9
   31
    0
    0
    5
   22
    1
   20
    1
   66
   36
    0
    0
    0
    0
    0
    0
  475
    0
    1
    0
    0
  232
  176
   20
   20
   22
   95
  116
    3
    0
   45
    0
    1
   10
   60
    2
   80
   12
   64
   24
    0
    0
   73
    0
    0
   13
    4
   90
    0
    0
    3
   28
   58
    0
    0
    0
    0
    0
   78
    0
    0
    0
    1
    0
   27
    4
    0
    0
    0
    0
    2
    0
  150
   50
   23
   46
   86
   62
   11
    0
    0
    4
   10
    5
   79
   16
    1
    0
   35
   10
    5
    0
    0
    0
    0
    0
    0
    2
    1
    0
    0
    0
    0
    0
    0
    1
    0
    0
    0
   22
    1
   56
   13
   38
    0
    1
    0
    1
   39
    0
    0
    0
    0
    0
    0
  145
   46
  104
    0
    0
    0
    0
    0
    0
    0
    0
    0
    0
    0
    1
  104
   34
   31
   16
    0
    1
   20
    0
  135
  160
    0
    0
    0
   28
    4
    1
   87
    0
    0
    0
    0
    0
   32
    0
    0
    0
   42
    0
    0
    0
    0
   19
   88
   18
  160
   11
   63
  101
   58
    0
    3
    3
    2
   19
  135
  113
   30
    1
    0
   18
    2
    0
    0
   25
    9
   59
    2
   88
   83
    1
   22
    0
    1
    0
    0
    0
   16
   64
   20
   21
    1
    8
    3
    0
    0
    3
    0
   10
   81
    0
   55
   50
   25
   28
    2
   10
    1
    0
   34
    0
    0
    0
    0
   37
   67
   20
   35
   17
    5
    1
    0
    0
    0
    0
    0
    0
    0
   10
   77
   35
   30
    5
    0
    0
   30
   27
   20
   73
    2
   11
    0
   67
    2
    0
    0
    0
   45
   55
  224
  172
  113
   55
   36
   48
   55
    0
   17
   30
   90
   73
   41
    2
    0
   85
    0
    4
    3
    2
   10
   32
    0
    0
    0
    1
    1
   21
   93
  354
   88
   14
    0
   16
   82
    0
    0
    0
    0
    0
    0
    0
    0
    0
    0
    0
    0
    7
    1
    0
    0
   36
   40
    0
    0
    0
    0
    0
    0
    0
    0
   10
    0
    0
    6
    3
  357
    4
   15
    0
   20
   60
  100
  143
  162
    2
    1
    0
    0
    0
  100
   17
    0
  109
    0
    1
    4
    0
    0
    3
    0
   10
    0
    1
  150
    1
    0
    0
    0
    0
    0
    0
    0
    0
    0
    0
    0
    6
    0
    0
    0
    0
   63
   10
    0
  135
    1
    1
    0
    0
    0
    0
    0
    0
    0
    5
  100
    1
    0
    0
    0
    0
    0
    0
   64
    0
    0
    0
    0
    0
   58
    1
    0
    0
    0
    0
    3
  166
    8
  105
  118
  119
    0
    0
    0
    0
   44
  143
   25
    0
    0
    0
   42
  294
  249
    0
    0
   78
    0
    0
   30
    0
   32
    0
    0
   38
    0
    2
  184
    0
   88
    0
    2
   18
    4
   16
    3
    0
   18
    0
    0
    0
    0
    0
    0
    0
    0
    2
    0
    0
    0
   25
   26
  113
   30
   40
    0
    2
    0
   10
    0
    0
    0
    0
    0
    0
    3
    1
    0
    0
    0
    0
    0
   18
    0
    0
    7
    0
    3
   60
   15
   20
    0
    0
    0
    0
    0
    0
    0
    1
    0
    0
    1
    0
    7
   80
   91
   42
  145
    3
   27
    0
    0
    0
    0
   20
   74
   34
   10
    2
    5
   12
    0
    0
   27
   26
   11
    9
    0
   42
    0
   71
    0
   81
  165
    1
    0
   10
    0
    0
    0
   13
    5
    1
    2
    0
    0
    9
   46
   48
   20
    2
   40
   17
   70
   18
    2
    0
    0
    1
   10
   45
   19
   29
   35
    1
    0
    0
    0
    0
   37
   16
   25
    0
   50
    1
    2
   41
    7
   68
   16
   58
   60
    0
    6
   32
    0
   40
    0
    4
    0
  178
    0
   20
   34
    2
   14
    0
   23
    1
    2
   12
   18
    0
   52
    0
    0
   38
   35
   20
    7
    0
    0
   13
    0
    0
    0
    1
    1
    0
    3
    0
    0
    0
    1
    2
   13
   10
   26
   15
   22
   40
   18
    3
    0
    0
   40
   18
   88
   35
   27
    0
   61
   96
    0
    1
    5
    1
    5
   35
    4
   26
  189
   84
   24
    1
    5
   60
   73
  150
   33
   44
    0
    0
    0
    0
   44
   16
   71
   27
    0
    0
   15
    0
    0
    0
    0
    0
    0
    0
  113
   86
   34
    0
   23
  460
    1
    0
    0
   21
   72
    0
    0
    0
    0
    0
    0
    0
    0
    0
    0
   51
  249
   71
  321
   44
    0
   63
    0
   99
    7
   58
   28
    4
   86
  130
   95
   57
   35
   18
   45
    2
    0
    0
   33
   33
   11
   38
    0
   21
    0
    0
    0
    0
    0
  107
    1
    3
    0
    0
    0
    0
    0
    0
    0
    4
   87
    3
    0
   13
    8
   31
    0
    0
    0
  201
    0
    0
    0
    0
    0
  366
    0
    0
    0
    0
    0
    0
    0
    0
    0
    0
    0
    0
    0
    0
    0
   27
   61
   12
   17
    0
    0
   35
   19
    0
    0
    0
    0
   19
   53
  185
   87
   15
   20
  527
  309
    1
    4
    6
    0
    0
    3
   18
    0
    0
    2
    0
   17
    0
    4
    0
    0
    0
   50
  196
   18
    0
    0
    0
    1
  133
   97
   18
   59
  117
   10
    0
    1
    0
    0
    0
    0
    0
    0
    0
    0
    1
    1
    0
    0
    0
    0
    1
    0
   12
    0
    0
    0
    0
   11
    0
   28
  274
   32
    1
    5
  166
  109
  158
   53
    0
  190
   23
   30
    2
    0
    0
    0
    0
   10
   68
   64
   56
   57
   60
    0
    0
    0
    0
    0
    0
    0
    0
    3
    2
    1
    0
    2
    1
   26
    0
    4
    3
    0
    0
    0
   76
   31
    5
    0
    0
    0
    0
   14
   23
  116
    0
   71
  111
   20
    0
    5
    0
    0
    0
    3
    0
    0
    0
    7
    0
    0
    0
    3
    5
    0
    0
    0
    0
    0
    0
    0
    0
    0
    3
    0
    0
    0
    0
    0
    0
    0
    4
    0
    0
    0
    0
    0
    0
    3
   13
    4
    7
    0
    1
    2
    0
    0
    0
    0
   55
   39
   44
   51
   41
    1
    0
   60
    8
    3
    0
    0
    0
    0
    0
    0
    9
   17
   18
   32
    5
    5
    5
    0
    0
    0
    2
   15
   10
    1
    0
    0
    0
    0
    0
    0
    0
    0
    6
   30
   13
    0
   91
    0
    0
   21
   16
   26
    1
    2
   67
    6
    1
    0
    0
    8
    2
    1
   72
   10
   19
    0
    0
    0
    0
    0
    0
    0
    0
    0
   31
   24
    0
    0
    0
   45
   12
   12
    0
    1
   37
  113
    2
    1
    0
   21
   89
    2
    2
   18
    9
   10
   20
    8
    0
  181
  177
    6
    1
   10
    8
    0
   23
   26
  125
    0
    0
    0
    0
    5
   62
    3
    0
    0
    0
    0
    5
   13
   96
    1
    2
    0
    0
    0
    0
    0
   23
    0
   52
   26
   76
   22
    0
    0
    0
    3
    0
   80
   30
    7
   13
    8
   12
  103
   67
  107
  448
   43
    4
  145
   50
    0
    0
    0
    0
    0
   60
    0
    0
    0
    0
   50
  225
   14
   22
    0
    0
    0
    0
    0
    0
    0
    0
    0
    0
    0
    0
    0
    0
    0
   67
   43
   41
   43
   58
  129
   23
    0
    0
    0
    0
    0
    0
  194
   75
    7
    1
   24
    0
    0
    1
    0
    0
    0
    0
   75
  216
    2
   26
   12
   33
    0
   40
   97
   31
   20
    1
    9
    4
    0
    1
   32
    1
    7
   80
   28
    1
   15
    2
   22
    0
   20
    1
    0
    9
   80
    0
    0
    2
   13
    5
    0
    0
    0
    0
    0
  104
   82
    5
   28
   40
  140
    6
    1
    0
    0
    0
   32
    0
   78
    5
   16
   28
    1
   10
    0
    5
    0
   37
   14
    1
    0
    0
    0
   84
    1
   20
    3
    0
   24
    1
    7
    2
    0
    0
   10
    6
    0
   18
    8
   82
   60
   21
   41
    0
    0
    0
    0
    0
    0
    0
    0
    0
    0
   91
    6
   11
    0
   15
   10
  160
   19
    0
    0
    2
    0
    7
    3
    0
    0
    0
    0
    0
    0
    0
    0
   28
    0
    0
    0
    0
    0
    3
    0
    0
    0
    0
    0
    0
    0
    6
   38
   20
    0
    1
    3
   32
    0
    0
    0
   14
    4
    8
    5
    0
    0
    0
   18
   60
    0
    2
    0
    0
    6
   95
   80
   69
    0
   16
    0
    0
  147
   30
    1
    1
    0
    0
    0
  113
   73
    5
    0
    0
   15
    0
    0
    1
    5
    0
    0
    0
    0
    0
    0
    0
   12
   80
   97
    2
   43
  125
    0
   28
   16
   20
    4
    0
   15
   15
  120
   63
   15
    0
    0
    0
   37
   25
  185
   10
    0
    0
    0
    0
   12
    4
    1
   86
   51
    5
    0
   85
    0
    0
    0
    0
    0
    0
   40
    8
   22
   58
   73
    5
    2
    0
    0
   34
   16
   50
    1
    6
    4
    0
    0
   79
    0
    8
    1
    0
    0
    1
    0
  176
    5
   60
   60
   38
    0
   12
   76
    4
    5
    8
    0
    0
    0
    0
    0
    0
    0
    0
    2
    0
    0
    0
    5
    8
   87
    1
    0
    0
   10
    1
  137
   62
    1
   21
   23
    1
   14
   20
    1
    0
   40
    0
    0
    0
   60
   56
    1
    0
    1
    0
    0
    0
    0
    0
    2
    5
   55
  103
  178
   65
  349
   75
    0
    0
    0
  128
   20
    3
    0
    1
    0
  231
  106
    0
    0
   38
    0
    0
    0
    0
    1
    0
    0
    0
    0
    0
    2
    0
    0
    4
   32
    3
    0
    0
    4
    0
    0
   51
    0
  125
  121
    2
    0
    0
    1
    1
   14
   35
    5
    1
    0
   11
    0
    0
  102
   19
    0
    0
    0
    0
    1
    0
    0
    0
    0
   12
    0
    0
    0
    0
    0
   11
    4
   12
   10
    1
    0
    0
    0
   33
   19
  161
   82
   80
   17
   52
  100
   78
    0
    0
    0
    0
   19
    0
    0
   15
   10
   36
    1
    1
    0
    0
    0
    0
    0
    1
    6
    0
    2
    2
    1
   21
    0
    0
    0
    0
    0
    0
  144
    1
    0
    0
    0
    0
   16
    2
    1
    1
    0
    0
    0
   10
    0
    0
   12
  126
   44
   24
   12
   80
   34
    0
    5
   78
   73
   76
   58
   23
    3
    0
    0
    0
    0
   54
    0
    0
    0
   38
    5
    2
   10
   32
   13
    0
    0
    0
    0
   40
   12
   23
   27
   17
    1
    0
    0
    0
    0
    0
    0
    3
   89
    9
    0
   32
   29
   72
   23
    0
   35
    0
    0
    0
   31
    1
   30
    0
    0
    7
    0
    0
    0
    1
    4
    0
    0
    0
    0
    0
    1
    0
    0
   83
    0
    0
    0
    0
    1
   55
    1
  106
   27
    0
    0
   30
   16
   36
   40
  118
   28
  189
   21
   76
    5
    1
    0
    0
   10
   13
   29
  261
   98
    5
   19
   38
    0
    0
    0
    0
    0
    0
    0
    0
    0
    0
    0
   15
   31
    1
    0
    0
    3
   12
  117
   27
    0
   80
   29
    0
    0
    0
    0
   59
    1
    0
    0
   50
    0
    0
    1
    6
    3
    0
    0
    0
    0
    0
  119
   55
   10
    3
    1
    0
    0
    0
    0
    0
    0
    0
    0
    0
    9
    0
    0
    0
    0
   48
    1
    1
    5
   29
    5
    2
    0
    1
   21
    0
    1
   50
    0
    0
    0
    0
   57
    3
    0
   41
   53
  256
    0
    0
    0
  230
  104
    1
   10
    0
  143
   25
   33
   10
    0
    0
    0
    0
    0
   28
   15
    0
   17
   99
   58
   50
   10
  139
   89
    9
   33
   43
   22
    2
    1
   56
    0
    5
    0
    0
   14
    7
   47
    0
    0
    0
  103
   87
    7
    0
    0
    0
  169
    0
    9
    0
    0
    0
    0
    0
    0
    0
   94
   36
    0
    0
    0
    0
    0
    0
    0
  105
   63
   32
   30
    1
  163
   19
   48
    4
    4
   37
    0
    0
   25
    0
  137
    0
    1
    1
    2
  114
   15
  199
    0
  133
  149
   34
   78
   13
    0
    0
    0
    0
    0
    0
    0
    0
    3
    0
    0
    0
   79
    8
    5
    0
    0
    0
   32
   18
    1
   25
   24
  182
   26
   24
    1
    0
   13
    5
    0
   20
    2
    1
   20
   67
   90
   24
   51
   79
   34
   68
  160
  226
   61
    4
   53
    6
    3
    0
   19
   44
   53
   15
    0
    0
   40
    9
   43
   15
    4
    8
   19
    0
    0
    0
    0
    0
    2
    3
    0
    1
    1
    1
    0
    0
   20
   82
  132
   43
    2
    0
    0
    0
   59
   63
   53
   52
    0
    0
    2
   24
    9
    1
   11
    0
    3
    0
    4
    1
   12
    0
    0
    0
    0
   36
   63
    1
    0
    0
   57
   58
   29
    0
   74
    7
   14
   10
    0
    0
    0
    0
    0
    0
    0
    3
    0
    0
   40
    2
   56
   58
   33
   25
   12
    4
    2
   87
   86
   60
    4
   53
    9
    1
    0
    0
   35
   42
   10
    1
   29
   88
   38
  125
    1
   87
   98
   67
   96
   10
    2
    0
    0
   92
  101
    0
    0
   17
    0
    0
    0
    2
   78
    2
    0
    0
    1
    0
    2
    0
    0
    3
   33
    0
   18
   30
    6
    0
   11
   10
   10
    0
    0
    0
    0
    0
    0
   20
    0
   47
   96
   28
    0
    0
   31
    0
   46
    0
   17
  122
   34
    0
    0
    0
    1
    0
    1
    0
    4
    1
   30
    1
    0
    0
    0
    0
    0
    0
    0
    0
    1
  161
    0
   29
  146
  189
    3
   55
   15
    5
    0
    0
    0
   25
   60
   25
    0
    0
    0
    0
    0
    9
    0
   94
    1
    0
   86
   13
    2
   15
    4
    0
   47
    0
   37
   30
    9
    0
    0
    0
    0
   86
  393
    2
   27
   11
    0
    0
    1
    0
    1
   44
    0
    0
   65
    2
    1
    0
   97
  197
   84
  150
    2
    2
    0
    0
    0
   45
  216
   83
    0
    0
    0
    0
   82
    5
    0
   24
    0
    0
    0
    0
    0
    0
    0
    0
    0
    0
    0
    0
    6
    0
    1
    0
    0
   53
   34
    0
    0
   25
    4
   99
    8
   15
    0
   21
    0
    0
    0
    0
    0
    0
    0
   33
    0
    0
   65
   18
   10
    0
    0
    0
    0
   32
    0
    0
    0
    0
    0
    0
    0
    0
    4
  121
    0
    0
   38
    0
    2
    1
    0
   33
   13
    0
   19
   23
   16
   10
    0
   52
    0
    0
   67
    1
    1
  121
   11
   20
    0
    0
   29
    0
    0
    0
    0
    0
    0
    0
    0
   19
    0
   88
    9
    0
    0
    0
    7
   17
    1
   89
    0
    0
    0
   13
   18
   67
   77
   75
    0
    0
   17
   64
    0
    0
    6
   15
   26
    3
    5
    3
    0
    1
    0
    0
    1
    0
    0
    0
   10
   13
   12
    6
    5
    3
   30
    0
    0
    0
   14
    3
   37
   35
    0
    2
    2
    0
   14
    6
    0
    0
    0
    0
   31
  105
   40
    5
   70
    2
    0
   35
    0
    0
   31
    0
    2
    1
    0
   38
    0
    0
    0
    0
    0
    1
   32
   82
   42
   12
   63
   33
   46
    0
    4
    0
    4
    0
    0
  119
   44
  120
    3
   35
    8
   42
    0
    0
    4
   58
    8
   39
    0
    2
   40
   36
   84
   44
   21
   27
   68
   16
    2
   43
    0
  111
   53
    0
    0
   45
    5
   35
   33
   30
   29
   39
    0
   35
  237
  277
   80
  124
    6
   15
  125
   84
  234
   13
    0
    0
    1
    1
    0
    0
   74
    0
   76
   79
    5
   45
   47
   19
    0
    0
    0
    3
    0
    0
   25
    0
    0
    0
   10
   25
    2
   30
   79
    0
   19
    4
    0
    0
    0
    0
    0
   20
    0
    0
    0
    0
    0
    0
   10
    0
    0
    0
    0
    0
    0
    2
    0
    0
    0
    0
    0
    0
    0
    0
  101
    3
   12
   81
   40
   92
    0
    0
    1
    0
   31
    0
    2
   29
    1
    0
    0
    0
    0
   30
    1
   75
    0
    0
    0
   69
    0
   35
    0
   54
    0
    0
    0
    0
    0
   10
    0
   11
   37
   30
    0
    0
    0
    0
    0
    4
   15
    0
   84
   51
    0
  280
   33
   17
   37
    1
    0
   38
   92
   48
   15
   12
    0
   35
    3
    1
    1
    0
    1
   13
   45
    0
   34
   61
    5
    0
    0
    5
    0
    1
    0
   66
   35
    0
    0
   48
    0
    0
    0
    0
    1
    0
    8
    0
    0
  107
  184
    3
    0
    0
    0
    0
    1
  144
    0
    4
    0
  175
   41
  140
    1
    3
   62
   20
    0
    0
    0
    0
    0
    2
    0
    0
   40
    9
    0
    0
    0
   22
    0
    0
    0
    0
    0
    1
    0
    0
    0
  158
    2
    0
    0
    9
   82
  180
    2
    0
    0
   15
    9
    1
    1
    0
    0
   37
    1
    0
    0
    0
    0
    7
    2
   10
   29
    7
    4
    0
    0
   10
    6
    0
   46
    0
    0
    2
    0
    0
    0
    0
    0
    0
    0
   55
    0
   11
   25
    0
    1
    6
   29
    0
    0
   30
   18
   18
    0
    7
    0
    0
    0
    0
    0
    0
    0
    0
    0
   14
    0
   25
   46
    2
    0
   53
  100
   14
    0
    0
    0
    0
    0
    0
    0
    9
   23
    0
    0
    0
    4
   24
    3
    9
    1
    0
    5
   53
   28
    0
    0
    3
   11
    0
    0
    0
    0
    0
    0
    0
    5
    0
    0
    0
   23
    7
   46
   22
    0
    0
    0
   15
   15
   11
   67
   64
   83
   50
    3
    0
    0
    0
   15
    0
    0
   14
    2
    0
    0
    0
    5
    1
   11
    5
   18
  209
   64
    1
    0
    5
    0
    0
    0
    4
   75
   46
    3
    0
    0
   86
   10
   50
    4
   88
    9
    0
   13
    6
  110
   51
   14
    0
   64
   27
   64
  115
  117
    3
    0
    0
    0
   23
    0
    0
    0
    1
   17
    5
   58
   17
    8
    0
   15
   78
   18
   68
   17
   77
   37
    5
    7
    0
   31
   19
   13
    0
    0
   58
    1
   15
   14
    1
    0
    0
    0
    1
   88
  142
   24
    6
    1
    0
    0
    0
    0
    0
    0
    9
    2
    5
   16
    0
    0
    0
    0
    0
    0
    0
    0
    1
   95
    0
    0
   37
   13
   36
   99
   36
    0
    0
    4
    9
    0
   39
   37
    0
    0
    0
   13
  118
   23
  147
    0
    0
   94
   66
    0
    0
    0
    0
    0
    6
    0
   60
    0
    0
    0
    0
    0
    1
  226
   75
   38
    2
   18
    5
    0
    0
  284
   88
   42
    0
    0
    0
    0
    0
    0
    0
    0
    0
    0
    9
    0
    0
   69
    0
    0
    8
   60
   15
   22
    0
    0
   12
    0
    0
    0
    3
    0
    0
   11
   28
    4
    0
   17
    3
    0
    0
    0
    0
    0
   66
    0
    0
    0
   18
   49
    0
   47
   19
   74
   13
  165
   54
  265
  150
   50
   51
   50
    0
    2
    0
    9
   53
   34
   58
    3
    0
   15
   70
  173
   39
   23
   15
    0
   35
   38
    0
   79
   22
    0
    0
    6
   12
    0
    0
    0
    0
    0
    0
    0
    0
    0
    0
    0
    0
   38
    6
    0
   22
    3
    0
   21
   18
    5
    0
   52
   29
   15
    0
    0
    1
   14
  204
  255
    3
    0
    0
   66
    0
    0
    1
    0
    0
   17
   17
    0
    2
  174
    3
    0
   21
   39
   25
   35
   41
    0
    0
    0
    0
   79
  159
  132
    6
    0
    0
   19
   48
   68
    4
    2
   10
   11
   18
    7
   84
    1
  148
   59
    2
   66
    1
   15
   43
   19
  119
  126
   32
   39
   25
    0
    0
    0
   28
    5
    0
    0
    0
   13
   11
    0
    0
    0
    3
    0
    0
   11
   55
   15
    0
    3
   10
   43
    9
   70
   50
    1
    0
    0
    0
    0
    0
    0
    1
    0
   14
   16
   53
   61
   51
  134
   24
    0
    0
    0
    0
    0
   99
   69
    4
   46
   54
   25
   75
   55
   27
    1
    1
    5
    1
    0
    0
    9
   59
    0
    1
    0
    0
    0
   20
   29
    1
    0
    0
   48
   10
   41
   17
   53
   55
   13
    0
    0
    0
    0
    0
    0
    0
    0
    0
    0
    0
    0
    0
    0
    0
    0
    0
    0
    0
   15
  214
   40
    2
    0
    0
   27
    0
    0
    0
    0
    0
    0
   95
    8
    4
    8
    0
    4
    0
    2
   33
  126
   13
    0
    0
    0
    3
   67
   18
    0
    0
    0
    0
    0
    0
   39
    0
    0
    0
   43
    4
   86
    3
   19
   47
    0
    0
    4
    0
    0
    0
    0
   29
   19
   98
  119
    5
    0
    0
    0
   22
   11
   94
    0
    0
    0
    2
   49
   10
    0
    0
    0
    0
    0
   17
    0
    1
    0
    8
   26
   10
    2
    0
   35
    1
    0
    0
  225
    0
    0
   80
    3
    0
  161
   65
   16
   20
    1
   31
    0
    5
   15
    0
   12
    0
    0
    0
    0
    0
  519
    0
    0
   31
   35
   71
  162
  231
    0
    0
  176
 1734
   28
    4
    0
    0
   21
    1
    0
    0
    0
    2
    0
    1
  154
    0
    0
    0
    0
    0
  126
    0
    0
    0
    0
   79
    0
    0
    0
    0
   52
    0
    0
    0
   53
    3
   21
    2
    0
    0
    0
    1
   35
  123
    0
   11
  146
    8
    0
    0
    0
    0
    0
   18
   10
   89
   79
   28
   18
    0
    0
    0
    0
    0
    1
   37
   79
   38
   10
   28
    0
  121
   31
   29
   32
   74
   16
   71
   32
   17
    0
    9
   39
   86
   76
    6
    0
    0
   18
  210
   75
   39
   13
    0
    0
    1
   10
    0
    0
   69
  281
    0
    0
  181
    5
    0
    2
    0
    0
    1
  152
  181
    0
    0
    4
    3
    1
    0
    0
    0
    0
    0
    0
    0
    0
    0
    4
   14
   27
   15
    0
    0
    0
  167
    0
    8
    0
   12
    1
    0
  178
  236
    1
   45
  187
   57
    1
    8
   24
    6
    0
    0
   10
    0
   14
   41
   81
    0
    0
    0
    0
    5
    0
    0
    0
   82
   16
   18
   86
   61
   16
   50
    9
   22
    0
    0
   54
    0
    6
    2
   40
    1
    0
    0
    0
    0
    0
    1
   23
    1
    0
    0
    1
    0
    0
    0
    0
    0
    0
    0
    0
    0
    1
    0
    4
    0
    0
   40
   14
   38
    4
    0
  123
   78
    0
    0
    0
    0
    0
    0
    0
    0
    0
    0
    0
    0
    0
    0
  103
    0
    0
    0
    0
   34
   26
   49
    0
    0
   24
    5
    1
    0
    0
    0
    0
    0
    0
    0
    0
    0
   88
   37
    0
    0
    0
    0
    0
    0
   37
    5
    0
    0
    0
    0
    0
    0
    0
    0
    0
    0
  331
   53
    4
    0
   49
    4
    1
   38
    0
    5
   67
   54
   16
    0
    0
    0
    0
   38
   24
    0
    0
    0
    0
    7
    0
    0
    0
    0
    0
    0
    0
   13
    0
    0
    0
   65
    0
    0
    0
    0
    4
   44
   39
    0
    0
    0
   28
    0
    0
    0
    0
    0
    9
   81
   52
    3
   27
   22
   18
    2
    0
    0
    0
    0
    0
    0
    0
    0
    0
    0
  100
    0
    0
    0
   24
    0
   64
   73
    0
    0
  204
    6
    0
    0
    0
    0
    0
    0
    0
    0
    0
    0
    0
    0
    0
    0
    0
    0
   37
    0
    0
    0
   40
    0
    0
    0
    0
    3
    0
    0
    0
    0
   18
   93
    8
   22
   42
    6
    0
    0
    0
    0
    0
    0
    1
   83
  111
   16
   28
    1
    0
    0
    0
    0
    0
    0
    0
    0
   18
    0
    0
    0
    0
   38
   10
    0
    0
    8
    8
   24
   14
   45
   99
  202
   22
   14
    5
    0
    0
    0
    0
    0
    0
    0
    0
    9
   35
    9
    1
    0
   29
   12
    0
    0
   94
    3
    0
    1
   11
   13
    0
    0
    0
    0
    0
    0
    0
    0
    0
    0
    2
    0
   89
    8
    1
    0
    0
    0
    0
    0
    0
    1
   18
    4
   88
   16
    0
    0
    0
    0
    3
   28
   18
    0
    0
    0
    0
   17
    8
  184
   71
   14
    0
    0
    0
    0
   22
   56
   23
    0
    0
    0
    0
    0
    0
    0
    0
    3
    0
   15
    0
   53
    0
  147
    0
    0
   49
   44
   86
   54
   76
   37
   57
    1
    5
   22
  186
   24
   15
    0
    0
   15
   30
    0
    0
    1
  146
   84
    0
   40
  191
    3
    0
    0
    0
   25
   66
   38
  164
   13
    0
    9
    0
    0
    0
    1
   17
    9
    0
    0
    0
    8
    2
    8
   18
    0
    0
   13
   87
   29
   15
    0
    0
    3
    1
    2
   74
    0
    0
    0
   25
    0
    0
    0
    0
    0
   30
   84
    0
   22
   19
  122
    0
   17
    0
    0
    0
    0
    0
    0
    0
    1
    0
   41
   15
   17
    1
    1
   33
    0
    0
    0
    0
    0
    0
    0
    0
   28
    0
    0
    0
   43
   31
    0
   20
    0
    0
    0
    0
   21
   24
   45
    7
  168
  205
    8
    0
   39
  238
    2
    8
   22
    0
  104
    2
    0
    0
    0
    1
   38
   52
   73
   58
    8
    8
    0
    1
    0
    0
   32
   36
    6
    0
   54
   39
    0
    0
    0
    0
    8
  176
   18
    0
    0
   22
    0
   68
   15
   39
    0
    1
    2
    1
    0
    0
    0
   26
    0
    1
    0
  107
   10
   44
   13
   61
    0
    0
  366
    0
   62
   67
   47
    7
    7
    1
    0
    0
   38
    1
  248
    0
  342
   43
    0
   18
  192
    0
    0
    0
    0
   15
    0
    0
    0
    0
    0
    0
    0
    0
    0
    0
    0
  118
   14
   50
    0
    1
    9
    0
   26
   21
   79
    0
    0
   42
    0
   59
   44
    1
    0
   54
    1
    0
    0
    0
    0
    0
    0
    0
    0
    0
    0
  175
   40
    0
    0
    0
    0
    0
    0
    4
    4
  155
   69
   79
   78
   18
   13
    2
    6
  113
    0
    0
   25
    0
    0
    0
   75
    0
   30
    0
    0
    0
    0
    0
    0
   84
   14
    6
   13
    0
   25
    0
    0
    0
    0
    0
  113
   14
    0
   22
   32
    0
    4
    1
    0
   12
    1
   71
   69
   62
  137
    0
    1
   58
   28
    0
    8
   50
   30
  376
   75
    8
   33
  179
   26
    0
    0
   19
   16
    3
    8
    0
   17
    3
    0
    0
    2
    0
    0
    0
    0
    0
    0
    0
    0
    0
    0
    9
   61
   44
    9
    0
    0
    9
   14
    0
   24
  215
   42
   13
    0
    0
   21
    3
   12
   67
    4
   65
    0
    0
   17
    0
    0
    0
   19
   23
    3
    0
    0
    0
   37
    1
  229
   39
   42
   70
  118
   20
    7
   23
    3
    0
   27
  138
    3
  127
   10
    0
    0
    0
    0
    0
    0
  125
   96
  103
  169
   14
   27
  144
    5
    2
    1
    0
    8
   33
    0
    0
    9
   99
   87
    9
    0
    0
    0
    0
   24
   63
    0
   13
   41
    0
   62
   45
    0
    0
    0
    0
   36
   74
    0
    0
    0
    0
    3
    1
   48
    0
    0
    0
    0
    0
    0
    0
    0
    0
    0
    8
    9
   58
    4
   34
    1
    0
    0
    0
    0
    0
    1
    1
    0
    0
    0
    0
    0
    0
    0
   49
   18
    0
   37
    0
    0
    0
    0
   28
   45
   25
   93
  105
   88
    2
    1
   57
    0
    0
   80
   10
   75
   23
    2
    0
    0
    5
    0
   94
    0
    0
    0
    0
    0
    0
   27
    0
    0
    1
   13
    8
   53
   65
   19
    0
    0
   82
    0
    0
    0
  151
    0
    0
   11
    0
    0
    0
   95
    0
    0
    7
  328
    0
    0
    0
    0
   30
  110
    0
    0
  131
  140
    4
   64
   63
    4
    3
    0
    0
    0
    5
   39
    0
    0
   11
  108
   68
  119
   35
    8
   29
    0
    0
    0
    0
  239
   49
    0
    0
   28
  161
    3
  126
   52
    6
   12
    1
   10
    0
   35
    8
   16
   32
    0
    0
    0
    0
   79
    3
  675
  131
   10
   20
    0
    0
    0
    0
    0
    0
    0
    0
    1
    0
    0
    0
    0
    0
    0
   13
  294
  141
    0
    0
   95
  100
    6
    0
    0
    0
    0
    0
    0
    0
    0
   27
    0
   51
   26
    1
  109
   26
    0
    0
    0
    0
    0
    0
    0
    0
    0
    0
    0
    0
    0
    0
    0
    0
    0
    0
    4
    0
   43
   33
   32
    0
    0
    0
    0
    0
    0
    2
    5
    3
   21
   20
    0
    0
    0
    0
    0
    0
    0
    0
    0
   55
   80
  124
    7
   31
   46
   23
   36
    1
    2
    0
    0
    1
    7
    0
    0
    0
    0
   49
   39
    6
    0
    4
   28
    1
    0
    1
   15
   12
   17
  184
  109
   35
   58
   54
   67
   24
    1
   26
   20
   19
    0
   22
  122
   28
   15
    0
    0
    1
   53
    3
    0
    0
    0
    0
    0
    0
   13
    0
    0
    0
    0
    0
   55
   43
   10
   63
  136
    1
    0
    0
    0
    0
    0
    0
    0
    0
    0
