Station: Braunichswalde , scaling_factor: 10.0, latitude:  50.8007, longitude:  12.2268, altitude:  320, nodata_value: -9
start: ..1969-01-01  end: ..2006-12-31
  203
   80
   11
    0
    0
    0
    0
    0
    1
    0
    0
    0
   20
    0
    0
    0
    6
    1
    0
    0
    0
   45
   21
    8
  113
    1
    2
    0
   12
    0
   34
    0
   24
    1
    6
    0
    0
   12
    0
    7
   11
    0
   26
   16
   18
  228
   16
    0
    0
    0
    6
    0
    0
    0
   21
   33
    0
    0
    0
    0
    0
    0
    0
    0
    0
    0
    0
    0
    0
   44
   93
   65
   28
  225
    2
    0
    0
    0
    0
    0
    4
   12
    0
   62
   10
   32
   31
    2
    5
   29
   43
    3
    0
    0
    0
    0
    0
    0
    0
    0
   56
   55
    1
    0
   38
   30
   34
   95
   48
    0
    0
   53
  111
   17
    0
    0
   54
    0
   69
   16
    4
    0
  381
   34
    0
    2
   70
    2
   53
    5
    0
    0
    0
    0
    0
    6
    0
    0
    0
    1
    2
    0
    0
    0
    0
   18
    0
   41
    0
   82
   14
   27
   14
   68
    0
  208
   49
    0
    0
    0
    0
    0
    0
    0
   13
    3
    0
    0
   37
  288
   14
    0
    0
    0
  154
    1
    9
   13
   32
   51
    0
    0
   11
    8
    0
    5
  259
    0
   58
    4
    7
  117
    6
   20
    0
    0
    0
   49
    0
    0
    0
    0
    0
    0
    0
    2
    0
    0
    0
    0
   75
    3
    0
    0
    0
  237
    0
    1
   19
    0
    0
    0
    0
  136
   30
  117
   15
  515
    7
    0
    0
   41
    7
    0
    1
    0
    1
   17
   12
  163
   42
  102
    0
    0
    0
    0
    0
    0
    0
    0
    0
    0
    0
    0
    0
    0
    0
   18
   82
  337
    0
    0
    0
    6
   49
    0
    0
    0
    0
   18
    0
    0
    0
    8
   59
    8
    0
    0
    0
    0
    0
    0
    0
    0
    0
    0
    0
    0
    0
    0
    0
    0
    0
    0
    0
   92
    6
   21
    1
    0
    0
    0
   19
   22
    0
    0
    0
   38
    0
    0
   17
   19
   12
    0
    0
    3
    0
    0
    0
    0
    0
    1
    7
    5
    0
    0
    0
   51
  118
  112
    2
    1
    2
    2
    0
    3
   62
    0
    0
    5
    0
    0
    0
    1
    0
    0
    0
    0
   22
   34
   13
   93
    0
    0
    0
    0
    1
   12
    0
    0
    0
    0
   47
    0
    8
   10
    1
    8
   24
  107
    0
    7
    0
    1
    0
    0
    0
    0
    0
    0
   29
    0
    1
    0
    0
    0
    0
    1
    1
    0
   23
   78
    8
    3
    0
    4
    0
   79
   15
    0
    1
   20
    1
    9
   16
   24
   28
    0
   16
    0
    2
    0
    2
   18
    7
   50
   58
  146
  218
   28
   21
   33
   50
   18
   14
   50
    1
   83
  200
    2
    0
    0
    0
    0
    0
    0
    0
    0
    6
   11
    7
   10
    7
   15
    3
    0
    0
    1
   19
    0
    8
   63
    0
    0
   92
    9
    2
   16
   20
    0
    1
    3
    4
  149
    0
   15
   18
  103
    0
    0
   57
    2
    3
  142
   40
    3
    0
   14
    4
    2
   18
   11
    2
   37
   23
  105
    1
   21
    0
    0
    0
    0
    0
    0
  104
   37
  112
   19
    0
   92
   27
    0
    0
   61
   21
   23
    2
   21
    0
    5
   50
  148
   12
   13
   14
   50
    9
    0
    0
   25
   56
    0
    0
    0
    0
   65
   12
    0
    0
    0
    0
   31
    2
    0
    0
    0
    0
   85
   22
    4
    0
    0
    0
  115
   52
    0
   18
    1
   20
    1
    0
    0
    0
    0
   10
    0
    0
    0
    0
   38
    7
   26
   15
    0
   23
   26
   80
    0
    0
   81
   10
   25
   46
    6
   22
    0
  311
   79
    0
   14
    0
    0
    0
  114
   65
   16
   11
    2
    0
    0
  203
    0
   63
    4
    0
    0
  441
  330
   11
   74
   58
    1
    0
    0
    0
    0
    0
    0
   14
    0
   27
   35
    6
    0
    0
    0
    0
    3
   58
    5
    0
    0
    1
    1
    0
    0
    0
    0
    8
    0
    0
    0
    0
   14
    0
    0
    0
   57
  109
   85
  125
   20
    1
    0
    0
    0
    0
    0
    0
    0
    4
    0
    0
    0
    0
    0
   25
   32
   75
   85
   43
   82
    0
   27
    1
   81
   13
    0
    2
    0
  108
    5
    1
   25
   52
    0
    0
   17
    1
   15
    6
    4
   38
    1
   14
    4
    5
    0
    0
  130
   55
    0
    0
    0
    0
    3
    0
    9
    5
   56
    2
   60
   51
   40
    0
    7
    0
    2
    4
    0
    0
    2
   15
    0
    0
   14
    0
    0
   10
   29
   19
   14
   15
    5
    1
    0
   35
    0
  141
    5
    1
    0
    1
    0
    0
    0
    0
    0
    0
    0
    0
    0
    0
    0
   17
    3
    0
    0
    0
    0
    0
    0
   25
   18
    0
   14
    3
    3
    1
    0
    0
   17
    0
   45
    5
    5
    8
   21
   31
    0
    0
    0
    0
   21
    0
    0
    0
    2
    1
   75
    1
   10
   56
   43
   18
   97
   16
   10
   99
   12
    1
    4
   39
   11
    4
    8
    0
   32
   13
    1
    0
    0
    0
    1
   10
    0
    0
    0
    0
    2
   60
    1
    1
    4
    0
    0
    0
    0
    2
    0
    0
    0
   42
    0
    0
    0
    0
    0
    0
    0
    0
    0
    0
    0
    0
    9
   22
    0
    0
   55
    0
    0
   31
  101
   58
   29
   28
    1
    0
    0
    0
    0
    0
    0
    0
    0
    0
    0
    9
    0
    0
    0
   10
   98
   14
    0
    0
   83
    0
    0
    6
    8
   84
   11
    7
   20
    1
    1
    6
    6
    1
    0
    0
    0
    0
   44
   60
   16
   10
   53
  222
    1
   17
    5
    1
    9
   48
   17
  104
   78
   39
    0
    3
    0
    0
    0
   36
    0
  119
   32
   33
   10
   15
    0
    0
    0
    0
    0
    0
    0
    0
    0
    0
    0
   16
    0
    0
    0
    0
    0
    0
    0
    0
    0
   15
    0
    0
    0
  102
    0
    0
    0
    0
    0
   21
    0
    0
    0
    0
   76
    0
    0
   27
    0
    0
   98
    0
    0
    0
    0
    0
    0
   89
  119
   78
    1
    6
   19
   22
    0
    0
   22
   13
    0
    3
    0
    0
    1
    1
    0
    0
  107
   85
   18
   14
    0
    1
    0
    0
    0
   67
    0
    0
    0
    0
   30
   16
    1
    0
    2
   14
   20
    0
    0
    0
    0
    5
    0
    0
    0
    0
    0
    0
    0
    0
   88
  123
    0
    0
    0
    0
    0
    5
    0
    0
    0
    0
    0
    0
    0
    0
    0
    0
    0
    0
    0
    0
    0
    0
    0
    0
    1
    4
   97
    2
    4
    0
   15
   14
   36
   62
  405
   15
    0
   17
    0
   34
   24
    0
    0
    0
    0
    0
    0
    0
    0
    2
    9
   14
   12
    0
    2
   78
   47
    0
   25
    4
    0
    1
    0
    0
    0
   29
   94
    1
   38
   11
    0
    0
    0
    5
   22
    1
   20
    0
    0
    0
   13
    0
    0
    0
    0
   28
    9
    0
    0
    0
    0
    0
    0
    0
    0
    0
    0
    0
   28
    0
    0
    0
    1
    1
   16
    2
    5
    1
    0
    0
    0
    0
    0
    0
    0
    0
    0
    0
   25
    1
    0
    0
    0
    0
    0
    0
    0
    0
    0
    0
    0
    0
    0
    3
    2
    0
    0
    0
    1
    0
    0
    0
    0
    0
   53
    0
    1
  227
    5
    0
    0
    0
    0
    0
    0
    0
    0
    0
    0
    0
    0
    0
    0
    5
   79
   13
   29
    0
   29
   54
   91
   40
   19
   16
   17
   14
    0
    0
    1
   28
    1
    0
    0
   60
    2
    2
   25
   34
    0
   16
   13
    0
    1
    0
   11
    2
    1
    0
    0
    0
    0
   25
    1
    0
    0
   14
   14
  106
  108
   93
   16
    1
    2
   46
  132
    0
   31
    6
    0
   16
    0
    0
   11
    7
   38
   44
   38
   24
   27
    0
   43
   12
    0
    0
    0
    1
   64
    0
    0
    8
  147
  238
    0
    0
   14
   58
    0
    0
   13
    0
    0
    8
   22
    0
    0
    0
    0
   82
   15
   18
    0
    0
   25
    0
    0
   13
    0
    0
    0
   49
    0
    0
    0
    0
    0
    2
    0
    0
    0
    0
    0
    0
    3
   28
   13
    2
    0
   20
  164
  237
    4
    0
    1
    4
    8
    2
    0
    0
    0
    2
   90
  153
    2
    0
    0
  314
   39
   46
  112
    1
    0
    1
    1
    0
    1
    0
    0
    0
    0
    0
    0
    1
   72
   14
    0
    0
    0
    0
   14
   19
    0
   94
   18
    0
    0
    0
    0
   31
   50
    5
    0
    0
    0
   24
   40
   74
    5
    3
   34
   10
    3
    0
    0
    0
    0
    0
    0
    0
    0
    0
    0
    0
    0
    0
    0
    0
    0
    0
    0
    0
   29
   34
   17
   74
   38
    1
    0
    1
    0
  124
    0
    0
    0
    0
    0
    0
    0
    0
    0
    0
    0
   14
   22
   36
   21
    2
    4
   11
    0
  167
    4
   11
    1
    1
    8
   55
   47
    0
    0
    0
    0
    0
    1
    4
    0
    0
    0
    0
    0
    1
    6
    0
    0
    0
    0
    0
    0
    0
    0
    0
    5
    0
    0
    0
    0
    0
    0
    0
    0
    0
    0
    0
    0
    0
    0
    0
   11
    0
    8
    0
    4
    4
    8
    0
    4
    0
    0
    0
   14
   32
    0
    0
    3
    0
    9
    0
    0
    0
    0
   19
   38
   38
   31
   50
   41
   27
    1
    0
    0
    1
    0
    0
   13
   21
    4
   41
    1
    0
    0
    0
    0
    2
   55
   23
   23
   13
   19
   57
   53
    2
   10
    1
    1
    0
   33
   79
    4
    0
    0
   31
   31
    1
    0
    7
   17
    0
    0
    1
    0
   21
   17
   11
    1
    0
    0
    0
    0
    0
    1
    3
    3
    1
    0
    0
   29
    1
   67
    0
    1
    0
    0
    0
   46
  277
   19
   40
    2
    0
    0
   24
   56
   36
   36
    3
   15
    3
    0
    0
    0
    0
    0
   18
    2
    0
   41
  173
    5
    0
   55
   12
    1
   18
   17
    4
    0
    0
    0
   62
    1
    0
    0
    0
    0
    0
  131
    0
    7
   22
    1
    0
    0
    0
    3
   20
    0
  138
    0
    0
    0
    0
   14
   18
   93
    2
   12
    0
    0
   54
    1
    1
    0
   61
   24
    0
    0
    0
    0
   34
    6
    0
    0
    0
    4
   15
    0
    0
    0
    0
    0
    0
    0
   17
    0
    0
    0
   64
    6
    1
    0
  119
   25
    1
   60
    3
   63
    0
   16
   31
    2
   34
   91
    9
  118
    0
    0
    0
    0
    2
  113
   31
    0
   77
    2
    0
    0
    0
    0
    0
    0
    0
    0
    0
    0
    9
   52
    0
    0
    0
    0
    0
    0
    0
    0
    0
    0
   91
   72
    0
   16
    0
    0
    0
    0
    0
    0
   86
    4
    0
    0
    0
    0
    0
   26
    7
    0
   10
    4
    0
    0
   33
   32
    0
    0
    0
    1
    1
    0
    0
    0
    0
    0
    0
    0
    0
   10
    0
    0
  143
    0
    2
   23
   25
   90
   18
    0
   70
  100
   77
   18
   40
    0
    0
    0
    0
    0
    2
    2
    0
    0
    0
    0
    0
   96
    0
    0
    2
    0
    0
    2
   11
   46
   52
   23
    0
    0
    0
   21
    1
    0
    0
    2
    0
    3
   70
    3
    0
   44
    0
   11
    1
    2
   42
    2
   36
   33
   61
    0
    0
    2
    0
   71
   26
   37
    7
    0
    0
    0
    0
    0
    0
    0
    0
    9
    0
    2
    4
    0
    6
    2
    5
    0
    0
    0
    0
   51
    8
    2
    0
    0
   26
    0
    0
    5
    2
    9
   69
  157
    1
    0
    0
   21
    5
    5
    0
    0
    0
    0
    0
    0
    0
    0
    0
    0
    0
    2
   76
   15
   17
    7
    0
    0
   10
    0
    0
    0
    0
    2
    9
  135
    1
   10
  120
   82
    4
   12
    1
    0
    0
    0
    0
    0
    0
   19
    0
    2
    0
    0
    0
    0
    3
   21
   33
    0
    5
   36
    7
    3
    0
    0
    0
    0
    0
    0
    0
    0
    0
   34
    0
    0
    0
    0
    0
    0
    0
    0
    0
    0
    0
    0
    0
    0
    0
    0
  145
   45
    3
    0
    0
    0
    4
    1
    3
    0
    0
    0
    0
   13
   41
    0
    1
    0
    0
  318
   50
   75
   14
    0
    0
    1
  176
    8
   13
   26
    3
    2
    6
    0
    0
   10
   84
   89
    8
   14
    5
    0
    0
    0
    0
   18
   58
    6
    0
  133
    0
    2
   32
   10
   61
   14
   31
   48
   79
  113
   58
   28
    0
    3
   29
    0
    3
    0
    6
   17
    0
    0
    7
  209
   33
   57
  136
   56
    0
   36
    0
    2
  111
    0
    2
  146
    5
   34
    0
    7
   24
    0
    4
   71
   54
    0
  119
    6
    0
   18
   49
   25
    1
    0
    0
    0
    0
    0
    8
    5
    0
    7
   53
    0
    0
    2
   72
   41
   40
    0
    0
    0
    0
    0
  175
  229
   21
   53
    0
    0
    0
    0
    0
    7
   39
    0
    0
    0
   43
    3
    0
   41
    0
    0
    4
    0
    0
   54
    0
    0
    0
   40
    0
    0
    0
    0
  332
    0
    0
    0
    3
    0
    0
    6
   66
    1
  192
   32
    0
   23
    1
   40
    2
    0
    0
   26
    1
   26
    3
    0
    0
    0
    0
   22
  169
    5
    0
    1
  107
  131
  331
  106
   23
   45
   29
   60
   23
   47
   57
   28
   48
   73
    8
    5
    4
    0
    0
    0
    9
    6
    0
    0
    0
    0
    0
    0
    0
   23
    1
    0
    6
   99
    0
    8
    7
    1
   35
   10
   32
    7
   22
    2
   14
   23
   48
  152
  270
   88
   31
   13
   41
   52
   21
    0
   18
    5
   65
    4
    4
    0
    0
    0
    0
    0
   18
  109
   22
   26
   67
   40
   18
   30
    8
    0
    0
    0
    0
   34
   66
    1
    0
    0
    1
    6
    0
    0
    0
    0
    0
    2
    0
    2
   21
    3
    2
   18
    0
   26
   36
    1
   35
   44
    7
   42
    1
    0
    0
    0
    0
    0
    0
    0
   11
    0
   12
   15
    0
    0
    0
   34
  112
    0
    0
    0
    0
    0
    2
    0
    0
    0
    0
    0
    0
    0
    0
    0
    0
    0
    0
    0
    1
   31
   14
   48
    6
   45
    0
    9
   30
   38
    0
    0
    0
   66
   28
   57
   14
    1
    0
    0
    0
    0
    5
    4
   36
   95
   29
    0
    0
    0
   11
    3
   36
   28
   66
  170
   24
    0
    0
    0
    8
    0
    0
    0
    0
   16
    0
    0
    0
    0
    4
    0
   15
  124
    0
    1
    0
    0
  248
   41
    2
   34
   13
    0
    0
    0
    0
  116
   95
    0
    0
    0
    0
    0
    0
    7
    0
    0
    0
    9
   19
    0
    1
    0
   10
    3
    0
    0
    0
   37
   94
   25
    0
    0
    0
    0
    8
   21
    3
  250
    1
   68
   67
  126
  135
  275
    0
    0
    0
    0
    3
   34
   16
   13
    0
    0
    0
    0
    0
    0
    4
    0
   42
    0
    0
    8
    0
    0
    0
  126
    9
    0
   34
   66
    0
    1
   21
    0
    0
    0
    0
    0
    0
    0
    0
    0
    0
    0
    0
    0
    0
    0
    0
   13
    0
    0
    0
   19
    0
   37
   62
    1
   16
    0
  522
   13
  123
  112
    0
    0
    0
    0
    0
    1
    0
    0
    3
   21
    0
    0
    0
    0
    0
    0
  120
   52
    2
    9
    0
    0
    0
    0
    2
    0
    0
    0
    0
    0
    0
    7
    0
   12
    0
    0
    3
   16
   17
    1
   55
    0
   10
   15
   21
    2
    0
    7
  131
    0
    0
    0
   40
   20
   61
   32
   16
   17
    0
    2
    0
    0
    0
    0
    0
    0
    0
    0
    0
    0
    0
    0
    0
    4
    0
    0
    0
    0
    1
    0
   27
    0
    0
    0
   35
   45
   55
   75
    5
    0
    0
    0
    0
    0
    0
   23
   12
    0
    0
    6
   13
   20
    5
    0
    0
    0
   15
    0
    0
   46
   14
    1
    0
    6
    0
    0
    3
    0
    0
    0
    9
   12
    4
    0
    0
    0
    0
   16
   79
   59
   29
    8
   62
   76
    0
    0
    0
   66
  103
   11
  169
   97
   73
    8
   14
    2
   25
   61
   46
   37
   51
   48
   50
    0
    0
    2
    1
    0
    0
    0
    0
    0
    0
    0
    0
    0
    0
    0
   36
   17
    9
   36
   12
    5
    0
    0
    0
    0
    0
    0
    0
    0
    2
    0
    0
    0
    0
    0
    0
    0
    0
    0
    0
    0
    0
    1
    0
    0
    0
    0
    0
    0
    0
    9
   17
   23
   47
    2
    4
    1
    0
    0
   41
   47
    8
    0
    0
   12
    0
    0
    0
    0
   19
   34
    2
   19
    1
    0
    0
    0
    0
    0
   13
    0
   12
    0
    0
    0
    0
    0
    0
   36
   93
   22
    0
    1
    5
    0
    6
    0
    0
    7
    0
    0
    0
    0
    0
    0
    0
   29
    0
    0
    0
    0
    0
    0
    4
   18
   65
   30
    8
    8
   68
    0
   21
   11
   23
   14
   39
   73
  344
  136
    2
    7
    0
    0
    0
    0
    0
    0
    0
    0
    0
    0
   41
  150
    0
    0
    0
    0
    0
    0
    0
    0
    0
    0
    0
    0
    0
    0
    0
    0
    0
    0
    0
    0
    0
    0
    0
    0
    0
    0
   54
    5
    0
    0
    0
    1
    2
   64
   17
    0
    0
   11
   32
    4
    0
    0
    0
    0
   99
   15
   21
   93
   14
    0
    0
    0
    0
    0
    0
    0
    0
    9
    0
    0
    0
    0
   37
   25
   15
    0
    0
    0
    0
    0
    0
   70
    0
    0
   55
    6
    4
   75
    0
   17
    0
    0
    0
    0
   58
    0
    0
    0
    0
   40
    0
   45
    3
    1
    2
    0
    0
    0
    0
    8
    0
    0
   12
   83
   11
    0
    0
    0
   34
   24
    0
    0
    0
    0
    0
    0
    0
    0
   71
    0
    1
   60
   50
    0
    0
    0
    0
    0
    0
    0
    0
    0
    0
    0
    0
   41
    0
    0
    4
   20
    0
    0
    0
  121
    0
    0
    0
    2
    0
   27
   52
   41
    1
    0
    0
   10
    2
    1
   16
    9
   69
   18
    0
   11
    0
    4
    9
   16
   14
    3
    0
    0
    0
   21
    2
   47
    2
   61
   66
   65
   20
   14
    1
    0
    0
    0
    1
    0
    0
    0
    7
    6
    0
    0
    7
    0
    0
    0
   28
    0
    0
    0
    0
    4
   13
   31
   14
    0
   71
   46
    0
    0
    0
   17
    0
    0
   14
    0
    0
    0
    0
    0
   61
    4
    0
    0
   79
    0
    0
    0
    0
    7
    0
   20
   16
   31
    2
    0
   31
    4
    0
    3
    0
    0
    0
    6
    4
   43
   37
    1
    0
    0
    0
    2
   41
   14
    4
    0
   32
    6
   33
    0
    0
    0
   44
    0
    0
    0
  323
   38
    6
   21
    0
    0
   73
   44
    0
    2
    1
    1
    0
    0
   56
   83
   79
    1
    0
    0
   11
    0
   21
   20
    0
   11
    3
    1
   16
    8
   20
   13
  115
   45
   56
    0
    0
    0
    0
    0
    7
    2
   18
   14
    5
    8
    7
    1
  138
   84
   60
    0
    2
    0
   63
    0
    1
   48
    0
    0
    0
   21
    0
    4
    4
   36
    0
    0
   35
   34
    4
    0
    0
    0
    0
    0
    0
    0
    0
    0
    0
    0
    0
   43
    4
   44
   15
   14
    2
    0
   16
    0
    0
    0
   97
  146
   98
    9
  100
  324
    4
   42
    0
    0
    0
   30
  133
    0
    0
   10
    1
    0
    0
    0
    0
    0
   29
    0
    4
   44
    6
    0
    0
  104
    2
   30
    0
    5
   13
    0
    0
   13
    0
    0
  206
  134
    2
    0
    0
    0
    0
   34
   86
    2
    0
    0
    0
    0
    0
   46
   12
  145
  152
    7
  109
    0
   20
    0
    1
   32
  288
    0
  275
  152
    0
    0
    0
   68
    5
    0
    0
    0
    8
   55
    7
  405
    0
    0
    1
   23
   65
    7
   65
    0
    0
    0
    0
   35
    4
    9
    0
    1
    0
   60
  101
    4
    0
    0
    0
    0
    0
    0
    0
   30
   11
   18
    2
    4
    0
    0
    0
    0
  156
    3
    0
    0
    0
    0
    0
    0
    0
    0
    0
    0
    0
    0
   24
    0
    0
    0
   15
   54
    0
   56
   28
   76
  114
   14
    0
    0
    0
   47
  146
    0
    0
   76
    0
   53
    0
    0
   10
   14
    0
    0
    0
    6
    0
    1
   23
   41
   37
    0
    0
   23
    9
   15
   10
    0
    0
    6
    0
    0
    0
    4
   33
   99
    2
    7
    1
    0
    0
    0
    0
    0
    0
    0
    9
   20
    3
    1
   17
    0
    4
   35
   21
    0
    0
   29
   52
    0
   20
    0
    0
    3
    3
    0
    0
    0
    0
    0
    0
   29
   24
    0
    0
    0
    0
    0
   29
   10
   14
    1
    0
    0
    4
    0
   30
   11
   10
    0
    0
    0
    4
   21
    1
    0
   40
    1
    0
   19
    4
    7
    0
    0
    0
    0
    4
    0
    0
    0
    0
   24
    0
    1
    0
    0
    0
   11
   24
    0
    0
   37
    0
    6
    0
    4
   14
    0
    3
    7
   13
   33
   60
   17
   16
    0
    4
    0
   46
    1
   15
    0
    0
    0
    0
   10
    5
    8
   32
    6
    0
    0
    0
    0
    0
   63
    0
    0
    0
    7
    0
    0
    0
    0
    0
   73
    0
    0
    4
    0
    2
    0
    0
    0
    0
   45
  137
    0
    0
    0
  209
  332
  274
    2
    9
    7
   86
   10
   11
  105
    1
    0
    0
  167
   37
    0
   12
    0
    0
    0
    0
    0
    0
    0
    0
    0
    0
    0
   67
   59
   28
    0
   29
    1
    0
    0
    0
    8
   38
  129
    0
    2
    0
    0
    0
   42
   21
    0
   30
    0
    3
   47
   12
    0
    0
   55
    0
   15
   22
   16
    3
    2
   26
   70
   42
    0
    0
    8
    0
    1
    0
    0
    0
   62
    0
    4
    0
    0
    0
    0
    0
    2
    0
    0
    3
    0
    0
   53
    1
   15
    0
    0
    0
  525
  286
    1
   25
    0
    0
    0
    0
   32
    0
   27
    0
    0
    0
    0
    1
    3
    0
    0
   20
   39
    0
   43
   89
  133
   10
   20
    6
    0
    0
   26
    4
    8
   25
    3
  132
    0
    6
    2
    0
    0
    0
    0
   32
   44
    7
  180
    8
    0
   19
  168
   12
   20
   55
    1
    0
    0
  104
  206
   48
    0
    0
    0
    0
    0
    0
    0
    0
    0
    0
   29
   46
    0
    0
   10
    7
   55
    0
    1
   39
   20
    4
    7
    2
    0
    0
    0
    0
    0
    4
    0
    0
    0
    0
    0
    0
    0
    0
    0
    2
    0
    0
    0
    0
    0
    0
    0
    0
    0
    0
   73
    5
    6
   17
   78
   83
   50
    0
    0
    0
    0
    0
    0
   64
   17
    0
    0
   15
   10
    2
   16
   17
    0
    0
    0
    8
    0
    0
    1
   10
    1
    5
    8
   18
  138
  213
  138
   18
    6
    8
   10
    2
    0
    0
   34
   23
    0
    2
   56
    5
   27
   25
   99
    0
    0
    0
    0
    0
    1
   21
    7
    0
    0
   59
   10
    0
   22
   11
   25
   30
    0
   22
    6
    0
   28
    5
    0
    0
   16
   34
   25
    6
    0
    2
   27
    3
    0
    0
    0
    1
    5
    2
    0
    0
    0
    6
    2
    0
    0
   74
    0
    0
    1
    1
   35
    6
  122
   27
   43
   50
    0
   82
    0
    5
   23
   36
    9
    6
    2
    0
    5
   30
    0
    1
   42
  202
   45
    0
   24
    0
   66
    0
   32
  109
    2
    0
    0
    0
    0
    0
    0
    0
  124
   23
    1
    0
    4
    2
   22
   15
    0
    0
   21
    8
    0
    4
   38
    6
    1
    0
    4
   20
    1
    0
    0
    0
    0
   56
    0
    0
    0
    0
    0
   17
   38
    0
    0
    0
    3
    0
   23
    0
    0
  177
    0
    0
    0
    0
    0
    0
    1
    0
    1
   15
  124
    3
    0
    0
    3
   51
    0
    0
    9
   73
    0
    0
    0
    0
    0
    9
    0
   16
    0
    0
  127
  117
    2
    0
    0
    0
    0
    0
    0
    6
  100
   34
   81
    0
    0
    0
  103
   79
    0
   13
    2
    0
   11
    0
   28
    6
    0
   31
   40
   23
   44
    0
   99
    0
   19
   40
   13
    0
   31
    0
    0
    0
    0
  136
   24
    0
    0
    0
    0
    0
    1
   16
    4
    0
    0
   11
   23
   48
    2
    0
   21
    2
    0
    0
    0
    0
    0
   57
   92
   18
    0
    0
    0
    3
   26
    0
    0
    0
    0
    0
    4
    0
    0
    0
    0
  224
  102
  345
   98
    9
    0
    0
   12
    9
    0
    0
    0
    0
    0
    0
    3
    0
    0
    0
    0
    0
    0
    0
    0
    0
    0
    9
   37
   17
    0
    0
    1
    0
    0
    0
    0
    0
    0
    0
   18
    3
   58
   14
   12
    1
   70
   26
    3
   75
  131
    1
    0
    0
    1
   23
    1
  108
    1
    0
   55
    2
   14
   11
    0
    0
    5
    0
   11
    2
    0
    0
    1
   32
    0
    0
    0
   25
   23
   25
   14
   12
  123
  144
    1
   35
   29
   13
   17
   47
    1
    1
   87
    0
    0
    1
    0
    0
    0
    0
    0
   24
   18
    9
   31
   50
    6
   26
   41
   10
   74
    1
    0
    4
    1
    1
    0
    0
    0
    6
    0
    0
    0
    0
    0
    0
    9
    0
   55
   32
    9
    0
    0
   20
   17
   30
   14
   29
   15
   90
   13
    1
    0
    0
   31
   14
   17
    0
    0
    5
   10
    5
    1
    0
    0
    0
    0
    0
    0
    0
    0
    0
   14
   30
    1
   18
   13
    7
    0
    2
   10
   54
   41
   10
    0
    1
    0
    0
    0
    0
    0
    0
  152
    5
    0
    0
    0
    0
    0
    3
   11
    1
   13
   20
    0
  104
   73
  171
   24
    4
    0
   28
   18
   22
   19
    1
    0
    0
    0
    0
    0
    0
    6
   45
    7
   11
   21
  366
  391
    0
   14
  128
    6
    0
    0
    0
    1
    0
    0
    0
    0
    1
  171
   10
    0
    0
    0
    0
    0
    0
    0
    1
    0
    0
    0
    0
    0
    0
    2
    0
    0
   30
  381
   78
    5
    0
    1
    0
   23
    0
   38
    0
    2
    1
    0
    0
   85
    0
    0
   54
   72
    2
   75
   25
   42
    6
   10
   50
   19
   30
    8
   37
   12
   10
   32
   14
   20
  122
  126
    0
   27
    0
   60
   25
   15
    2
   70
   60
    5
   27
   89
    2
    0
    1
   25
    4
  252
    4
    0
    0
    0
    0
    0
    4
    2
  135
    0
    0
    0
   15
    0
    8
    0
    0
   11
    0
    1
   42
   78
    0
    0
    0
    0
    0
    0
  257
    2
   13
   50
    3
   10
    0
    0
    0
    0
   17
   10
  160
    2
    0
    0
    0
  126
    6
    0
    0
    6
   49
    4
   31
    6
   23
   37
    0
   29
    0
    0
    0
    0
    0
    0
    0
   92
    0
    0
    0
    0
   23
   16
    0
    0
    0
    0
    0
  102
    0
    1
    0
    0
  205
  293
    8
    0
    0
    0
  103
    9
    0
    0
    0
   40
   28
    1
    0
    8
    1
   33
    3
    2
    0
    0
    4
    1
   13
  210
   22
   10
    3
    0
    0
    0
    0
    0
   47
   18
    0
    0
   11
    4
    0
    0
    0
    1
   60
    1
    0
   25
   74
   19
    0
   27
   34
   38
   48
   47
    2
    0
    0
    0
    1
    0
   41
   13
   33
    0
    0
    8
    0
    0
   17
   25
   38
    0
   10
    0
    9
    0
    0
    0
   50
   21
   45
   54
   79
   35
   21
   32
    0
    3
   57
    0
    0
    7
   21
    0
   16
    1
   31
   70
   85
   11
    0
    0
    2
    2
   32
    0
    0
    0
    0
    0
    0
    0
    7
   20
   22
   29
    0
    1
    0
    0
    4
    3
   15
    0
    0
    4
    8
    4
    7
    7
    4
    2
   74
    2
    0
    0
    0
    2
    1
    5
   45
    8
    1
    3
   13
    8
  165
  111
   25
   74
    2
    5
    0
    6
    5
   11
    0
    0
    0
    0
   88
   14
    4
   50
    0
    0
    0
    0
    0
    0
    0
    0
    5
   29
    0
    0
    2
    0
    0
    0
    0
    0
    0
    0
    0
    3
    2
    7
    0
    0
   39
    8
    0
    0
    0
  371
    9
   31
  145
   24
    0
    1
    2
    4
    0
    0
    0
    0
    0
    0
    0
   40
   91
   24
   64
  141
    0
    0
    0
    0
   64
    0
   36
   16
  124
   14
   16
    2
    0
    0
    0
    0
   55
    0
    0
    0
   19
    0
    0
    0
    0
   24
    0
    0
   25
    0
    8
  134
    3
   95
   15
   40
    4
    7
    0
    5
    0
    2
   11
    2
    0
   37
   69
    0
    0
   10
    0
    0
    0
    0
    0
   57
    3
   42
    0
    5
    8
  149
   77
    1
   32
    0
   38
  100
   28
  109
   49
   32
    0
    0
    0
    0
  121
    0
    0
    0
    0
   99
    1
  568
  177
   12
    0
    0
    0
    0
   14
    0
    0
   12
   80
    0
   22
   24
    0
    0
    1
  177
    0
    0
    0
    0
    0
    0
    0
    0
    0
    0
    0
    0
   80
    8
    0
    0
    0
    3
   31
  100
    0
   11
   21
    7
    4
   32
   48
    0
    0
    0
    3
  231
  201
    0
    0
    2
    0
    0
   21
    0
    5
    0
   31
   65
   70
   24
    5
    2
  178
    0
    3
  111
    1
    7
   48
   27
   16
    0
    0
    0
  261
    3
   14
   42
    0
   31
    5
    0
   21
   16
   42
    8
   13
   20
    0
   59
   13
   49
    9
    1
    0
   10
   17
   33
    1
   60
    0
   15
   19
    5
  177
   40
    0
   14
   72
   43
    9
  153
   53
   21
    4
   20
  127
   25
    1
  110
   20
    0
   38
    7
    4
    0
   80
   36
    0
    1
    0
    1
   30
    5
    6
    0
    0
    0
   39
    0
    0
    1
    0
    5
   23
   20
    6
    0
   40
    0
    9
    0
    1
    0
    0
    0
    0
    0
    0
    0
    4
   14
    0
    0
    1
    0
    8
   46
  104
   69
    0
    0
    0
    0
    0
    0
    3
    1
   30
    0
    0
    0
    0
    0
    0
    0
    0
    0
    0
    0
    0
    0
    0
    0
    0
    0
    0
    0
    7
   12
    2
   20
    0
    5
    0
    0
    0
    0
    3
    9
    5
   10
    0
    0
    0
    4
    4
    1
    0
    0
    5
    0
    0
    0
    0
    0
    2
    0
    0
    0
    0
    1
    1
    0
    0
    0
   18
   71
    2
   47
   48
   11
    1
    0
    0
    1
    0
    0
    0
    0
    0
    0
    0
    0
    0
    7
    0
   10
   68
    8
   18
    4
    0
   25
  137
  113
    9
    0
   10
   87
   54
    0
    0
    0
    0
    0
    0
    1
    0
    0
    2
   30
   28
    1
    0
    0
    0
   33
    0
    0
    0
    0
    0
    0
    0
    0
  142
    0
    2
    0
    0
    9
   21
    8
   48
    0
   52
    0
   62
   19
    0
   21
    0
    2
    1
   53
   13
   23
    0
   11
   19
    0
    0
   81
   89
    0
   12
    0
    0
    0
    0
    0
    0
    0
    0
   18
  108
  112
    0
    0
    0
    0
    0
    0
    0
  108
   28
    9
    0
    0
    0
    0
    0
    0
    0
    6
    0
   87
   10
    2
    0
    0
    0
    0
    0
    0
    0
    0
   14
    0
   31
   10
    0
    0
    0
    3
    0
    2
    0
    0
    0
    0
    0
    0
   30
    0
    0
   11
   10
    0
    0
    0
    0
    0
    0
    0
    0
    0
    0
    0
    0
    0
    0
   54
    6
    0
    0
    0
    6
    0
    0
    0
    0
    0
    0
    0
    0
    2
   35
   22
    0
    0
    0
   12
   23
   29
   47
    5
    0
    4
    1
    7
    0
    0
    0
    1
   17
    0
    0
    1
    0
    0
    0
    0
    0
    0
    0
   11
    0
    0
    0
    0
    0
    0
    0
    0
    0
    1
    0
   29
   19
    8
   20
    0
    0
   19
    0
    0
    0
    0
    8
   24
    2
    0
    0
    0
    0
    0
    0
   74
   14
   22
    6
   22
   37
   22
    0
    0
   12
   21
   15
   16
    0
   23
    0
    0
    3
   21
    5
    0
   14
   21
    0
    0
    0
    3
    6
   16
   21
   14
    0
   15
    5
    1
    5
    0
    0
    0
   15
   53
   13
    1
   18
    3
   16
    4
    0
    0
    0
   12
    1
   23
   63
    3
   48
   26
   23
    0
   58
    0
   22
    5
    2
    4
   59
   43
   19
  100
    6
    0
    1
    2
    0
    1
   17
   16
    0
    0
    0
    0
    0
   32
    4
    9
    0
    0
    0
    0
    5
   10
    1
    0
    0
    0
    8
    0
    0
    0
    0
    2
   30
   36
   87
    4
   45
   16
    0
   66
    1
   52
    0
   25
    0
    1
    0
  249
   77
    1
    4
    9
   34
    7
  132
    0
   10
  121
  126
   17
   82
   53
    0
    0
    0
  174
    0
    0
   30
    0
    1
    0
    0
    1
    0
    8
    4
    5
    0
   13
    3
    0
    0
   20
   31
   54
   45
   53
    2
   14
    9
    0
  149
    0
    0
    2
    0
    1
    9
   50
  187
   22
    0
   22
    0
    3
    0
    0
    0
    0
    0
    0
   54
    0
    0
    0
   62
    3
    0
    0
   79
  107
    1
   17
    6
    0
    0
    0
    0
    0
    0
    0
   93
  107
   43
    0
    0
    0
  109
    0
    0
    0
    0
    1
    0
    0
    0
    0
    0
    0
    0
    0
    0
   34
    0
    0
   47
   15
    0
    0
    0
   11
    0
    0
    0
    0
    0
    0
    0
   16
   33
   83
  323
  317
   12
    4
    0
    0
   57
    0
    0
    0
    0
    0
   15
    0
    0
    0
    0
    0
    0
    3
    0
    0
    0
    0
    0
    0
    0
    0
    0
    0
    1
    0
    0
    0
    0
    0
   24
   40
   13
    0
    5
   59
  122
    9
    0
    0
   63
   14
   41
    2
    0
    3
    0
    0
    0
    0
    0
    1
    0
   28
    0
    0
    0
    0
    0
   33
    6
   12
    9
    0
    0
    8
    0
    1
    0
    0
    7
    0
    0
    0
    0
    0
    0
    0
    0
    1
    0
    0
    5
    0
    0
    0
    0
    0
    0
    0
    0
    0
    0
    1
    0
    0
    0
   54
    6
    4
    6
    2
    0
    1
    0
    0
    1
   14
   67
   42
   70
   13
   10
    1
    0
    0
    0
    0
   44
    0
    1
   10
   24
   22
    0
    0
    0
    0
    0
    6
    0
    2
    0
    2
   20
    0
    9
   46
   34
    0
    2
    1
    0
    0
    0
    1
   21
   10
    5
    0
   12
   61
   50
    0
   12
   15
   10
   62
    7
    1
   12
    0
    0
    0
    0
   23
   30
    0
    1
    0
    0
    0
    0
   32
    2
    2
    1
   40
    1
   22
  204
    8
   52
   64
   35
    2
    0
    0
    0
    0
    0
    0
    0
    0
    0
    0
   29
    1
   79
   26
    0
    0
    0
    0
    0
    0
    0
    0
    4
    1
    1
  111
   15
    0
    0
    1
    0
    0
    0
    0
    0
    0
    0
    0
    0
    0
    0
    0
    8
    1
    6
    0
   18
    1
    0
  137
  205
   33
   58
    0
    0
    0
    6
   17
   40
    3
    1
    0
    0
    0
   32
    0
    0
    0
    0
    0
    0
    0
    0
    0
    0
    0
   23
    0
  110
    0
    0
   11
    0
    5
    7
    7
   21
    0
    0
    1
   75
   61
   42
    0
   26
    0
    0
    1
   22
   60
    0
   52
   60
   86
    6
   26
   46
    0
    0
  104
    0
    0
    0
  135
  138
  147
    3
   70
    0
    0
    0
    0
    0
   34
    0
    0
    0
    0
    0
    7
   14
    5
   62
    0
   44
    2
    0
    8
    0
   19
    0
  107
   30
    2
    3
    0
    0
    0
    0
    0
    0
    0
   86
   53
  220
   45
   54
   84
   19
    0
    0
    0
    0
    0
    0
   11
   18
   82
   56
    0
    0
  153
    0
    0
  159
   31
    0
    0
    2
   76
   48
  352
   18
    0
    0
    7
   30
    0
    0
    0
    0
    0
    0
    0
   30
    0
    4
    0
    0
    0
    0
    0
    0
    2
    0
   25
   44
   62
    1
   30
   55
    6
  127
   20
    0
    2
   13
    6
    2
    0
    4
    4
  111
    6
   20
   14
    5
   96
    6
    0
    1
    3
    3
   30
    3
    3
    2
    1
  101
   10
   30
   13
    3
    5
    0
    8
    0
    0
    0
    0
    0
   17
    0
    7
   42
    0
    5
   23
   11
    0
    0
    0
    0
    0
    0
    8
    0
    0
    0
    0
    0
    0
    0
    0
    0
    0
    0
    5
    0
    7
    0
    0
    0
    6
  193
   17
   70
    2
   35
    0
    0
    0
    0
    0
    0
    0
    0
    0
    0
    0
    0
   13
   32
    4
    0
    0
   29
    1
   73
   51
   47
    0
   38
    7
    0
    0
    0
    0
    0
    8
    1
   14
   19
    6
   53
   51
   54
   63
   11
    4
    1
    2
    1
    6
   60
   52
    6
    2
    0
    0
    0
    0
    0
    0
    0
   18
    1
    1
    3
   42
    2
    0
   18
   13
    5
   10
   45
    1
    0
    0
    5
    0
   43
   33
    4
    0
    0
    0
    8
    2
    0
    7
    9
    0
    0
   56
   10
   53
    8
    0
    0
    0
    0
    5
    0
    0
    0
    0
    0
    0
    2
    7
    1
    0
    0
    0
   22
    0
    0
  179
  258
    0
   15
    0
    0
    0
    0
    0
    0
    4
    9
    1
    1
   18
   22
   10
    0
    0
    1
    0
    0
    0
    0
    9
   34
    8
   40
   11
   56
   47
    0
    0
    0
    0
    0
    0
   30
    6
   32
    1
   51
   24
   63
    5
   52
   47
   33
    0
    0
    0
   45
    1
   21
    0
    0
    0
    0
    0
    0
    0
    0
    0
    0
    0
    0
  160
  134
    0
    0
    0
    0
   39
   32
    0
   44
    6
    0
    0
    0
   35
    9
   36
    3
    0
   47
    5
   24
   53
   14
   47
    0
   30
    0
    1
   95
   22
   17
   67
    7
   20
   30
    0
    3
    6
    0
   53
    0
    0
    0
    0
   19
    0
   42
    9
    6
    0
    0
    0
    0
    0
   25
    0
    3
    7
   13
   22
    8
    0
    0
    0
  115
    0
   51
   26
    0
    2
   25
    0
    1
    0
    0
   72
    0
    0
    0
   22
    0
    5
    0
    0
   90
  322
   38
    4
   17
    0
    0
   20
    0
   74
    2
   22
    0
    0
    0
    0
    0
    0
    0
   62
   21
    6
    7
    5
   12
    0
    0
    0
    0
    0
    0
   12
    0
   38
    0
    0
    0
    0
    7
    0
    0
    0
    0
    0
    0
    0
    0
    0
    3
    0
    0
    4
  158
    0
    3
    0
    0
    1
    0
    0
   50
    5
    5
    4
    8
    0
    0
    0
    0
    0
    0
    0
    0
    0
    0
    0
    0
    0
    0
   15
    0
    0
   58
    7
    0
    0
   64
   20
    0
    0
   20
   21
    0
    0
    0
    5
    2
   63
   45
   26
   32
    8
   12
    0
    1
    6
    0
   36
    0
    0
    0
    0
    0
   25
    3
    1
   12
   32
   46
    7
   60
    1
    2
   11
  211
   20
    8
   41
    0
    0
    0
    0
   11
   12
   47
   95
   11
    1
    0
    1
    3
  100
    7
    0
    6
    0
    0
    0
   15
   11
    2
   65
   87
  110
   75
   42
   64
   38
    3
    0
    0
   10
   15
    3
   51
    1
    1
    0
    0
    0
   12
    0
    1
    0
    0
    7
    8
   14
  110
   15
    0
    0
    0
    0
    0
    0
    1
   55
   30
    2
    0
    0
    0
    2
    1
    0
    0
    0
    0
    0
    0
   37
   44
   91
   14
   20
   43
    0
    0
    0
    6
    6
    3
    0
    0
    0
    0
    1
   81
    0
   43
   59
    0
    0
    1
    0
    1
    1
   93
    0
    3
   96
   14
    0
    0
    6
   13
   37
  141
   63
    1
    0
    0
    0
    6
   16
   62
    7
    5
    0
   12
    4
   49
   67
    9
    3
    0
    0
    0
    0
    0
    0
   12
  280
    5
  174
   46
   13
   27
   11
    0
   29
    1
    0
    0
    0
   33
    5
    0
   15
    0
    0
   54
    0
    0
    9
   39
  277
  256
   23
    0
    4
   42
  104
   32
   33
   30
    3
    0
    0
  114
   41
   16
    0
    0
    0
    0
    0
    0
    0
    0
    0
    0
    1
    0
    0
    0
    0
    0
    0
    0
    0
    0
    0
   12
   56
   32
    2
    6
   55
    0
    0
    0
    0
    0
    0
    0
    0
    0
    0
    0
   17
  123
   13
   33
    1
    0
    0
    0
    0
   58
   10
    0
    0
  278
    0
    0
    0
    0
    0
    0
   19
   88
    0
    0
   10
    0
   39
  180
  140
    7
    0
   15
   97
  100
    5
   24
    0
   15
   15
    6
   10
    1
    3
   45
    3
    0
   63
    0
    3
    0
    0
    0
  175
   11
    0
   21
  120
  113
   15
    0
    0
    0
    0
    1
    0
    0
    2
    0
    0
    0
    0
    0
    0
    0
    0
    0
    0
   28
    0
    0
    0
    0
    0
    0
    0
    0
    0
    0
    0
   10
   44
   81
  140
   49
    0
    3
    1
    0
   12
   66
    0
    1
    3
    2
    0
   29
   15
   35
    0
    0
    0
    0
    0
    0
    0
    0
    7
    0
    8
    0
   24
    2
    0
   14
    5
    0
    0
    3
    0
    0
    0
    0
    0
    4
    0
    0
    0
   20
    2
    0
   12
   14
    0
    0
    7
    0
    2
   22
   24
   22
    5
   65
   55
    2
   61
    7
    9
    8
   35
   62
   61
  173
   34
  147
   77
    5
   19
   34
   52
    6
   86
   80
   19
   21
   81
    1
    7
   41
    5
    0
    0
    0
    3
    1
   15
   80
    6
   27
   68
    0
   31
    9
    0
    0
    0
    0
    0
    0
    0
    1
   10
   97
    0
   36
    0
    0
   42
    0
   80
    6
    4
   55
   12
  135
    9
    0
    5
    0
    0
    0
   73
   62
   47
  174
    0
    0
    0
    2
    1
    0
    1
    0
    0
    0
    0
    0
   17
   53
   16
   11
   13
    1
    0
    3
   72
    3
   18
   23
    3
   10
    2
    3
    0
    3
    2
    0
   42
   25
    1
    0
    0
  185
   55
    9
    1
    0
    0
    0
    7
    0
    0
    9
   45
    8
    0
    0
    0
    0
    0
    0
    0
    0
    5
    0
   54
  276
    9
   16
   20
    1
    0
    0
   88
    0
   11
    6
    0
   32
    0
    0
    0
    2
   25
   32
  148
    8
    0
    0
    0
   41
    8
   52
   19
   31
   37
   81
   61
   14
   72
    8
    3
    1
    0
    4
    9
   81
   18
  146
   96
    4
   24
    2
    2
   54
    8
   43
    8
   66
    1
   14
    0
    0
    0
    0
    0
    0
    0
    2
    0
    0
    0
  164
    0
    0
    0
    2
    0
    0
    0
   15
  277
  191
    0
    2
   20
    5
    0
    0
   23
   26
  116
    1
    6
   87
    0
   44
    9
  115
    8
   44
    5
    0
    0
  114
    3
    0
   81
    9
   94
    0
   22
    0
  111
  140
    0
    0
    0
   11
    0
    4
    0
   40
   21
   21
    0
    0
    6
    2
    0
    0
    1
    2
  262
    0
    0
    3
    1
    0
    0
   55
    0
    0
    0
   56
    0
    0
    1
   62
   60
   42
    0
    0
   26
    0
    3
    0
    0
    0
    0
    0
    0
    5
    0
    8
    0
    0
    7
    1
    0
    1
    0
    0
   26
    0
    0
    0
    0
   29
    7
    0
    0
    0
    0
    0
    0
    0
    0
   33
   52
    0
    0
    0
    0
    0
    0
    0
   11
    2
    6
    1
    0
    1
   28
    6
   43
  145
   50
    8
   15
    0
    4
   86
    0
   23
    1
    0
    0
    1
    5
    0
    0
    0
    7
    8
    0
    0
    6
    0
    0
    0
    0
    0
   51
  100
   99
   62
  110
   68
   10
    0
    0
    2
   19
    1
    1
   15
    0
    0
   18
   26
    1
   25
    1
    0
    1
   11
    0
    2
   34
    0
    0
    0
    7
    3
   36
    0
    0
    0
    0
   65
   11
   33
   11
    8
    2
    7
    0
    0
   10
    1
   13
    1
    0
    1
    0
    0
    1
   20
    1
    3
  160
    0
    0
    0
    0
   22
   47
   81
   15
   15
    0
   32
   72
  193
   19
   31
   72
   32
   42
    5
    0
    6
    0
   15
   87
   47
    1
   24
   28
   69
  114
    1
   32
   15
    4
    7
    0
   30
   28
   30
    9
   48
   50
   40
   66
   14
    0
    0
  145
   83
    0
    0
   10
   55
    0
    0
   26
   32
    0
    0
    2
   50
    0
    0
    0
    6
    0
    0
   17
    0
    0
   24
    0
    0
    0
    0
    2
    0
   11
   14
   15
    9
   33
    1
    0
    0
    0
    0
    0
    0
    0
    0
    0
    0
    0
   42
   47
   37
    0
    0
    0
    0
    0
    0
    0
    0
    2
  140
    0
    1
    1
    4
    0
   67
   37
  209
    1
    3
    0
    0
   40
    0
    0
    0
    0
    0
    0
    0
    5
    1
    4
   62
    3
    5
    6
    0
    1
    1
    0
   82
    0
    0
   43
    7
   21
    0
   50
    0
   48
    0
    3
   11
   53
   15
  160
   21
   16
   40
    0
    0
   15
    0
    0
   83
    0
    0
   40
    0
   23
    0
    0
    0
    1
   14
    0
    0
    0
    0
    1
    8
    0
    0
    0
    0
    0
    0
    0
    0
    0
   65
    0
    0
    6
    0
    0
   33
   17
    0
    0
   59
    0
    0
   18
   35
   45
    1
   31
    0
    0
    0
    0
    0
    7
    0
    0
    2
   61
   12
    6
    0
    1
    0
    0
    0
   70
    3
    3
    0
    0
    0
    5
    0
    0
    0
    0
    0
  101
   42
   27
    0
   10
    0
   15
   49
    0
    2
   13
    3
    0
    1
    0
   10
    1
    0
    0
    3
   26
    0
    0
    0
    0
   20
    3
    0
   92
    0
    0
    0
    0
    0
    0
    0
    0
    0
    0
  122
  180
   60
    9
    0
   31
   21
  117
    7
    0
   24
   66
   15
    4
   10
    8
   20
  238
   33
   33
   72
   53
    2
   59
   18
  125
    8
   70
   42
   33
   16
   29
    0
    0
   23
   41
  250
    6
    7
    0
   27
   45
    1
    0
    1
    0
    0
    0
    6
   51
    0
    0
    0
   55
   50
   70
   22
    0
   55
    0
   12
    0
    4
    0
    0
    2
    0
    0
    0
    0
    0
    0
    0
    0
    0
    0
    0
    0
    0
    0
    0
    0
    0
    0
    5
    1
    0
    0
    0
    0
    0
   27
    6
   15
    6
    7
    0
   22
    1
   48
    0
    0
    7
    2
   10
    5
    6
   28
    1
   35
   45
    2
    1
    0
    0
   42
    0
    0
   63
   21
    1
    2
    2
   27
   20
    0
    0
    0
    8
   32
    1
   41
    0
    0
    0
    0
    2
    0
   14
    7
    0
    0
    2
    5
    0
    1
   40
    0
    0
    0
    2
    0
   42
   30
   15
    2
    0
   15
   24
   96
  253
    0
    0
    0
    7
  112
  130
    0
    0
    0
    0
    0
    0
    8
   13
    2
    0
    0
  126
   49
   26
    0
    1
    0
    0
    0
    0
    0
    0
    0
    0
    0
    0
    0
    0
    0
    0
   34
  203
    0
    6
  104
   60
   12
    0
    0
    4
    0
    2
    0
  150
    0
    0
    0
    0
    0
    0
    0
    0
    0
    0
    1
    0
    0
    0
    0
  120
    6
    5
   36
  481
  165
   11
    1
    0
    0
    0
    1
   20
    0
    0
    0
   37
    0
    0
    0
    0
   41
    0
    0
    0
    0
  297
   10
  242
   22
    2
    0
    0
    1
   19
    2
    9
   38
    0
    0
   10
   30
    2
    0
    0
    4
    1
    0
    0
    0
    0
   35
    1
    0
    0
    2
    5
    0
    0
   35
    3
   52
   92
    8
    0
    0
    0
    7
   21
    0
    0
    0
    0
    0
    0
    0
    0
    0
    0
   57
   71
    2
    0
    0
   37
    1
    0
    0
    0
    0
    0
   42
   10
    0
    0
   40
   12
   42
    0
    0
    0
   47
   87
   66
   34
   31
    3
    1
    1
    6
   10
    0
    0
    0
    0
    7
    0
    0
    0
    0
    0
    0
    0
    0
    5
    5
   50
  259
    5
   20
   15
    0
  172
   67
   14
    0
    0
    0
    0
    0
    0
    0
    0
    0
    0
    0
    0
   12
  116
    0
   35
    4
  110
   27
    0
    0
    0
    0
    0
    0
    4
    0
    5
    0
   15
   14
    0
    4
   10
   14
   66
   70
   37
    5
    2
    0
   64
    0
   42
    3
    8
    0
    0
    0
    0
    0
    0
    0
    0
    4
    0
    0
   15
    0
    0
    9
    4
    0
    5
    1
    0
    0
    2
    0
   17
    0
    0
    5
    0
    0
    5
   23
   44
    1
    0
    0
    0
    0
    0
    0
    8
    5
    0
    0
    0
    0
    8
    2
    8
   20
    4
   58
   60
  112
    3
    0
    3
    0
    0
    0
    0
    0
    0
    0
  109
   49
  104
   16
   26
   22
    0
    0
    2
    2
    0
   14
   10
    0
    0
    0
    9
    0
    0
    0
    0
    0
    2
    0
   53
    0
    5
    2
    4
    2
   28
    5
    0
    0
    0
    4
   89
    0
    0
    0
    0
    0
    0
    4
  170
   33
    0
   31
    1
    0
    0
    5
   19
    0
    4
    0
   80
   76
   36
   13
   16
    1
    0
    0
    0
    0
    0
    0
    0
    0
    0
   31
    0
    0
   11
    0
    0
    0
    0
   23
    3
    0
    0
    0
    0
    0
   37
    0
    0
    0
    0
    0
    0
    0
    0
    0
  136
   14
   14
    0
    0
   25
  130
    4
  484
    2
    0
   12
    0
    0
    0
    0
    2
    0
   67
    6
   36
   17
    0
    0
    0
    0
    0
   92
  145
    0
    0
   50
    0
   47
   23
    0
    9
   65
   16
    0
    0
    0
    0
    0
    3
    0
    0
    0
    0
    0
    0
    0
    0
    0
    0
    0
    0
    0
    0
    0
    0
    0
    0
    0
    3
   42
    0
    0
    0
    5
    0
    0
    0
   23
    0
    8
    5
   25
    0
   55
  171
    0
    0
    0
    0
    0
    0
    0
  247
   61
  180
    3
   59
   23
   51
    0
   74
    8
   53
   27
  128
   10
    7
    0
    0
    0
    0
   11
   13
    0
    0
   45
   28
   12
   20
   12
    0
    0
    0
    3
   56
   86
    0
    0
   63
    0
    0
    1
    2
    0
    0
    0
    0
    0
    0
    0
    0
    0
    4
    0
    6
    0
    0
    0
    0
    0
    5
    2
    2
  132
   22
   14
    5
   20
   52
   44
    2
   10
    0
    0
    0
    0
   30
   10
    0
   11
    5
    2
   32
   35
   25
   33
    0
   72
   24
    0
    5
    0
    2
    1
   70
   20
    6
    7
   10
   76
    0
    0
    0
    0
    0
   14
   75
   35
    8
   11
    4
   11
    2
    0
    2
   13
    1
    0
    0
    0
    0
    1
    6
    0
   32
    0
    7
   11
   15
   83
   53
    1
    0
   13
    0
    1
   16
    7
   66
    4
    0
    0
    0
    0
    0
    0
    5
   23
    2
    0
    4
    0
    6
    1
    0
    5
    0
    0
    0
    0
    0
    3
    8
    3
    3
   20
    4
   42
    0
   15
   26
    4
   69
   16
    0
    0
    0
    0
    0
    1
    4
    0
    0
    0
    0
    0
    0
    0
    7
    0
   12
    0
    0
    0
   16
    3
    0
    0
    0
    0
   14
    0
    0
    0
   77
    2
   20
    7
    0
    1
    0
    0
    0
    1
    0
    0
    0
   79
    1
    0
    3
    1
    0
    0
   25
    0
    0
    0
    0
    0
    0
    0
    8
   31
    3
   80
    8
   10
   10
   21
    0
    0
    0
    0
    0
   29
   68
   29
    0
    1
    0
    0
    7
    4
    0
    0
    3
  175
    7
    1
   95
   16
    1
   11
    0
   10
    0
    0
    0
   16
   15
   18
   26
    0
    0
    0
    0
    0
    0
    0
   11
   15
    0
   45
    4
    4
   16
   17
    9
    4
    9
    0
    9
   39
  339
   40
    2
    4
    0
   74
   14
   61
   67
   25
   29
  135
    0
    0
    0
    0
    0
    0
    0
    0
    0
    3
    0
    0
    0
    5
   15
   45
    0
    0
    5
    0
    0
    0
    0
    0
    0
    3
    7
   61
    0
    0
    0
    0
    0
  307
  250
    1
    0
    0
    0
    0
   15
    1
   11
    3
   34
    0
    0
    0
    5
    1
    0
    1
   45
    0
    0
    3
    0
    0
    0
    0
    0
    0
    0
    0
    0
    0
    0
    0
    1
    0
    4
   12
    0
    0
    3
    0
    0
    0
    0
   74
    2
    0
    3
    0
    0
   32
    0
    0
    0
   14
    1
    0
    2
   30
   26
   15
    0
    0
    0
    0
    0
    0
    0
    0
    0
   23
    0
    0
    0
    0
   20
   20
   35
   21
    0
   24
    4
   27
    2
    0
    0
    0
    0
    0
    0
    0
   10
   39
   11
   12
   29
   30
   50
   30
   10
   43
    1
   21
    3
   22
    0
   27
   20
    1
    1
    0
    1
    3
    0
    0
    0
    0
    1
    0
    3
    0
    0
    0
   34
    7
   35
    3
   16
    0
    0
    0
    0
    0
    0
    0
    0
   13
   11
   85
    4
   84
   90
   52
   24
    0
   92
   22
    0
    8
    0
    0
    0
    0
    0
   56
   60
    8
    0
    0
    9
    0
    0
    7
    0
   52
    0
    2
    0
   60
  124
    0
    0
    0
    0
    0
    0
   25
    0
    0
    5
    0
    5
    0
    0
    3
    3
   36
   14
    0
    0
    1
    0
    0
    2
   86
    1
    3
   49
   48
   10
   17
   13
   21
   52
   10
    0
    0
    0
    0
    0
    0
    0
   10
    0
    0
    0
  163
    0
    0
    0
   15
   20
   72
  150
   39
   19
   23
    0
    0
   10
   57
   36
   65
    0
  247
   36
    5
   52
   50
    0
    2
    0
   39
   23
    1
    0
    2
    0
    0
    0
    0
    0
    0
    0
    6
    0
    2
   40
    3
   53
    0
    3
    0
   23
   18
    0
    0
    2
   20
   19
    0
    0
    5
   22
    0
    0
    0
    0
   25
   14
   40
    6
   80
    0
    0
    0
    0
    0
    0
    0
    0
    0
    0
    0
    0
    0
    0
    0
    0
    0
    0
    0
    0
    3
   11
  121
   40
    0
  147
    3
   40
   55
   12
   23
   12
    0
    0
    0
    2
    0
   31
   42
    4
    0
    0
   64
    0
    0
    0
    0
    0
    0
    0
    7
   54
   51
   69
  215
   80
    5
    0
    0
   35
   76
    7
    1
   33
    0
    0
    4
    0
    0
    0
  337
   45
    0
    0
   65
    0
   17
    0
    0
    1
   31
    0
    0
    0
    0
    0
    0
    0
    0
    0
    0
    0
    0
   55
   10
    0
    0
    8
    9
   56
   32
    0
    0
    8
    2
    0
    1
    0
    0
   11
   26
  133
   11
   30
    5
   33
   40
    5
    8
    0
    0
    0
   42
    0
    0
   70
    0
    0
    0
    0
    2
    0
    0
    0
   19
   61
    0
    0
    0
    0
    0
    5
    1
    1
    0
   29
   16
    3
   22
    0
   53
    0
    4
    0
    0
    0
   21
    0
    0
    0
    0
    0
    5
    1
   23
   26
   63
   46
    1
   19
   13
    0
    0
    0
   19
    8
    0
    5
    0
   19
    0
    0
   14
   24
    5
   34
    1
   30
    1
   24
    4
   20
    3
   80
  130
   15
    0
    5
   23
    8
   10
    0
    0
    0
    0
    0
   12
    0
    0
   24
    0
    7
   10
   74
   24
   24
    0
    0
    0
    0
    0
    2
   54
    5
   15
    0
    0
    0
    0
    2
    0
    0
    0
    0
    1
    0
    0
    0
    0
   47
   29
   16
    4
    0
   84
   60
   18
    0
    0
    0
    0
    7
    2
    2
    6
   63
    0
   25
   11
   13
   12
  110
    8
    0
    0
    0
    0
    0
    0
    6
   30
    0
    0
    2
    0
    0
    0
    0
    3
    0
   62
   25
    5
   29
   80
   36
   14
   23
   17
    2
    0
   10
    1
    0
    0
   11
   12
   27
   52
    0
    0
    0
    2
    0
    0
    0
    2
    0
   15
   42
   19
    0
    0
    6
   34
    8
    0
   32
   41
    4
   23
    4
    0
    0
    1
    0
    0
    2
    4
   54
   32
   13
    3
    0
    0
    0
    0
   22
    0
    0
    1
   22
   68
    0
    0
    0
    0
    0
    0
    0
    0
    0
    0
    0
    0
    0
    3
    0
    5
    0
   48
   16
    0
    0
    0
    0
    5
    0
   63
    0
    0
    0
    1
    0
  376
    4
    0
    0
    0
   10
  152
   14
    0
    1
    0
    0
   80
  176
    0
    0
   97
    0
    0
    0
  173
   94
   38
    2
   31
   14
   74
    9
    0
   82
    0
    0
   14
   25
    0
    1
    0
   83
   30
    0
    0
    0
    0
    0
    0
  408
    0
    0
    0
    0
   72
   31
   20
    3
    6
   44
  171
    3
    1
  218
    2
    0
   11
   10
    0
   35
    9
   34
    0
    0
   30
   55
    0
    0
   43
   27
   73
    0
    0
    0
   40
   50
    0
    0
    0
    0
    0
    0
    0
    0
    0
    4
    0
   14
    6
    0
    0
    0
    0
   58
    0
   72
   42
    9
   60
  100
   56
   71
    0
    0
    5
    5
    1
   22
   60
   52
    2
    6
   20
    0
    0
    0
    0
    0
    0
    3
    5
    3
    0
    0
    0
    0
    0
    0
   70
    0
    0
    0
    5
    0
    8
    2
   46
    0
    0
    0
    1
   25
    0
    0
    0
    0
    0
    0
   90
   92
  109
    0
    0
    2
    1
    1
    2
    1
    0
    0
    0
    1
    2
  103
   32
   26
    0
    2
    3
    0
   12
   94
  248
   15
    3
    0
   14
    4
    0
   16
    0
    0
    0
    0
    0
   50
    0
    0
    0
    4
    0
   30
    0
    0
    2
   36
   21
   97
    0
   36
  152
   43
    0
    0
   25
    5
   74
  179
  108
   33
    5
    0
   76
   19
   10
    0
    7
   12
   15
    0
   50
   39
    0
    0
    0
    4
    0
    0
    4
    7
   12
   46
    5
    0
    9
    1
    0
    0
    1
    0
    3
   22
    0
   25
   18
   35
    4
    5
   11
    0
    0
    7
    0
    0
    0
    2
   22
   55
   14
   32
   10
   11
    1
    0
    0
    0
    0
    0
    0
    0
    4
   70
   63
   11
    3
    0
    1
   14
    8
    7
   43
    0
    5
    0
    9
    0
    0
    0
    0
   21
   66
    1
  222
   22
    8
   37
   37
   35
    0
   42
    9
   36
   10
   14
    2
    0
   10
    0
    1
   14
   30
    4
   10
    0
    0
    0
    1
    4
    7
  136
  370
   72
   10
    0
   10
   57
    0
    0
    0
    9
    0
    0
    0
    4
    0
    0
    0
    0
   11
    1
    0
    0
   19
   80
    0
    0
    0
    0
    0
    0
    0
    0
   76
    0
   10
    0
    0
  277
    3
   71
   14
   15
  136
   25
   80
   14
    2
    3
    0
    0
    0
   14
   27
   25
  120
    0
    1
   10
    0
    0
  112
    0
    1
    0
    0
  120
    0
    0
    0
    0
    0
    0
    0
    0
    0
    0
    0
    0
  217
    0
    0
    0
    0
   90
   14
    3
   94
    0
    0
    0
    0
    0
    0
   35
    0
    0
    9
  241
    0
    1
    0
    0
    0
    0
    8
   34
    0
    0
    1
    0
    0
   40
    0
    0
    0
    0
    0
   23
  215
    0
  108
   32
    2
    0
   10
    0
    0
   91
   53
   34
    0
    0
  110
   35
   53
  122
    0
    0
   26
    0
    0
    0
    0
   57
    0
    0
   59
    3
   23
  183
    0
   46
    0
    8
   15
   80
   26
    1
    0
   12
   31
    0
    0
    0
    0
    0
    0
    0
    1
    0
    0
    0
   32
    8
  123
    2
    6
    0
    4
    0
    9
    0
    0
    0
    0
    0
    0
    3
    0
    0
    0
    0
    0
    0
    9
    0
    0
    6
    0
    7
   30
   16
    8
    0
    0
    0
    0
    0
    3
    5
    1
    0
    0
    1
    0
    1
   22
   70
   20
   91
   12
   72
    1
    0
    0
    0
    1
   50
   54
    9
    2
    0
   10
    0
    0
    6
   30
   36
    2
    0
    9
    5
   63
    0
    1
  194
   64
    0
    4
    0
    0
    0
    0
    4
    1
    1
    0
    0
    2
   15
    1
    6
   35
    5
   14
   42
   13
    1
    0
    0
    3
    5
   58
   15
   33
   78
    5
    1
    0
    0
    0
   40
   15
   31
    1
   44
    8
    4
   22
   44
   32
    8
    4
   43
    0
    0
   25
    0
    4
    8
    1
    0
  162
    1
    8
    4
    5
    8
    1
   28
    0
   20
   10
    4
    2
   11
    0
    0
   19
   15
    5
    4
    0
   14
    2
    1
    0
    0
    1
    4
    0
    1
    0
    0
    0
    0
    4
   11
    1
    5
   44
    7
   13
   22
    0
    0
    0
   21
    6
   82
   32
   52
    0
   56
   99
    0
    0
    0
   13
    8
   21
    3
   30
   75
   70
   38
    1
    4
   63
   21
  170
   91
  143
    0
    0
    0
    0
    0
    1
   53
   41
    0
    0
   20
    0
    0
    0
    0
    0
    0
    0
   48
   35
    4
    0
   75
  248
    0
    0
    9
   23
  147
    0
    0
    0
    0
    0
    0
    0
    0
   20
    0
   10
  133
  106
  304
  117
    4
   40
    7
  125
   25
   10
   20
   20
   45
   25
   10
  417
   86
    2
   80
    1
    0
    0
   40
   58
   11
   30
   15
    0
    0
    0
    0
    0
    0
   56
   14
   15
    0
    0
    0
    0
    0
    0
    0
    0
    0
   42
   10
   60
   26
   61
    0
    0
    0
  169
    0
    0
    0
    0
   97
  333
    0
    0
    0
    0
    0
    0
    0
    0
    0
    0
    0
    0
    0
    0
    0
   63
  124
    0
    2
    0
    0
    5
    0
    0
    0
    0
   72
   29
   18
   88
   44
   73
   37
  408
  317
    0
   31
    0
    0
   22
   18
    9
    0
    0
    1
    0
   62
    1
    0
    0
    0
    0
  107
   90
    0
    0
    0
    0
    0
   43
   95
    8
   27
  109
    0
    0
    2
    0
    0
    0
    0
    0
    0
    0
    0
    0
    4
    0
    0
    0
    0
   20
    0
   20
    0
    0
    0
    0
    3
    0
   20
  250
   12
    8
    0
   78
  108
  170
   52
    0
   51
   29
   19
    0
    0
    0
    0
    0
    4
   40
   54
  105
    4
   42
    0
    0
    3
    0
    0
    0
    0
    0
    0
    2
    0
    0
    1
    0
   16
   10
    0
    0
    0
    0
    0
   45
   18
    5
    0
    0
    0
    0
   23
    2
  101
   14
   12
   84
   26
    0
    1
    3
    0
    0
    5
    2
    0
    4
    3
    0
    0
    0
   10
    0
    0
    0
    0
    0
    0
    0
    0
    0
    0
    0
    0
    0
    0
    0
    0
    0
    0
    1
    0
    0
    0
    0
    0
    0
   10
   15
    6
   13
    0
    0
    0
    0
    0
    0
    3
   56
   34
   48
   64
    7
   27
    0
   32
   12
   16
    5
    0
    0
    0
    0
    0
    0
   15
    7
    5
    0
   13
   39
    0
    0
    0
    1
   15
   21
    4
    0
    0
    0
    0
    0
    0
    0
    6
    6
    8
   20
    0
   68
    0
    9
   25
    7
   11
    4
    3
   55
    5
    5
    0
    0
    0
    0
    3
   98
    3
   12
    0
    0
    0
    0
    0
    0
    0
    0
    0
   14
   11
    0
    0
    0
   60
    1
    3
    0
  123
   27
   25
    0
    0
    0
   25
   41
    6
    2
   20
   88
    0
   73
    4
    1
  307
  189
    1
   37
   14
    3
    0
    7
   27
  139
    1
    0
    0
    0
    0
   91
    9
    0
    0
    0
    0
  118
    8
   42
    0
    0
    0
    0
    0
    0
    0
    5
    0
   59
   15
   58
   20
    0
    0
    0
    2
   17
   82
   30
   15
    9
    3
   17
   87
   47
  239
  390
   17
    1
  158
    6
    0
    0
    1
    0
    0
   10
    0
    0
    0
    0
  160
    5
   76
    1
    0
   25
    5
   76
    1
    0
    5
    0
    0
    0
    0
    0
    0
    0
    0
   46
  143
   23
   12
   55
   30
    0
    0
    0
    0
    0
   10
    0
    4
    0
    1
    2
   44
    0
    1
   23
   11
    0
    0
    2
   10
   62
    8
    4
   10
   14
    3
   63
  369
   51
    4
    0
    1
    2
    0
    1
   76
    1
    5
   15
   44
    0
   10
    4
   18
    0
   45
    5
    0
   10
   20
    0
    0
    5
    6
   11
    0
    0
    0
    0
    5
   47
  115
    4
    7
  248
   79
    0
    0
    0
    0
    0
   12
    4
   14
    8
    9
    2
    0
    0
    0
    0
    0
   33
   47
    2
    0
    0
    0
   94
    1
   11
    2
    0
   47
    3
   18
    0
    0
   16
   10
   17
   11
   15
   23
   36
   56
    9
   16
    0
    0
    0
    0
    0
    0
    0
    0
    0
    0
  115
    6
    2
    0
   15
   12
  215
   25
    0
    0
    0
    0
    4
    2
    0
    0
    7
    1
    0
    0
    1
    0
   23
    5
    0
    1
    0
    0
    5
    0
    0
    0
    0
    0
    0
    0
   20
   54
   15
    0
   11
   10
    7
    8
    0
    0
   15
    0
    2
   11
    0
    0
    0
    2
   50
    0
    0
    0
    1
    0
   51
   24
   28
    3
   14
   14
    0
   83
   15
    0
   18
    0
    0
    0
  166
   61
    5
    0
    0
   14
    7
    0
    2
   11
    0
    0
    0
    0
    0
    0
    0
    9
   22
  112
   29
   44
   95
    6
   43
    4
   46
    0
    0
    8
   20
   14
   17
   22
    0
    0
    0
    7
   10
   50
    0
    0
    0
    0
    0
   24
    0
    7
   17
    5
    4
    0
   30
    6
    4
    0
    0
    0
    0
   24
   30
   23
   18
   10
    5
    0
    0
    0
    6
   22
   84
   15
    0
   15
   21
    0
    0
    7
   35
    0
    0
    0
   28
    0
   92
    6
   55
   45
    3
    0
    4
   49
   14
    0
    0
    0
    0
    0
    0
    0
    0
    0
    0
    0
    0
    0
    0
    0
   24
  293
    0
    0
    0
   41
    0
    4
   90
    3
    8
   42
    4
    8
    5
    1
   34
   11
   19
   24
   31
   96
    0
    0
    0
    0
    0
    0
    0
    0
    0
   35
   35
    2
   43
  228
   27
  215
  186
    0
   44
    0
   89
    1
   15
    0
    0
    2
   77
   89
    0
    0
   10
    0
    0
    0
    2
    0
    0
    0
    0
    0
    0
    0
    0
    0
   89
   52
    0
    0
    6
    3
    0
    0
   11
    0
   69
   81
    0
    0
    0
    0
    0
    0
    4
    1
    0
    0
    0
    0
    0
   77
   15
    0
    0
    0
    0
    0
    0
    0
    0
    0
    2
    0
    0
    0
    0
    0
    8
    0
   10
   25
    1
    0
    0
    0
   10
   15
   75
   10
  102
   68
   30
    5
   63
    0
    0
    0
    0
    7
    0
    0
   26
    0
    9
   14
    0
    0
    0
    0
    0
    0
    3
    3
    0
    3
    3
    0
    0
   11
    0
    0
    0
    1
    0
  158
    0
    0
    0
    0
    0
   12
    3
    0
    0
    0
    0
    0
   11
    2
    1
   36
  119
   87
    8
    0
   56
   28
    0
    0
   34
   51
   82
   48
   97
    8
    0
    0
    9
    3
   48
    2
    0
    0
   28
    9
    3
    0
    2
    7
    0
    0
    0
    0
   14
    0
    4
   15
    7
    0
    0
    0
    0
    0
    0
    0
    6
   61
    0
    0
   24
   42
   32
   28
    1
   21
    0
    0
    0
   52
    2
   18
    0
    0
   10
    0
    0
    0
    0
    1
    0
    0
    0
    0
    0
    1
    0
    0
   45
    3
    0
    0
    0
   20
   99
    0
   65
    9
    1
    0
   33
    5
    1
    8
   75
   45
   67
   10
   30
    1
    0
    0
    0
    2
   36
   12
   87
   34
    6
   10
   69
    1
    0
    0
    0
    0
    0
    1
    0
    0
    0
    0
    2
   31
    9
    0
    0
    0
   18
   32
   13
   27
   19
   19
    0
    0
    0
    0
    0
    0
    2
    8
   33
    0
    0
   10
   18
    1
    0
    2
   10
    0
    0
  161
    8
    1
    1
    0
    0
    0
    0
    0
    0
    0
    0
    0
    0
    1
    4
    0
    0
    6
   67
    0
    5
   11
   10
   62
    0
    3
  326
   33
   19
    4
   92
    1
    0
    0
    1
   51
    0
    0
   46
   78
  349
    0
    0
   35
   17
   93
    6
    1
    0
    0
    7
   19
   17
    1
    0
   12
    1
    0
   19
   11
    0
   27
   42
   40
   35
   21
   71
   55
    0
   50
   15
   47
    0
    0
   67
    4
    6
    0
    0
   43
    7
   36
    0
    0
    0
   45
   41
   22
   27
    0
    1
   72
    0
    3
    0
    0
    0
    0
    0
    0
    0
  289
   35
    0
    0
    0
    0
    0
    0
    0
    4
   24
    5
    7
    0
   84
    6
   22
   75
    2
    6
    0
    0
   98
    1
   78
    3
    0
    0
    4
   64
   17
  155
    1
  135
  153
   19
   84
   24
    0
    0
    0
    0
    0
    0
    0
    0
    3
    0
    0
    3
  305
   12
    9
    0
    2
    1
   75
    2
    4
    9
   18
   88
   12
   30
    0
    0
   25
    0
    0
   10
    0
    0
   34
   75
   41
    3
   17
   74
   10
   18
  100
  170
   37
    3
   64
    0
   10
    0
    7
   64
   60
    0
    0
    0
   85
   24
   42
    9
   14
   10
   10
    0
    0
    8
    0
    0
    8
   12
    0
    0
    6
    2
    0
    0
   15
   25
   48
    3
    0
    0
    0
    0
   17
   10
   53
   51
    2
    0
   10
    0
    9
    1
   10
    1
    2
    0
    0
    0
    4
    0
    0
    0
    0
    0
    5
    1
    0
    0
   30
   14
    1
    0
   65
    1
   12
    6
    0
    0
    0
    0
    0
    0
    0
    2
    0
    0
   46
    1
   67
   32
   22
   17
   30
   18
    8
   33
   30
   52
   37
   67
   25
    0
    0
    0
    5
   64
    3
    2
   47
    4
    4
   50
   15
   40
    6
   53
    6
   13
    8
    4
    0
  123
   92
    0
    4
   45
    1
    0
    0
    6
   78
    0
    0
    0
    3
    0
    1
    0
    0
   12
    7
    2
    9
    3
    2
    0
    0
   40
   17
    0
    0
    0
    0
    0
    1
   33
    9
   50
   53
   10
    0
    0
   33
    0
   15
    0
    1
   69
   11
    0
    2
    0
   13
    0
   20
   22
    0
    0
   10
    1
    0
    0
    0
    0
    0
    0
    0
    0
   25
  133
    0
    2
   14
  101
    1
   36
   35
    0
    0
    0
    0
  121
   85
   19
    0
    0
    0
    0
    0
   14
    0
  129
    0
    3
   87
    1
    0
    0
    0
    0
   60
    0
   90
    9
    0
    0
    0
    0
    0
   83
  211
   35
   26
   37
    3
    0
   26
    0
    1
    0
    6
    0
   30
    9
    0
    0
   17
  198
  142
  129
   37
    7
    0
    0
    2
  146
  131
   24
    0
    0
    0
    0
    0
    4
   14
   13
    0
    0
    0
    0
    0
    0
    0
    0
    0
    0
    0
    0
   94
    0
    0
    0
    0
    2
   82
    0
    0
   56
   11
   72
    6
   18
    0
    8
    0
    0
    0
    0
    0
   15
  137
   92
    0
    2
   43
    1
    0
    0
    0
    0
   11
   33
    0
    0
    0
    0
    0
    0
    0
    0
    0
    0
    0
    0
   98
    0
   17
    4
    0
   12
   46
    0
    4
   30
    7
    2
    9
   26
    1
    0
   43
    8
   13
   54
    4
   23
    0
    0
   15
    0
    0
    0
    0
    0
    0
    0
    0
   17
    0
   34
    5
    0
    0
    0
    8
   34
    0
  135
    0
    0
    0
    6
   20
  134
  134
  152
    0
    0
    6
   38
    0
    0
    1
   11
   36
   14
   10
   10
    4
    6
    0
    0
    0
    0
    0
    0
    5
   10
   28
   21
    2
    1
   16
    0
    0
    0
    7
    1
    8
   13
   30
    1
    4
    1
    4
    1
    0
    0
    3
    0
   19
  122
   30
    3
   10
    4
    1
   42
    0
    0
   20
    0
    1
    0
    4
   36
    0
    0
    0
    0
    0
    4
   30
   24
   73
    3
   24
   27
   30
    2
    1
    0
    4
    0
    0
  123
   18
   48
    1
    5
    7
    8
    0
    0
    0
   15
    8
   30
    0
    1
   36
   15
   40
   16
    8
   25
   25
   31
    1
    9
   27
   68
   94
    0
    0
   18
    3
   23
    9
   60
    7
    2
    0
    5
   63
  163
   25
   58
   11
   25
   96
   30
  145
   90
    0
    0
    0
    0
    0
    5
   65
    1
   15
   72
    1
   18
  114
   10
    0
    0
    0
   20
    1
    0
    3
    0
    0
    0
   23
    6
    0
   11
    1
    0
    0
    7
    1
    0
    0
    0
    0
    6
    0
    0
    0
    0
    0
  101
   76
    1
    0
    0
    0
    0
    0
   90
    0
    0
    0
    0
    0
    0
    0
    0
   27
    4
   23
   40
   52
   38
    0
    0
   12
    0
    0
    0
    3
   26
    0
    0
    0
   20
    0
  147
    8
   47
    0
    0
   22
   43
    0
    0
    0
   50
    0
    0
    0
    0
    0
    0
    0
    4
   22
   27
    4
    0
    0
    0
    0
   15
   70
    0
   32
    2
    0
  221
   44
    4
    9
   17
    0
   17
  197
   15
    0
    2
    0
    8
    0
    1
    0
    0
   17
    1
   10
   14
   21
    1
  126
    0
    0
   10
    0
    0
    0
    0
    2
    3
    0
    9
    0
    0
    0
    0
    0
    0
    2
    0
    0
  151
  130
    0
    0
    0
    0
    0
   80
   15
    0
    0
    0
  202
    8
   36
    4
    3
   37
   53
    0
    0
    0
    0
    0
   33
    0
    3
   55
    2
    1
    0
    1
  157
    2
    0
    0
    1
    0
    1
    0
    0
    0
  123
    0
    0
    0
   15
   28
  112
    0
    3
    1
    7
    0
    1
    3
    0
    0
    4
    1
    0
    0
    0
    0
    7
    0
    8
   26
   10
   10
    0
    1
   10
    4
    0
   20
    1
    0
    0
    0
    6
    0
    0
    0
    0
    1
   97
    0
    7
   41
    0
   11
    0
    7
    0
    0
    3
    4
   16
    0
   52
    0
    0
    0
    1
    0
    2
    0
    0
    2
    7
    0
   10
   15
    4
    1
   14
   12
    0
    1
    2
    0
    0
    0
    0
    0
   12
   10
    7
    0
    0
    3
   10
    3
    1
    0
    0
    0
    5
   24
    0
    0
    0
   25
    0
    0
    0
    0
    0
    0
    0
    0
    0
    1
   10
   22
    4
    4
   31
    0
    1
    0
    0
    5
   20
   52
    9
   52
   31
    1
    0
    0
    0
   10
    0
    0
   32
    0
    0
    0
    0
    5
    0
    0
    6
    7
   12
   70
    1
    0
    8
    0
    0
    0
    1
   74
   38
    3
    0
    3
   55
    5
   10
    3
   82
    5
    2
   24
   10
  138
   33
   10
    0
   54
   38
   47
  128
   99
    4
    2
    5
   43
   33
    0
    0
    0
    5
    9
    1
   23
    0
    6
    0
   29
    5
    4
   12
    4
   52
   25
    5
   10
    1
   31
    8
    7
    0
    0
   27
   27
    5
   15
    2
    0
    0
    0
    1
   30
  135
   54
    7
    0
    0
    0
    0
    0
    0
    0
   14
   25
   52
    5
    0
    0
    0
    0
    0
    0
    0
    0
    0
   18
    0
   13
   72
    4
   12
   75
   12
    0
    1
    8
   16
   25
   72
   36
    0
    0
    1
   38
   32
   61
  130
    0
    0
   34
   83
    0
    0
    0
    0
    9
   38
    0
    8
    2
    0
    0
    0
    0
    4
  345
   38
   38
    0
   21
    5
    0
   35
  331
   68
    1
    0
    1
   10
    7
    0
    0
    0
    0
    0
    0
    0
    0
    0
   57
    0
    0
   18
   64
    8
   15
    0
    9
    0
    0
    0
    0
    2
    0
    0
   17
    1
    0
    0
   88
   20
    0
    0
    0
    0
    0
    7
    0
    0
    0
    7
   66
    1
   19
   36
   25
   15
   89
   35
   46
   85
   20
   65
   84
    6
    3
  105
    0
    0
   16
   18
    5
    0
    0
   51
    2
    0
   15
    0
    0
   29
   39
    0
   80
   25
    0
    0
   25
   11
    2
    0
    0
    0
    0
    0
    0
    0
    0
    0
    0
    0
   39
    4
    5
   37
    1
    0
   16
   29
   12
    0
   42
   30
    1
    0
    0
    1
   22
  113
  202
    7
    0
    0
   59
    0
    0
    0
    0
    0
    5
   15
    0
    2
   96
    8
   13
   31
   23
   27
    7
   27
    0
   20
    4
    0
   33
   42
  139
   15
    0
    0
   15
   32
   60
    3
    1
    5
    7
   21
    1
   78
    1
   73
   70
    0
   17
    2
   21
   23
   32
  107
   33
   11
    0
   12
    0
    0
    0
   37
    5
    0
    0
    0
    4
    2
    0
    0
    0
    0
    0
    1
    0
   22
    3
    0
    0
   11
    8
    9
   74
   18
    0
    0
    0
    0
    0
    0
    0
    0
    0
    7
   11
   36
    1
    7
   95
   55
    0
    0
    0
    0
    0
   44
   40
    5
   35
   25
   31
   25
   33
   34
    6
    3
    0
    0
    0
    0
    1
   17
    0
    2
    0
    0
    0
   12
   40
    0
    0
    0
   19
   22
   92
   35
   68
   23
   24
    0
    0
    0
    0
    0
    0
    0
    0
    0
    0
    0
    0
    0
    0
    0
    0
    0
    0
    0
   58
  111
   35
    0
   14
    0
    2
    0
    0
    0
    0
   42
    4
   65
    4
    1
    2
    0
   13
    1
   28
   97
    0
   52
    0
    0
    0
   74
    7
    3
    0
    0
    0
    0
    0
   22
   81
    0
    0
    0
   47
    0
   51
    2
   30
    6
   17
    0
    0
    0
    0
    0
    0
   45
   15
   90
   27
    0
   10
    2
    0
   30
    5
    5
    0
    0
    0
    0
  142
   81
    0
    0
    0
    0
    0
   11
    0
    0
    0
    0
    6
    1
    0
    0
    3
    6
    0
    0
  102
    3
    0
    8
    0
    0
  173
   75
   29
    0
    0
    0
    0
    0
   10
    0
   22
    0
    0
    0
    0
  151
  111
    0
    0
   66
   35
   93
  116
  103
    0
   59
  349
  394
    4
    2
    0
    0
   11
    0
    0
    0
  122
    0
    0
    0
    0
    0
   32
    0
    0
    0
    0
    0
    0
    0
    0
   23
    0
    0
    0
    0
  143
    3
    0
    5
   32
    0
    8
    0
    0
    0
    0
    0
   72
   50
    0
   35
   56
    8
    0
    4
    0
    0
    0
   50
    0
   77
   55
   18
    0
    0
    0
    0
    1
    4
    0
   67
   57
   39
   33
   16
    0
   73
   16
    7
    3
   57
    7
   62
   11
    6
    0
    1
   48
   80
  122
    9
    0
    0
   33
   91
   60
   76
   14
    0
    0
    2
    1
    0
    0
   77
  208
    0
    0
  120
    1
    0
    5
   11
    0
    0
  184
  169
    0
    5
   15
   11
    6
    1
    0
    0
    0
    0
    0
    0
    1
    0
    2
   25
   26
    9
    0
    0
    0
  207
    2
   35
    0
   27
    1
    6
  144
  206
   11
   14
  132
   49
    6
    3
   16
    4
    0
    0
    7
    2
   13
  143
    1
    0
    0
    0
    0
    2
    0
    0
    0
  100
   12
   45
   10
   17
   72
   49
   13
   56
    0
    6
   55
    0
   13
    3
   48
   20
    0
    0
    0
    0
    0
    3
   12
    3
    0
    0
    0
    0
    0
    0
    0
    0
    0
    0
    0
    0
    3
   13
   16
    0
    0
   39
    0
    6
    5
    0
   60
   42
    0
    2
    0
    0
    0
    0
    0
    0
    0
    0
    0
    0
    3
    0
   39
    0
    1
    0
    0
   23
   12
   36
    0
    1
   28
    1
    0
    0
    4
    0
    0
    0
    0
    0
    0
    0
   61
  114
    0
    0
    0
    0
    0
    0
    6
   13
    0
    0
   25
    0
    0
    0
    0
    0
    0
    0
   60
   60
   14
    6
   24
   30
    7
    4
    0
    6
   70
   20
   31
   13
    0
    0
    0
   87
    0
    0
    0
    0
    0
   36
    0
    0
    0
    0
   39
    3
    0
    0
    0
    0
    0
   65
    0
    0
    0
    0
   27
   72
   42
    0
    0
    0
   15
    0
    0
    0
    0
    0
  129
   67
   31
   13
   26
   43
   24
    2
    0
    0
   34
    0
    0
    0
    0
    0
    0
    0
   62
    0
    0
    0
   71
   10
    6
   40
    1
    0
  161
   15
    0
    0
    0
    0
    0
    0
    0
    0
    0
    0
    0
    0
    0
    0
   36
    0
    2
    0
    0
   10
   24
    0
    0
    0
    0
   17
    0
    0
    0
    0
   50
   25
   21
   18
   10
   26
    0
    0
    0
    0
    0
    6
    0
   75
  476
   73
    0
    0
    0
    0
    0
    0
    0
    0
    0
    0
   49
    0
    0
    0
    0
   57
    3
    0
    1
    1
    5
   39
   47
   20
   83
   88
    9
    2
    1
    0
    0
    0
    0
    0
    0
    0
    0
    4
   40
    7
    0
    0
    0
   22
    0
    0
   62
    4
    1
    4
    0
   20
    0
    0
    0
    1
    0
    0
    0
    0
    3
    3
    0
    0
   55
    3
    0
    0
    0
    0
    0
    0
    0
    5
    0
    4
   77
   13
    0
    0
    0
    0
    5
    1
   10
    0
    0
    0
    0
    7
    1
   80
   45
    3
   26
    0
    0
    2
    1
   30
   58
    0
    0
    0
    0
    0
    2
    0
    0
    2
    0
    8
    1
   55
    4
   76
    0
   15
   60
   16
   30
   67
   62
    8
   47
    2
    0
   10
   96
   20
    6
    0
    0
    6
    0
    0
    0
    2
    5
    0
    0
    6
  188
    2
    0
    0
    0
    6
   16
   30
   87
   15
   19
    8
    8
    0
    0
    5
    8
    5
    0
    0
    0
    3
    2
    0
   26
    0
    0
    6
   66
    7
    5
    0
    0
   11
    4
    4
   57
    9
    0
    0
   31
    0
    0
    0
    0
    0
   55
   33
    5
    3
   12
   15
    0
    5
    0
    0
    0
    0
    0
    0
    0
    0
    2
   17
    6
   21
   33
    0
   35
    0
    0
    0
    0
    0
    0
    1
    1
   26
    0
    0
    0
   43
   16
    0
    9
    0
    0
    0
    0
    5
   80
    0
   10
   48
  163
  162
    0
   22
    3
   38
   12
   15
    0
   43
    0
    0
    0
    0
    0
   22
   10
   49
    2
    0
   11
    0
    0
    0
    0
  141
    0
    6
    0
   63
   46
    0
    0
    0
   10
   10
   60
   18
    1
    0
   18
    0
   37
    0
   31
    0
    6
   10
   18
    0
    0
    0
   22
    1
    3
    0
    3
   39
   81
   23
  123
    0
    1
   82
    7
   17
    5
   36
    2
   17
    0
    0
  131
   80
    3
   43
    1
  297
   93
    3
   15
   25
    0
    0
    0
    0
    0
    0
    0
    0
    0
    0
    0
    0
    0
    0
    0
    0
  109
    1
   53
    0
    1
    8
    4
   44
    4
   15
    0
    0
   24
    0
   36
    7
   31
    5
   63
    3
    0
    0
    0
    0
    0
    0
    0
    0
    0
    0
  113
   54
    0
    0
    3
    0
    0
    0
    1
    5
    7
   72
   70
   32
    7
   57
    1
    4
   56
    0
    0
   22
    0
    0
    0
   43
    0
   15
    0
    0
    0
    0
    0
    0
    8
    0
    4
    2
    0
   73
    0
    0
    0
    0
    0
   90
    3
    0
   22
  106
    4
    4
    2
    0
   17
    2
   40
   41
   35
  183
    3
    0
   43
   33
    0
   12
   41
   10
  292
   92
   10
   20
   10
   60
    0
    0
    3
   30
    4
    0
    0
    0
    4
    0
    0
    0
    0
    1
    0
    0
    0
    0
    0
    0
    0
    0
   13
   70
   20
    0
    0
    0
    4
    2
   13
   20
  203
   45
    3
    0
    0
   12
    6
    0
    1
    4
   10
    9
    0
    6
    0
    0
    2
   26
    3
    0
    0
    0
    0
   15
    7
  192
    2
    5
   87
   85
   35
    0
   27
   31
    1
   10
  134
    0
   41
   26
    0
    0
    0
    0
    4
    0
   34
  135
   40
   34
    8
   50
   60
   12
   16
    7
    0
   12
   70
    0
    0
    5
   60
   22
    0
    0
    0
    1
    6
    9
    9
    7
   10
   18
    0
   35
   12
   17
    1
    0
    0
    0
  105
   10
    0
    0
    7
    8
    0
   42
    2
    1
    0
    7
    0
    0
    0
    0
    0
    0
   18
    0
   12
    4
    2
    0
    0
    0
    0
    0
    0
    0
   90
    0
    0
    0
    0
    0
    0
    1
   25
    8
   74
    0
    0
    0
    0
    0
   14
   94
   12
   35
   30
   27
    2
    0
    1
    0
    0
   84
   29
   27
    5
    0
    0
    0
   44
  183
   34
    0
    0
    0
    0
    0
    0
   43
    0
    0
    0
    0
    5
    8
   92
   58
    2
    0
   73
    0
    1
    0
    2
    0
    0
   17
    0
    0
    0
   85
    0
    0
   18
  104
    0
    0
    0
   82
  277
  104
    0
    0
   10
  102
    4
   33
   18
    8
   18
    0
    0
    0
    5
   15
    0
    0
   14
   81
   42
   65
   26
    3
   23
    2
    0
    2
    0
  215
   12
    0
    0
  185
   60
    1
  147
   45
   11
   56
    0
    1
    5
  166
    8
   55
   11
    0
    0
    0
    0
    3
    2
  158
   75
    0
   15
    0
    0
    0
    0
    0
    0
    0
    0
    4
    0
    0
    0
    0
    0
    0
    5
    7
   64
    0
    0
   72
  112
    5
    0
    0
    0
    0
    0
    0
    0
    0
   30
    0
   55
   11
    5
  125
    1
    1
    0
    0
    0
    0
    0
    0
    0
    0
    0
    0
    0
    0
    0
    0
    0
    0
    0
    4
    0
   26
    6
    3
    1
    0
    0
    0
    0
    0
    0
    5
    0
   43
   32
    0
    1
    0
    0
    0
    0
    0
    1
    0
   56
   39
   62
    0
   28
  131
   14
   20
    9
    0
    0
    0
    2
    4
    0
    0
    0
    0
   21
   10
    0
    0
    3
    9
    3
    0
    1
   13
    6
   20
  113
   65
   15
   11
   43
   21
   27
    9
   26
   19
   23
    4
   30
   48
    3
   29
    1
    0
    0
    0
   15
    0
    0
    0
    0
    0
    0
   20
    1
    0
    0
    0
    0
   25
   55
    3
   30
   53
    2
    0
    0
    0
    1
    0
    0
    0
    4
    0
    0
    3
    3
   17
    0
   58
  115
    8
   86
   52
   14
    0
    0
    0
    8
   20
    2
    1
    0
   20
    6
    4
    1
    0
    1
    6
   18
   10
   13
    0
   36
    1
    2
   41
    6
   30
  135
   13
  103
   60
    0
    0
    2
   11
   11
    0
    0
    0
   19
    0
    0
    3
   42
   59
    4
    0
   10
  111
   66
    5
   42
    3
    6
    0
    0
    0
    0
    0
    5
    0
    7
   14
   32
   10
   52
   11
    0
    0
    0
    0
   54
    0
    0
    0
   10
  180
   15
   73
    0
    4
    0
    0
    0
    0
    0
    0
    0
    4
    0
    0
    0
   11
   84
    0
   24
   36
   73
   24
   70
    0
   68
    0
    0
   21
  118
  200
    9
   84
   38
   44
    4
    0
   22
    0
    0
   63
    0
    0
    0
    0
    0
    0
    0
    0
   93
   92
    0
    0
   39
    2
    0
    0
    0
    0
    5
    0
   20
    2
    0
    0
    0
    0
    0
    0
    0
   31
  230
    3
    0
    0
    0
    0
    0
    0
    0
    0
    0
    0
    0
    0
    0
    4
    0
    0
    2
    0
    0
   22
   76
   12
   23
   54
    5
    0
    0
  161
  208
    0
    6
    0
   31
   28
    4
    6
   32
    8
   12
    0
   10
    5
    3
    6
    9
    0
    3
    3
   25
   31
   50
   50
    6
    0
    0
    0
   20
    0
    0
    0
   24
    0
    0
    0
    0
    0
    0
    0
    0
    0
    0
   44
   13
    0
    0
    0
    0
    0
    3
    0
  103
    0
    0
   47
   45
   33
  322
    2
   30
    1
   26
    0
    0
    0
    0
    0
    4
    0
    0
    0
    0
    7
    0
    0
    1
    0
   17
    0
    0
    0
   13
   68
   11
    0
    0
   23
   29
    3
   30
   23
    0
    0
   25
   40
    0
   37
   12
   30
    4
    0
    0
    1
    0
   11
    0
  105
    0
   25
    0
    0
    0
    0
    0
    0
    0
    0
    0
   13
    3
    0
    2
    0
    0
    9
    0
   65
   14
    7
    0
    0
   56
    4
    1
    0
   21
    2
    0
    0
    1
    1
    0
    0
   54
    0
    4
   24
