Station: Callenberg , scaling_factor: 10.0, latitude:  50.8419, longitude:  12.6381, altitude:  325, nodata_value: -9
start: ..1971-01-01  end: ..2006-02-28
    0
    0
    0
    0
    0
    0
    0
    0
    0
    0
    0
    0
    0
    0
   18
   12
    0
    0
    0
    0
    0
    0
   31
    3
    0
   21
   19
    6
    1
    0
    0
    0
    0
   72
   10
    7
    9
    1
   37
    4
    0
    0
    0
   22
    0
    0
    0
    3
    0
   80
   12
   21
   37
   49
   41
   52
    6
   11
   75
   11
    0
    3
   32
    5
    2
    0
    0
   31
    0
    0
    4
    0
    0
    6
   16
    0
    0
    0
    0
    0
   35
    0
    7
   27
    4
    0
    0
    0
    1
    0
    0
    0
    0
    0
    0
    0
    0
    0
    0
    0
    0
    0
    0
    0
    0
    0
   40
    0
    0
   42
    0
    0
   76
  153
   68
   33
   27
    3
    0
    0
    0
    1
    0
    0
    0
    0
    0
    0
   14
    0
    0
    0
    1
    0
   14
    0
    0
   48
    0
    2
    4
    3
  101
   13
    0
   77
    0
  125
  138
   13
    1
    4
    5
    0
    1
    4
   82
   37
    2
  154
   93
   80
   78
   32
   10
   16
   28
   11
   67
   87
   45
    0
    7
    0
    0
    0
   81
   26
   78
    4
   90
    0
   37
    0
    0
    0
    0
    0
    0
    0
    0
    0
    0
    0
   10
    0
    0
    0
    0
    0
    0
    0
    0
    0
    0
    0
    0
    0
   71
    2
    0
    0
    0
    0
   15
    0
    0
    0
    7
    0
    0
    0
    0
    0
    0
   77
    0
    0
    0
    0
    0
    0
   92
   48
  187
    0
    6
   36
   39
    0
    0
   20
   11
    0
    1
    0
    0
    0
    0
    0
    0
  226
   70
    5
   20
    1
   26
   22
    3
    0
   78
    0
    0
    0
    0
   32
   11
    0
    0
    0
   58
   14
    0
    0
    0
    0
    7
    0
    0
    0
    0
    0
    0
    0
    0
   62
  130
   12
    0
    0
    0
    0
    8
   21
    0
    0
    0
    0
    0
    0
    0
    0
    0
    0
    2
    0
    0
    0
    0
    0
    0
   17
   13
   85
    3
    6
    4
   45
   29
   37
   36
  303
   14
    0
   16
    0
   43
   14
    3
    1
    0
    0
    0
    0
    0
    0
    0
   26
   16
   15
   14
    2
  107
   42
   17
   73
    9
    0
    0
    0
    0
    0
   33
  112
    0
   36
   15
    0
    0
    0
    1
   28
    0
   15
    0
    0
    0
   17
    0
    0
    0
    0
   17
    7
    0
    0
    0
    0
    0
    0
    0
    0
    0
    0
    0
   18
    1
    0
    0
    1
   14
   15
    4
    4
    0
    2
    0
    0
    0
    0
    0
    0
    0
    0
    0
   25
    2
    0
    0
    1
    4
    0
    0
    0
    1
    0
    0
    0
    0
    0
    0
    0
    0
    0
    0
    0
    0
    0
    0
    0
    0
    3
    0
    2
  140
    0
    0
    0
    0
    0
    0
    0
    0
    0
    0
    0
    0
    0
    0
    0
    7
   72
   11
   28
    0
   56
   25
   73
   32
   12
    3
   12
   17
    7
    0
    0
   26
    5
    0
    0
   11
   10
    6
   18
   28
    0
   41
    1
    1
    0
    0
   29
    9
    0
    0
    0
    0
    0
   13
    0
    0
    0
    0
   48
   39
   75
  102
   11
   13
    8
   46
  114
    0
   27
   26
    0
   84
    0
    0
   30
    7
   20
   69
   58
   53
   44
    0
   18
    0
    0
    0
    0
   55
   60
    0
    0
   26
   86
  223
    0
    0
    0
   10
    0
    0
   28
    0
    0
    1
   24
    3
    0
    0
    0
    2
    6
   68
    0
    0
   25
    0
    0
    0
    0
    0
   25
  108
    0
    0
    0
    0
    0
    0
    0
    0
    0
    0
    0
    0
    9
   51
    2
    1
    0
    1
  241
  180
    0
    1
   32
   16
    4
   20
    0
    0
    0
    2
   20
  180
    0
  138
  148
  413
   10
   89
   48
    0
    0
   17
   62
    0
    0
    0
    0
    0
    0
    0
    0
    0
   82
    4
    0
    0
    0
    0
   27
   66
    0
  102
    0
    0
    0
    1
    0
   27
   50
    0
    0
    0
    0
   30
   45
   47
   11
    3
   34
    8
    0
    0
    0
    0
    0
    0
    0
    0
    0
    0
    0
    0
    0
    0
    0
    0
    0
    0
    0
    0
   34
   25
   26
  175
   47
    0
    0
    1
    0
  136
    0
    0
    0
    0
    0
    0
    0
    1
    0
    0
   16
    8
   37
   45
   34
   10
    5
    6
    0
  163
    7
   18
    0
    5
    0
   30
   61
    0
    0
    0
    0
    0
    0
    0
    0
    0
    0
    0
    0
    2
   11
    0
    0
    0
    0
    0
    0
    0
    0
    0
    0
    7
    0
    0
    0
    0
    0
    0
    0
    0
    0
    0
    0
    0
    0
    0
   12
    2
    5
    1
    2
    2
   11
    1
    4
    0
    0
    0
   15
    6
    1
    0
    3
    0
    0
    0
    0
    0
    0
   29
   62
    5
   11
  109
   12
   38
    1
    0
    0
    3
    0
    1
   67
   21
    6
   12
    1
    0
    0
    0
    0
    4
   61
    5
   48
   37
   20
   54
   25
   20
   29
   31
    0
    7
   39
   83
    1
    0
    0
    1
   53
    0
    0
   16
    6
    0
    0
    0
    0
   50
   50
   16
    1
    0
    0
    0
    0
    0
    0
    0
    0
    0
    0
    0
   18
    6
   55
    0
    4
    0
    0
    0
   52
  174
    7
   35
    0
    0
    0
   19
   48
   11
   40
    0
   56
    1
    0
    0
    0
    0
    1
   23
    0
    0
   39
  226
    2
    0
   20
    3
    2
   40
    5
   16
    0
    0
    0
   63
    0
    0
    0
    0
    0
    0
  312
    0
    4
   80
   20
    1
    0
    0
    0
   24
    0
   89
    2
    0
    0
    0
   11
    8
  172
    1
   41
    0
    0
   96
    0
    8
    0
  103
   30
    0
    0
    0
    0
   23
    3
    0
    0
    0
    2
    8
    0
    0
    0
    0
    0
    0
    0
    7
    0
    0
    0
   26
  335
   41
    0
  192
    4
    6
   18
    9
   83
    0
  121
   61
    3
   38
  254
   12
  133
    0
    0
    0
    0
    0
    1
   20
   25
    0
   61
    0
    1
    0
    1
    0
    0
    0
    0
    0
    0
    0
   49
    0
    3
    0
    0
    0
    0
    0
    0
    0
    0
  230
   18
    0
    2
    0
    0
    0
    0
    0
    0
   49
    3
    0
    0
    0
    0
    0
  103
   22
    0
    8
    0
    6
    0
   34
   88
    0
    2
    0
    0
    8
    0
    0
    0
    0
    0
    0
    0
    0
    4
    2
    0
  116
    0
    0
   25
   23
  107
    4
    0
   62
  102
  108
   17
   33
    0
    0
    0
    0
    0
    0
   13
    0
    0
    0
    0
    0
   91
    0
    0
    6
    0
    0
    0
    4
   35
   41
   25
   11
    0
    0
   13
   12
    0
    0
    2
   23
    0
  120
   14
    1
   55
    0
   17
    0
   33
   28
    3
   43
   28
   38
    2
    0
    7
    0
   60
   21
   71
    5
    0
    0
    0
    0
    0
    0
    0
    0
    7
    2
    1
   11
    0
    4
    5
    1
    0
    0
    0
    0
   51
    9
    3
    0
    0
    0
    9
    0
    6
   10
   11
   61
  164
    0
    0
    0
   51
   17
    5
    0
    0
    4
    0
    0
    1
    0
    0
    0
    2
    0
   10
   82
   24
    7
    7
    0
    0
    2
    0
    0
    0
    0
    1
    4
  106
    0
   10
  116
  100
   16
    4
    0
    0
    0
    0
    0
    0
    0
   29
    0
    1
    0
    0
    0
    0
    0
   27
   26
    1
    1
   34
   29
    3
    0
    0
    0
    0
    0
    0
    0
    0
    0
   31
    0
    0
    0
    0
    0
    0
    0
    0
    0
    0
    0
    0
    0
    0
    0
    0
   82
   15
    4
    0
    0
    0
    2
    0
    0
   18
    0
    0
    0
   10
    0
    0
    9
    0
    0
  118
   46
  112
   24
    0
    0
    0
  254
    2
   22
   66
    4
    8
    1
    0
    0
   14
   80
  220
   59
    3
    0
    0
    0
    0
    0
   12
   49
   49
    0
   89
    0
    0
   20
    4
   54
   44
   57
   79
  112
  101
   66
    2
   79
   11
   18
    3
   14
    4
    4
    2
    0
    0
   32
  328
   44
  152
  121
   59
    0
   52
    1
    0
  110
    1
    2
   96
    2
  108
    0
   17
   16
    0
    2
   78
   91
    0
  120
    0
    0
    0
   94
   21
    0
    0
    0
    0
    0
    0
    3
   11
    0
  302
    1
    0
    0
    0
   46
   65
    0
    0
    0
    0
    0
    0
    0
   18
    4
    7
   28
    0
    0
    0
    0
    0
   28
    0
    0
    0
   25
    5
    0
   46
    0
    0
   24
    0
    0
   77
    0
    0
    0
   29
    0
    0
    0
    0
  138
    0
    0
    0
    0
    0
    0
   12
    5
    0
  219
   15
    0
   70
    1
   52
    0
   10
    5
    0
    1
   42
    2
    0
    0
    0
    0
   21
  173
   14
    0
    7
  141
  111
  383
   76
   25
   10
    1
   31
   21
   42
   49
   35
  128
   56
    3
    1
    1
    0
    0
    0
    3
    5
    0
    0
    0
    0
    0
    0
    0
   18
    0
    0
    0
   92
    0
    7
    3
   51
   34
   14
   23
   19
   31
   16
   43
   28
   19
  206
  262
   92
   33
   36
   29
   11
   23
    0
   26
    5
   56
    9
    7
    0
    0
    0
    0
    0
   83
   46
   16
   14
  106
   32
   52
   41
    3
    0
    2
    2
    3
   43
   24
    1
    0
    0
    0
    5
    0
    0
    0
    0
    0
    0
    0
    6
   16
    2
    0
    9
    0
   37
   54
    0
   25
   36
    3
   39
    0
    0
    0
    0
    0
    0
    0
    0
   10
    0
   14
   13
    0
    0
    6
   55
   41
    0
    0
    0
    0
    0
   21
    0
    0
    0
    0
    0
    0
    0
    0
    0
    0
    0
    0
    0
    0
   32
   14
   40
   16
   25
    0
    5
    1
   16
    0
    0
    0
  107
   36
   56
    8
    2
    1
    0
    0
    0
    9
    0
   48
   39
   21
    0
    0
    0
    1
   38
   22
   23
  118
  216
   62
    3
    0
    0
    5
    0
    0
    0
    0
    0
    0
    0
    0
    0
    0
    0
   29
  118
    0
    0
    0
    0
  219
   46
    0
   27
   19
    0
    0
    0
    0
    3
   14
    0
    0
    0
    0
    0
    0
   10
    0
    0
    0
    4
   17
    0
    0
    0
    8
    0
    0
    0
    0
   19
  162
   61
    0
    0
    0
    0
   54
   27
   12
  224
    1
   84
   20
   32
    0
  220
    0
    0
    0
    0
    0
    5
   21
    7
   30
    0
    0
    0
    0
    0
  205
   22
   55
    0
    0
    0
    0
    1
    3
  212
   58
    9
    0
   37
    0
    0
   54
    0
    0
    0
    0
    0
    0
    0
    0
    0
    0
    0
    0
    0
    0
    0
    0
    0
    0
    0
    0
    0
    0
   46
   52
   14
    2
    0
  651
   19
  171
   73
    0
    0
    0
    0
    0
    0
    0
    0
    0
   68
    4
    0
    0
    0
    0
    0
  154
    0
    0
    1
    0
    0
    0
    0
    3
    0
    0
    0
    0
    0
    0
   17
    1
   13
    0
    3
    3
    5
   21
    5
   62
    0
   34
   11
   43
    0
    0
    0
   34
    0
    0
    0
   49
   22
   12
    7
   32
   16
    0
    3
    0
    0
    0
    0
    0
    0
    0
    0
    0
    0
    0
    0
    2
    0
    0
    0
    0
    0
    0
    0
   43
    0
    0
    0
   26
   75
  112
   10
   14
    0
    0
    0
    0
    0
   30
    2
   17
    1
    0
   12
   22
   24
    2
    5
    1
    3
   18
    0
    0
   27
    0
    0
    0
    3
    0
    0
    0
    5
    0
    0
    5
   19
   69
    1
    0
    0
    0
   25
   77
   38
   19
   15
   70
   53
    3
    0
   12
   71
   68
   28
  155
   97
   52
    7
    8
    1
   24
   39
   25
   87
   50
   34
    8
    0
    0
    2
    0
    0
    0
    0
    0
    0
    0
    0
    0
    0
    0
    0
   54
   14
   15
   45
   12
    5
    0
    0
    0
    0
    0
    0
    0
    0
    5
    0
    0
    0
    0
    0
    0
    0
    0
    0
    0
    0
    3
    0
   11
    2
    0
    0
    0
    0
    0
   26
   17
    1
   24
    0
    4
    0
    0
    0
   46
   73
   18
    0
    0
    3
    0
    0
    0
    0
   21
   20
    2
    3
    8
    0
    0
    0
    0
    0
    0
    6
    1
    0
    0
    0
    0
    0
    0
   27
   23
   11
    0
    1
   12
    1
    0
    0
    0
   12
    0
    0
    0
    0
    0
    0
    0
   10
    2
    0
    0
    0
    0
    0
    0
   28
   83
   47
    0
    0
    5
    3
    0
   29
    2
   12
   46
   89
  137
   38
    5
   13
    0
    0
    0
    0
    0
    0
    0
    0
    0
    0
   53
   76
    0
    0
    0
    0
    0
    0
    0
    0
    0
    0
    0
    0
    0
    0
    0
    0
    0
    0
    0
    0
    0
    3
    0
    0
    0
    0
  148
   47
   20
    0
    3
    1
    2
    4
    1
    2
    0
   30
   38
    2
    0
    6
    0
    0
    0
  140
   20
   85
    6
    5
   10
    5
    0
    0
    0
    0
    3
   35
    0
    0
    0
   10
   80
    5
    0
    0
    0
    0
    0
    0
    1
   62
    5
    0
   37
    9
    0
   80
    0
   36
    0
    0
    0
    0
   33
    0
    0
    0
    0
   50
    0
    0
    0
    4
    0
    0
    0
    0
    0
   10
    0
    0
   11
   40
   75
    1
    0
    0
   38
   22
   17
    0
    0
    0
    0
    0
    0
    0
   27
    0
    0
   97
   55
    0
    0
    0
    0
    0
    0
    0
    0
    0
    0
    0
    0
   22
    1
    0
    2
   20
    0
    0
    0
  138
    0
    0
    0
    2
    0
   37
   58
   45
   31
    0
    0
    9
    1
    9
   22
   41
   71
   24
    4
   58
    6
    2
    1
   12
    5
    0
    0
    0
    0
   19
    5
   14
    0
   76
   40
   50
   14
   15
    1
    0
    0
    0
    0
    0
    0
    0
    0
   17
    0
    0
    0
    0
    0
    0
   26
    0
    0
    0
    0
    3
   11
   22
    4
    0
   31
    7
    0
    0
    0
   18
    1
    0
   23
    0
    0
    0
    0
    0
    0
    0
    0
    0
   92
    0
    0
    0
    0
    3
    6
   35
    7
   29
   18
    7
   20
    6
    1
    0
    0
    0
    0
    4
    5
   26
   16
    8
    0
    0
    0
    0
   23
   18
    5
    1
   40
   20
   24
    0
    0
    0
   62
    0
    0
    0
  192
   12
    6
   12
    0
    0
   42
   56
    0
    0
    0
    0
    0
    0
   61
   62
   64
    0
    0
    0
   22
    0
    7
   26
    1
    7
   10
    6
    2
    5
   31
   32
  146
   21
   76
    0
    0
    0
    0
    0
   42
    2
   63
   12
    0
   26
    4
    2
  127
   18
    8
    0
    0
    0
  148
    0
    0
  122
    0
    0
    0
   62
    0
   19
   23
   28
    0
    0
   19
   21
    1
    0
    0
    0
    0
    0
    0
    0
    0
    0
    0
    0
    2
   66
   10
   61
    8
    2
    0
    0
    0
    0
    0
    0
   81
  193
   11
    2
   86
  406
    4
   10
    0
    0
    0
    0
   49
    0
    0
   41
    0
    0
    0
    0
    0
    0
   17
    1
   12
   13
   38
    0
    0
  194
    0
   33
    0
   16
   45
    0
    0
   32
    0
    0
  184
  142
    0
    0
    0
    0
    0
  123
   32
    0
    7
    0
    0
    0
    0
    0
   73
  318
  158
   46
    7
    3
    0
    0
    3
    4
    7
    0
   24
  133
    0
    0
    0
   32
   10
    0
    0
    0
    0
   62
   22
  216
    1
    0
   32
   41
   51
    8
   57
    8
    0
    0
    0
   24
    4
    0
    0
   28
    0
   58
  129
   17
    0
    0
    0
    0
    0
    0
    0
   46
   31
    4
    3
    4
    0
    0
    0
    0
  117
    0
    0
    0
    0
    0
    0
    0
    0
    0
    0
    0
    0
    0
   88
    5
    0
    0
    3
   56
    0
   62
   41
   67
  151
    8
    0
    0
    0
   43
  272
    0
    0
   72
    0
   73
    0
    2
   39
   34
    0
    0
    0
    3
    8
    7
   31
   39
   29
    4
    0
   31
    6
   35
    6
    0
    0
    0
    5
    0
    0
    0
   10
   97
    2
   46
    3
    1
    0
    0
    0
    0
    0
    5
    4
   13
   18
    6
   16
    1
   12
    7
   29
    0
    5
    3
   18
    1
   37
    1
    0
    5
    2
    0
    0
    0
    2
    0
    0
    0
    9
    0
    0
    0
    0
    0
    8
   47
   13
    0
    0
    0
    5
    0
    3
    0
    1
   10
    0
    0
    4
   11
   10
    0
   41
    2
    0
   17
   10
    0
    0
    0
    0
    0
    0
   21
    1
    0
    0
    0
    0
    0
    0
    0
    0
   30
    5
    0
    0
   83
    0
   26
    0
    7
   24
    0
   11
    7
   13
   26
   35
   13
   23
    3
    2
    0
   42
    0
   26
    0
    0
    0
    0
    0
    0
   11
   29
    0
    0
    0
    0
    0
    6
   73
    0
    0
   10
   21
    0
    0
    0
    0
    0
   73
    0
    0
    0
    0
    0
    0
    0
   33
    0
   36
  101
    0
    0
    0
  412
  814
  213
   13
   28
   13
   58
   25
    0
   22
    0
    0
    0
  112
   88
    0
   27
    0
    0
    5
    0
    0
    0
    0
    0
    0
    0
    0
    7
    0
   30
    0
   43
   28
    0
    0
    0
   11
  188
  145
    0
    2
    0
    0
    0
   58
   18
    0
   14
    6
    0
  171
   28
    0
    0
   14
    0
   16
   21
   20
   17
   18
   15
  105
   77
   54
    0
    0
    0
    0
    0
    0
    0
  131
    6
    7
   86
    0
    0
    0
    0
    0
    0
    0
    0
    0
    0
    0
   30
   35
    0
    0
    0
  400
  600
   40
   60
   10
    0
    0
    0
   10
   10
   69
    0
    0
    0
    0
    0
   18
    0
    2
    0
    7
    0
    6
  138
   55
    5
   46
    4
    0
    0
    3
   15
    0
   61
    0
  121
    2
    2
    0
    0
    0
    0
    0
   58
   63
    5
  235
   31
    1
   14
  175
    2
   20
   54
    3
    0
    4
   92
  147
   91
    0
    0
    0
    0
    0
    0
    0
    0
    0
    0
   29
   35
    0
    0
   21
   24
  122
    0
    0
   94
    0
   10
    8
    3
    0
    0
    0
    0
    0
    0
    0
    0
    0
    0
    0
    0
    0
    0
    0
    0
    0
    0
    0
    0
    0
    0
    0
    0
    0
    0
   76
   21
    4
   16
   18
   69
   66
    1
    0
    0
    0
    0
    0
   85
   16
    0
    0
    0
    0
    6
   11
   40
    0
    0
    7
    1
    0
    0
   17
    1
    0
    3
   10
   27
  151
  254
   24
    4
   25
    5
   10
    5
    0
   11
   51
   21
    0
    0
   54
   14
    7
   18
   81
    0
    0
    0
    0
    0
    0
   29
    8
    2
   11
   21
    6
    0
    2
   13
   34
   10
    4
    0
    6
   24
    0
    5
    0
    0
   92
   10
    8
   53
    1
    2
    2
    8
    0
    0
    0
    0
    3
    1
    0
    0
    0
    6
    1
   10
    0
   80
    0
    0
    0
    0
   15
    2
  149
   26
   57
   32
    0
  104
    0
    0
   28
   35
    0
    2
    0
    0
   21
   24
    0
    2
   89
  114
   22
    3
   18
    0
  181
    0
   30
   68
    1
    0
    0
    0
    0
    0
    0
    0
   76
   10
    0
    0
    0
    7
   32
   16
    7
    0
   26
   42
    0
    3
   29
   16
    2
    0
    8
   25
    6
    0
    0
    0
    0
   36
    3
    0
    0
    0
    0
   24
   37
    0
    0
    0
    0
    0
   26
    0
    0
  186
    0
    0
    0
    0
    0
    0
    0
    8
   24
  296
   18
  267
    0
    0
    0
   28
    0
    0
    0
   58
    0
    0
    0
    0
    0
    0
    0
   18
    0
    0
  152
   90
    2
    0
    0
    0
    0
    0
    0
    0
  131
   32
  170
    0
    0
    0
    0
   38
    0
   15
   65
    0
    2
    0
   30
    6
    0
    0
   81
   75
   32
    0
   85
    0
   15
    3
   70
    0
    0
    0
    0
    0
    8
  143
    0
    0
    0
    0
    0
    0
    0
    0
    0
    0
    0
   13
   56
  105
    0
   38
    1
    6
    0
    0
    0
    0
    0
   10
  300
   43
    0
    0
    0
   32
   28
    0
    0
    0
    0
    0
    3
    0
    0
    0
    0
  178
  163
  185
   66
   26
    0
    0
   11
    3
    0
    0
    0
    0
    0
    0
    0
    0
    0
    0
    0
    0
    0
    0
    0
    0
    0
    8
   46
   34
    0
    0
    0
    0
    0
    0
    0
    0
    0
    0
    8
    3
   72
   32
   12
    0
   33
   55
    0
   75
  115
    1
    0
    0
   22
   18
    0
   63
    0
    0
   81
   10
    3
    0
    0
    0
   15
    0
   14
    6
    2
    0
   20
    0
    0
    0
    0
   34
   14
    0
    2
   23
  130
   96
   10
   32
   41
   21
   20
   37
    4
    0
   45
    0
    0
    8
    0
    0
    0
    0
    0
   14
   12
   28
   58
   25
   10
   28
   25
   34
    7
    0
    0
    3
    0
    0
    0
    0
    0
    1
    1
    0
    0
    0
    0
   14
   12
    1
   41
   28
    1
    0
    0
   30
   36
   34
   14
   45
   12
   62
   76
    2
    0
    0
   51
    5
   19
    2
    0
    1
    8
    0
    0
    0
    0
    0
    0
    0
    0
    0
    0
    0
   21
   11
    5
    6
    8
   15
    0
    5
    1
   93
   49
   16
    0
    0
    0
    0
    0
    0
    0
   22
   84
    0
    0
    0
    2
    0
    0
    6
   10
    6
    8
    3
    0
  102
   38
  102
    0
    0
    0
   37
   26
   72
   43
    1
    0
    0
    0
    0
    0
    0
   22
    9
    8
    0
   22
  322
  305
    2
   45
   44
    4
    0
    0
    0
    5
    0
    0
    0
    0
    0
  124
    8
    0
    0
    0
    0
    0
    0
    0
    0
    0
    0
    0
    0
    0
    0
    0
    0
    0
    1
   68
   16
    1
    0
    0
    0
   36
    0
    6
    0
    0
   23
    0
    0
  152
    0
    0
    6
  183
    1
  120
   80
  130
    0
   11
   53
   68
    6
    4
   41
   32
   36
    7
   34
   37
  128
   40
   10
   18
    0
   82
   38
   29
    6
   51
   38
   62
   36
  162
    0
    0
    6
   33
    8
  460
   40
    0
    0
    0
    0
    0
   10
    0
   60
    0
    0
    0
    0
    9
    0
    0
    0
    0
    0
    0
    0
  233
    0
    0
    0
    0
    0
    0
   87
    2
   52
   29
    1
   55
    0
    0
    0
    0
   32
   21
  191
   31
    0
    0
    0
  122
   11
    0
    0
    0
   60
   21
   42
   26
   38
   43
    0
   19
    0
    0
    0
    0
    0
    0
    0
   86
    0
    0
    0
    0
   24
   25
    1
    0
    0
    0
    0
  116
    0
    0
    0
    0
  196
  305
    9
    0
    0
    0
  116
   16
    0
    0
    0
   46
   35
    0
    6
    9
   56
    1
    1
    0
    0
    0
    3
    8
   28
   86
   16
   15
    2
    1
    0
    0
    0
    0
   52
   45
    0
    0
   12
    2
    0
    0
    0
    0
  102
    1
    0
   12
   41
    0
    0
    6
   12
   32
   41
   10
   11
    0
    0
    0
    8
    0
   42
   11
   22
    0
    0
    2
    6
    0
    7
   29
   71
    0
   12
    0
    9
    0
    0
    0
   12
    1
   72
   41
   36
   12
   31
   33
    0
    7
   55
    0
    0
   20
   12
    0
    1
    8
   36
   40
   39
    8
    0
    0
    2
    0
    0
    0
    0
    0
    0
    0
    0
    0
    5
   41
   39
   51
    6
    0
    0
    0
    0
    6
   18
    0
    0
    0
   11
    0
    6
    5
    7
    6
   52
    0
    0
    0
    0
    0
   11
    0
   55
   12
    4
    1
   27
   90
  266
  120
   63
   98
    7
    8
    0
    6
    1
   12
    0
    0
    0
    0
   79
   25
    0
   65
    0
    0
    0
    0
    0
    0
    0
    0
   32
    5
    0
    0
    1
    0
    0
    0
    0
    0
    0
    0
    0
    0
    0
    0
    0
    0
   29
    3
    0
    0
    0
  282
   22
   68
  169
   30
    0
    0
    0
   20
    0
    0
    0
    0
    0
    0
    0
    0
   43
  112
   72
   18
    0
    6
    0
    0
  194
   13
   44
   37
  102
   27
    0
    0
    0
    0
    2
    0
   31
    1
    1
    0
   27
   19
    1
    0
    0
   32
    0
   12
   13
    0
   36
  104
   58
   94
   26
   85
    0
   11
    8
    0
    0
    2
   44
   22
    0
    0
   82
    0
    0
    0
    0
    0
    0
    0
    0
   58
    1
   28
    0
    8
   48
  112
  117
   16
    4
    0
   37
  117
   65
  146
   41
   43
    1
    0
    0
    0
  184
    0
    0
    0
    0
    8
    0
   76
  336
   17
    0
    0
    0
    0
    8
    7
    0
   15
  104
    0
    2
  224
   12
    2
   24
    5
    0
    0
    0
    0
    0
    0
    0
    0
    0
    0
    0
    0
  156
    0
    0
    0
    0
   16
   12
  315
    0
   23
   16
    0
   69
  112
   39
    0
    0
    0
   17
  216
  111
    0
    0
    1
    0
    0
   26
   11
    0
    0
   36
   72
  131
   30
    3
    2
  171
    0
    0
  132
    0
    0
  121
   52
   28
    0
    0
    0
  241
   15
   39
   32
    0
   45
    1
    0
   42
    0
   20
   19
   16
    0
    1
   89
   45
   16
    1
   20
    0
   21
   15
   26
    3
  105
    0
   16
   12
    2
  201
   56
    0
    1
    6
   21
  115
  122
   70
    0
   11
   34
  122
    2
    6
   84
   21
    0
   34
    8
    2
    3
   29
   14
    0
    0
    0
    0
    2
   30
    8
    0
    0
   15
    0
    0
    0
   16
    1
    0
    0
   54
    0
    0
   21
    0
    0
    0
    0
    0
    0
    0
    0
    0
    0
    0
    0
    8
    4
    0
    0
    0
    2
   31
  112
  101
    0
    0
    0
    0
    0
    0
   12
    0
   75
    0
    0
    0
    0
    0
    0
    0
    0
    0
    0
    0
    0
    0
    0
    0
    0
    0
    0
    0
   28
   21
    0
   20
    0
    1
    0
    0
    0
    0
    0
    2
    1
    1
    0
    0
    0
    0
    0
   66
    0
    0
   16
    1
    0
    0
    0
    0
    4
    0
    0
    0
    0
   12
    0
    0
    0
    0
   61
   67
    1
   32
    6
    7
    4
    0
    0
    0
    0
    0
    0
    0
    2
    0
    0
    0
    0
    4
    0
    0
  101
   18
   12
    4
    0
    0
  186
  116
    4
    0
    0
   65
  112
    0
    0
    0
    0
    0
   11
   74
   67
    0
   72
   89
   22
   17
    0
    0
    0
   50
    0
    0
    0
    0
    0
    0
    0
    0
  119
   15
    8
    1
    0
   43
   13
   35
   28
   13
   84
    0
   63
   28
   11
   12
    0
    9
    6
   37
   34
   17
    0
   32
   37
    0
    0
  133
   82
    8
   74
    0
    0
    0
    0
    0
    0
    0
    0
    2
  111
    0
    0
    0
    0
    0
    0
    0
    0
  102
    4
    6
    0
    0
    0
    0
    0
    0
    0
    1
    0
  145
   14
    0
    0
    0
    0
    0
    0
    0
    0
    0
   48
    0
   37
   41
    0
    0
    0
    0
    1
    0
    0
    0
    0
    0
    0
    0
   24
    0
    0
    0
   15
    2
    0
    0
    0
    0
    0
    0
    0
    0
    0
    0
    0
    0
    0
   47
    5
    0
    0
    0
    1
    0
    0
    0
    0
    0
    0
    0
    0
    0
    4
   13
    0
    0
    0
    0
   44
   53
   49
    0
    0
    0
    0
   19
    0
    0
    0
    0
    9
    0
    0
    0
    4
    0
    0
    0
    0
    0
    0
    0
    4
    0
    0
    0
    0
    0
    0
    0
    0
    0
    0
   27
   20
   12
    1
    0
    0
   27
   17
    0
    0
    0
   26
    0
    6
    0
    0
    0
    0
    0
    0
   75
   20
   33
   12
   66
    0
   21
    0
    0
   47
   21
    1
   18
    0
   33
    0
    0
    5
   24
    7
    0
   26
    7
    0
    0
    0
   11
    6
  101
   17
   32
    0
   11
   15
   13
   24
    0
    0
    4
   13
   53
   59
   11
    5
    1
   27
   18
    0
    0
    0
   38
    0
   35
   15
    0
   18
    7
    8
    1
   22
    0
   18
   11
    5
    1
   32
   67
   15
   44
    1
    0
    0
    0
    0
    0
   47
   12
    0
    0
    0
    0
    2
   47
    4
    6
    0
    3
    0
    0
   24
   29
    0
    0
    0
    0
    0
    0
    0
    0
    0
    0
    0
   18
  106
  120
   25
    2
    1
   68
    1
   31
    0
   35
    0
    0
   17
  228
   43
    0
    1
   13
   36
    7
  127
    1
    6
  144
  204
   15
  102
   62
    0
    0
    0
  131
    0
    0
   21
    0
    0
    0
    0
    0
    0
    0
    2
   81
    3
    1
   31
    1
    0
   49
    2
   11
  112
   35
    0
   11
    1
    0
   12
    0
    0
    0
    0
    0
   38
   35
  162
   25
    0
   37
    1
    0
    0
    0
    0
    0
    0
    0
   74
    0
    0
    0
  126
    2
    0
    0
  205
   98
    1
   10
    1
    1
    0
    0
    0
    0
    0
    0
    1
    8
   76
    0
    0
    0
   28
    0
    0
    0
    0
    0
    0
    0
    0
    0
    0
    0
    0
    0
    0
  109
    0
   17
   52
    0
    0
    0
    0
  158
    0
    0
    0
    0
    0
    0
    0
   56
  142
  285
  465
  342
   12
    0
   15
    0
    0
    0
   45
   12
    0
    0
   18
    0
    0
    0
    0
    0
    4
    0
    0
    0
    0
    0
    0
    0
    0
    0
    0
    0
    0
    1
    0
    0
    0
    0
   14
   71
    0
    0
    2
   36
   80
    0
    0
    0
   69
   42
    6
    4
    0
    8
    0
    0
    0
    0
    0
    0
    0
   25
   12
    0
    0
    0
    0
   32
   13
    7
    4
    0
    0
    0
    0
    1
    0
    1
   12
    0
    0
    0
    0
    0
    0
    0
    0
    0
    0
    0
    6
    0
    0
    0
    0
    0
    0
    0
    0
    0
    0
    0
    0
    0
    0
   54
   18
    6
    0
    7
    0
   34
    0
    0
    7
   37
   28
   46
   57
    1
   21
    1
    0
    0
    0
    0
   52
    1
    0
   17
    6
   14
    0
    0
    0
    0
    0
   21
    0
    0
    0
    0
   25
    4
   12
   56
   25
    0
    6
    0
    0
    4
    0
    0
    9
    3
    0
    0
    0
   18
   28
    3
    0
    1
   47
   56
    0
    1
    4
    0
    0
   49
    0
    0
   38
    5
    1
    0
    0
    0
    0
   69
    4
    0
    0
    1
    1
   58
  208
   36
    8
   18
   41
    0
    0
    0
    0
    0
    0
    0
    0
    0
    0
    0
   17
    0
   14
   12
    0
    0
    0
    0
    0
    1
    0
    0
    0
    6
    0
    8
   11
    0
    0
    4
    0
    0
    0
    0
    0
    0
    0
    0
    0
    0
    0
    0
    0
    5
    4
    0
    0
    6
    7
  128
  224
   57
   32
    0
    0
    0
   11
   31
    5
    2
    0
    0
    0
    0
   46
    0
    0
    0
    0
    0
    0
    0
    0
    0
    0
    0
   11
    0
   56
    0
    0
    8
    0
   26
    0
    3
    4
    0
   18
    3
   54
   77
   22
    0
   78
    1
    0
    0
    0
   75
   56
   68
   84
   11
    0
   57
   32
    0
    0
   12
    0
    0
    0
  204
  151
   87
    2
   62
    1
    0
    0
    0
   12
   78
    0
    0
    0
    0
    0
    0
   68
   89
    4
    0
   91
    6
    0
   14
    5
    2
    0
   77
  186
   53
   11
    0
    0
    0
    0
    0
    0
    0
   48
   52
  137
  113
   97
   65
   87
    1
    0
    0
    0
    0
    0
    0
   16
  153
   10
    0
    0
  107
    0
    0
   32
  162
    0
    0
    1
  126
   43
  147
    1
    2
    0
   46
   41
    0
    0
    0
    0
    0
    0
    0
    0
   27
    1
    0
    0
    0
    0
    0
    0
    0
    0
    0
   55
   69
    0
   72
   41
    1
  156
   10
    0
    8
   86
    0
    0
    0
    0
   32
  115
   26
   29
   21
   54
   91
   41
    0
    0
    6
    0
   56
    0
    0
    0
    0
  105
   13
   92
   13
    0
    0
    0
   11
    0
    0
    0
    0
    0
   17
    0
    8
   48
    0
    5
   64
    1
    0
    0
    0
    0
    0
    0
    5
    2
    0
    0
    0
    0
    0
    0
    0
    0
    0
    0
    0
    6
   11
    0
    0
    0
   12
  180
   12
    0
   33
   32
    0
    0
    0
    0
    0
    0
    0
    0
    0
    0
    0
    0
   21
   18
    3
    0
    0
    2
    0
   92
   12
    0
    0
  114
    1
   14
    0
    0
    0
    0
    0
   14
    0
   26
    5
   60
   45
   28
   54
   18
    2
    0
    1
    0
   21
   41
   21
    4
    1
    0
    0
    0
    0
    0
    0
    1
    3
    5
   11
    8
   55
    3
    0
   11
   18
   31
    6
   13
    0
    0
    0
    0
    1
   46
   28
    0
    0
    0
    0
    2
    1
    7
    0
    2
    0
    0
   71
    1
    4
   55
    0
    0
    0
    6
    0
    0
    0
    0
    0
    0
    0
    0
    1
    2
    0
    0
    0
   53
    0
    0
   12
   15
   54
    0
    0
    0
    0
    0
    0
    0
    4
    0
    2
    4
   22
   18
   47
    0
    0
    0
    8
    0
    0
    0
   25
   26
    2
   39
    6
   48
    1
    0
    0
    0
    0
    0
    0
    0
    3
   46
    0
   51
   46
   23
    4
   41
   39
    4
    0
    0
    0
   37
    0
   14
    0
    0
    0
    0
    0
    5
    0
    0
    0
    0
    0
    0
  186
  138
    4
    0
    0
    0
   12
   13
    0
    4
   18
    0
    0
    0
   33
   20
  116
   12
    0
   82
   37
   48
   72
   52
   38
    0
   36
    0
    0
   82
   38
    1
    2
    0
   42
   32
    3
    2
    5
    0
  137
    0
    0
    0
    0
   31
    0
   30
   12
   18
    0
    0
    0
    0
    0
  151
    0
    0
   10
   64
    3
   29
    0
    0
    0
   71
    0
   75
   30
    0
   20
   22
    1
    1
    0
    0
   28
    0
    3
    0
    8
    0
   22
    0
    0
   74
  225
   92
    1
  128
    0
    0
   21
    0
   35
    5
    2
    0
    0
    0
    0
    0
    0
    0
   40
   10
   10
   20
   30
   30
    1
    0
    0
    0
    0
    0
   47
   17
   22
    0
    0
    0
    0
   12
    0
    0
    0
    0
    0
    0
    0
    0
    0
    1
    0
    0
    0
    6
    0
    0
    3
    1
    0
    0
    8
   44
    1
    7
    3
   35
    1
    0
    0
    0
    0
    0
    0
    0
    0
    1
    0
    0
    0
    0
    3
    0
    0
   57
   16
   27
    0
   42
    8
    0
    0
   40
   21
    0
    0
    0
    1
    0
   36
   40
   31
   17
    5
   13
    0
    0
    0
    1
   31
    0
    2
    0
    0
    0
   20
    1
    0
   28
   31
    6
    3
   11
   71
    2
   32
  161
   78
    5
   16
    0
    0
    0
    0
   23
   25
    8
  133
   12
    2
    0
    0
    4
   59
    8
    1
    5
    1
    0
    0
    0
    4
    6
  151
   62
   60
   54
   12
   92
    6
    0
    0
    0
   10
    8
   34
   13
   10
    0
    0
    0
    0
    0
    0
    0
    0
    0
   11
   14
   17
   87
   12
    1
    0
    0
    0
    0
    0
    2
   86
   22
    2
    0
    1
    0
    1
    1
    0
    0
    0
    0
    0
    0
   57
   43
   87
   19
   60
    8
    1
    0
    0
    0
    0
    6
    0
    0
    0
    0
    0
   87
    0
    6
   94
    0
    0
    0
    0
    0
    0
   92
    0
   14
  117
   21
    0
    0
    0
   12
   14
   10
  101
    3
    0
    0
    0
    0
   27
    0
    6
    2
    0
   19
    0
   32
   70
    3
    0
    0
    0
    0
    0
    0
    0
    0
    0
    0
  101
   92
    4
   58
    5
    0
   24
    7
    0
    0
    0
   20
   10
    0
   35
    0
    0
    4
    0
    0
    2
    0
  426
  231
   42
    2
    0
   63
   60
   64
   32
   34
    0
    0
    0
   33
   34
   20
    0
    0
    0
    0
    0
    0
    0
    0
    0
    0
    0
    0
    0
    0
    0
    0
    0
    0
    0
    0
    6
   38
   91
   20
   15
   25
   83
    5
    0
    0
    0
    0
    0
    0
    0
    0
    0
    0
    1
  153
   45
   70
    0
    0
    0
    0
    0
  101
   11
    0
    0
  247
  131
    0
    0
    0
    0
   10
   58
  119
    0
    0
   20
    2
   51
  202
  105
    0
    1
   21
   43
  232
    0
   34
    0
   51
   12
    5
   29
    0
   10
   52
    0
    0
   58
   14
   10
    0
    0
    0
  195
    4
    0
   11
  104
   82
   10
    0
    0
    0
    0
    0
    0
    0
    0
    0
    0
    0
    0
    0
    0
    0
    0
    0
    0
   55
    1
    0
    0
    0
    0
    0
    0
    0
    0
    0
    0
   14
   52
  135
  362
   18
    0
    8
    1
    0
   41
   92
    0
    4
    9
    6
    0
   21
   41
   22
    0
    0
    0
    0
    0
    0
    0
    0
   20
    0
   15
    0
   11
    5
    7
    5
   17
    0
    0
   22
    0
    0
    0
    0
    3
    1
    0
    0
    0
   31
    0
    0
   11
   24
    0
    0
    0
    2
    0
    6
   38
   28
    4
    0
    8
   76
   22
   17
    5
   22
   21
  102
  181
  136
   24
  137
   67
    6
   17
   68
   12
   17
   11
    6
   12
   11
   47
    0
   15
   22
    5
    1
    0
    0
    0
    0
   47
   81
    3
   48
   51
    0
   35
    0
    2
    0
    0
    0
    0
    0
    1
    1
    2
  158
    1
   34
    0
    5
   32
   20
   73
    4
    1
   75
    3
  118
    5
    4
    0
    0
    0
    0
   77
  105
    7
  134
    0
    0
    0
    1
    1
    0
    0
    0
    0
    0
    0
    0
   13
   34
   23
    9
    4
    1
    0
    8
  102
   21
   27
   46
   17
   11
    4
    1
    2
    1
    0
    0
   86
   13
    0
    0
    0
  241
   87
   21
    1
    0
    0
    0
   12
    0
    0
    8
   56
   51
    0
    0
    0
    0
    0
    0
    0
    0
    0
    0
   50
  141
    0
   71
   54
   11
    0
    0
   90
    0
   22
    6
    7
    5
    0
    0
    0
    8
   26
   45
  176
    2
    0
    0
    0
    0
   15
   65
   26
   32
   79
   36
   39
   17
   11
    8
    2
    1
    0
   36
   31
   69
   91
  124
   37
    6
   35
   34
    6
   36
   35
   22
   19
   83
    1
    7
    0
    0
    0
    0
    0
    0
    0
    0
    0
    0
    0
  103
    0
    0
    0
   17
    0
    0
    0
    0
  184
  196
    8
   21
    0
   15
    0
    0
   34
    9
  102
    5
    1
   61
    9
  102
    6
  136
    0
    4
   79
    3
    5
   94
    0
    0
   61
   32
   23
    0
   21
    0
   96
    2
    0
    0
    0
   21
    0
    0
    0
    4
   40
   19
    0
    0
    0
    1
    0
    0
  159
    0
  201
    0
    0
   13
    1
    0
    2
   36
    0
    0
    0
  137
    1
    0
    0
    0
   91
   21
    0
    0
    2
    2
    1
    0
    0
    0
    0
    0
    0
    0
    0
    0
    6
    0
    0
    0
    0
    0
    0
    0
   39
    0
    0
    0
    0
   25
    5
    0
    0
    0
    0
    0
    0
    0
    0
   14
   12
    1
    0
    0
    0
    0
    0
    0
   16
    6
    0
    0
    0
    0
   15
   60
   30
  135
  115
   12
   11
    0
    2
   37
    0
    7
    1
    0
    0
    0
    1
    0
    0
    0
    1
   19
    2
    0
   16
    0
    0
    0
    0
    0
   79
  182
  111
   48
  118
   27
   18
    0
    0
    5
   41
    1
    2
   14
    2
    0
   22
   12
    0
   23
    9
    0
    0
   35
    0
    0
   57
    0
    0
    0
    0
   27
   33
    0
    0
    0
    0
   40
    8
   35
   16
    1
    0
    4
    0
    0
    9
    0
   13
    0
    0
    0
    0
    0
    0
    2
    0
    0
  106
    0
    0
    0
    0
   11
   72
   57
    5
    8
    1
   37
   33
  102
   16
   35
   17
   22
   25
    3
    0
    1
    5
    1
   46
   46
    2
   31
   36
   11
  103
    0
   16
   13
    8
   39
    0
   31
   28
   81
   12
   54
   49
   37
   38
   59
    0
    0
   44
   39
    0
    0
    1
   62
    0
    0
   28
   26
    0
    0
    0
   56
    0
    0
    0
    8
   11
    0
  117
    0
    0
    6
    0
    0
    0
    0
    2
    0
    0
    0
   52
   53
    3
    2
    0
    0
    0
    0
    0
    0
    0
    0
    0
    0
    0
   32
   68
   41
    5
    0
    0
    0
    0
    0
    0
    0
    0
   51
    6
   46
    0
    1
    0
  106
   97
  143
    3
    2
    0
    0
   35
    2
    0
    0
    0
    0
    0
    0
    0
    0
    0
   66
   11
    5
    1
    4
    0
  102
  404
   16
    6
    0
   31
   12
   46
    1
   61
    6
   54
    0
    0
    0
   41
    0
   72
   33
    0
   61
    0
    0
   16
    0
    0
   42
    0
   36
   50
    0
   37
    0
    0
    0
    0
   18
    0
    0
    0
    0
    7
    2
    0
    0
    0
    0
    0
    0
    0
    0
    0
   62
    3
    0
    0
    0
    0
   18
   82
    0
    0
  203
    3
    0
   35
   58
   10
    0
  152
    0
    0
    0
    0
    0
   10
    0
    0
    6
    0
   13
   16
    1
    1
    0
    0
    0
   68
    3
    0
    0
    0
    0
   19
    0
    0
    0
    0
    0
   37
   31
   18
    0
   18
    0
   11
   74
    0
    7
    9
    2
    0
    0
    0
   48
    2
    0
    0
    2
   10
    0
    0
    0
    1
    4
   36
    5
   81
    0
    0
    0
    0
    0
    0
    0
    0
    0
    0
   91
  153
   48
    1
    0
   31
   18
  102
    6
    2
   37
   92
    7
    3
    5
    0
    0
  167
   38
   40
   62
   61
    0
   67
   23
  126
    0
   43
   56
   21
    6
   22
    0
    0
    6
   97
  267
    2
    5
    5
   45
   46
    8
    1
    0
    5
    0
    4
    5
   84
    7
    0
    6
   58
   28
   91
   11
    1
   44
    0
    4
    0
    3
    0
    0
    6
    0
    0
    0
    0
    0
    0
    0
    0
    0
    0
    0
    0
    0
    0
    0
    0
    0
    0
    2
    0
    0
    0
    0
    0
   41
    5
   10
   16
    0
    3
    2
   91
    4
   44
    0
    0
    6
    1
   35
    1
    7
    6
    0
   59
   52
   20
    2
    0
    0
   26
    1
    0
   91
    2
    0
    1
   10
   26
   12
    0
    0
    1
    0
   29
    1
   46
    0
    0
    0
    0
    1
    0
    0
    1
    0
    1
    2
   85
    2
    7
   80
    0
    0
    0
    2
    0
    5
    3
    5
    1
    0
    1
    0
   50
   98
    0
    0
    0
  144
   77
  112
    0
    0
    0
    0
    0
    0
   29
    2
    0
    0
    0
  101
   49
   14
    0
    0
    0
    0
    0
    0
    0
    0
    0
    0
    0
    0
    0
    0
    0
    0
   50
  105
    2
    1
   44
   31
   21
   24
    0
    0
   44
   12
    0
  131
    1
    0
    0
    0
    0
    0
    0
    0
    0
    0
    0
   10
    0
    0
    0
   61
    0
    0
   37
  148
  188
   11
    1
    0
    0
    0
   41
    0
    0
    0
    0
   50
    0
    0
    0
    0
    6
    0
    0
    0
    0
  246
    6
    4
    3
  402
    0
    0
   28
   16
    2
   24
   26
    0
    0
   21
   58
    7
    0
    0
    0
    0
    0
    0
    0
    0
   44
    0
    0
    0
    0
    3
    0
    0
   53
    0
   74
  126
   38
    0
    0
    0
   42
   47
    0
    0
    0
    0
    0
    0
    0
    0
    0
    0
   67
  116
    8
    0
    0
   34
    0
    0
    0
    1
    0
   47
   58
   21
    0
    0
   16
    2
   43
    0
    0
    0
   75
   73
   32
   25
    7
    8
    5
    2
   16
   22
    0
    0
    0
    0
    7
    0
    0
    0
    0
    0
    0
    0
    0
    8
   80
   23
  257
    0
   29
   42
    0
  162
   95
    0
    0
    0
    0
    0
    0
    0
    0
    0
    0
    0
    0
    0
   20
  105
   10
   36
    2
  170
   40
    0
    0
    0
    0
    0
    0
    0
    3
   16
    6
    4
   44
    0
    5
   26
   16
   56
  146
   10
    0
    0
    0
   47
    0
   48
    3
    8
    0
    0
    0
    0
    0
    0
    0
    0
    7
    0
    0
   21
    0
    0
    4
    0
    0
   11
    5
    0
    0
    2
    0
   11
    0
    0
    1
    3
    0
    0
   18
   19
    1
    2
    0
    0
    0
    0
    0
    1
    2
    0
    0
    0
    0
    0
    2
   12
    4
    0
   24
   81
   70
    0
    3
    0
    0
    0
    0
    0
    0
    0
    0
   43
    7
   85
    8
   11
   16
    1
    0
    6
    4
    0
    3
   64
    0
    0
    0
    8
    0
    0
    0
    0
    0
    4
    0
   68
    0
   21
    4
    3
   11
    6
    2
    0
    0
    0
    4
   84
    0
    0
    0
    0
    0
    0
   21
   90
    3
    0
   43
    2
    0
    6
   44
   36
    0
    7
    0
   56
  172
   47
    2
   46
    0
    0
    0
    0
    0
    0
    0
    0
    0
    0
   63
    4
    0
    1
    1
    0
    0
    0
   43
    4
    0
    0
    0
    0
    0
  179
    0
    0
    0
    0
    0
    0
    0
    0
    0
  105
   13
   16
    0
    1
   12
  103
    2
  396
    8
   15
   19
    8
    0
    0
    0
    0
    0
  150
   10
    3
   11
    0
    0
    0
   51
  142
   22
  123
    0
    0
  169
    0
   49
   12
    7
    1
   76
   10
    0
    0
    0
    0
    0
    0
    0
    0
    0
    0
    0
    0
    0
    0
    0
    0
    0
    0
    0
    0
    0
    0
    0
    0
    0
   28
   67
    1
    0
    0
    0
    0
    0
    0
    9
    3
    2
   49
    1
    1
    2
  286
    4
    8
    0
    0
    0
    0
    0
    1
    0
  182
    2
  152
   40
  100
    5
   90
    5
   60
   60
  160
   10
   17
    0
    0
    0
    0
   25
   22
    0
    0
   42
   36
    2
   33
   33
    0
    0
    0
    0
   86
   93
    0
    0
   63
    0
    0
    6
    7
    0
    0
    0
    0
    0
    0
    0
    0
    0
   81
    0
    6
    0
    0
    0
    0
    0
    0
    5
    4
   77
   42
    3
    4
   16
   31
   61
   17
   11
    0
    1
    0
   22
   39
   21
    0
   24
    2
    1
   62
   12
   40
   62
    0
   51
    2
    0
   24
    1
    0
    1
   86
    0
    0
    2
   32
   58
    4
    0
    0
    0
    0
   45
  111
    8
    0
   10
    8
    1
    0
    0
   12
   11
    2
   13
    1
    0
    0
    0
    7
    2
   33
    2
   21
    1
   42
   81
   69
    0
    1
   44
    0
    1
   19
   10
    5
    1
    0
    0
    0
    0
    0
    0
    0
   31
    1
    0
    7
    0
    3
    1
    0
    2
    0
    0
    0
    0
    0
    3
    4
    1
    0
   21
    0
   45
    0
   18
   15
    2
   38
   12
    0
    0
    0
    0
    0
   18
    3
    0
    0
    0
    0
    0
    0
    0
    3
    2
    0
    0
    0
    0
    4
    0
    0
    0
    0
    0
    3
    0
    0
    0
  117
   11
    8
   13
    0
    0
    0
    0
    0
    4
    0
    0
    1
   72
    4
    0
    0
    0
    0
    1
   28
    0
    0
    0
    0
    0
    0
    0
    6
   31
    0
   59
   10
    2
    3
   20
    7
    1
    0
   50
    0
   22
   39
    3
   13
    0
    0
    0
    6
    3
    0
    0
   13
  126
    5
    0
   71
   23
    0
    0
    0
    1
    0
    0
    0
    5
   16
   24
   15
    0
    0
    0
    0
    0
    0
    0
   15
   17
    2
   46
    2
   14
   16
   12
   32
   10
   15
    0
   24
   31
  414
   24
    3
    7
    0
   40
    6
   75
    4
    6
   23
  302
    0
    0
    0
    0
    0
    0
    0
    0
    0
  112
    0
    0
    0
    3
  134
   67
    1
    0
    3
    0
    0
    0
    0
    0
    0
   32
   11
   44
    1
    0
    0
    0
    0
   82
  158
    2
    0
    0
    0
    0
   10
    6
   14
    1
   55
    0
    0
    0
    2
   29
    0
    0
   50
    0
    0
    1
    0
    0
    0
    0
    0
    1
    0
    0
    0
    0
    0
    0
    8
    1
   10
   48
    0
    0
    0
    0
    0
    0
    0
  101
    2
    0
   27
    2
    0
   21
    1
    0
    0
    8
    1
    0
    1
   32
   14
    6
    0
    0
    0
    0
    0
    0
    0
    0
    0
    2
    0
    0
    0
    8
   34
    2
    8
    0
    0
   30
   26
   62
    2
    0
    0
    0
    0
    0
    0
    0
   11
   75
   38
   34
   21
   34
   28
   31
   30
   46
   11
   17
    8
    1
   13
    8
   11
    1
    2
    1
    0
    1
    0
    0
    0
    8
    0
    0
    0
    0
    0
    0
   28
    2
   18
    7
    0
    0
    0
    0
    0
    0
    0
    0
    0
   28
   22
  172
    3
  102
   87
   18
   16
    0
  105
    0
    0
   14
    0
    0
    0
    0
    0
   41
  102
   54
    0
    0
    4
    0
    6
   36
    4
    6
    1
    3
    1
   36
  141
    0
    0
    0
    0
    0
    0
   14
    0
    0
    0
    0
    0
    0
    0
    1
   11
   55
    2
    1
    0
    0
    0
    0
    1
   94
    6
   11
   21
   18
   23
   17
   12
   26
   62
   18
    0
    0
    0
    0
    0
    0
    0
   30
    3
    0
    0
   51
    0
    0
    0
   18
   35
   91
   81
   22
    7
   12
    2
    0
   14
   32
   11
   63
    1
  142
   31
   22
   65
   12
    0
    0
    0
    2
   56
    1
    1
    0
    0
    0
    0
    0
    0
    0
    0
    5
    1
    0
   41
    5
   16
    3
    0
    0
    6
   11
    0
    0
   12
   33
  123
    1
    0
   12
    6
    0
    0
    0
    0
   32
   38
   41
    1
   35
    0
    0
    0
    0
    0
    0
    0
    0
    0
    0
    2
    3
    0
    0
    0
    0
    0
    0
    0
    0
   65
   11
  402
    0
    1
   92
    0
  138
   85
    0
    6
    0
    0
    0
    0
    0
    0
   14
    0
    8
    0
    0
    0
    0
    0
    0
    0
    0
    0
    0
   42
    0
    6
   89
  302
  194
  121
    0
    0
   61
  298
    2
    0
   46
    4
    0
    0
    0
    0
    0
  322
   39
    0
    0
   91
    0
   14
    0
    0
    8
   13
   43
    0
   31
    0
    0
    0
    0
    0
    0
    0
    0
    0
   78
    0
    0
    0
   28
   15
   88
   41
    8
    0
    8
    3
    2
    2
    0
    0
   12
   21
  168
   18
   36
    3
   18
   17
    3
    0
    0
    0
    0
    0
    0
    0
   61
    1
    0
    0
    0
    0
    0
    0
    0
   28
   68
    0
    0
    0
    0
    0
    0
    4
    1
    0
    3
   13
    3
   18
    0
   39
    0
    0
    0
    0
    0
   23
    1
    0
    2
    0
    0
    6
   18
   12
   13
   85
   83
    4
   31
    0
    0
    0
    0
   23
    3
    0
   11
    0
   21
    0
    0
   10
   19
   48
   43
   16
   22
    0
   57
   15
   12
    2
   74
   45
   14
    0
   11
   12
    6
   15
    4
    0
    0
    0
    0
    0
    0
    0
   29
    0
   12
    7
  149
   17
   33
    2
    0
    0
    0
    0
    0
   64
    4
    5
    0
    0
    0
    0
    0
    0
    0
    0
    0
    0
    0
    0
    0
    4
   92
   21
    0
    3
    0
  104
   18
   15
    0
    0
    0
    0
    6
    2
    3
    2
   36
    8
   14
    7
    6
   19
   91
    5
    0
    0
    0
    0
    0
    0
    8
   52
    0
    0
    0
    0
    0
    0
    0
    0
    0
   74
   34
   14
   29
   36
   28
    6
   11
   17
    5
    0
    6
    0
    0
    0
   11
    8
   24
   51
    0
    0
    0
    6
    0
    0
    0
    2
    1
   21
   33
    5
    0
    0
   11
   36
    5
    0
   14
   20
    3
    2
    1
    0
    0
    0
    0
    0
   11
    1
   65
   52
    5
    0
    0
    0
    0
    0
   26
    1
    0
    2
   62
   74
    0
    0
    0
    0
    0
    0
    0
    0
    0
    0
    0
    0
  106
    6
    0
   16
    2
    1
    1
    0
    0
    0
    0
   92
  125
   95
    0
    0
    0
   28
    0
  354
   23
    5
    0
    0
   35
  116
   15
    0
    1
    1
    0
  225
   73
   11
    0
   29
    0
    0
    0
  104
  145
   11
    3
   51
   11
   71
    7
    3
   17
    0
    0
   11
   51
    3
    8
   21
   71
   37
    0
    0
    0
    0
    0
    0
  276
    0
    0
    0
    0
  166
   65
    4
    2
    1
   66
  314
    1
    0
  178
   15
    5
    4
   22
    5
  141
    7
   42
  105
    2
    0
   53
    0
    0
   23
   52
  167
    0
    0
    0
   24
   96
    0
    0
    0
    0
    0
   76
    0
    0
    0
    2
    0
    6
    5
    0
    0
    0
    0
    0
    0
  123
   53
   19
   64
   91
   18
   62
    0
    0
    6
    2
   15
   56
    5
   26
    0
    7
    6
    0
    0
    0
    0
    0
    0
    0
    0
    0
    0
    0
    0
    0
    0
    0
   37
    0
    0
    0
   32
    0
   18
   10
   47
    0
    0
    0
    4
    8
    0
    0
    0
    0
    4
    1
  102
   43
   84
    0
    0
    0
    0
    0
    0
    0
    0
    0
    0
    0
    0
   95
   42
   28
    0
    4
   14
    6
   30
  102
   77
    4
    2
    0
   20
    1
    1
   45
    0
    0
    0
    0
    0
   48
    0
    0
    0
   12
    1
   22
    0
    0
    0
   41
    5
  112
    9
   46
  162
   42
    1
    0
   33
    4
   36
  182
  122
   15
    2
    0
   54
   12
    2
    0
    5
    5
   56
    6
   36
   61
    0
    1
    0
    4
    0
    0
    2
   11
   13
   41
   24
    0
    1
   12
    0
    0
    2
    0
    6
   36
    0
   32
   64
   65
    2
   32
    2
    0
    0
   11
    2
    0
    0
    0
   45
   38
   22
   72
   12
    1
    0
    0
    0
    0
    0
    0
    2
    0
    2
   72
   41
   34
    3
    0
    0
    0
    9
   12
   63
    0
   13
    0
   43
    2
    0
    0
    0
   37
   66
  121
  215
   10
    2
   18
   15
   18
    0
   61
   34
   23
    9
    2
    1
    0
   13
    0
    0
   18
    3
    3
   18
    0
    0
    0
    3
    2
   10
  102
  316
   68
    3
    0
   12
  121
    0
    0
    0
    0
    0
    0
    0
    0
    0
    0
    0
    0
   38
    0
    0
    0
   40
   74
    0
    0
    0
    0
    0
    0
    0
    0
   38
    3
    0
   27
    0
  241
    9
    4
   21
    8
  193
   84
   91
   73
    7
    0
    0
    0
    0
   72
    7
    8
   91
    0
    0
   94
    0
   32
   12
    7
    5
    1
    0
  131
    2
    0
    0
    0
    0
    0
    0
    0
    0
    0
    0
    0
   52
    0
    0
    0
    0
  117
   72
   14
  126
    0
    0
    0
    0
    0
    0
   73
    0
    0
    4
  314
  132
    0
    0
    0
    0
    0
    0
    6
    0
    0
    0
    0
    0
  122
    0
    0
    0
    0
    0
   14
   78
    0
  161
   65
   83
    0
    0
    0
    0
   96
  106
   63
    0
    0
   84
  423
   38
  187
    0
    0
   35
    0
    0
   66
    0
   38
    0
    0
   73
    0
    6
  282
    0
   85
    0
    3
    8
  108
    4
    0
    0
   14
   29
    0
    0
    0
    0
    0
    0
    0
    0
    0
    0
    0
   42
    9
   79
    8
   15
    0
    3
    0
   22
    0
    0
    0
    0
    0
    0
    1
    1
    0
    0
    0
    0
    0
   15
    0
    0
    6
    0
   17
   43
   16
   14
    0
    0
    0
    0
    0
    0
    1
   11
    0
    0
    0
    0
    0
   89
   28
   11
   75
    8
   37
    0
    0
    0
    0
    2
   51
   74
   11
    4
    1
    4
    0
    0
    0
   44
   46
    0
    0
   15
    0
   73
    0
   16
  135
   10
    0
   21
    0
    0
    0
   15
   21
    0
    1
    0
    0
    7
   16
   15
   26
   19
    2
    4
   32
   16
    0
    0
    0
    1
    0
   26
    6
   13
    9
    4
    1
    0
    0
    0
   66
   40
   54
    0
   43
    5
    2
   41
    2
   16
    5
   26
   31
   12
   13
   24
    0
   29
    0
    3
    0
  117
    0
   13
   11
    0
    9
    0
   41
    5
   17
   12
    5
    2
   11
    0
    0
   32
   23
    5
   11
    0
    1
    0
    3
    0
    0
    0
    5
    4
   11
    0
    0
    0
    2
   12
    5
   13
   20
   30
    0
   12
   65
    2
    0
    0
   18
   17
   45
   52
   71
    0
  106
   74
    0
    0
    0
    6
   16
    8
   15
    6
  144
   53
   43
    3
    1
   58
   82
  123
   72
   86
    1
    0
    0
    0
    8
    2
   72
    2
    0
    0
   84
    0
    0
    0
    0
    0
    0
    0
   59
   30
    3
    2
   86
  203
    1
    0
   19
   16
   95
    0
    0
    0
    0
    0
    0
    0
    0
    0
    0
    0
   43
   94
  391
   41
    0
    6
   57
   33
   31
   22
   17
    8
   11
   57
   26
  158
   16
    7
   81
    3
    2
    0
   18
   50
   33
   37
    1
    0
    0
    0
    0
    0
    0
   26
   35
   14
    0
    0
    0
    0
    0
    0
    0
    0
    0
   23
    3
   48
    1
   28
    0
    0
    0
  144
    0
    0
    0
    0
   95
  284
    0
    0
    0
    0
    0
    0
    0
    0
    0
   24
    0
    0
    0
    0
    0
   62
   61
    0
   23
    0
    0
  122
    0
    0
    0
   18
   16
   46
   16
   64
  101
   72
   61
  454
  178
    1
   42
    1
    0
   31
   17
    0
    0
    0
   26
    0
   11
    1
    0
    0
    0
    0
  122
   91
   21
    0
    0
    0
    0
  133
   81
    9
    1
  122
   11
    0
    3
    0
    0
    0
    0
    0
    0
    0
    0
    0
    1
    0
    0
    0
    0
   22
    0
   11
    0
    0
    0
    0
    8
    0
   41
  234
   22
    1
    1
  112
  143
   91
   24
    0
   48
   41
    7
   33
    0
    0
    0
    0
   12
   48
   75
   56
  108
    4
    0
    0
   33
    0
    0
    0
    0
    0
    0
    2
    0
    0
    0
    0
    6
    1
    0
    1
    0
    0
   14
   41
   11
    3
    0
    0
    0
    0
   20
    8
  112
    0
   31
  106
   16
    4
    0
    0
    0
    0
   11
    0
    0
    5
    4
    0
    0
    0
   12
    0
    0
    0
    0
    0
    0
    0
    0
    0
    0
    0
    0
    0
    0
    0
    0
    0
    0
    0
    0
    0
    0
    0
    0
    0
   12
   18
    3
   12
    0
    0
    0
    0
    0
    0
    2
   41
   26
   28
   56
    2
   11
   14
   57
    6
   16
    3
    0
    0
    0
    0
    0
    2
    7
    9
    7
    5
   12
   19
    0
    0
    0
    1
   12
    1
    1
    0
    0
    0
    0
    0
    0
    0
    0
    2
   32
   32
    0
   71
    0
   11
   61
   12
   15
    1
    4
   48
    6
    1
    0
    0
    0
    0
   17
   48
    8
    5
    0
    0
    0
    0
    0
    0
    0
    0
    0
    2
   21
    0
    0
    0
   33
    1
   21
    0
  131
   31
   30
    0
    0
    0
   16
   41
    1
    1
   14
   20
    1
   64
   14
    1
   52
  145
   11
    5
    8
   25
    0
   17
   30
  106
    0
    0
    0
    0
    0
   23
   12
    0
    0
    0
    0
  128
   40
   66
    2
    5
    0
    0
    0
    0
    0
    9
    0
   61
   18
   12
   19
    1
    1
    0
    2
   23
  123
   16
   24
    5
    7
    1
  146
   42
  192
  204
    5
    0
  144
   74
    0
    0
    2
    0
    0
    5
    0
    0
    0
    0
   75
    2
    5
    0
    0
   14
   16
    0
    0
    0
    0
    0
    0
    0
    0
    0
    0
    0
    0
   13
  141
   18
   31
  111
   20
    2
    0
    0
    0
    0
    0
    0
    0
    0
    0
    0
   41
    0
    0
    1
    0
    0
    0
    5
   13
  119
   10
    0
   25
    2
    4
   79
  252
   14
   22
    6
    7
    1
    0
    0
   48
    0
    5
   84
   42
    0
    0
   12
   32
    0
   81
    4
    0
    0
   28
    0
    0
    0
    5
   16
    0
    0
    0
    0
    3
   65
   46
    1
    2
  157
   66
    0
    0
    0
    0
    0
   29
    0
   17
    1
    1
   16
    0
    0
    0
    0
    0
   63
    1
    0
    0
    2
    0
  101
    0
    8
    1
    1
   42
    1
   16
    6
   19
    2
    0
   13
    0
   16
   25
   28
   33
    2
   69
    0
    0
    0
    0
    0
    0
    0
    0
    0
    0
   96
    0
   19
    0
   64
   46
  146
   29
    0
    0
    0
    0
    2
    0
    0
    0
    8
    1
    0
    0
    0
    0
   13
    2
    1
    0
    0
    0
    2
    3
    0
    0
    0
    0
    0
    0
   37
   35
    0
    0
   44
    1
   14
    2
    0
    0
   27
    0
    4
   15
    0
    0
    0
    6
   43
    0
    0
    0
   17
    0
   37
   17
    0
   19
   46
    0
    2
    3
    0
    0
  116
    0
    0
    0
  128
   28
   11
    0
    0
   16
    2
    0
    0
    4
    0
    0
    0
    0
    0
    0
    0
   19
   55
  134
    6
   42
  187
    6
   13
    5
   37
    0
    0
   56
   26
    2
   21
    2
    0
    0
    0
   21
    9
   73
    6
    0
    0
    0
    0
    3
    0
    3
   52
    6
    3
    0
   51
    0
    2
    0
    0
    0
    0
   11
   21
   22
   56
   67
   21
    0
    0
    0
    6
   36
   94
    4
    0
    9
   19
    2
    3
    0
   41
    0
    0
    0
   58
    0
   26
    2
   79
   11
    0
    0
    8
   54
    6
    0
    0
    0
    0
    0
    0
    0
    0
    0
    0
    0
    0
    0
    0
    0
   51
  211
    4
    0
    0
   83
   28
   16
   62
    0
   26
   48
    5
   26
    4
    1
    0
   41
   14
    0
   72
   66
    0
    0
    0
    0
    0
    0
    0
    0
    0
    2
   41
  102
  161
 1023
  122
  173
  233
   11
    0
    0
  187
   23
    8
    0
   14
    0
  127
   91
    0
    0
    0
    0
    0
    0
  104
    0
    0
    0
    0
    0
    0
   10
    0
    0
   56
    2
    0
    0
    0
    0
    4
    0
    0
    0
  112
   16
    0
    0
    0
    0
    0
    3
   11
    2
    1
    0
    1
    0
    0
  153
   15
    0
    0
    0
    0
    3
    0
    0
    0
    0
    2
    0
    0
    0
    0
    0
   11
    2
   24
    3
    0
    0
    0
    0
   11
   19
   52
   29
   92
   38
   26
   18
   38
    0
    0
    0
    0
    6
    0
    0
   10
    3
   17
   10
    0
    0
    0
    0
    0
    0
    0
    3
    0
    0
   13
    3
   16
    0
    0
    0
    0
    0
    0
   95
    0
    1
    0
    0
    0
   14
    0
    0
    0
    0
    0
    0
   22
    2
    1
   16
   47
  102
   24
    7
   64
   27
    0
    1
   32
   62
   70
   35
   28
    1
    0
    0
   21
   36
   19
   17
    3
    0
   34
   11
    4
    2
   26
    1
    0
    0
    0
    0
   21
    5
    5
   11
    2
    0
    0
    0
    0
    0
    0
    0
   10
   51
    2
    2
   15
   66
   12
   11
    7
   47
    0
    0
    0
   36
   21
   31
    0
    0
    1
    0
    0
    0
    4
    0
    5
    0
    0
    0
    0
    3
    0
    0
   45
    4
    0
    0
    0
    4
   84
    3
   45
    8
    3
    0
   21
   12
    5
   17
   69
   19
   79
   11
   19
    0
    0
    0
    2
    0
   15
   23
  121
   23
    3
   12
    3
    0
    1
    0
    0
    0
    0
    1
    0
    0
    0
    0
   22
   41
    3
    0
    0
    0
   32
   19
   39
   15
   81
   64
    0
    0
    0
    0
    0
    0
    1
    2
   17
    0
    0
    2
    1
    0
    0
    0
    0
    0
    0
   36
    3
    1
    1
    0
    0
    0
    0
    0
    0
    0
    0
    0
    0
    1
    0
    0
    0
    0
   26
   82
    1
    0
   56
  103
    1
    1
   91
   73
    2
    1
   56
    0
    0
    0
    0
   41
    1
    0
   54
   23
  264
    0
    0
    0
    7
   90
    8
    0
    0
   58
   11
   14
    1
    0
   38
    4
    0
    0
   33
   25
    0
   48
   53
   14
   41
    3
  136
   37
    1
   18
   13
   24
    0
    0
   44
    0
    1
    0
    0
    2
   31
   76
   14
    4
    0
  164
   14
   21
    2
    0
    0
  166
    0
    3
    0
    0
    0
    0
    0
    0
    0
  183
   11
    0
    0
    0
    0
    0
    0
    0
   67
   41
   18
   27
   14
  160
   21
   36
   61
    0
    0
    1
    0
   44
    6
  121
   16
    0
    0
    0
   91
   53
   75
   20
   95
  171
   50
   80
   41
    0
    0
    0
    0
    0
    0
    0
    0
    0
    0
    0
    0
  162
    3
    4
    0
    0
    0
   91
   10
    5
   20
   44
  147
   19
   61
    0
    0
    0
    4
    0
   16
    3
    0
   42
   46
   62
    4
   17
  107
    8
   24
  131
   98
   37
    1
   67
    0
   19
    0
   21
   89
   61
    0
    0
    0
   83
   21
   63
   14
    5
   11
   13
    0
    0
    3
    0
    0
    7
    2
    0
    0
    2
    0
    0
    0
    2
   21
   61
   11
    0
    0
    0
    0
   29
    3
   51
   39
    0
    0
    8
    0
   16
    1
   13
    0
    0
    0
    0
    0
    8
    0
    0
    0
    0
    2
    6
    0
    0
    0
   62
   13
    0
    0
   65
    8
    6
    9
    0
    1
    0
    0
    0
    0
    0
    1
    0
    0
   48
    1
   18
    4
   12
   21
    0
    8
    7
   91
   19
   16
   41
   35
    9
    0
    0
    0
   29
   27
    0
    6
   27
   11
   16
  131
    3
   71
    7
   42
    9
   17
   16
    4
    0
  103
   52
    0
    0
   63
    0
    0
    3
   37
   66
    0
    0
    0
    2
    0
    0
    0
    0
    8
   35
    1
    7
   13
   11
    0
   63
   88
   13
    1
    0
    0
    0
    0
    4
   51
    5
   62
   18
    9
    0
    2
   41
    2
   42
    0
    0
   87
   25
    0
    0
    0
   12
    0
    5
    0
    2
    0
   14
    1
    0
    0
    0
    0
    0
    0
    0
    0
   68
  258
    0
   71
   28
  108
   61
   87
    3
    0
    0
    0
    0
   81
   61
   36
    0
    0
    0
    0
    0
   81
    0
  212
    0
    0
   57
   18
    0
   11
    1
    0
   70
    0
   92
   15
    1
    0
    0
    0
    0
  108
  392
    5
   31
   13
    0
    0
    1
    0
    0
  132
    0
    0
  109
   17
    0
    0
   19
  356
   51
  151
   45
    0
    0
    1
    0
   18
  247
   17
    0
    0
    0
    0
   18
   62
    0
   16
    0
    0
    0
    0
    0
    0
    0
    0
    0
    0
    0
    0
   25
    0
    3
    0
    0
    3
    8
    0
    0
   66
   11
   85
   25
   41
    0
   17
    0
    0
    0
    0
    0
    0
   44
   11
    0
    0
   52
    0
    0
    0
    0
    0
    2
    2
    0
    0
    0
    0
    0
    0
    0
    0
    1
    0
    0
    0
   76
    4
    2
    0
    0
   54
   16
    0
   11
   41
   13
    0
    9
   32
    0
    0
   29
    1
    0
   94
    2
   21
    0
    0
   43
    0
    0
    0
    0
    0
    0
    0
    0
   21
    0
   85
    5
    0
    0
    0
   53
   11
    3
  142
    0
    0
    0
   17
   38
  169
   88
  113
    0
    0
   16
   51
    0
    0
   17
    0
   31
   21
   18
   23
    6
    0
    0
    0
    0
    0
    0
    0
   10
   31
    9
    2
    0
    6
   20
    0
    0
    0
    7
    7
   13
   12
    3
    4
    2
    0
    2
   12
    3
    0
   23
    4
    2
  102
   13
    3
   17
    0
    0
   46
    0
    0
   21
    0
    0
    0
   15
   27
    0
    0
    0
    0
    0
    0
   31
   94
   15
    9
  106
   41
   46
   34
   10
    0
    4
    0
    6
  107
   26
   16
    3
   11
    3
   48
    0
    0
    0
   46
    0
   35
    0
    3
   59
   26
   79
   35
   13
   24
   52
   29
    6
   46
    0
  144
   38
    0
    0
   21
   13
   33
   16
   43
    6
    0
    0
   21
  119
  126
   68
   64
   14
   38
   78
   34
  244
   41
    0
    0
    0
    0
    0
   18
   75
    0
   47
   64
    0
   23
   56
   18
    0
    0
    1
   28
    0
    0
   44
    0
    0
    0
   18
   31
    0
   28
  123
    0
   34
    8
    0
    0
    0
    0
    0
   21
    0
    0
    0
    0
    0
  112
    0
    0
    0
    0
    0
    0
    0
    0
  161
    0
    0
    0
    0
    0
    0
    0
   11
    5
    8
   42
   48
  102
    0
    0
    6
    0
    1
    1
   21
   19
    6
    0
    0
    0
    0
   70
    0
   41
    0
    0
    0
   15
    0
   42
    0
   79
    0
    0
    0
    0
    0
   11
    0
    2
    3
   16
    2
    0
    0
    0
    0
    7
   38
    0
  140
    2
    1
  371
   46
    2
   66
   12
    0
   51
  125
    4
   12
    2
    3
    7
    0
    1
    1
    0
    2
    0
   15
   21
   31
    2
   74
    0
    0
    6
    0
    0
    0
    0
   32
    2
    0
    0
    0
    0
    0
    0
    0
    0
    0
    0
    0
  126
  139
    0
    0
    0
    0
    0
    0
  141
    0
    0
    0
  161
    3
  162
    5
    2
   51
   40
    0
    0
    0
    0
    0
    6
    0
    0
    2
   66
    0
    0
   26
   54
    2
    0
    0
    3
    0
    0
    0
    0
    0
  148
    0
    0
    0
   48
   35
  304
    4
    0
    0
   13
    4
    0
    0
    0
    0
    0
    0
    0
    0
    0
    0
    0
    0
   14
   23
   13
    4
    0
   15
   11
    4
    0
   38
    0
    0
    1
    0
    0
    0
    0
    0
    0
    0
  106
    0
   20
   28
    0
   34
   39
    8
    0
    0
   31
    2
    3
   11
   61
    1
    0
    0
    0
    0
    0
    0
    0
    9
    1
    0
   23
   15
    4
    1
   53
   18
    1
    0
    0
    0
    0
    0
    0
    0
    0
   18
    0
    0
    0
    9
   12
    3
   13
    5
    0
    0
   21
   15
    0
    0
    2
   18
    0
    0
    0
    0
    0
    0
    0
    0
    0
    6
    0
   43
    6
    5
   61
    1
    0
    0
    0
   12
   11
   26
   14
   31
   38
    2
    0
    0
    0
   21
    0
    0
   32
    0
    0
    0
    0
    6
    0
    3
    2
    1
  112
   63
    1
    2
   20
    0
    0
    0
    0
   56
   41
    0
    0
    1
   87
    5
   21
    8
  124
    3
    4
   24
   33
  102
    7
   23
   33
   36
   32
   45
  113
  104
    1
    0
    0
   27
    8
    0
    0
    0
    9
   41
    0
   23
   12
   36
    8
   86
   31
    9
   44
   23
  105
   51
    5
    2
    0
   35
   17
    1
    0
    0
   32
    3
    3
   15
    0
    0
    0
    0
    4
   78
  111
   34
    4
    0
    0
    0
    0
    0
    0
    0
    0
   10
   46
   10
    0
    0
    0
    0
    0
    0
    0
    0
    8
  151
    0
    2
   42
   19
   29
  121
   12
    0
    0
   17
   16
   13
   53
   81
    0
    0
    0
   16
   18
    2
  187
    0
    0
   41
   92
    0
    0
    0
    0
    0
   31
    0
   61
    0
    0
    0
    0
    0
    0
  371
   84
   12
   36
    0
    4
    0
    0
  254
   54
    6
    0
    0
    0
    0
    0
    0
    0
    0
    0
    0
    0
    0
    0
   66
    0
    0
   71
   69
   19
   64
    0
   29
   27
    0
    0
    0
    2
    0
    0
   33
    0
    1
    1
  327
    1
    0
    0
    0
    0
    2
    2
    0
    0
    3
   21
   43
    0
   40
   21
   11
   21
  103
    9
  133
  141
   26
   36
   51
    0
    0
   28
    1
   35
   31
   43
   35
    0
    1
   37
   76
   34
    2
    0
    0
   41
   70
    0
  104
   13
    0
    0
   15
   42
    0
    0
    0
    0
    0
    0
    0
    0
    0
    0
    0
    0
   46
    0
    0
   34
    0
    0
    3
   63
    8
    0
   46
   21
    0
    0
    0
   32
    8
  216
  153
   49
   18
    0
   83
    0
    0
    7
    0
    0
    8
   25
    0
    6
   87
    8
   21
   14
   12
   33
    8
   23
    0
    0
    0
    0
   54
  132
   78
    8
    0
    0
   13
   36
   42
    1
    8
    6
   12
   28
   21
   48
   18
   60
   64
    1
   17
    4
   21
   40
   15
  112
    9
   12
    6
    2
    0
    0
    0
   42
    2
    0
    0
    0
    6
    4
    0
    0
    0
    0
    0
    4
    0
   36
    1
    0
    0
   10
   26
   17
   95
   11
    0
    0
    0
    0
    0
    0
    0
    0
    0
    9
   19
   43
   41
   14
  112
   60
    0
    0
    0
    0
    0
   42
   47
   11
   13
   18
   12
   34
   14
   48
    4
    0
    5
    2
    0
    0
    2
   34
    0
    4
    0
    0
    0
   26
    5
    1
    0
    0
    0
   49
   64
   51
   29
   37
   23
    2
    0
    0
    0
    0
    0
    0
    0
    0
    0
    0
    0
    0
    0
    0
    0
    0
    0
    0
   53
  172
   21
    8
    0
    0
    0
    0
    0
    0
    6
   13
    1
   72
    0
   18
    0
    0
   11
    0
   10
   61
   76
    2
    0
    0
    0
   85
   16
    0
    0
    0
    0
    0
    0
   26
   28
   12
    0
    0
   91
    2
   86
    2
   84
   21
    0
    0
    0
    0
    0
    0
    0
   81
    6
   77
   41
    0
    5
    0
    0
   21
    0
  102
    0
    0
    0
    6
  276
   10
    0
    0
    0
    0
    0
   32
    0
    0
    0
   17
   15
    0
    0
    0
    0
    0
    0
   11
  167
   12
    0
  112
    3
    0
  334
  404
   56
    0
    0
    2
    0
    0
   14
    2
   21
    0
    0
    0
    0
    3
  116
    0
    0
  231
    3
  138
   67
  215
    0
  202
  562
  388
   21
    4
    0
    0
   43
    0
    0
    0
    0
    3
    0
    0
    0
    0
    3
  117
    0
    0
   74
    0
    0
    0
    0
   85
    0
    0
    0
    0
  352
    0
    0
    0
   37
    0
    9
    0
    0
    0
    0
    9
   11
   58
    4
    1
   97
    0
    0
    0
    0
    0
    0
   84
   22
   91
   24
   73
    0
    0
    0
    0
    1
    0
    0
   50
   71
   16
   37
    5
    0
  152
   32
    8
    1
   64
   23
   28
    8
   10
    0
    6
   46
   40
   87
    3
    0
    0
   35
   83
   30
   56
   42
    0
    0
    0
    8
    0
    0
  164
  184
    0
    0
  134
    0
    0
   12
    1
    0
    0
  186
  178
    3
    1
    2
   14
    0
    0
    0
    0
    0
    0
    0
    0
    0
    0
    3
   50
   28
    3
    0
    0
    0
  174
    0
    2
    0
   25
    0
    4
  223
  143
   14
   17
  123
   61
   10
    5
    8
    0
    0
    0
    2
    0
   42
  121
   12
    0
    0
    0
    0
    0
    0
    0
    0
   81
   12
   34
   16
   98
   72
   71
   20
   33
    0
    0
   31
    0
    5
   17
   61
    0
    0
    0
    0
    0
    0
    1
   10
    0
    0
    0
    0
    0
    0
    0
    0
    0
    0
    0
    0
    0
    7
   17
    7
    3
    0
   39
    2
   21
    5
    0
  100
   44
    0
    0
    0
    0
    0
    0
    0
    1
    0
    0
    0
    0
    0
    0
   66
    0
   19
    0
    0
   33
    9
   32
    0
   19
   26
    1
    0
    0
    0
    0
    0
    0
    0
    0
    0
    0
   52
   63
    0
    0
    0
    0
    0
    0
   25
    8
    0
    0
    0
    0
    0
    0
    0
    0
    0
    0
  134
  214
    2
   36
    8
   11
   51
    3
    0
    6
   66
   31
    0
    0
    0
    0
    0
    6
    0
    0
    0
    0
    0
   21
    0
    0
    0
    0
    0
    0
    0
    5
    0
    2
    0
  163
    0
    0
    0
    0
   76
  142
   27
    0
    0
    0
   45
    0
    0
    0
    0
    0
   27
   40
  122
   18
    2
   94
    7
    0
    0
    0
    0
    0
    0
    0
    0
    0
    0
    0
   41
   43
    0
    0
   86
    0
    0
    6
    0
    0
   74
    0
    0
    0
    0
    0
    0
    0
    0
    0
    0
    0
    0
    0
    0
    0
    0
    0
    2
    0
    0
    3
   46
    0
    0
    0
    0
    0
    0
    0
    0
    0
   24
   53
   68
  147
   42
   40
    0
    0
    0
    0
    0
    0
    0
   52
  233
   86
    6
    0
    0
    0
    0
    0
    0
    0
    0
    0
    2
    0
    0
    0
    0
   78
    2
    0
    0
    4
   14
   51
   58
   47
   91
   86
   61
    6
    0
    0
    0
    0
    0
    0
    0
    0
    0
    0
   38
    2
    0
    0
   11
    3
    2
    0
   68
   12
    0
    0
    5
   15
    0
    0
    0
    0
    0
    0
    0
    0
    0
    0
    0
    0
   47
    0
    5
    0
    0
    0
    1
    0
    0
    0
    0
    8
   87
    8
    0
    0
    0
    0
    0
   11
   15
    0
    0
    0
    0
    0
   10
   61
   41
    2
   20
    0
    2
    0
    6
   52
   39
    0
    0
    0
    0
    0
    0
    0
    0
    5
    0
    8
    1
   81
    0
  134
    0
   20
   88
   33
   33
   56
   54
   24
   21
    0
    0
   11
  213
   22
   20
    0
    0
    5
   12
    0
    2
    1
   16
    1
    0
   12
  219
    4
    0
    2
    0
    1
   32
   31
   64
    3
    2
   12
   13
    0
    0
    0
    0
    0
    0
    0
    0
    5
    2
    2
   27
    0
    0
    8
   37
    6
   19
    0
    0
   10
    3
   19
   50
    0
    0
    0
   30
    0
    0
    0
    0
    0
   52
   21
    0
    2
   23
   23
    0
   10
    0
    0
    0
    0
    0
    0
    0
    0
    0
   36
    3
   11
   53
    2
   42
    2
    0
    0
    0
    0
    0
    0
   11
   42
    0
    0
    0
   42
   26
    0
    0
    0
    0
    0
    0
   41
   31
    0
    0
  162
  274
   26
   11
   34
  356
    1
    2
   32
    0
   83
    0
    0
    0
    0
    3
   20
   46
   54
    0
    0
    0
    0
    0
    0
    0
  146
   50
    3
    0
   86
   52
    0
    0
    0
    0
    7
  103
   49
    0
    0
   32
    0
   65
   22
   45
    0
    0
    0
    9
    0
    0
    0
   27
    0
    0
    0
    1
   24
   51
   18
   21
    0
    2
  242
   12
   11
   43
   77
   14
    0
    0
    0
   51
   44
    0
  263
    0
  464
   32
    0
   16
   65
    0
    0
    0
    0
    0
    0
    0
    0
    0
    0
    0
    0
    0
    0
    0
    0
   82
    1
    0
    0
    0
    0
    0
   41
    0
   11
    0
    0
   12
   19
   12
   33
    0
   18
   58
    1
    0
    0
    0
    0
    0
    0
    0
    0
    0
    0
  161
   45
    0
    0
    0
    0
    0
    0
    7
    4
    2
   21
   96
   62
   67
   18
    3
   23
   12
    0
    0
   23
    0
    0
    0
   88
    0
   33
    0
    0
    0
    0
    0
    0
   47
    0
    9
    0
    0
   51
    0
    0
    0
    0
    9
  129
    0
    0
   45
   53
    0
    1
    0
    0
   19
    8
  146
   46
   32
  181
    3
    0
   61
   13
    0
   32
  122
   63
  245
   61
    4
   31
  163
   36
    0
    0
   62
   12
    3
    0
    0
    0
   13
    0
    0
    0
    0
    0
    0
    0
    0
    0
    0
    0
    0
    0
    0
   76
   20
    3
    0
    0
    0
    3
   23
   34
  155
   42
    0
    0
    0
    0
    0
    2
   24
    0
    2
    0
    0
    0
    0
    0
    0
   21
    0
    0
    0
    0
    0
   44
    0
  108
    7
   26
   19
   32
   88
   18
   32
   21
   20
   21
  174
    7
   82
   21
    0
    0
    0
    0
    0
    0
  136
  114
   25
   31
   41
   12
   51
   14
    0
    5
   32
   18
    8
    0
    3
    4
   36
   26
    5
    2
    0
    0
    0
    8
   21
   24
   29
   25
    0
   11
   18
    1
    2
    0
    0
    0
   86
    0
    0
    0
    2
    0
    0
   92
    0
    0
    0
    0
    0
    0
    0
    0
    0
    0
   21
    0
   18
   34
    1
    0
    0
    0
    0
    0
    0
    0
    6
    0
    0
    0
    0
    0
    0
    2
  106
   12
   19
    0
    0
    0
    0
    0
   31
  296
   38
   67
   44
   12
    2
    1
    0
    0
    0
  116
   25
   36
   34
    0
    0
    0
    0
    0
   62
    0
    0
    0
    0
    0
    0
   34
    0
    0
    0
    0
    7
   22
  102
   44
    2
    0
   94
    0
    0
    0
   43
    0
    0
   24
    0
    0
    0
   96
    0
    0
   16
  132
    0
    0
    0
   21
  162
   56
    5
    0
   36
  120
    0
   18
    4
    0
    0
    0
    0
    0
   19
   17
    0
    0
    0
   87
  121
  100
   26
    5
   19
    0
    0
    0
    0
  148
    0
    0
    0
  152
   72
    0
   94
   46
  109
    0
    3
    2
    0
   83
   10
   40
   30
    0
    0
    0
    0
   13
    0
  402
  142
    0
   30
    0
    0
    0
    0
    0
    0
    0
    0
    4
    0
    0
    0
    0
    0
    0
    0
  193
   50
    0
    6
   81
  162
   24
    0
    0
    0
    0
    0
    0
    0
    0
   16
    0
   30
   21
    0
  121
    8
    4
    0
    0
    0
    0
    0
    0
    0
    0
    0
    0
    0
    0
    0
    0
    0
    0
    0
    0
    0
   38
   12
   25
    0
    0
    0
    0
    0
    0
    0
   21
    3
   21
   41
    0
    0
    0
    0
    0
    0
    0
    0
    0
   51
   36
   18
   23
    4
  134
    4
    0
    0
    0
    0
    0
    1
    0
    0
    0
    0
    0
   32
   19
    0
    0
   14
   12
    0
    0
    0
   13
   11
   28
   80
   36
   31
   83
   62
   21
   36
   15
   43
   29
   14
   18
   11
  115
   24
   10
    0
    0
    3
    1
    2
    0
    0
    0
    0
    0
    0
   24
    6
    0
    0
    0
    0
   23
   25
   32
   72
   90
    0
    0
    0
    0
    0
    0
    0
    0
    0
    0
    0
    0
    6
   35
    0
   23
  154
   12
  106
   15
   14
    1
    0
    0
   28
   30
    0
    0
    0
   15
    3
    0
    4
    0
    5
   15
    4
   15
