Station: Neukirchen-Daenkritz , scaling_factor: 10.0, latitude:  50.7760, longitude:  12.4226, altitude:  310, nodata_value: -9
start: ..1969-01-01  end: ..2002-11-30
  149
  140
   10
    2
    0
    0
    0
    0
    0
    0
    0
    0
   10
    0
   24
    0
    0
    4
    0
    0
    0
   36
   25
   32
  100
    0
    3
    0
   20
    0
   15
    0
   25
    5
   17
    0
    0
   10
    0
   15
    3
    4
   20
   10
    3
  200
    8
    0
    0
    0
    0
    0
    0
    0
    2
   29
    0
    0
    0
    0
    0
    0
    0
    0
    0
    0
    0
    0
    0
   60
  100
   69
    1
  127
   60
    0
    0
    0
    0
    0
    0
    4
    0
   60
    4
   24
   30
    0
    5
   40
   60
    0
    0
    0
    0
    0
    0
    0
    0
    0
   55
   49
    0
    0
   63
   16
    7
  120
   15
    0
    0
   51
   91
   16
    0
    0
   56
    1
   72
    5
    9
    4
  191
    4
    0
    2
   79
    0
   25
    0
    0
    0
    0
    0
    0
   15
    0
    0
    8
    2
    0
    0
    0
    0
    0
    2
    0
    0
    0
  110
   57
    7
   18
   46
    0
  212
   66
    0
    0
    0
    0
    0
    0
    0
   46
   54
    0
    0
    0
  600
   23
    0
    0
    0
  191
    0
   37
   20
   19
   54
    0
    0
    0
    0
    0
    0
   40
    0
   40
    0
    7
  129
   12
   17
    0
    0
    0
   24
    0
    0
    0
    0
    0
    0
    0
   10
    0
  214
    0
    0
   55
    0
    0
    0
    0
   17
    0
   23
    0
    0
    0
    0
    0
   92
   72
  110
   97
  119
    0
    0
    0
   62
    0
    0
    0
    0
    4
   17
    7
  164
   70
   69
    0
    0
    0
    0
    0
    0
    0
    0
    0
    0
   72
    0
    0
    0
    0
   15
   56
  111
    0
    0
    0
    2
   52
    0
    0
    0
    0
   29
    0
    4
    0
   19
   43
   10
    0
    0
    0
    0
    0
    0
    0
    0
    0
    0
    0
    0
    0
    0
    0
    0
    0
    0
    0
   91
   14
    2
    0
    0
    0
    0
   10
    5
    0
    0
    0
   54
    0
    0
   22
   14
   10
    0
    0
    0
    0
    0
    0
    0
    0
    0
    5
    0
    0
    0
    0
   70
   84
  110
    3
    0
    0
    0
    0
    2
   46
    0
    0
    0
    4
    0
    0
    0
    0
    0
    0
    0
   35
   32
   22
   51
    2
    0
    0
    0
   19
    0
    0
    0
    0
    0
   35
    0
    7
    0
    0
   11
   53
   69
    0
   10
    0
    0
    0
    0
    0
    0
    0
    0
   40
    0
    0
    0
    0
    0
    0
    0
    0
    0
   10
  103
    9
    0
    0
    0
    0
   74
   10
    0
    0
   19
    2
    0
   19
   16
   12
    0
   14
    0
    5
    0
    0
   12
    0
   55
   89
  102
  185
   30
    0
   88
   42
   20
   26
   29
    0
  111
  124
    0
    0
    0
    0
    0
    0
    0
    0
    0
   10
    3
   23
   21
   22
   31
    8
    0
    0
    0
    7
    0
   27
   70
    0
    0
   85
    0
    2
   11
   19
    2
    0
    0
    0
  124
    0
    2
   28
   89
    0
    0
   44
    0
    9
  166
   27
    0
    0
   32
   17
    2
    5
    5
    6
   50
   29
   81
    2
   19
    0
    0
    0
    0
    0
    0
  119
   26
  104
    6
    0
   42
   17
    0
    0
   47
   21
   11
    3
    0
    0
    9
   36
  146
   51
   15
   16
   39
   23
    0
   14
   34
   44
    0
    0
    0
    1
   45
   26
    0
    0
    0
    0
   42
    0
    0
    0
    0
    0
   12
   21
    0
    0
    0
    0
  130
   22
    0
   95
    0
    1
    0
    9
    0
    0
    0
   41
    0
    0
    0
    0
   41
   43
    2
   53
    0
    7
    7
   80
    0
    0
  114
   23
   46
   17
    0
   15
    0
  275
  215
    0
    3
    0
    0
    0
  100
   95
    0
   14
    3
    0
    0
  147
    0
   62
   13
    0
    0
  149
  260
   15
   65
   29
    0
    0
    0
    0
    0
    0
    0
   29
    0
   21
    2
    0
    0
    0
    3
    0
    2
   55
    0
    0
    0
    0
    0
    0
    0
    0
    0
   19
    0
    0
    0
    1
    0
    0
    0
    0
   60
  111
   95
  125
   27
    0
    0
    0
    0
    1
    0
    0
    0
   22
    1
    0
    0
    0
    0
   19
   21
   52
   68
   55
   61
    0
   23
    1
   81
   30
    0
    3
    0
  122
    9
    1
   49
   15
    0
    0
   18
    0
   19
    2
   19
   44
    0
    3
   18
    1
    0
    0
  128
   96
    0
    0
    0
    0
    0
    0
    6
    0
    8
   42
    3
   41
   42
    0
    0
   21
    0
    0
    6
    0
    0
    0
   24
    0
    0
    0
    0
    0
    9
   19
   14
    2
    4
    0
    0
   53
    0
  110
    0
   11
    0
    0
    0
    0
    0
    0
    0
    0
    0
    0
    0
    0
    0
   10
    5
    0
    0
    0
    0
    0
    0
   36
   11
    0
   10
    4
    0
   11
    0
    0
   29
    0
    2
    0
    8
    5
   15
    2
    0
    0
    0
    0
   18
    0
    0
    0
    1
    0
   66
    0
    4
   63
   52
   20
   80
   15
   11
   68
   21
    2
    6
   30
   11
    4
    0
    0
   21
   15
   10
    2
    0
    0
    0
   14
    0
    0
    0
    0
    7
   25
    0
    0
   21
   11
    0
    0
    0
    2
    0
    0
    0
    0
    0
   14
    0
    0
    2
    0
    0
    0
    0
    0
    0
    0
    2
    9
    0
    0
   53
    0
    0
   31
  101
   72
   32
   22
   11
    0
    0
    0
    0
    0
    0
    0
    0
    0
    0
   12
    0
    0
    0
   52
    0
    0
    0
    0
  231
    0
    0
    6
    9
   88
   14
    1
   39
    0
    6
  109
    0
    0
    0
    0
    0
    9
    0
  110
   65
   42
    9
   36
   29
  122
   38
    0
   12
   15
   23
   11
   53
   64
    5
    0
    0
    0
    0
   30
   39
   75
   95
    7
   19
   21
    0
    0
    0
    0
    0
    0
    0
    0
    0
    0
    0
    9
    0
    0
    0
    0
    0
    0
    0
    0
    0
    6
    0
    0
    0
  109
    0
    0
    0
    0
    0
   45
    0
    0
    0
    4
   45
    0
    0
    0
    0
    0
   77
    0
    0
    0
    0
    0
    0
   84
   95
  103
    0
   17
   15
    8
    0
    0
    0
   29
    0
    5
    0
    0
    0
    2
    0
    0
  126
   85
   21
   18
    3
    6
   29
   19
    0
   69
    0
    0
    0
    0
    9
   17
    2
    0
    0
   19
   19
    0
    0
    0
    0
    7
    0
    0
    0
    0
    0
    0
    0
    0
   49
  116
    0
    0
    0
    0
    0
    5
    8
    0
    0
    0
    0
    0
    0
    0
    0
    0
    0
    0
    0
    0
    0
    0
    0
    0
    0
   14
   69
    0
    6
    0
   11
   22
   34
   48
  332
    8
    0
   15
    0
   32
   16
    0
    0
    0
    0
    0
    0
    0
    0
    0
   12
   15
    9
    9
   13
   58
   33
    0
   30
    0
    0
    0
    0
    0
    0
   26
   75
    1
   38
   16
    0
    0
    0
    4
   16
    0
   14
    0
    0
    0
   18
    0
    0
    0
    0
   29
    5
    0
    0
    0
    0
    0
    0
    0
    0
    0
    0
    0
   19
    0
    0
    0
    0
    0
   21
    2
    5
    0
    0
    0
    0
    0
    3
    0
    0
    0
    0
    0
   24
    0
    0
    0
    0
    0
    0
    0
    0
    0
    0
    0
    0
    0
    0
    5
    0
    0
    0
    0
    0
    0
    0
    0
    0
    0
   14
    0
    0
  144
    0
    0
    0
    0
    0
    0
    0
    0
    0
    0
    0
    0
    0
    0
    0
   21
   64
   10
   20
    0
   40
   45
   61
   36
   14
    9
    7
   21
    4
    0
    0
   25
    0
    0
    0
   40
    5
    5
   26
   22
    0
   20
    5
    0
    0
    0
   20
    0
    0
    0
    0
    0
    0
   14
    0
    0
    0
    0
   40
   61
   59
  146
   13
    5
    6
   65
  119
    0
   29
   25
    0
  105
    0
    0
    9
    6
   24
   71
   49
    5
    8
    0
   35
    4
    0
    0
    0
    0
   71
    0
    0
    9
  115
  200
    0
    0
    7
   25
    5
    0
   12
    0
    0
    0
   13
    0
    0
    0
    0
    0
    4
   30
    0
    0
   14
    0
    0
    0
    0
    0
   21
  125
    0
    0
    0
    0
    0
   23
    0
    0
    0
    0
    0
    9
   55
   70
    8
    0
    8
    0
  251
  320
    0
    0
    6
    0
    0
    8
    0
    0
    0
    0
   72
   95
    0
    0
    0
  305
   27
   36
   75
    0
    0
   12
    0
    0
    0
    0
    0
    0
    0
    0
    0
    0
   56
    0
    0
    0
    0
    0
   55
   68
   28
  112
    6
    0
    0
    0
    0
   32
   49
    5
    0
    0
    0
   17
   25
   62
    9
    2
   45
   27
    0
    0
    0
    0
    0
    0
    0
    0
    0
    0
    0
    0
    0
    0
    0
    0
    0
    0
    0
    0
   20
   30
    9
   81
   47
    0
    0
    0
    0
  160
    0
    0
    0
    0
    0
    0
    0
    0
    0
    0
    0
    0
   11
   33
   26
   29
    6
    0
    0
  144
    0
    0
   14
    0
    2
    9
   34
    0
    0
    0
    0
    0
    0
    4
    0
    0
    0
    0
    0
    0
    8
    0
    0
    0
    0
    0
    0
    0
    0
    0
    0
    7
    0
    0
    0
    0
    0
    0
    0
    0
    0
    0
    0
    0
    0
    0
    1
    3
    5
    6
    0
    0
   17
    0
    0
    0
    0
    0
   10
   23
    0
    0
    0
    0
    0
    0
    0
    0
    0
   19
   28
   36
   42
   47
   25
   29
    0
    0
    0
    0
    0
    0
   19
   12
   13
   35
    0
    0
    0
    0
    0
    0
   34
   13
   39
   16
   11
   61
   41
    8
   12
    0
    0
    0
   21
   39
    0
    0
    0
    9
   23
    0
    0
    8
    7
    0
    0
    0
    0
   20
   23
   13
    0
    0
    0
    0
    0
    0
    0
    0
    0
    0
    0
    0
   21
    0
   29
    0
    0
    0
    0
    0
   31
  192
   14
   55
    0
    0
    0
   12
   36
   32
   19
    0
   31
    0
    0
    0
    0
    0
    0
   21
    6
    0
   37
  189
    0
    0
   30
    9
    5
   12
    0
    7
    0
    0
    0
   25
    0
    0
    0
    0
    0
    0
  303
    0
    4
   31
    0
    0
    0
    0
    0
   12
    0
  116
    0
    0
    0
    0
   37
   30
   73
    0
   12
    0
    0
   72
    0
    0
    0
   89
    2
    0
    0
    0
    0
   28
    0
    0
    0
    0
   11
   14
    0
    0
    0
    0
    0
    0
    0
   19
    0
    0
    0
   27
   69
   35
    0
  193
   13
    0
   30
   33
  100
    0
   31
   37
    0
   28
  263
    5
   95
    0
    0
    0
    0
    0
   46
   15
    0
    0
   57
    0
    0
    0
    0
    0
    0
    0
    0
    0
    0
   34
   15
    0
    0
    0
    0
    0
    0
    0
    0
    0
    0
  105
   35
    0
   19
    0
    0
    0
    0
    0
    0
   96
    6
    0
    0
    0
    0
    0
   79
   32
    0
    3
    0
    7
    0
   53
   21
    0
    0
    0
    0
    9
    0
    0
    0
    0
    0
    0
    0
    0
    8
    0
    0
  125
    0
    0
   21
   19
   82
   13
    0
   85
  117
   75
    7
   36
    0
    0
    0
    0
    0
    0
    0
    0
    0
    0
    0
    0
   92
    0
    0
    8
    0
    0
    0
   16
   30
   46
   14
    8
    0
    0
    5
    0
    0
    0
    8
    0
    0
   78
   10
    0
   31
    0
   12
    0
    0
   65
    0
   35
   26
   45
    0
    0
    6
    0
   52
   32
   35
   13
    0
    0
    0
    0
    0
    0
    0
    0
    8
    4
    0
    2
    0
    0
    4
    0
    0
    0
    0
    0
   61
    5
    0
    0
    0
   21
    0
    0
    2
    0
   22
   45
  133
    0
    0
    0
   32
   10
    6
    0
    0
    0
    0
    0
    0
    0
    0
    0
    0
    0
    0
   71
   15
   13
    6
    0
    0
    0
    0
    0
    0
    0
    0
   10
  134
    0
   11
  108
  114
    0
    7
    0
    0
    0
    0
    0
    0
    0
   16
    0
    3
    0
    0
    0
    0
    0
   59
   34
    0
    3
   31
   20
    4
    0
    0
    0
    0
    0
    0
    0
    0
    0
    5
    0
    0
    0
    0
    0
    0
    0
    0
    0
    0
    0
    0
    0
    0
    0
    0
   93
   47
    5
    0
    0
    0
    8
    0
    0
   12
    0
    0
    0
   13
   25
    0
    4
    0
    0
  143
   43
   74
   10
    0
    0
    0
  213
   32
   11
   24
    5
    2
    3
    0
    0
   21
  102
   88
    2
   11
    6
    0
    0
    0
    0
   15
   49
    5
    0
  134
    0
    0
   27
   17
   64
   14
   10
   46
   81
  111
   41
   50
    0
    0
    9
    0
   35
    0
    0
   13
    0
    0
   17
  141
   10
   73
  200
   81
    0
   31
    0
    0
   55
    0
    0
   93
    0
   28
    0
    9
   28
    0
    0
   12
   89
    0
  115
    0
    0
   12
   85
   27
    0
    0
    0
    0
    0
    0
    0
    4
    0
    8
    7
    0
    0
    0
   39
   42
   43
    0
    0
    0
    0
    0
  183
   16
   19
   30
    4
    0
    0
    0
    0
    7
  133
    0
    0
    0
   43
    0
    0
   33
    0
    0
   15
    0
    0
   40
    0
    0
    0
    1
    0
    0
    0
    0
  101
    0
    0
    0
    0
    0
    0
    4
   19
    0
  179
   25
    0
   33
   29
   41
    0
    0
    0
   25
    0
   30
    0
    0
    0
    0
    0
   26
  156
   14
    0
    0
  127
   94
  297
   87
   19
   49
   23
   49
   19
   75
   25
   17
   66
   55
    4
    2
    0
    0
    0
    0
    6
    2
    0
    0
    0
    0
    0
    0
    0
    9
    0
    0
    0
   96
    0
    6
    5
    0
   27
    3
   42
    3
   18
    2
   13
   15
   42
  180
  195
   79
   31
   31
   28
   34
    4
    0
    9
   15
   52
    2
    6
    0
    0
    0
    0
    0
   17
   92
   17
   38
   81
   19
   16
   17
    2
    0
    0
    0
    2
   50
   46
    0
    0
    0
    0
    4
    0
    0
    0
    0
    0
    0
    0
    0
   32
    0
    0
   18
    0
   35
   35
    0
   48
   30
   12
   54
    0
    0
    0
    0
    0
    0
    0
    0
   11
    0
    6
   28
    0
    0
    0
   51
   72
    0
    0
    0
    0
    0
    0
    0
    0
    0
    0
    0
    0
    0
    0
    0
    0
    0
    0
    0
    0
   12
    4
   42
    5
   33
    0
   10
    8
   20
    0
    0
    0
   69
   17
   50
   14
    0
    0
    0
    0
    0
    2
    0
   57
   73
   21
    0
    0
    0
    5
    0
   39
   17
   80
  197
   43
    0
    0
    0
    6
    0
    0
    0
    0
   13
    0
    0
    0
    0
    0
    0
   25
  110
    0
    0
    0
    0
  235
   86
    0
   15
   24
    0
    0
    0
    0
    9
   43
    0
    0
    0
    0
    0
    0
    7
    0
    0
    0
    6
   19
    0
    0
    0
   13
    0
    0
    0
    0
   22
  185
   59
    0
    0
    0
    0
    0
    7
   25
  268
    0
   47
   75
   56
    7
  339
    0
    0
    0
    0
    5
   43
   17
    7
    0
    0
    0
    0
    0
    0
    0
    9
  139
   10
    0
    5
    0
    0
    0
  195
   17
    0
    4
   63
    0
    3
  164
    0
    0
    0
    0
    0
    0
    0
    0
    0
    0
    0
    0
    0
    0
    0
    0
    2
    0
    0
    0
   15
    0
   29
   45
    0
    8
    0
  525
   19
  139
   99
    0
    0
    0
    0
    0
    7
    0
    0
    0
   54
   15
    0
    0
    0
    0
    0
  161
   37
    0
    0
    0
    0
    0
    0
    5
    0
    0
    0
    0
    0
    0
   10
    0
    4
    0
    0
    0
    0
   36
    0
   23
    0
   14
    8
   27
    0
    0
    0
   57
    0
    0
    0
   52
   14
   35
   15
   18
   21
    0
    0
    0
    0
    0
    0
    0
    0
    0
    0
    0
    0
    0
    0
    0
    0
    0
    0
    0
    0
    0
    0
   37
    0
    0
    0
   31
   89
   41
   82
    0
    0
    0
    0
    0
    0
    0
   25
   14
    0
    0
    7
   10
   16
    0
    0
    0
    0
   10
    0
    0
   38
    0
    0
    0
    0
    0
    0
    3
    4
    0
    0
    5
   12
   17
    0
    0
    0
    0
   16
   91
   61
   18
    2
   49
   81
    0
    0
    0
   87
   89
   11
  155
   82
   75
    8
    2
    0
   20
   56
   42
   52
   54
   21
   77
    0
    0
    0
    5
    0
    0
    0
    0
    0
    0
    0
    0
    0
    0
    0
   39
    0
   15
   51
   14
    0
    0
    0
    0
    0
    0
    0
    0
    0
    0
    0
    0
    0
    0
    0
    0
    0
    0
    0
    0
    0
    0
    8
    4
    0
    0
    0
    0
    0
    0
    5
   20
   23
   46
    0
    5
    2
    0
    0
   39
   35
    3
    0
    0
   11
    0
    0
    0
    0
   17
   23
    3
   11
    3
    0
    0
    0
    0
    0
    4
    0
   10
    0
    0
    0
    0
    0
    0
   37
   67
   27
    0
    5
    2
    0
    0
    0
    0
   13
    0
    0
    0
    0
    0
    0
    0
   18
    0
    0
    0
    0
    0
    0
    0
   47
   94
   52
    0
    0
   40
    0
    3
    4
   19
   13
   47
   33
  251
  107
   14
   42
    0
    0
    0
    0
    0
    0
    0
    0
    0
    0
   36
   71
    0
    0
    0
    0
    0
    0
    0
    0
    0
    0
    0
    0
    0
    0
    0
    0
    0
    0
    0
    0
    0
    1
    0
    0
    0
    0
  170
    3
    0
    0
   19
    0
    0
   38
   15
    0
    0
   15
   29
    0
    0
    0
    0
    0
   63
   42
   23
   76
    5
    0
    0
    0
    0
    0
    0
    0
    2
   21
    0
    0
    0
    0
   69
    5
    7
    0
    0
    0
    0
    0
    0
  144
    0
    0
   62
    7
    4
   58
    0
   29
    0
    0
    0
    0
   32
    0
    0
    0
    0
   31
    0
  159
    0
    0
    0
    0
    0
    0
    0
    0
    0
    0
    8
   17
   21
    0
    0
    0
   32
   32
    3
    0
    0
    0
    0
    0
    0
    0
   61
    0
    0
   84
   61
    0
    0
    0
    0
    0
    0
    0
    0
    0
    0
    0
    0
   32
    0
    0
    0
   34
    0
    0
    0
  126
    0
    0
    0
    0
    0
   28
   59
   37
   15
    0
    0
    9
    0
    0
   14
   21
   72
   15
    0
   18
    0
    3
   15
   11
   21
    0
    0
    0
    0
   15
    1
   46
    0
   56
   60
   60
   18
   13
    0
    0
    0
    1
    0
    0
    0
    0
    8
    6
    0
    0
    3
    0
    0
    0
   32
    0
    0
    0
    0
    3
    6
   33
    4
    0
   40
   21
    0
    0
    0
   12
    0
    0
   22
    0
    0
    0
    0
    0
   55
    0
    0
    0
   59
    0
    0
    0
    0
    0
    0
   26
   10
   34
    0
    0
   30
    4
    0
    7
    0
    0
    0
    5
    7
   27
   30
    2
    0
    0
    0
    0
   27
   16
    0
    0
   47
    3
   33
    0
    0
   21
   36
    0
    0
    0
  218
   24
    7
   21
    0
    0
   40
   48
    0
    0
    0
    0
    0
    0
   54
   19
   79
    0
    0
    0
    7
    0
   10
   34
    0
    2
    5
   15
    4
    5
   10
    4
   81
   42
  118
    1
    0
    0
    0
    0
    7
    4
   49
   17
    1
   12
    0
    0
  129
   49
    8
    0
    0
    0
  124
    0
    0
   42
    0
    0
    0
   53
    0
    2
    0
   29
    0
    0
   33
   25
    2
    0
    0
    0
    0
    0
    0
    0
    0
    0
    0
    0
    0
   56
    2
   48
    5
    3
    5
    0
   33
    0
    0
    0
  111
  205
   23
    3
  150
  282
    9
   45
    0
    0
    0
   11
   15
    0
    0
   13
    0
    0
    0
    0
    0
    0
   11
    0
    3
    2
   19
    0
    0
  137
    0
   15
    0
    6
   32
    0
    0
    5
    0
    0
  190
  140
    0
    0
    0
    0
    0
   84
   89
    0
    5
    0
    0
    0
    0
   26
   83
  236
  268
    3
    2
   39
    0
    0
    0
   14
  195
    0
  531
  158
    0
    0
    0
   44
   15
    0
    0
    0
   58
   67
    0
  204
    0
    0
    0
   75
   87
   13
   55
    0
    0
    0
    0
   20
    2
   14
    0
    1
    0
   57
  143
    0
    0
    0
    0
    0
    0
    0
    0
   35
   20
   19
    2
    4
    0
    0
    0
    0
  144
    0
    0
    0
    0
    0
    0
    0
    0
    0
    0
    0
    0
    0
   11
    0
    0
    0
    4
   84
    0
   43
   33
   70
  115
   51
    0
    0
    0
   30
  156
    0
    0
   72
    0
   50
    0
    0
   20
   19
    0
    0
    0
    0
    0
    0
   30
   42
   25
    0
    0
   22
    5
   35
    0
    0
    0
   12
    0
    0
    0
    0
   18
  109
    0
    9
    0
    0
    0
    0
    0
    0
    0
    0
    5
   18
    5
    0
   12
    0
    0
   31
   15
    0
    0
   28
   35
    0
   12
    0
    0
    2
    0
    0
    0
    0
    5
    0
    0
    0
   17
    0
    0
    0
    0
    0
   37
    9
   17
    0
    0
    0
    0
    0
   21
   20
    0
    3
    0
    0
    3
   18
    0
    0
   39
    0
    0
   12
    4
    3
    0
    0
    0
    0
    6
    0
    0
    0
    0
    9
    0
    0
    0
    2
    0
    1
   23
    0
    0
   37
    0
   19
    0
    5
    7
    0
    3
    4
   21
   28
   52
   25
   24
    0
    0
    0
   67
    0
   12
    0
    0
    0
    0
    0
    0
   11
   25
    2
    0
    0
    0
    0
    0
   42
    0
    0
    1
   20
    2
    0
    0
    0
    0
  138
    0
    0
    0
    0
    2
    0
    0
    5
    0
   35
  125
    0
    0
    0
   13
  606
  221
   11
   46
    0
   55
   13
    6
  147
    0
    0
    5
  162
   22
    0
    2
    0
    0
    1
    0
    0
    0
    0
    0
    0
    0
    0
  185
   25
   34
    0
   40
   13
   13
    0
    0
   11
   58
   87
    0
   19
    0
    0
    0
   20
   45
    0
   21
    0
   19
   55
   13
    0
    0
   43
    0
   21
   19
    0
   30
    3
   16
   79
   74
    1
    0
    0
    0
    0
    0
    0
    0
  156
    0
    3
    5
    0
    0
    0
    0
    0
    0
    0
    0
    0
    0
   45
    0
   43
    0
    0
    0
  468
  295
    0
   30
    0
    5
    0
    0
    9
    2
   57
    0
    0
    0
    0
    0
   30
    0
    0
    3
   34
    0
   38
   88
   56
   25
    7
   15
    0
    0
   10
    4
   25
   22
    5
  141
    0
    2
    1
    0
    0
    0
    0
   29
   33
    3
  182
    4
    0
   10
  186
   20
   14
   50
    8
    0
   12
   82
  181
   42
    0
    0
    0
    0
    0
    0
    0
    0
    0
    0
   25
   32
    0
    0
    9
    5
   59
    0
    0
   45
   13
    7
   15
    0
    0
    0
    0
    0
    0
   12
    0
    0
    0
    0
    0
    0
    0
    0
    0
    0
    0
    0
    0
    0
    0
    0
    0
    0
    0
    0
   83
    0
    6
   15
   54
   88
   52
    0
    0
    0
    0
    0
    0
   65
   11
    0
    0
    6
    6
    1
   10
   20
    0
    0
    0
    3
    0
    0
    1
    4
    0
    1
    7
   21
  134
  228
   92
    6
    3
    7
   13
    0
    0
    0
    7
   34
    0
    0
   30
    3
   30
   25
   89
    0
    0
    0
    0
    0
    0
   22
    2
    0
    0
   51
    5
    0
   11
   13
   16
   26
    0
    9
   17
    0
   25
    6
    0
    0
    0
   51
   28
   16
    0
    0
   12
    2
    0
    0
    0
    0
    5
    0
    0
    0
    0
    0
    5
    0
    0
   90
    0
    0
    0
    0
   40
    7
  102
   55
   46
   37
    0
   68
    0
    0
   22
   34
    0
    0
    0
    0
    8
   17
    0
    0
   40
  238
   18
    0
   47
    0
  116
    0
   28
  113
    4
    0
    0
    0
    0
    0
    0
    0
  106
    7
   13
    0
    2
    3
   19
    3
    0
    0
   14
   13
    0
    0
   22
    2
   10
    0
    3
    8
   21
    0
    0
    0
    0
   40
    5
    0
    0
    0
    0
    2
   62
    0
    0
    0
    0
    0
   19
    0
    0
  129
    0
    0
    0
    0
    0
    0
    0
    1
  110
   90
  101
   84
    0
    0
    0
   66
    0
    0
    2
   90
    0
    0
    0
    0
    0
    0
    0
   12
    0
    0
  140
  164
    0
    0
    0
    0
    0
    0
    0
    0
  101
   11
   79
    0
    0
    0
   72
   43
    0
    9
    4
    0
    0
    0
   20
    0
    0
   15
   31
   37
   38
    0
   80
    0
   29
   35
   14
    0
   13
    0
    0
    0
    0
  135
   22
    0
    0
    0
    0
    0
    0
  129
   54
    0
    0
   11
   29
   92
    3
    0
   11
    0
    0
    0
    0
    0
    0
   25
  145
   25
    0
    0
    0
   29
   36
    0
    0
    0
    0
    0
   27
    0
    0
    0
    0
  123
  127
  290
   59
   16
    0
    0
   15
    3
    0
    0
    0
    0
    0
    0
    0
    0
    0
    0
    0
    0
    0
    0
    0
    0
    0
    7
   36
   19
    0
    0
    0
    0
    0
    0
    0
    0
    0
    0
   55
    0
   58
    1
   25
    3
   56
   29
    3
   59
   96
    0
    0
    0
   11
   24
    0
   99
    0
    0
   60
    9
   10
    8
    0
    0
    0
    0
   10
    3
    0
    0
    0
   24
    0
    0
    0
   30
   26
   26
    0
   15
  138
  100
    0
   38
   22
   14
   11
   43
    0
    0
   76
    0
    0
    0
    0
    0
    0
    0
    0
   19
   12
    7
   43
   22
    9
   31
   32
   11
    5
    0
    0
    5
    0
    0
    0
    0
    0
    0
    0
    0
    0
    0
    0
    0
   12
    0
   57
   34
    9
    0
    0
   32
   27
   32
   10
   34
   23
   84
   11
    0
    0
    0
   36
   13
    5
    0
    0
    5
    4
    4
    0
    0
    0
    0
    0
    0
    0
    0
    0
    0
   23
   10
    0
   15
   31
    5
    0
    0
    4
   82
   56
    6
    0
    0
    0
    0
    0
    0
    0
    4
  159
    0
    0
    0
    0
    0
    0
    4
    8
    0
    5
   24
    0
   71
   85
  176
   22
    0
    0
   10
   28
   36
   22
   11
    0
    0
    0
    0
    0
    0
    7
   44
   39
   20
   26
  394
  328
    0
   33
   95
    2
    0
    0
    0
    0
    0
    0
    0
    0
    0
  113
    5
    0
    0
    0
    0
    0
    0
    0
    0
    0
    0
    0
    0
    0
    0
    5
    0
    0
   18
   52
   24
    3
    0
    0
    0
   18
    0
   12
    0
    0
    0
    0
    0
  122
    0
    0
  126
   90
    3
   67
   45
   23
    5
   11
   13
    6
    0
    5
   35
    7
   12
   24
   10
   31
   85
  135
    0
   12
    0
   40
   93
   11
    0
   76
   66
   10
   13
  137
    0
    0
    0
   23
    2
  256
    2
    0
    0
    0
    0
    0
    5
    0
   17
    0
    0
    0
   14
    3
    0
    0
    0
    0
    0
    0
   16
   96
    0
    0
    0
    0
    0
    0
  425
    2
   12
   28
    0
   18
    0
    0
    0
    0
   29
   30
  121
   26
    0
    0
    0
  198
    6
    0
    0
   10
   29
    5
   33
    7
   18
   51
    0
   16
    0
    0
    0
    0
    0
    0
    0
   82
    0
    0
    0
    0
   10
   14
    0
    0
    0
    0
    0
   84
    0
    0
    0
    0
  184
  316
    3
    0
    0
    0
  112
   15
    0
    0
    0
   45
   28
    0
    0
    6
    2
   29
    0
    0
    0
    0
    8
   12
   14
  125
    9
   14
    0
    0
    0
    0
    0
    0
   50
   47
    0
    0
   11
    0
    0
    0
    0
    0
   88
    0
    0
   18
   49
    0
    0
   15
   43
   33
   44
   32
    0
    0
    0
    0
    0
    0
   60
   49
   13
    0
    0
    2
    6
    0
    0
   36
   26
    0
   10
    2
    3
    0
    0
    0
   41
   22
   47
   58
   91
   19
   12
   24
    0
    0
   54
    0
    0
    9
   33
    0
   12
    0
   38
   50
   76
   10
    0
    0
    2
   22
    8
    0
    0
    0
    0
    0
    0
    0
    6
   13
   23
   28
    1
    0
    0
    0
    2
    6
   35
    0
    0
    0
    7
    0
    4
    8
    2
    0
   70
    0
    0
    0
    0
    0
    3
    0
   46
   15
    0
    0
   16
   11
  168
   98
   37
   46
    0
    0
    0
    2
    0
   13
    0
    0
    0
    0
   75
   12
    5
   21
    0
    0
    0
    0
    0
    0
    0
    0
    4
   56
    0
    0
    9
    0
    0
    0
    0
    0
    0
    0
    0
    0
    0
    0
    0
    0
   36
   16
    0
    0
    0
  328
   10
   31
  163
   18
    0
    0
    0
    6
    0
    0
    0
    0
    0
    0
    0
    6
  271
    7
    5
   35
    0
    0
    0
    0
  161
    0
   32
   25
   95
    4
    0
    0
    0
    0
    0
    0
   25
    0
    0
    0
    0
   22
    0
    0
    0
   15
    0
    0
   19
    0
   11
  171
   11
   67
   14
   11
   11
   17
    0
    0
    0
    0
   11
    5
    0
   15
   38
    0
    0
    0
    0
    0
    0
    0
    0
  189
    0
   76
    0
    5
   21
  122
  192
    5
    7
    0
   24
  149
   11
   91
   74
    0
    0
    0
    0
    0
   11
    0
    0
    0
    0
  132
    0
  241
   13
   17
    0
    0
    0
    0
    8
    0
    0
    0
  111
    0
   19
  238
    0
    5
    0
  182
    0
    0
    0
    0
    0
    0
    0
    0
    0
    0
    0
    0
   59
    0
    0
    0
    0
    0
   32
  108
    0
   11
   20
    0
    5
   54
   56
    0
    0
    0
   18
  202
  155
    0
    0
   18
    0
    0
   24
    0
    0
    0
   34
   71
  111
   16
    0
    0
  171
    0
    0
  144
    0
    0
   61
   39
    0
    0
    0
    0
  251
    0
    0
   54
    0
   39
    0
    0
   29
   24
   37
   28
   26
   18
    0
   71
   11
   36
   23
    0
    0
    0
   33
   23
    0
   51
    0
    0
   11
   11
  110
   36
    0
   20
   81
   52
   11
   62
   99
   15
    5
   38
   75
   31
    0
   95
   12
    0
   34
    5
    0
    0
   76
   27
    0
    0
    0
    0
   26
    5
    7
    0
    0
    0
    7
    0
    0
    0
    0
    4
   33
   24
    5
    0
   36
    0
    0
    0
    0
    0
    0
    0
    0
    0
    0
    0
    0
   28
    0
    0
    0
    0
    0
   36
   79
   70
    0
    0
    0
    0
    0
    0
    4
    0
   39
    0
    0
    0
    0
    0
    0
    0
    0
    0
    0
    0
    0
    0
    0
    0
    0
    0
    0
    0
    9
   10
    1
   11
    0
   31
    0
    0
    0
    0
    4
   10
   15
    0
    0
    0
    0
    0
   12
    4
    0
    0
    4
    0
    0
    0
    0
    0
    0
    3
    0
    0
    0
    0
    7
    0
    0
    0
   19
  103
    4
   35
   40
    7
    0
    0
    0
    3
    0
    0
    0
    0
    0
    0
    0
    0
    0
    2
    0
    4
   67
    4
    0
    0
    0
   27
  149
   79
    7
    0
    2
   98
  100
    0
    0
    0
    0
    0
    0
   86
    1
    0
    2
   67
   14
    2
    0
    0
    0
   34
    0
    0
    0
    0
    0
    0
    0
    0
  301
    0
   19
    0
    0
   15
   25
   23
   33
    0
   46
    2
   39
    3
   21
    0
    0
    5
    0
   45
   14
    3
    0
    0
    3
    0
    0
  122
   34
    5
    0
    0
    0
    0
    0
    0
    0
    0
    0
   78
   11
   14
    0
    0
    0
    0
    0
    0
    0
   47
   18
    5
    0
    0
    0
    0
    0
    0
    0
    0
    0
   33
   13
    0
    0
    0
    0
    0
    0
    0
    0
    0
   38
    0
   37
   17
    2
    0
    0
    0
    0
    0
    0
    0
    0
    0
    0
    0
   26
    0
    0
    3
    8
    0
    0
    0
    0
    0
    0
    0
    0
    0
    0
    0
    0
    0
    0
   30
    6
    3
    0
    0
    8
    0
    0
    0
    0
    0
    0
    0
    0
    0
   11
    3
    0
    6
    1
    7
   17
   25
    0
   11
    0
    0
    0
    5
    0
    0
    0
    1
   11
    0
    0
    5
    0
    0
    0
    0
    0
    0
    0
    7
    0
    0
    0
    0
    0
    0
    0
    0
    0
    0
    0
   28
   13
    9
   15
    0
    0
   15
    0
    0
    0
    0
    9
   34
    0
    0
    0
    0
    2
    0
    4
   46
   10
   17
    3
   29
   25
   27
    0
    0
   21
   18
   35
    8
    1
   19
    0
    0
    1
    0
   24
    0
    5
    7
    0
    0
    0
    8
    0
   31
   17
    7
    0
    8
    4
    0
    7
    0
    0
    0
   18
   72
   22
    0
   34
    0
   19
    8
    0
    0
    0
   11
    0
   28
   32
    0
   34
   17
   18
    1
   32
    0
   12
    0
    2
    0
   51
   13
   49
  102
    0
    0
    0
    0
    0
    0
   18
   16
    0
    0
    0
    0
    0
    7
    0
    1
    1
    0
    0
    0
    1
   11
    0
    0
    0
    0
    4
    0
    0
    0
    0
   11
   26
   38
  118
    2
   23
   11
    0
   54
    0
   46
    0
   18
    1
    1
    5
  253
   53
    2
    0
    8
   21
    1
   12
    0
    3
  165
   89
   16
   54
   48
    0
    0
    0
  132
    0
    1
   39
    0
    0
    0
    0
    0
    1
    0
    5
   28
    0
    8
    6
    0
    0
   36
   17
    8
   86
   27
    0
   13
    0
    0
    4
    0
    0
   18
    0
   17
   10
   45
  173
   16
    0
    2
    0
    0
    0
    0
    0
    0
    0
    0
   54
    0
    0
    0
   43
    6
    0
    0
  192
  157
    0
   76
    1
    0
    0
    0
    0
    0
    0
    0
   64
  110
   60
    0
    0
    0
   -9
   -9
   -9
   -9
   -9
   -9
   -9
   -9
   -9
   -9
   -9
   -9
   -9
   -9
   -9
   -9
   -9
   -9
   -9
   -9
   -9
   -9
   -9
   -9
   -9
   -9
   -9
   -9
   -9
   -9
   -9
    5
   92
  102
  324
  312
   18
    0
    0
   19
   22
    0
    2
    0
    0
    0
   14
    0
    0
    0
    0
    0
    0
   12
    0
    0
    0
    0
    0
    0
    0
    0
    0
    5
    0
    0
    0
    0
    0
    0
    0
   37
    0
    0
   17
   32
   76
    0
    0
    0
   68
   15
    5
    0
    0
    2
    0
    0
    0
    0
    0
    0
    0
   18
    0
    0
    0
    0
    0
   28
    2
    7
    7
    1
    0
    7
    0
    0
    0
    0
    4
    0
    0
    0
    0
    0
    0
    0
    0
    0
    0
    0
    4
    0
    0
    0
    0
    0
    0
    0
    0
    0
    0
    0
    0
    0
    0
   24
    4
    6
    9
    3
    0
   12
    0
    0
    0
   23
   52
   47
   43
   12
   13
    0
    0
    0
    0
    0
   33
    0
    0
    6
   14
   31
    0
    0
    0
    0
    0
    0
    0
    0
    0
    0
   18
    0
    6
   42
   24
    0
    0
    0
    0
    0
    0
    0
   18
    0
    0
    9
    9
   15
   38
    0
    0
   11
   10
   59
    0
    5
    6
    0
    0
    0
    0
   24
    0
    0
    0
    0
    0
    0
    5
   18
   11
    0
    0
   39
    0
   17
  191
    5
   79
   32
   31
    0
    0
    0
    0
    0
    0
    0
    0
    0
    0
    0
   16
   19
   58
   21
    0
    0
    0
    0
    0
    0
    0
    0
    0
    0
    0
   43
    1
    1
    0
    0
    0
    0
    0
    0
    0
    0
    0
    0
    0
    0
    0
    0
   15
    0
    5
    3
    0
    2
    5
  138
  194
   32
   56
    0
    0
    0
    6
    0
   28
    5
   11
    0
    0
    0
   35
    0
    0
    0
    0
    0
    0
    0
    0
    0
    0
    0
   34
    0
   98
    0
    0
    0
   13
    5
    0
   11
    0
    0
    0
    3
   78
   64
   32
    0
   36
    0
    0
    0
    6
   19
    0
  147
   51
   49
    6
   27
   42
    1
    0
   12
    0
    0
    0
  137
  177
   84
    2
   64
    0
    0
    0
    0
    3
   22
    0
    0
    0
    0
    0
   11
   13
    6
   64
    0
   44
    0
    0
   11
    0
    5
    0
   78
   21
    6
    2
    0
    0
    0
    0
    0
    0
    0
   11
   82
  201
   82
   39
   89
   33
    0
    0
    0
    0
    0
    0
    0
   28
  118
    3
    0
    0
   75
    0
    0
   96
   82
    1
    0
    0
   25
   28
  463
    5
    0
    0
    6
   58
    0
    0
    0
    0
    0
    0
    0
    0
    2
    1
    0
    0
    0
    0
    0
    0
    0
    0
   17
   64
   63
    2
   25
   75
    5
  115
    7
    0
    0
   37
    0
    0
    0
    0
   24
  115
   15
   22
   21
    0
   56
   12
    0
    0
    3
    0
   46
    0
    1
    0
    0
   91
    5
   42
    7
    0
    0
    0
    2
    0
    0
    0
    0
    2
    6
    0
    4
   42
    0
    2
   35
    2
    0
    0
    0
    0
    0
    0
    5
    0
    0
    0
    0
    0
    0
    0
    0
    0
    0
    0
    0
    2
    0
    0
    0
    0
    2
  126
   12
   41
    0
   31
    0
    0
    1
    0
    0
    1
    0
    1
    0
    0
    0
    0
    0
   14
    2
    0
    1
   34
    0
   89
    7
   39
    0
   28
    2
    0
    0
    0
    0
    0
    4
   11
   16
    1
   10
   43
   42
   54
   35
   13
   12
    2
    0
    0
    7
   36
   31
    5
    0
    1
    0
    0
    0
    0
    0
    1
   11
    1
    3
    0
   54
    0
    0
   33
    0
   11
    0
   50
    0
    0
    0
    8
    0
   38
   43
    1
    0
    0
    0
    0
    9
    0
   13
    2
    0
    0
   54
    5
   42
    7
    0
    0
    0
    0
    5
    0
    0
    0
    0
    0
    0
    2
    9
    0
    0
    0
    0
    3
   16
    0
  109
  135
    0
   13
    2
    0
    0
    0
    0
    0
   21
    7
    0
   35
   14
   24
    3
    0
    0
    0
   11
    0
    0
    0
   13
    0
    1
   25
    0
   33
   29
    0
    0
    0
    0
    0
    0
   23
    0
   21
    1
   39
   13
   55
    3
   54
    9
   19
    0
    0
    0
   32
    3
   21
    0
    0
    0
    0
    0
    0
    0
    0
    0
    0
    0
    0
  186
  164
    4
    0
    0
    0
   28
   32
    0
   25
   15
    0
    0
    0
   38
   13
  205
    8
    0
   58
   15
   27
   51
   34
   53
    2
   14
    0
    5
   64
   15
    0
   64
    0
   49
   16
    0
    0
    9
    0
   61
    2
    0
    0
    0
   18
    0
   31
   22
   26
    0
    0
    0
    0
    0
  139
    0
    0
    4
   93
   44
    8
    0
    0
    0
   94
    0
   72
   26
    0
    0
   27
    0
    1
    2
    0
   49
    0
    0
    0
    6
    0
   57
    1
    0
  108
  362
   76
    2
   28
    0
    0
    1
    0
   58
    2
    0
    0
    0
    0
    0
    0
    0
    0
   34
   33
    0
    0
   14
    3
    0
    0
    0
    0
    0
    0
   36
    0
   49
    0
    2
    0
    0
    0
    0
    0
    0
    0
    0
    0
    0
    0
    0
    0
    2
    0
    0
   68
    0
    0
    0
    2
    0
    0
    0
   41
    2
    7
   22
    0
    0
    0
    0
    2
    1
    0
    0
    0
    2
    0
    2
    0
    2
    0
    1
    0
    0
   39
    6
    0
    0
   37
   18
    0
    0
   34
   17
    0
    0
    0
    0
    0
   37
   34
   21
   24
    7
   17
    0
    0
    3
    0
   32
    1
    0
    0
    0
    0
   26
   13
    0
   16
   22
   22
   27
   39
    0
    0
   11
  161
   14
    0
   38
    0
    0
    0
    0
    8
    9
   24
   99
    8
    0
    0
    0
    7
   71
   46
    0
    2
    2
    0
    0
   12
   14
    3
   85
   35
   95
   86
    7
   83
   19
    0
    0
    0
   19
   13
   23
   13
    7
    0
    0
    0
    0
   12
    0
    0
    0
    0
    8
    9
   12
   89
   12
    0
    0
    0
    0
    0
    0
    0
   70
   19
    0
    0
    0
    0
    0
    0
    0
    0
    0
    0
    0
    0
   40
   62
   61
    8
   21
   40
    0
    0
    0
   13
    5
    4
    0
    0
    0
    0
    0
   83
    0
   48
   37
    0
    0
    0
    0
    0
    0
   78
    0
    5
  101
   43
    1
    0
    2
   11
   31
   63
   49
    0
    1
    0
    0
   18
    8
   21
    1
    0
    1
   18
    2
   67
   53
    5
    0
    0
    0
    0
    0
    0
    0
    1
  159
    0
   99
   75
   46
   16
   66
    0
   16
    0
    0
    0
    0
   11
   16
    0
    7
    0
    0
   17
    0
    0
    4
   31
  269
  241
   24
    0
    0
   45
   96
   35
   24
   31
    1
    0
    0
   67
   51
   14
    0
    0
    0
    0
    2
    0
    0
    0
    0
    0
    3
    0
    0
    0
    0
    0
    0
    0
    0
    0
   15
   35
   62
   39
    5
   12
   41
    0
    0
    0
    0
    0
    0
    0
    2
    0
    0
    0
    0
  111
    1
   39
    0
    0
    0
    1
    0
   68
    0
    0
    0
  263
    2
    2
    0
    0
    0
    0
    4
   69
    2
    0
    9
    3
   76
  284
  105
    8
    0
   17
   73
  116
    1
   19
    0
   23
   22
    0
   16
    2
    3
   39
    3
    1
   66
    0
    8
    0
    0
    0
  182
    9
    0
   16
  109
   96
   19
    2
    0
    0
    0
    0
    0
    0
    0
    0
    0
    0
    0
    0
    0
    0
    0
    0
    0
   19
    0
    0
    0
    0
    0
    0
    0
    0
    0
    0
    0
    7
   69
   77
  102
   22
    0
    2
    7
    0
    2
  106
    0
    5
   20
   17
    0
    7
   28
    0
    0
    0
    0
    0
    0
    0
    0
    0
    6
    0
   14
    0
   16
    2
    0
   14
    1
    0
    0
    3
    0
    0
    0
    1
    0
    2
    0
    0
    0
   19
    4
    0
    3
    0
    0
    0
    9
    0
    1
   22
   15
   14
    6
   54
   53
    2
   49
   14
    3
    8
   28
   89
  141
  117
   29
  147
   46
    6
   20
   29
   31
   19
   81
   89
   12
   39
   44
    0
    0
    0
    6
    1
    0
    0
    0
    0
    3
  102
    5
    1
   53
    0
   29
   15
    1
    0
    0
    0
    0
    0
    0
    3
    3
  158
    8
   22
    0
    0
   38
    3
   56
    0
    8
   69
    0
   89
    7
    2
    1
    0
    0
    0
   77
   47
   53
  149
    0
    0
    0
    4
    0
    0
    0
    0
    0
    0
    0
    0
    6
   21
   37
   16
    5
    0
    0
    0
   57
    7
   14
   15
   17
    7
    0
    7
    0
    0
    0
    0
   57
    9
    0
    0
    0
  239
   48
   18
    3
    0
    0
    0
   12
    0
    0
   16
   23
   25
    1
    0
    0
    0
    0
    0
    0
    0
    0
    0
   83
  249
    6
   37
   32
    4
    0
    0
   85
    0
   13
   26
    0
   23
    0
    0
    0
    0
   38
   53
  153
    4
    0
    0
    0
   36
    0
   73
   13
   19
   21
   83
   49
    9
   38
    6
    0
    3
    0
   57
   13
   65
   42
  131
   68
    6
    0
    4
    6
   21
    4
   38
    1
  115
    0
    4
    0
    0
    0
    0
    0
    0
    0
    0
    0
    0
    0
  119
    2
    0
    0
    0
    0
    0
    0
    1
  251
  178
    9
    6
    5
   10
    0
    0
   21
   11
   95
    0
    4
    7
    0
   57
    4
   99
    0
   38
   15
    4
    0
  101
    0
    0
   83
    0
   44
    0
   14
    0
   72
   27
    0
    0
    0
   14
    0
    0
    0
    7
   46
    7
    0
    0
    0
   28
    0
    0
  159
    0
  256
    3
    0
   23
    2
    0
    2
   51
    1
    0
    0
   46
    0
    0
    0
    0
  121
   67
    1
    2
   15
    0
    0
    0
    0
    0
    0
    0
    0
    2
    0
    1
    0
    0
    0
    0
    0
    0
    0
    0
   54
    0
    1
    0
    0
   25
    0
    0
    0
    0
    0
    0
    0
    0
    0
   25
   29
    0
    0
    0
    0
    0
    0
    0
   14
    2
    2
    2
    3
    0
   28
   15
   30
  124
   48
   12
   15
    0
    0
   49
    3
   13
    0
    0
    0
    0
    0
    0
    0
    0
    0
   16
    0
    0
    2
    0
    0
    0
    4
    3
   37
  101
   89
   42
   95
   24
    5
    0
    0
    5
   32
    0
    0
   15
    0
    2
   23
   25
    0
    0
   11
    0
    0
   11
    0
    4
   19
    0
    0
    0
    4
    3
   20
    0
    0
    0
    0
   44
   68
   24
    5
    7
    5
    6
    0
    0
   12
    2
    3
    0
    0
    0
    0
    0
    0
   11
    0
    0
  136
    0
    0
    0
    0
   23
   93
   50
    9
    8
    0
   49
   51
  142
    9
   18
   44
   45
   43
    3
    0
    4
    3
    2
   92
   39
    0
   32
   25
   47
   55
    0
   54
   17
   19
    3
    0
   42
   25
   72
    3
   39
   31
   23
   49
    9
    0
    0
   67
   35
    0
    0
   27
   41
    0
    0
   32
   28
    0
    0
    3
   55
    0
    0
    0
    5
    0
    0
   18
    0
    0
    4
    0
    0
    0
    0
    0
    0
    4
    0
   15
    8
    7
    3
    0
    0
    0
    0
    0
    0
    0
    0
    0
    0
    0
   25
   47
   48
    2
    0
    0
    0
    0
    0
    0
    0
  131
   34
    5
    0
    0
    2
    0
   12
   30
  165
    3
    2
    0
    0
   33
    0
    0
    0
    0
    0
    0
    0
   15
    0
    0
   37
    3
    7
    5
    2
   81
    0
    6
    9
    0
    0
   33
    9
   26
    0
   88
    8
    9
    0
    1
    0
   68
    0
  133
   13
    9
   30
    3
    0
   14
    0
    0
   43
    0
    0
   72
    2
   34
    0
    0
    0
    0
   31
    0
    0
    0
    0
  106
    7
    2
    5
    5
    0
    0
    0
    0
    0
    0
   65
    0
    0
    7
    0
    0
   34
   21
    0
    0
   51
    1
    0
   27
   44
   76
    0
   45
    0
    0
    0
    0
    0
    3
    5
    0
    3
    0
    3
    5
    0
    0
    0
    0
    0
   41
    0
    1
    0
    0
    0
   15
    0
    0
    0
    0
    0
   15
   33
   19
    0
   10
    0
    7
   44
    2
    2
    6
    2
    0
    0
    0
   23
    4
    0
    0
    9
    2
    0
    0
    0
    0
   13
   38
    0
   51
    0
    0
    0
    0
    3
    0
    0
    0
    0
    0
   73
  141
   79
    0
    2
   45
   21
   82
    8
    0
    9
   54
    4
    4
    8
    0
   22
  189
   29
   44
   63
   38
    0
   59
    9
   81
    9
   42
   55
   12
   11
   18
    0
    0
   15
   32
  174
   15
   14
    0
   42
   67
    2
    0
    0
    0
    0
    0
    6
   86
    0
    0
    0
   49
   57
   60
    6
    0
   43
    0
   11
    0
    3
    0
    0
    0
    0
    0
    0
    0
    0
    0
    0
    0
    0
    0
    0
    0
    0
    0
    0
    0
    0
    0
    2
    0
    0
    0
    0
    0
    0
   24
    3
    8
    7
    3
    0
   41
    0
   44
    0
    0
    8
    2
   28
    0
   12
   11
    3
   48
    7
    1
    0
    0
    1
   21
    0
    0
   75
    9
    0
    0
    0
   25
   12
    0
    0
    0
    4
   19
    0
   43
    0
    0
    0
    0
    0
    0
   12
    3
    0
    0
    4
   11
    0
    7
   55
    0
    0
    0
   55
    0
   45
   23
    9
    2
    0
    3
    0
   92
  161
    0
    0
    0
   29
   97
  109
    1
    0
    0
    0
    0
    0
    3
    5
    0
    0
    0
  138
   28
   14
    0
    0
    0
    0
    0
    0
    0
    0
    0
    0
    0
    0
    0
    0
    0
    0
   31
  191
    0
    2
   88
   55
   18
    9
    0
    5
    0
    4
    0
  226
    0
    0
    0
    0
    0
    0
    0
    0
    0
    0
  144
    0
    9
    0
    0
   75
    0
    9
   23
   64
   23
   11
    0
    0
    0
    0
   22
    0
    0
    0
    0
   36
    0
    0
    0
    0
   13
    0
    0
    0
    0
  316
    0
  162
  130
   14
    0
    0
   48
   22
   18
   10
   39
    0
    0
   12
   14
    4
    0
    0
    3
   11
    0
    0
    0
    0
   11
    0
    0
    0
    3
    0
    0
    0
   33
    4
   46
   87
   11
    0
    0
    0
   14
   36
    0
    0
    0
    0
    0
    0
    0
    0
    0
    0
   57
   51
    0
    0
    0
   29
    0
    0
    0
    3
    0
    0
   65
   29
    0
    3
   14
   11
   22
    0
    0
    0
   46
   57
   69
   30
    3
    0
    0
    0
   27
   56
    0
    0
    0
    0
    4
    0
    0
    0
    0
    0
    0
    0
    0
   12
    6
   35
  237
    2
   31
   22
    0
  225
   37
    5
    0
    0
    0
    0
    0
    0
    0
    0
    0
    0
    0
    0
   15
  116
    0
   22
   25
  101
   34
    0
    0
    0
    0
    0
    0
    0
    3
    9
    0
   12
    7
    0
    0
   14
   17
   21
  116
   18
    0
    0
    0
   51
    3
   36
    3
    3
    0
    0
    0
    0
    0
    0
    0
    2
    3
    0
    3
   14
    0
    0
    0
    9
    0
    9
    0
    0
    0
    0
    0
    9
    0
    0
    7
    0
    3
    0
    3
    5
    0
    0
    0
    0
    0
    0
    0
    0
    7
    0
    0
    0
    0
   11
    8
   19
    0
    0
   47
  147
   42
    0
    4
    0
    0
    0
    0
    0
    0
    0
    0
   89
   47
  114
   27
    4
   29
    0
    3
    2
    0
    0
   15
   23
    0
    0
    0
   12
    0
    0
    0
    0
    0
    2
    0
   65
    0
    9
    0
    3
    0
   31
    0
    2
    0
    0
    0
   53
    0
    0
    0
    0
    0
    0
    0
  132
    4
    0
   24
    0
    0
    5
   41
    9
    0
    8
    0
   54
  121
   49
    0
   29
    0
    0
    0
    0
    0
    0
    0
    0
    0
    0
   14
   59
    3
    0
    0
    0
    0
    0
   41
   16
    0
    0
    0
    0
    0
    3
    0
    0
    0
    0
    0
    0
    0
    0
    0
  188
    7
    6
    0
    0
    6
  154
    0
  398
    3
    3
    0
    1
    0
    0
    0
   17
    0
  135
    4
    7
   55
    0
    0
    0
    0
    0
   38
  148
    0
    6
  119
    0
   32
   64
    0
    0
   99
   34
    0
    0
    0
    0
    0
    0
    0
    0
    0
    0
    0
    0
    0
    0
    0
    0
    0
    0
    0
    0
    0
    0
    0
    0
    0
   12
  146
    0
    0
    0
    0
    0
    0
    0
   19
    0
    0
    0
   23
    0
   43
   78
    0
    0
    0
    0
    0
    0
    0
    1
   16
  199
    2
   22
   35
   94
    1
   64
    3
   21
    9
  118
   18
    2
   18
    0
    0
    0
    5
   24
    0
    0
   54
   24
   15
   18
   54
    2
    0
    0
    3
   44
   66
    3
    0
   65
    0
    0
    3
    5
    0
    0
    0
    0
    0
    0
    0
    0
    0
   57
    0
    6
    0
    0
    0
    0
    0
    5
    9
    4
  142
   15
   15
    0
   15
   44
   64
    4
    5
    0
    0
    0
    3
   64
   13
    2
   11
    4
    0
    2
   40
   31
   39
    2
   53
   23
    0
    4
    0
    0
    0
   55
    2
    3
    0
   18
   75
    0
    0
    0
    0
    0
   35
   63
   14
   17
   14
    3
   12
    0
    0
    3
   13
    2
    3
    0
    0
    0
    2
    0
    0
   25
    0
    4
   13
   29
   88
   38
    0
    0
    1
    0
    3
   25
   12
   19
    6
    0
    0
    0
    0
    0
    0
    0
   11
    0
    4
    3
    3
    7
    2
    0
    4
    0
    0
    0
    0
    0
    5
    7
    4
    5
   21
    4
   41
    0
    9
   26
    5
   43
   19
    1
    0
    1
    0
    0
    4
    4
    0
    0
    0
    0
    0
    0
    0
    2
    0
    4
    1
    0
    0
   12
    5
    0
    0
    0
    0
    6
    0
    0
    0
   82
    7
   17
    7
    3
    0
    0
    0
    0
    5
    0
    0
    0
   61
    0
    0
    0
    0
    0
    2
   16
    0
    0
    0
    0
    0
    0
    0
    7
   87
    6
   77
    9
    9
   11
   49
    0
    0
    0
    0
    0
   32
   62
   25
   10
    1
    0
    0
    6
    7
    0
    0
    9
  136
   11
    0
   69
   23
    1
    2
    0
    7
    0
    0
    0
   19
   39
   22
    9
    0
    0
    0
    0
    0
    0
    0
    3
   24
    0
   27
    7
   17
   10
    6
    7
    7
    4
    0
    2
   36
  358
   43
    4
   13
    0
   27
   16
   70
   19
    0
   38
  127
    0
    0
    0
    0
    0
    0
    0
    0
    0
   15
    0
    0
    0
    5
  136
   57
    0
    0
   10
    0
    0
    0
    0
    0
    0
   33
    4
   21
    0
    0
    0
    0
    0
   63
  217
    3
    0
    0
    0
    0
   22
    0
    8
    8
   47
    0
    0
    0
   11
   18
    0
    0
   33
    0
    0
    3
    0
    0
    0
    0
    2
    0
    0
    0
    0
    0
    0
    0
    2
    0
    4
    4
    0
    0
    0
    0
    0
    0
    0
  121
    7
    0
    2
    3
    0
   32
    2
    0
    0
   11
    2
    0
   30
   30
   10
   37
    0
    0
    0
    0
    0
    0
    0
    0
    0
   10
    0
    0
    0
    2
   47
   15
   12
   13
    0
   16
    0
   34
    4
    0
    0
    0
    0
    0
    0
    0
    3
   58
   25
   21
   23
   32
   39
   29
   10
   38
    0
   12
   19
    0
   15
   24
   23
    2
    4
    1
    2
    2
    0
    0
    1
    4
    0
    2
    3
    2
    2
    1
   34
    7
   29
    6
   23
    0
    0
    1
    0
    0
    0
    0
    0
   17
   18
  129
    3
   66
   79
   44
   23
    0
   89
    6
    0
    7
    0
    0
    0
    0
    0
   43
   66
    9
    0
    0
    7
    0
    0
   14
    3
   29
    0
    8
    0
   38
  109
    0
    0
    0
    0
    0
    0
   20
    0
    0
    4
    0
    0
    0
    0
    4
   10
   51
    7
    0
    0
    0
    0
    0
    4
   96
    0
    4
   53
   52
    8
   12
   10
   25
   43
   13
    0
    0
    0
    0
    0
    0
    0
   10
    0
    0
    0
   43
    0
    0
    0
   17
   18
   37
  157
   41
   10
   21
    0
    0
   18
   36
   12
   51
    0
  169
   33
   13
   51
   38
    0
    0
    0
   35
   20
    1
    0
    6
    0
    0
    0
    0
    0
    0
    0
    4
    0
    0
   31
    0
    8
   17
    0
    0
   21
   25
    0
    0
   18
   20
   89
    0
    0
    4
   30
    2
    0
    0
    0
   21
    6
   31
    7
   47
    0
    0
    0
    0
    0
    0
    0
    0
    0
    0
    0
    0
    0
    0
    0
    0
    0
    0
    0
    0
   84
   18
  205
   19
    0
  152
    0
  263
   82
    0
    8
    0
    0
    0
    0
    0
    0
   61
   52
   17
    0
    0
  159
    0
    0
    0
    0
    0
    0
    0
    0
    6
   39
  142
  170
   64
    6
    0
    0
   11
  105
   15
    0
   37
    0
    0
    0
    0
    0
    0
  174
   47
    0
    0
   74
    0
    6
    0
    0
    8
   27
   97
    0
   19
    0
    0
    0
    0
    0
    0
   14
    0
    0
   73
   12
    0
    0
    6
   15
  113
   38
    0
    0
   11
    3
    0
    3
    0
    0
   14
   28
  142
   13
   34
    0
   19
    6
    6
    6
    2
    0
    0
    2
    0
    0
   34
    0
    0
    0
    0
    2
    0
    0
    0
    5
   56
    3
    0
    0
    0
    0
    0
    0
    0
    0
    6
   25
    6
   25
    1
   39
    0
   13
    0
    0
    0
    6
    0
    0
    0
    0
    0
    6
    2
   22
   21
   72
   52
    2
   25
    9
    0
    0
    0
    3
   23
    0
    6
    0
   10
    0
    0
   15
   32
   10
   20
    2
   31
    3
   43
    3
   34
    2
   66
   84
   12
    0
    5
   16
    8
    9
    0
    0
    0
    0
    0
    8
    0
    0
   25
    0
   11
    9
   90
   15
   19
    0
    0
    0
    0
    0
    0
   55
    7
   18
    0
    0
    0
    0
    4
    0
    0
    0
    0
    0
    0
    0
    0
    0
   48
   47
   10
    4
    2
   75
   53
    6
    0
    0
    0
    0
   10
    8
    6
    9
   65
    0
   19
    4
   10
   18
  106
    3
    0
    0
    0
    0
    0
    0
    6
   41
    3
    0
    3
    2
    2
    0
    2
    0
    0
   47
   31
    4
   26
   61
   31
   14
   19
   26
    6
    0
   13
    0
    0
    0
   11
    8
   22
   60
    0
    0
    0
    3
    0
    0
    0
    0
    0
   16
   33
   16
    0
    0
    3
   19
    8
    0
   35
   24
    6
   11
    2
    0
    0
    0
    0
    0
   15
    2
   36
   31
   20
    3
    0
    0
    0
    0
   10
    2
    0
    0
   43
   61
    0
    0
    0
    0
    0
    0
    0
    0
    0
    0
    0
    1
    0
   14
    0
   12
    2
    2
   15
    0
    0
    0
    0
   59
    2
   32
    0
    0
    0
  122
    0
  409
   15
    3
    0
    0
   15
  176
   11
    0
    0
    0
    0
   97
   65
    0
    0
   99
    0
    0
    0
  258
  165
   38
    4
   42
   18
   84
   23
    0
   49
    0
    0
   13
    6
    0
    4
    8
   59
    9
    0
    0
    0
    0
    0
    0
  422
    0
    0
    0
    0
   96
   56
   28
   36
    4
   33
  183
    3
    8
  125
    4
    0
   20
   19
    2
  129
    8
   30
   26
    0
   16
   87
    0
    0
   28
    5
   86
    0
    0
    0
   40
   69
    0
    0
    0
    0
    0
  111
    0
    0
    0
    5
    0
   28
    7
    0
    0
    0
    0
    0
    0
   72
   21
   19
   53
   37
   64
   54
    2
    0
    8
    4
   14
   32
    7
   56
    2
    7
    5
    0
    0
    0
    0
    0
    0
    0
    4
    2
    0
    0
    0
    0
    0
    0
   40
    0
    0
    0
   31
    0
   14
    8
   43
    0
    0
    0
    0
   26
    0
    0
    0
    0
    0
    0
  101
   83
  111
    0
    0
    3
    3
    2
    2
    2
    2
    0
    0
    0
    2
  137
   42
   30
    0
    3
    5
    8
   16
   84
  162
   14
    2
    0
   17
    3
    2
   31
    0
    0
    0
    1
    0
   48
    0
    0
    0
    5
    0
   33
    0
    0
    0
   54
   10
   90
    4
   22
  155
   52
    2
    0
   29
    3
   63
  175
   94
   23
    5
    0
   44
   11
    4
    0
    9
   27
   16
    2
   38
   30
    2
    0
    0
    5
    0
    0
    3
    8
   18
   51
   14
    0
   10
    0
    0
    0
    3
    0
    0
   39
    0
   30
   18
   23
    4
   10
   12
    0
    0
    8
    3
    0
    0
    0
   37
   53
   20
   36
   17
    5
    2
    0
    0
    0
    0
    0
    0
    0
    8
   54
   63
   22
    2
    0
    0
   21
   11
    8
   42
    1
    5
    0
   14
    0
    0
    0
    0
   37
   41
    4
  209
   21
    4
   27
   28
   26
    0
   40
    5
   51
   18
    9
    2
    0
    7
    0
    0
   19
   20
    2
   18
    2
    0
    0
    0
    0
    8
   94
  298
   53
   12
    0
   13
   84
    3
    0
    0
    0
    0
    0
    0
    0
    4
    0
    0
    0
    7
    0
    0
    0
   24
   73
    0
    0
    0
    0
    0
    0
    0
   15
   48
    0
    3
   23
    3
  242
    5
    8
   15
   21
  181
   54
   92
   27
    6
    0
    0
    0
    0
   47
   13
    9
   64
    0
    0
   21
    0
   17
   10
    0
    4
    0
    0
   98
    0
    0
    0
    0
    0
    0
    0
    0
    0
    0
    0
    3
  115
    0
    0
    0
    0
   77
    4
    0
  132
    0
    0
    0
    0
    0
    0
   41
    0
    0
    7
  291
    4
    0
    0
    0
    0
    0
    0
   45
    0
    0
    0
    0
    0
   20
    0
    0
    0
    0
    0
    2
   78
    0
  176
   58
   64
    0
    9
    0
    0
   76
   51
   21
    0
    0
   67
   39
  121
  215
    2
    0
   36
    0
    0
    4
    0
   64
    2
    0
   66
    4
    9
  206
    0
   65
    0
    8
    8
   99
   28
    2
    0
    9
    6
    0
    0
    0
    0
    0
    0
    0
    5
    0
    0
    0
   62
   17
  119
   12
    3
    0
    6
    2
   14
    0
    0
    0
    0
    0
    0
    4
    2
    0
    0
    0
    0
    0
   18
    0
    0
   12
    1
   10
   33
   25
   16
    0
    0
    0
    0
    0
    0
    3
    3
    0
    0
    0
    0
    2
   39
   60
   15
   72
    7
   42
    3
    0
    0
    0
    0
   45
   48
   18
    9
    2
    2
    0
    0
    3
   31
   34
    4
    1
    8
    5
   68
    0
    0
  159
   32
    0
    7
    0
    0
    0
    0
   12
    1
    7
    0
    0
    3
   15
    6
    0
   24
    3
    5
   35
   12
    2
    0
    0
    0
    0
   52
   10
   23
   56
    6
    3
    0
    2
    0
   43
   18
   44
    0
   50
   12
    5
   22
   24
   25
   36
   16
   39
    0
    0
   32
    0
   17
    7
    0
    0
  154
    0
   11
   13
    0
   16
    2
   39
    3
   20
    9
    5
    3
   18
    1
    0
   33
    7
    5
    7
    0
    0
    9
    0
    0
    0
    0
    0
    0
    5
    0
    0
    0
    0
    6
    8
    0
    5
   37
    6
    9
   22
    0
    0
    0
   14
    9
   91
   33
   39
    0
   51
   94
    0
    0
    0
    9
    7
   12
    5
   18
   76
   44
   34
    2
    3
   37
   26
  162
   58
   95
    2
    2
    0
    0
    0
    4
   33
   21
    2
    0
   26
    0
    0
    0
    0
    0
    0
    0
   75
   27
    4
    0
  108
  311
    0
    0
   12
   23
  141
    0
    0
    0
    0
    0
    0
    0
    0
   33
    0
   17
   61
  141
  367
  108
    0
   10
  257
   33
   34
    9
   23
    3
   20
   59
   15
   93
   41
    7
   98
    2
    0
    0
   35
   45
   36
   33
   13
    0
    0
    0
    0
    0
    0
   72
    6
   23
    0
    0
    0
    0
    0
    0
    0
   15
   39
   27
   38
   61
    0
  157
    0
    0
    0
  197
    0
    0
    0
    0
   56
  293
    0
    0
    0
    0
    0
    0
    0
    0
    0
    0
    0
    0
    0
    0
    0
   74
   74
    7
   42
    0
    0
   17
    0
    0
    0
    0
   44
   28
   23
   88
   49
  115
   63
  284
  509
    0
   18
    0
    0
   24
   17
    7
    0
    0
    9
    0
   20
    2
    0
    0
    0
    0
  108
  130
   10
    8
    0
    2
   29
   67
   83
    7
   18
   95
    4
    2
    4
    0
    0
    0
    0
    0
    0
    0
    0
    2
    2
    0
    0
    0
    0
   11
    0
   27
    0
    0
    0
    0
    5
    0
   15
  235
   12
    7
    0
   97
  165
  123
   54
    2
   63
   49
   18
    2
    0
    0
    0
    0
    6
   35
   35
  112
    6
   45
    0
    0
    0
    0
    0
    0
    0
    0
    0
    5
    0
    0
    3
    0
   11
   10
    0
    0
    0
    0
    0
   60
   17
    6
    0
    0
    0
    0
   24
    2
  103
   24
   18
   92
   27
    0
    3
    0
    0
    0
    5
    0
    0
    5
    4
    0
    0
    0
    8
    0
    0
    0
    0
    0
    0
    0
    0
    0
    0
    0
    0
    0
    0
    0
    0
    0
    0
    0
    0
    0
    0
    0
    0
    0
    7
   16
    5
   19
    0
    0
    0
    0
    2
    0
    0
   41
   27
   35
   65
   11
   25
    2
   22
   12
   15
    7
    0
    0
    0
    0
    0
    2
   18
    6
    9
    0
   13
   34
    0
    0
    0
    0
   17
   19
    2
    0
    0
    0
    0
    0
    0
    0
    0
   10
   13
   33
    0
   86
    0
    0
   17
   11
   17
    5
    5
   51
    5
    4
    3
    0
    0
    0
    0
   77
    5
   16
    3
    0
    0
    0
    0
    0
    0
    0
    0
   24
   13
    0
    0
    0
   59
    4
   11
    0
   62
   26
   21
    3
    0
    0
   18
   41
    6
    2
   23
   64
    3
   47
   34
    4
   61
  161
    2
   15
   17
    6
    0
   10
   28
   95
    4
    0
    0
    0
    0
    9
    8
    0
    0
    0
    0
   12
   30
   30
    2
   15
    0
    0
    0
    0
    0
   12
    0
   60
   15
   69
   19
    0
    0
    0
    0
   21
   47
   35
    8
    3
    4
   10
   72
   42
  249
  429
   26
    3
  243
   27
    2
    0
    0
    0
    0
   30
    0
    0
    0
    0
   64
    8
   66
    8
    0
   11
   20
   57
    2
    0
    0
    0
    0
    0
    0
    0
    0
    0
    0
   21
  177
   66
   39
   80
   67
    2
    0
    0
    0
  331
    2
    0
    2
   14
    2
    0
   44
    0
    0
    0
    2
    0
    0
    4
    8
   92
    4
    0
    6
   23
    4
   50
  279
   70
   20
    2
    3
    6
    0
    7
   59
    3
    7
   34
   90
    2
   15
    3
   17
    2
   39
    7
    0
    7
   39
    2
    0
    6
   16
   12
    2
    0
    0
    0
    6
   64
  112
    6
    9
  218
   91
    0
    0
    0
    0
    2
   15
    4
   19
    6
   11
    3
    0
    0
    0
    0
    0
   47
   43
    4
    2
    0
    0
  102
    2
   18
    3
    2
   44
    4
    8
    0
    0
   19
    8
   15
    7
   13
   19
   35
   48
   13
   24
    0
    0
    0
    0
    0
    0
    0
    3
    0
    0
   93
    5
    3
    0
   13
   16
  208
   34
    0
    0
    0
    0
    5
    4
    0
    0
    7
    0
    0
    0
    0
    0
   25
    5
    0
    0
    0
    5
    5
    0
    0
    0
    0
    0
    0
    0
   27
   42
   15
    3
   21
    6
    9
    8
    0
    0
   14
    0
    2
   13
    0
    0
    0
    3
   52
    0
    2
    0
    0
   11
   32
   28
   31
    0
    9
    6
    2
   42
   12
    0
   29
    0
    0
    0
  119
   55
    9
    0
    0
   13
    6
    0
    2
    6
    0
    0
    0
    0
    2
    0
    0
    7
   29
  136
    5
   36
  108
    9
   25
    5
   39
    2
    0
   23
   59
    8
   48
    6
    0
    0
    0
   10
   23
   65
   19
    0
    0
    0
    0
   22
    7
    6
   43
    4
    5
    0
   38
    5
    0
    0
    0
    0
    0
   24
   23
   28
   27
   16
   18
    2
    0
    0
    4
   64
   85
   12
    2
    8
   10
    0
    0
    5
    0
    0
    0
    0
  108
    0
   34
    7
   55
   24
    0
    0
    0
   50
   15
    0
    0
    0
    0
    0
    0
    0
    0
    0
    0
    4
    0
    0
    0
    0
   53
  345
    0
    0
    5
   38
    8
   15
   61
    3
   21
   22
    3
    8
    4
    0
   22
   37
   10
    6
   20
   91
    0
    0
    0
    0
    0
    0
    0
    0
    0
   10
   26
   45
    5
  377
   53
  204
  196
    0
   98
    0
  117
    3
   13
    0
    4
    0
   76
   89
    2
    0
    0
    0
    0
    0
    0
    0
    0
    0
    0
    0
    0
    0
    0
    0
  100
   45
    0
    0
    3
    0
    0
    0
    8
    0
   97
   82
    0
    0
    0
    0
    0
    0
   20
    0
    3
    0
    2
    3
    0
  205
   10
    0
    0
    0
    0
    0
    0
    0
    0
    0
    5
    5
    0
    0
    0
    0
    9
    4
   18
   20
    2
    0
    0
    0
   29
   25
   59
   11
   99
   44
   30
    9
   30
    2
    0
    0
    0
   16
    2
    0
   10
    2
   23
   18
    0
    0
    0
    0
    0
    0
    6
    4
    0
    4
    3
    0
    8
    0
    0
    0
    0
    0
    0
  154
    2
    0
    0
    0
    0
    9
    2
    0
    0
    0
    0
    0
   21
    2
    0
   25
   92
   76
   13
    3
   56
   33
    0
    0
   36
   45
   97
   29
   52
    4
    0
    0
   11
    0
   55
    0
    5
    0
   22
    7
    9
    2
    0
    7
    0
    0
    0
    0
   16
   10
    5
   19
    8
    0
    0
    0
    0
    0
    0
    0
    6
   50
    3
    3
   21
   39
   35
   25
    2
   22
    0
    0
    0
   38
    0
   13
    0
    0
    7
    0
    0
    0
    0
    0
    0
    0
    0
    0
    0
    2
    0
    0
   59
    7
    0
    0
    0
    3
   82
    0
   64
   13
    2
    0
   29
    9
    3
   14
   72
   28
   59
    9
   29
    3
    7
    0
   21
    3
   28
   19
   85
   32
    6
   22
   23
    0
   15
    0
    0
    0
    0
    0
    0
    0
    0
    0
   12
   27
    7
    3
    0
    0
   19
   26
   12
   19
   56
   24
    2
    0
    0
    0
    0
    0
    3
    4
   20
    2
    0
    8
    8
    2
    0
    0
    4
    0
    0
   44
    7
    2
    2
    0
    0
    0
    0
    0
    0
    0
    0
    0
    0
    0
    2
    0
    0
    2
   65
    0
    7
   18
   39
  106
    0
    0
  233
  172
   19
    6
   98
    2
    0
    0
    0
   41
    5
    0
   59
   70
  388
    0
    0
    4
   16
   69
    2
    2
    0
    2
   15
   17
   25
    0
    0
    8
    5
    0
   24
   29
    0
   20
   48
   35
   31
   30
   64
   50
    0
   61
   16
   23
    0
    0
   51
    3
    7
    0
    0
   12
    9
   51
    0
   22
    0
  155
   34
   12
    4
    0
    6
  174
    2
    5
    0
    0
    0
    0
    0
    0
    0
  237
    7
    0
    0
    0
    0
    0
    0
    0
   41
    9
   22
   10
    0
   93
   10
   11
  116
    2
   19
    0
    0
   79
    2
   88
   32
    0
    0
    3
   82
   40
  161
    2
  138
  167
   40
   68
   34
    0
    0
    0
    0
    0
    0
    0
    0
    4
    0
    0
    0
  202
    9
    9
    0
    0
    0
   93
    4
    2
    9
   29
  113
   12
   33
    3
    0
   10
    3
    2
    8
    4
    0
   26
   51
   49
    7
   21
   56
   14
   18
   77
   97
   33
    3
   53
    0
   14
    0
    4
   66
   44
    3
    0
    0
   99
   23
   45
   10
    9
   18
   10
    0
    0
    6
    0
    5
    3
    7
    2
    0
    2
    0
    0
    0
   15
   23
   39
    5
    0
    0
    0
    0
   28
    6
   35
   46
    3
    0
    9
    0
   15
    0
    8
    0
    0
    0
    0
    0
    6
    0
    3
    0
    0
    0
    4
    0
    0
    0
   34
    8
    4
    0
   67
    0
    9
   10
    0
    0
    0
    0
    0
    0
    0
    3
    0
    0
   46
    3
   39
   29
   10
   15
   26
   13
    9
   53
   39
   36
   22
   65
   24
    4
    0
    0
    5
   44
    6
    3
   30
    6
    4
   57
    9
   40
    6
   30
   17
   10
   64
    4
    0
  124
   78
    0
    0
   63
    2
    0
    2
    4
   68
    3
    0
    0
    0
    0
    0
    0
   13
   13
   15
    0
   22
    3
    5
    0
    2
   43
   12
    0
    2
    0
    0
    0
   13
   23
    5
   42
   33
   12
    0
    0
   24
    0
   25
    0
    3
   77
   21
    0
    2
    0
   16
    0
   54
   15
    0
    0
   12
    6
    2
    0
    0
    0
    0
    0
    0
    0
   28
  112
    0
   37
   21
   93
    9
   24
   35
    2
    0
    0
    0
  122
   81
   11
    0
    0
   14
    0
    0
   43
    0
  105
    0
    0
   38
    6
    0
    3
    0
    0
   69
    0
   86
   24
    0
    0
    0
    0
    0
   97
  247
   42
   30
   32
   31
    2
   19
    0
    2
    7
    7
    0
  116
   14
    0
    0
    9
  382
  100
   71
    9
    5
    0
    0
    5
  411
  142
   19
    0
    0
    0
    0
    0
   14
    9
   71
    0
    0
    0
    0
    0
    0
    0
    0
    0
    0
    0
    0
   63
    0
    0
    0
    0
   15
   57
    0
    0
   22
    8
   80
   13
   30
    0
    6
    0
    0
    0
    0
    0
   19
  216
   64
    2
    0
   52
    3
    0
    0
    0
    0
   25
    5
    0
    0
    0
    0
    0
    0
    0
    0
    0
    0
    0
    0
   80
    0
   15
    0
    0
   26
   23
    0
    7
   35
    0
   18
    0
   41
    2
    6
   52
    8
   18
   34
    4
   24
    2
    0
   22
    2
    0
    0
    0
    0
    0
    0
    0
   31
    2
   55
    6
    0
    0
    0
   22
    8
    0
  125
    2
    0
    0
    4
   20
  125
   86
  131
    2
    0
    8
   29
    0
    0
    3
   11
   33
   30
   10
   11
    5
    0
    0
    2
    0
    0
    0
    0
    2
    7
   33
   16
    4
    2
   24
    0
    0
    0
   10
    5
   13
   18
   31
    4
   10
    0
    5
    3
    0
    0
    4
    0
   33
   96
   31
   14
    6
    6
    2
   34
    0
    0
   20
    0
    4
    0
    6
   39
    0
    0
    0
    0
    3
    5
   34
   41
   53
    4
   34
   33
   39
    4
    4
    0
    3
    0
    0
  122
   22
   35
    3
    9
    8
   19
    2
    0
    0
   28
    3
   32
    0
    0
   32
   14
   32
   19
    9
   22
   29
   34
    0
   22
   11
   44
   94
    2
    0
   17
    5
   27
   13
   40
    6
    3
    0
    7
   80
   92
   31
   25
   18
   22
   93
   46
  133
   78
    2
    0
    0
    0
    0
    2
   45
    0
   31
   63
    2
    9
  127
   24
    3
    0
    0
   32
    2
    0
   20
    0
    0
    0
   29
   10
    0
   18
    3
    0
    4
    2
    0
    0
    0
    0
    0
   30
    0
    0
    0
    0
    0
  107
  285
    3
    0
    0
    0
    0
    0
   85
    0
    0
    0
    0
    0
    0
    0
    0
   24
    0
   22
   57
   51
   57
    0
    0
   18
    0
    0
    0
   34
   21
    3
    0
    0
    3
    0
  184
    5
   47
    0
    0
    0
   37
    0
  138
    3
   29
    0
    0
    0
    0
    0
    0
    3
    3
   14
   16
    8
    0
    0
    0
    0
    8
   51
    0
   77
    3
    0
  252
   51
    7
   46
   25
    0
   19
  158
    5
    0
    8
    0
    9
    0
    0
    3
    0
    8
    0
   19
   18
   19
   13
  138
    0
    0
    3
    0
    8
    0
    0
   12
    6
    0
   14
    0
    0
    0
    0
    0
    0
    6
    0
    0
  108
  149
    0
    0
    0
    0
    0
   26
   64
    3
    0
    5
  145
   13
   30
   37
   30
   31
   26
    0
    0
    0
    0
    0
   43
    0
   20
   27
   30
    0
    0
    8
  159
    3
    0
    0
    4
    0
    0
    0
    0
    0
  196
    0
    0
    0
   22
   49
  140
    3
    2
    0
    9
    5
    0
    4
    0
    0
    4
    3
    0
    0
    0
    0
    0
    0
   35
   40
    8
    9
    0
    5
   19
    6
    0
   23
    2
    3
    0
    0
    8
    0
    0
    0
    0
    2
   80
    2
   16
   36
    0
   22
    5
   32
    0
    0
    9
   10
   32
    2
   56
    0
    0
    0
    2
    0
    0
    0
    0
    6
    8
    0
   14
   26
    8
    3
    5
   11
    0
    0
    0
    0
    0
    0
    0
    0
    5
   20
    4
    0
    0
    5
   12
    2
    8
    0
    0
    0
   11
   19
    0
    0
    0
   27
    0
    0
    0
    0
    0
    0
    0
    0
    0
    4
    5
   38
    2
   10
   43
    0
    0
    0
    0
    7
   19
   53
   12
   52
   34
    4
    0
    0
    0
    7
    0
    0
   35
    3
    0
    0
    0
    5
    0
    0
    4
    6
   44
   54
    0
    0
    8
    0
    0
    0
    0
   64
   35
    7
    0
    5
   85
    3
   13
    4
   92
   19
    4
   27
   11
  118
   28
   12
    0
   56
   29
   42
  107
  118
    3
    0
    0
    8
   31
    0
    0
    0
   15
   38
    0
   14
   11
   18
    0
   17
   39
    3
   19
    5
   54
   22
   16
    7
    0
   30
   12
    0
    0
    0
   34
    4
    4
   21
    0
    0
    0
    0
    7
   42
   85
   43
    8
    0
    0
    0
    0
    0
    0
    0
    0
    8
   46
    5
    0
    0
    0
    0
    0
    0
    0
    0
    0
   26
    0
   14
   59
    7
   14
   56
   19
    0
    0
   11
   15
    9
   73
   91
    0
    0
    0
   13
   26
   51
  110
    0
    0
   25
   70
    0
    0
    0
    0
    3
   13
    0
   22
    0
    0
    0
    0
    0
    4
  533
   22
   18
   36
    0
    7
    0
   35
  295
   61
    3
    0
    0
    0
   22
    0
    0
    0
    0
    0
    0
    0
    0
    0
  116
    0
    0
   48
   26
   24
   10
    0
   32
   24
    0
    0
    0
    0
    0
    0
   30
    0
    0
    0
   54
   23
    0
    0
    0
    0
    0
    1
    0
    0
    4
   15
   70
    0
   30
   25
    4
   15
   90
   29
   65
  109
   19
   48
   72
    0
    4
   34
    0
    2
   11
    8
    8
    0
    0
   46
    4
    3
   11
    0
    0
   28
   59
    0
   98
   44
    0
    0
   19
   11
    0
    0
    0
    0
    0
    0
    0
    0
    0
    0
    0
    0
   47
    7
    0
   47
    0
    0
    9
   32
   14
    0
   31
   51
    3
    0
    0
    4
   20
  107
  223
   30
    0
    0
   53
    0
    0
    0
    0
    0
    3
   26
    0
    2
   89
    9
   19
   29
   37
   32
   13
   18
    0
    9
    0
    0
   31
   37
  138
   15
    0
    0
   21
   34
   59
    4
    0
    6
    8
   24
    2
   91
    0
   40
   63
    0
    9
    0
   13
   23
   33
   85
   23
   12
    0
    8
    0
    0
    0
   30
    7
    0
    0
    0
    2
    0
    0
    0
    0
    0
    0
    0
    0
   19
    5
    0
    0
   13
   19
    0
   80
   30
    0
    0
    0
    0
    0
    0
    0
    0
    1
   10
   18
   46
    0
    9
   80
   50
    0
    0
    0
    0
    0
   40
   42
    4
   15
   33
   24
   29
   20
   42
   14
    7
    0
    1
    0
    0
    0
   10
    0
    0
    0
    0
    0
   15
   20
    0
    0
    0
   37
   24
   79
   40
   62
   46
   12
    0
    0
    4
    0
    0
    0
    0
    0
    0
    0
    0
    0
    0
    0
    0
    0
    0
    0
    0
   37
  147
   19
    0
    0
    0
    0
    0
    0
    0
    0
   18
   14
   78
   23
    2
    0
    0
    8
    0
   23
  129
    8
   63
    0
    0
    0
   19
   45
   70
    0
    0
    0
    0
    0
    0
   67
    0
    0
    0
   75
    0
   69
    0
   14
    6
    8
    0
    0
    0
    0
    0
    0
   73
   16
   73
   26
    0
    7
    0
    0
   18
    0
   14
    0
    0
    0
   16
  524
   51
    0
    0
    0
    0
    0
    0
    0
    3
    0
    5
    9
    0
   18
    0
    0
    2
    0
    0
   58
    0
    0
    3
    0
    0
  146
  283
   10
    3
    0
    3
    0
    0
   21
    1
   15
    2
    0
    0
    0
   48
  125
    0
    0
  119
    6
  161
   99
  193
    0
   99
  768
  417
    7
    2
    0
    0
    5
    0
    0
    0
    9
    2
    0
    0
    0
    0
   50
    0
    0
    0
   18
    0
    0
    0
    0
   48
    0
    0
    0
    0
  256
    3
    0
    0
   29
    0
    8
    0
    0
    0
    0
    3
   47
   39
    0
   59
   76
   19
    2
    0
    0
    0
    0
   65
    0
   55
   46
    7
    3
    0
    0
    0
    4
    3
    0
   71
   81
   13
   29
   22
    4
   71
   17
    8
    3
   66
    8
   54
   20
    6
    0
    3
   59
   39
  127
    4
    5
    0
   19
  105
   43
   98
   18
    0
    0
    3
   16
    0
    0
   96
  215
    0
    0
  124
    0
    0
    5
    8
    0
    0
  175
  170
