Station: Doebris-Pirkau , scaling_factor: 10.0, latitude:  51.1001, longitude:  12.1391, altitude:  185, nodata_value: -9
start: ..1969-01-01  end: ..2006-12-31
  143
   90
    3
    3
    0
    0
    0
    0
    0
    0
    0
    0
    1
    0
    5
    0
    0
    0
    5
    1
   14
   72
   28
   22
   83
    0
   15
    0
    3
    0
   56
    0
   28
    9
    5
    0
    0
   20
    0
    0
    3
    0
    9
   10
    1
  230
   20
    0
    0
    0
   20
    0
    0
    0
    0
   50
    0
    0
    0
    0
    0
    0
    0
    0
    0
    0
    0
    0
    0
   28
   74
   97
   10
   45
    4
    0
    0
    0
    0
    0
    1
   11
    0
   19
   10
    4
   22
    0
    0
   30
   33
   10
    0
    0
    0
    0
    0
    0
    0
    0
  100
   55
    0
    0
   26
   36
   25
    8
   18
    0
    1
   43
   98
   17
    0
    3
   53
   21
   57
    8
    1
    0
  151
  117
    0
   84
   63
    0
   31
    3
    0
    0
    0
    0
    0
    5
    0
    0
    2
    3
    3
    0
    0
    0
    0
   54
    0
    4
    0
   70
    5
   35
   10
   45
    1
  180
   58
    0
    0
    0
    0
    0
    0
    0
    3
    0
    0
    0
   42
  212
   50
    0
    0
    0
  156
   10
   23
   10
   12
   50
    0
    0
    0
    0
    0
    0
    0
    0
    5
    0
   12
   88
    0
    6
    0
    0
    0
    0
    0
    0
    0
    0
    0
    0
    0
    0
    0
    0
    0
    0
    0
    7
    0
    0
    0
    0
    0
   34
    0
    0
    0
    0
    0
   10
  195
   58
    0
    1
   21
    0
    0
   92
    0
    0
    0
    0
    0
    1
   13
   60
   89
   65
    0
    0
    0
    0
    0
    0
    0
    0
    0
    1
   15
    0
    0
    0
    0
    2
   77
  190
    0
    0
    0
   11
    7
    0
    0
    0
    0
   30
    0
    0
    0
    2
   39
   14
    0
    0
    0
    0
    0
    0
    0
    0
    0
    0
    0
    0
    0
    0
    0
    0
    0
    0
    0
   83
    3
    7
    0
    0
    0
    3
    0
   12
    0
    0
    0
   32
    0
    0
   19
    5
   14
   10
    0
    0
    0
    0
   25
    0
    0
    0
    9
    6
    0
    0
    0
   70
   25
   67
    0
    0
    0
    0
    0
    8
   42
    0
    0
    0
    4
    7
    0
    0
    0
    0
    0
    0
   77
   18
    0
   86
   10
    0
    0
    0
    2
    0
    0
    0
    0
    0
   41
   11
    9
    2
    4
    7
   42
  103
    0
    6
    0
    5
    0
    0
    0
    0
    0
    0
   33
    0
    0
    0
    0
    0
    0
    0
    3
    0
   32
   50
   10
    0
    0
    3
    0
  117
    0
    0
    0
    9
    0
   27
   10
   21
    2
    8
   18
    0
    1
    0
    2
   36
   12
   12
   63
  152
  138
   38
    0
   26
   38
    6
   36
   46
    0
   78
  183
    4
    0
    0
    0
    0
    0
    0
    0
    0
    6
    5
    6
    3
   11
   17
    0
    0
    0
    0
   23
    0
    9
   80
    0
    0
   21
    0
    0
   15
   26
    0
    0
   11
    0
  146
   11
    7
   17
  181
    0
    0
   74
    0
    0
   92
   22
    0
    0
   14
   38
   19
    5
    4
    0
   33
   19
   68
    0
   25
    0
    0
    0
    0
    0
    0
   18
   56
  158
    0
    0
   26
    0
    0
    0
    0
   14
   25
    4
    9
    0
    0
   36
  167
    7
   12
   57
   44
   12
    0
    6
   38
   24
    0
    0
    0
    0
    0
    0
    0
    0
    0
    0
   13
    0
    0
    0
    0
    0
   34
   17
    8
    0
    0
    0
  150
   30
    0
   10
   45
    6
    0
    0
    0
    0
    0
    0
    0
    0
    0
    0
   65
    3
   60
   10
    0
    3
   61
    0
    0
    0
   52
   65
   29
    6
    0
   47
    0
  472
   59
    0
    0
    0
   15
    0
    0
  109
    0
   10
   10
    0
    0
   90
    0
   40
   19
    0
    0
  290
  235
   64
    5
   50
   55
    0
    0
    0
    0
    0
    0
   16
    0
   18
    1
    0
    0
    0
   34
    0
   24
   66
    0
    0
    0
    0
    0
   13
    0
    0
    0
   23
    0
    0
    0
    0
   11
    0
    0
    0
   43
   38
   96
   93
   25
    0
    0
    0
    0
    0
    0
    0
    0
    0
   33
    0
    0
    0
    0
   33
   31
   84
   67
    6
   90
    0
   25
    0
   71
    0
    0
    0
    0
  110
   12
    0
   30
   12
    0
    0
   18
    0
   21
    0
    0
   38
    0
    0
    2
   20
    0
    0
  105
   58
    0
    0
    0
    0
    0
    0
   12
    2
   20
    2
   41
   62
    0
    0
    0
    0
    0
   10
    0
    0
    0
   13
    0
    0
    0
    0
    0
    0
   16
   26
    2
    0
    4
    2
    0
   55
    0
  123
    0
    0
    4
    0
    0
    0
    0
    0
    0
    0
    0
    0
    0
    0
    0
    0
   22
    0
    0
    0
    0
    0
    0
   28
    0
    0
   21
    0
   15
    0
    0
    0
   11
    0
   22
    6
    4
    0
    3
   18
    0
    0
    0
    0
   11
    0
    0
    0
    0
    9
   46
    0
   26
   37
   18
   17
   35
   42
    5
   37
    6
    0
    3
   27
    5
    0
    0
    0
    4
    9
    2
    0
    0
    0
    0
    0
    0
    0
   11
    0
    0
    0
   27
    0
   18
    0
    0
    0
    0
    0
    0
    0
    0
   15
    0
    0
    0
    0
    0
    0
    0
    0
    0
    0
    0
    0
   31
   17
    0
    0
   67
    0
    0
   36
  168
   50
   48
   16
    0
    0
    0
    0
    0
    0
    0
    0
    0
    0
    0
   17
    3
    0
    0
    0
   31
   24
    0
    0
   31
    0
   88
    0
    0
   66
   18
    0
   25
    0
    0
    0
    0
    0
    0
    0
    0
    0
    0
  388
  200
   27
   72
   80
    9
   34
   14
   10
    6
   65
   26
   32
   94
   35
    0
    0
    0
    0
    0
   15
    0
   38
    0
   54
    0
   26
    0
    0
    0
    0
    0
    0
    0
    0
    0
    0
    0
    0
    0
    0
    0
    0
    0
    0
    0
    0
    0
   35
    0
    0
    0
  378
    0
    0
    0
    0
    0
    0
    0
    0
    0
   11
    5
    0
    0
    0
    0
    0
   56
    0
    0
    0
    0
    0
    0
  124
   69
   61
    0
   15
    0
   10
    0
    0
    5
   35
    0
    0
    0
    0
    0
    0
    0
    0
  129
   82
    0
    6
    0
   13
    0
    0
    0
   56
    0
    0
    0
    0
   27
    5
   23
    0
    0
   14
    6
    0
    0
    0
    0
    6
    0
    0
    0
    0
    0
    0
    0
    0
  103
  123
    0
    0
    0
    0
    0
   26
   16
    0
    0
    0
    0
    0
    0
    0
    0
    0
    0
    0
    0
    0
    0
    0
    0
    0
    0
    0
   98
    0
    5
   11
    0
    0
   23
   40
  228
    3
    0
   26
    0
   32
    8
    0
    0
    0
    0
    0
    0
    0
    0
    0
    7
    6
   12
   27
    6
   50
   26
    1
   31
    0
    0
    0
    0
    0
    0
   33
   62
    0
   28
    8
    0
    0
    0
    0
   25
    0
   26
    0
    0
    0
   17
    0
    0
    0
    0
   20
    7
    0
    0
    0
    0
    0
    0
    0
    0
    0
    0
    0
    6
    0
    0
    0
    0
    0
   35
    0
    0
    4
    0
    0
    0
    0
    0
    0
    0
    0
    0
    0
   20
    4
    0
    0
    0
    0
    0
    0
    0
    0
    5
    0
    0
    0
    0
    8
    0
    0
    0
    0
    8
    0
    0
    0
    0
    0
   66
    0
    0
  242
    0
    0
    0
    0
    0
    0
    0
    0
    0
    0
    0
    0
    0
    0
    0
    0
   97
   16
   17
    0
   55
   27
  105
   52
   37
    1
   31
    5
    2
    0
    0
   28
    9
    0
    0
   15
    0
    3
   56
   38
    0
   20
   25
    0
    0
    0
   35
    4
    0
    0
    0
    0
    0
   32
    0
    0
    0
   37
   18
  132
  113
   52
   63
    7
    0
   24
  154
    0
   67
    8
    0
   10
    0
    0
   17
    0
   26
    0
   56
   38
    0
   14
    0
    0
    0
    0
    0
    0
   45
    0
    0
    8
  105
  208
    0
    0
    8
    3
    0
    0
   26
    0
    0
   10
   55
    0
    0
    0
    0
    1
    0
  123
    0
    0
   26
    0
    0
    0
    0
    0
  127
  148
    0
    0
    0
    0
    0
    0
    0
    0
    0
    0
    0
  155
    0
   15
    0
    8
    0
    0
  201
  161
   11
    0
    2
    7
    0
    6
    0
    0
    0
   17
    0
  101
    0
   15
    0
  259
   11
   55
   95
    0
    0
    5
   20
    0
    0
    0
    0
    0
    0
    0
    0
    0
   58
    0
    0
    0
    0
    0
    0
    1
    0
  197
    5
    0
    0
    0
    0
   24
   51
   14
    0
    0
    0
   26
   25
  125
    2
   12
   39
   23
    0
    0
    0
    0
    0
    0
    0
    0
    0
    0
    0
    0
    0
    0
    0
    0
    0
    0
    0
    0
   36
   21
    6
   86
   12
    0
    0
    2
    0
  126
    0
    0
    0
    0
    0
    0
    0
    0
    0
    0
   16
    6
   24
   32
   45
    4
    4
   14
    0
  145
    7
    0
   13
    0
    0
    2
   18
    0
    0
    0
    0
    0
    0
    0
    0
    0
    0
    0
    0
   16
    0
    0
    0
    0
    0
    0
    0
    0
    0
    0
    0
   13
    0
    0
    0
    0
    0
    0
    0
    0
    0
    0
    0
    0
    0
    0
   15
    0
    2
    0
    0
   13
    0
    6
    0
    0
    0
    0
   14
   35
    0
    0
    1
    0
   18
    0
    0
    0
    0
   25
   32
   12
    1
   33
   48
   10
    0
    0
    0
    0
    0
    0
    1
    6
   16
    2
    1
    0
    0
    0
    0
    0
   49
   14
   24
   10
   29
   13
   40
    5
   18
   12
    0
    0
   21
   62
    0
    0
    0
    0
   26
    0
    0
    0
   17
    1
    0
    0
    0
    0
   49
    3
    0
    0
    0
    0
    0
    0
    0
    0
    0
    0
    0
    0
   21
   26
   27
   16
   21
    0
    0
    0
   31
  166
   18
   59
    0
    0
    0
   14
   39
    4
    0
    0
   26
    0
    0
    0
    0
    0
    0
   11
    0
    0
   31
  109
    5
   22
   90
    2
    3
   15
    0
    0
   15
    0
    0
   49
    0
    0
    0
    0
    0
    0
  122
    0
    2
   41
    1
    0
    0
    0
   71
    0
    0
  156
    0
    0
    0
    0
   26
    5
   13
    0
   18
    0
    0
  174
    0
    0
    0
   69
    3
    0
    0
    0
    0
   74
    0
    0
    0
    0
   33
    9
    0
    0
    0
    0
    0
    0
    0
    0
    0
    0
    0
  136
    1
    2
    0
  202
   24
    0
   19
    1
   48
    0
   51
   72
    1
   47
  112
   72
   40
    0
    0
    0
    0
    0
    0
  155
    0
   15
   90
   21
    0
    0
    2
    0
    0
    0
    0
    0
    0
    0
   79
    0
   11
    0
    0
    0
    0
    0
    0
    0
    0
   94
    1
    0
    1
    0
    0
    0
    0
    0
    0
   33
    0
    0
    0
    0
    0
    0
   65
    0
    0
   21
    0
   26
    0
   32
   46
    0
    0
    0
    0
    5
    0
    0
    0
    0
    0
    0
    0
    0
    0
   21
    0
  122
    0
    0
   22
   31
   98
   22
    0
   32
   95
   46
   11
   37
    0
    0
    0
    0
    0
    0
    6
    0
    0
    0
    0
    0
   76
    0
    0
    0
    0
    0
    0
    0
   26
   22
   37
   11
    0
    0
   22
    0
    0
    0
    0
   13
    1
   16
   14
    0
   29
    0
   12
    0
    0
   22
    0
   21
   19
   47
    0
    0
    0
    0
   48
   18
   20
    5
    2
    0
    0
    0
    0
    0
    0
    0
   18
    0
    0
   11
    0
   15
    0
   11
    0
    0
    0
    0
   50
   29
    0
    0
    0
    1
    0
    0
    7
    0
   17
   56
   83
    0
    0
    0
   45
    0
    0
    0
    0
    0
    0
    0
    0
    0
    0
    0
    0
    0
   10
  103
    6
    0
   21
    0
    0
    0
    0
    0
    0
    0
    0
   16
   92
    0
   27
  138
   68
    0
    0
    0
    0
    0
    0
    0
    0
    0
   17
    0
    0
    0
    0
    0
    0
    0
    0
   15
    0
    0
   48
   46
    1
    0
    0
    0
    0
    0
    0
    0
    0
    0
    0
    0
    0
    0
    0
    0
    0
    0
    0
    0
    0
    0
    0
    0
    0
    0
    0
   66
   14
    5
    0
    0
    0
    1
    0
    2
    6
    0
    0
    0
    5
    0
    0
    0
    0
    0
  156
   84
   81
   13
    0
    0
    3
   61
   15
    0
   32
   10
    4
    0
    0
    0
    0
   76
  116
    1
   11
    0
    0
    0
   12
    0
   15
   49
    9
    0
   24
    0
    0
   35
   62
    0
  100
    5
   39
  115
   89
   63
  120
    0
    0
   38
    0
    0
    0
    0
   21
    0
    0
   59
  330
    8
    5
  108
   34
    0
   50
   13
    0
   25
    0
    0
   51
    5
   53
    0
    3
   41
    0
    0
   99
   10
    0
   71
    0
    0
    0
   49
   77
    4
    0
    0
    0
    0
    0
    0
    0
    0
    0
    0
    0
    0
    5
    3
   34
   13
    0
    0
    0
    0
    0
  126
   66
   10
  113
    3
    0
    0
    0
    0
   19
   21
    0
    0
    0
   43
   15
    0
   33
    0
    0
    0
    0
    0
  140
    0
    0
    0
    0
    0
    0
    0
    0
   41
    0
    0
    0
    4
    0
    1
    0
   45
    0
  157
   13
    0
    9
   20
   33
    4
    0
    0
   28
    0
    3
    0
    0
    0
    4
   13
  106
  159
    2
    0
    9
   96
   93
  393
   36
   15
   69
    1
   16
   19
    7
   10
   32
  121
   33
    2
    0
    0
    0
    0
    0
    0
    0
    0
    0
    0
    0
    0
    0
    0
    0
    0
    0
    0
   93
    0
   16
   39
    0
    0
   16
   12
   14
   16
    0
    6
   20
   14
  132
  126
   54
   29
   26
   55
   59
    6
    0
    0
    0
   98
    0
    0
    0
    0
    0
    0
    0
   43
   30
   20
   22
   51
   18
   19
    3
   23
    0
    0
    0
    0
   15
   38
    0
    0
    0
    0
    0
    0
    0
    0
    0
    0
    0
    0
   25
   19
    0
    0
   18
    0
   29
   25
    2
   27
   27
   11
   17
    0
    0
    0
    0
    0
    0
    0
    0
    8
    0
   16
   20
    0
    0
    0
   22
   72
    0
    0
    0
    0
    0
    0
    0
    0
    0
    0
    0
    0
    0
    0
    0
    0
    0
    0
    0
    0
   81
    1
   42
    0
   33
    0
    9
  106
  201
    0
    0
    0
   54
   24
   32
    0
    0
    0
    0
    0
    0
   40
   26
   22
   86
   52
    0
   11
    0
   36
    3
   21
   34
   86
  106
   68
    0
    0
    0
    6
    0
    0
    0
    0
    0
    0
    0
    0
    0
    0
    0
   36
   83
    0
    0
    0
   82
  139
   96
   53
   82
    9
    0
    0
    0
    0
   19
   25
    0
    0
    0
    0
    0
    0
    2
    0
    0
    0
    6
   20
    0
    0
    0
    0
    0
    0
    0
    0
    0
   46
   74
    0
    0
    0
    0
  101
   12
   33
  184
   10
   25
  158
  105
    0
    0
    0
    0
    0
    0
    0
    0
   21
    0
    0
    0
    0
    0
    0
    0
   10
    0
   17
    0
    0
    2
   26
    0
    0
   39
   22
    0
    6
    0
    0
    3
   17
    0
    0
    0
    0
    0
   23
    0
    0
    0
    0
    0
    0
    0
    0
    0
    0
    6
    9
    0
    0
   97
    0
   86
   49
    0
   14
    0
  473
    0
   60
   42
    0
    0
    0
    0
    0
    0
    0
    0
    0
    0
    8
    0
    0
    0
    0
    0
   91
   25
   21
   11
    0
    0
    0
    0
    0
    0
    0
    0
    0
    0
    0
    0
    0
   22
    0
    0
    0
    0
    5
    0
   39
    0
   24
    5
   17
    0
    0
   12
   91
    0
    0
    0
   17
   25
   41
   27
    0
   28
    0
    0
    0
    0
    0
    0
    0
    0
    0
    0
    0
    0
    0
    0
    0
    8
    0
    0
    0
    0
    0
    5
    8
    0
    0
    0
    6
   88
   54
    8
   50
    0
    0
    0
    0
    0
    0
   34
    0
    3
    0
    0
    0
   15
    0
    0
    0
    0
   11
    0
    0
   41
    0
    0
    0
    0
    0
    0
    0
    0
    0
    0
   16
   21
   20
    0
    0
    0
    0
   24
  101
   45
   22
    0
   68
   53
    0
    0
    0
   34
   38
    9
  165
   69
   71
   19
    0
    0
   32
   24
   26
    3
   41
   21
   34
    0
    0
    0
    0
    0
    0
    0
    0
    0
    0
    0
    0
    0
    0
    0
   29
    0
    0
   36
    0
   14
    0
    0
    0
    0
    0
    0
    0
    0
    6
    0
    0
    0
    0
    0
    0
    0
    0
    0
    1
    6
    0
    0
    0
    0
    0
    0
    5
    0
    0
    3
   33
   18
   57
    0
    2
    0
    0
    0
   32
   43
    0
    0
    0
    0
    0
    0
    0
    0
   50
   21
    4
    0
    2
    0
    0
    0
    0
    0
    0
    0
    0
    0
    0
    0
    0
    0
    0
   16
  106
   18
    0
   12
    4
    0
   10
    0
    0
    7
    0
    0
    0
    0
    0
    0
    0
   11
    0
    0
    0
    0
    0
    0
    0
    9
   44
   32
    0
    0
   59
    0
    0
    0
   16
   35
   51
   39
  309
   35
    0
   66
    0
    0
    0
    0
    0
    0
    0
    0
    0
    0
   31
  193
    0
    0
    0
    0
    0
    0
    0
    0
    0
    0
    0
    0
    0
    0
    0
    0
    0
    0
    0
    0
    0
    0
   35
    0
    0
    0
  134
   34
    0
    0
   24
    0
    0
  101
   28
    0
    0
    0
   33
    0
    0
    6
    0
    0
  161
   22
   12
   99
    7
    0
   19
    0
    0
    0
    0
    0
   11
    0
    0
    0
    0
    0
    0
   14
   13
    0
    0
    0
    0
    0
    0
   23
    0
    0
   19
    0
    0
   35
    2
    2
    0
    0
    0
    0
  115
    0
    0
    0
   13
   35
    0
    0
    0
    0
    0
    0
    0
    0
    0
   15
    0
    0
   16
   91
   10
    0
    0
   10
   29
   39
    0
    0
    0
    0
    0
    0
    0
    0
   77
    0
    0
   53
   55
    0
    0
    0
    0
    0
    0
    0
    0
    0
    0
    0
    0
   22
    0
    0
    0
   60
    0
    0
    0
  115
    0
    0
    0
    6
    0
   29
   32
   30
    0
    0
    0
    1
    0
   28
   16
    1
   80
   11
    0
    0
    0
    0
   17
   18
   17
    0
    0
    0
    0
   13
    0
    0
    0
   61
   16
   24
   19
    9
    3
    0
    0
    0
    0
    0
    0
    0
   11
    2
    0
    0
    4
    0
    0
    0
   39
    0
    0
    0
    0
    5
    0
   22
    8
    0
   86
  116
    0
    0
    0
    0
    7
    0
   13
    0
    0
    0
    0
    0
   19
    0
    0
    0
   38
    0
    0
    0
    0
    4
    0
   33
    5
   20
    0
    0
   38
    0
    0
    4
    0
    0
    0
    0
    8
   43
   86
    3
    0
    0
    0
    6
   34
    0
    0
    0
   36
    5
    6
    0
    0
    0
   14
    0
    0
    0
  456
   41
    0
   13
    0
    0
  120
   57
    0
    0
    0
    0
    0
    0
   20
   90
   66
    0
    0
    0
    0
    0
   20
    0
    2
   42
    0
    5
    0
    1
   10
    7
   78
   25
   39
    0
    0
    0
    0
    0
    7
    0
   63
    0
    0
   13
    0
    4
  226
  135
   75
    0
    0
    0
   34
    0
    1
   81
    0
    0
    0
   13
    0
    0
    0
    0
    0
    0
   78
   57
    8
    0
    0
    0
    0
    0
    0
    0
    0
    0
    0
    0
    0
   54
   14
   36
    2
   34
   25
    0
   28
    0
    0
    0
   15
   40
    4
   53
  170
  375
    0
    0
    0
    0
    0
   13
   92
    0
    0
    0
    0
    0
    0
    0
    0
    1
    4
    0
   16
    5
   36
    0
    0
   47
    0
   38
    0
    9
   12
    0
    0
   43
    0
    0
  154
   75
   12
    0
    0
    0
    0
    0
   55
    0
    0
   62
    0
    0
   18
    4
    8
   78
  175
   25
  254
   36
    7
    0
   13
   17
   40
    0
   38
   90
    0
    0
    0
   58
    6
    0
    0
    0
   20
    0
    0
  105
    0
    0
    0
   23
   77
    2
   63
    0
    0
    0
    0
   11
    0
    0
    0
    0
    0
   71
  107
   23
    0
    0
    0
    0
    0
    0
    0
   16
    9
    0
    5
   55
    0
    0
    0
    0
  130
    0
    0
    0
    0
    0
    0
    0
    0
    0
    0
    0
    4
    3
  162
    0
    0
    0
   48
    3
    0
   65
   25
   62
  151
   32
    0
    0
    0
    0
  203
    0
    0
   91
    0
   21
    1
    0
   10
   21
    0
    0
    0
    6
    0
    1
   37
   10
   37
    0
    0
   15
    5
   11
    6
    0
    0
    7
    0
    0
    0
    0
   38
  102
    0
    9
    1
    0
    0
    0
    0
    0
    0
    0
   11
    5
    1
    0
   15
    0
    5
   24
   20
    0
    0
    9
   83
    6
    3
    0
    0
    0
    0
    0
    0
    0
    0
    0
    0
   80
   11
    0
    0
    0
    0
    0
   16
   14
    7
    0
    0
   14
    0
    0
   17
   33
   13
    3
    0
    0
    1
    2
    4
    0
   19
    0
    0
   18
    4
    8
    0
    0
    0
    0
    1
    0
    0
   19
    0
   16
    0
    0
    0
    5
    0
   12
   20
    0
    0
   37
    0
    5
    0
    0
   30
    0
    3
   16
    3
    4
   62
   16
    9
    3
   22
    0
   14
    8
    2
    0
    0
    0
    0
   12
    2
   11
    8
    8
    0
    0
    0
    0
    0
   60
    0
    0
    0
    6
    0
    0
    0
    0
    0
  121
    1
    0
    5
    0
    0
    0
    0
   24
    0
   33
  116
    0
    0
    0
   51
  166
  107
    6
   36
    0
   50
   18
    5
   96
   52
    1
    0
   56
   83
    0
   62
   38
    0
    0
    0
    0
   46
    0
    0
    0
    0
    0
    0
    0
  164
    0
    3
    0
    2
    0
    0
   21
   83
   44
    0
    5
    0
    0
    0
    0
  115
    0
    6
    0
   15
   45
   38
    1
    0
   39
    0
    4
    9
    1
    5
    0
   16
   58
   65
   13
    0
   90
    0
    0
    0
    0
    0
   44
    4
   34
   26
    0
    0
    0
    0
    4
    0
    0
    0
    0
    0
   97
    0
    0
    0
    0
    0
  512
  267
   59
    5
    0
    0
    0
    0
    0
   28
   14
    0
    0
    0
    0
   20
    0
    0
    0
   10
    0
    0
   72
  144
   51
   37
   28
    5
    0
    0
   15
   20
    0
   41
   16
  105
    1
    0
    2
    0
    0
    0
    0
   54
   40
    2
  167
   19
    0
   15
   76
    1
  123
   55
    9
    0
    2
   91
  267
   20
    0
    0
    0
    0
    0
    0
    0
    0
    0
    0
   13
   35
    0
    0
    0
    0
   53
    0
    0
   49
    4
   13
    3
    0
    0
    0
    0
    0
    0
    0
    0
    0
    0
    0
    0
    0
    0
    0
    0
    0
    0
    0
    0
    0
    0
    0
    0
    0
    0
    0
   28
    2
    1
   15
   25
  112
   85
    1
    0
    0
    0
    0
    0
   68
    4
    0
    0
   10
    6
   22
   30
    7
    0
    0
    0
    2
    0
    0
    1
   15
    5
    1
   12
   30
   65
  169
   46
    5
    2
    2
    7
    0
    0
    4
   68
    0
    0
   22
   17
    1
   21
   40
   87
    0
    0
    0
    0
    3
    0
   41
    9
    0
    0
   32
    4
    0
   19
    4
   14
   19
    0
    8
    5
    0
   14
    0
    0
    0
   19
   30
   54
   24
    1
   33
   85
    1
    0
    0
    0
    0
    5
    1
    0
    0
    0
    1
    0
    0
    1
   56
    0
    0
    0
    0
   24
    4
  101
   20
   55
   67
    1
   58
    0
   46
    9
   52
    3
    1
    2
    0
   21
   32
    0
    0
   49
  193
   27
    0
    1
    0
   76
    5
    9
   93
    0
    0
    0
    0
    0
    0
    0
    0
  119
   20
    0
    0
    5
    3
   19
   12
    0
    2
    0
    0
    0
    2
   19
    1
    0
    0
    1
   27
   81
    0
    0
    0
    0
   45
    2
    0
    0
    0
    0
   12
  110
    3
    0
    0
    0
    0
   40
   20
    0
  134
    0
    0
    0
    0
   42
    0
    0
    0
  114
   15
   91
    8
    0
    0
    0
   67
   26
    0
    7
   19
    0
    0
    0
    0
    0
   28
    0
    0
    0
    0
  127
   84
    0
    0
    3
    0
    0
    0
    0
    0
  169
    4
   74
    0
    0
    0
    7
   48
    0
   11
   32
    0
   39
    0
    7
    0
    0
   14
   49
   41
   17
   46
  129
    0
   19
   31
   35
    0
   20
    0
    0
    0
    9
  107
    0
    0
    0
    0
    0
    0
    0
   45
    0
    0
    6
   22
    1
   25
    0
    0
    3
    0
    0
    0
    0
    0
    0
   15
   51
   17
    0
    0
    0
    9
   49
    0
    0
    0
    0
    0
    0
    0
    0
    0
    0
  102
   23
  235
   28
    0
    0
    0
    2
    0
    0
    0
    0
    0
    0
    0
    0
    0
    0
    0
    0
    0
    0
    0
    0
    0
    0
    4
    0
   45
    0
    0
    0
    0
    0
    0
    0
    0
    0
    0
   10
    0
   72
   15
   19
    0
   34
   55
   22
   43
  234
    0
    1
    0
   34
   18
    7
   83
    1
    0
   25
    1
    1
    2
    0
    0
    3
    0
    0
    0
    0
    0
    0
    1
    0
    0
    0
    0
    0
   28
    0
   18
  119
   53
    1
   35
   54
   13
    1
   25
    0
    0
   28
    0
    0
    0
    0
    0
    0
    0
    3
   37
   23
    9
   24
   33
    6
   27
   20
    4
    9
    1
    0
    0
    2
    1
    0
    0
    1
    5
    0
    0
    0
    0
    1
    0
   22
    1
   21
   25
    0
    0
    0
   15
   39
   55
   17
   52
   28
   30
   14
    1
    0
    0
    8
    3
    9
    0
    0
    0
    0
    3
    0
    0
    0
    0
    0
    0
    0
    0
    0
    1
    4
    6
    1
   12
   25
    5
    0
    0
   12
   11
   48
    2
    0
    0
    0
    0
    0
    0
    0
   10
  147
    0
    0
    0
    0
    0
    0
    1
    0
    0
   13
    1
    0
   77
   63
  153
   13
    0
    0
   23
   25
   26
    3
    0
    0
    0
    0
    0
    0
    0
    0
   25
    5
    0
    1
  223
  455
    0
   90
   86
    1
   23
    0
    0
    1
    0
    0
    0
    0
    0
  174
    0
    0
    0
    0
    0
    0
    0
    0
   10
    0
    5
    0
    0
    0
    0
    0
    0
    0
    2
  609
   25
   30
    0
    0
    0
   11
    0
   39
    0
   16
    0
    0
    0
   92
    0
    0
   29
   34
   13
   35
   37
    9
   10
    0
  100
   23
   14
    1
    5
   66
   13
   10
   69
   13
   48
  141
    0
   31
    0
   21
   26
    0
    3
   99
    0
  120
    3
   90
    0
    0
    2
   10
    0
  354
    0
    0
    0
    0
    0
    9
    0
    0
   35
    0
    0
    0
    0
    0
   25
    0
    0
   24
    0
    0
   28
  110
    0
    0
    0
    0
    0
    0
    5
    1
   50
   27
    0
   54
    0
    0
    0
    0
   22
    0
  154
   11
    0
    0
    0
  136
   16
    0
    0
   10
    0
   97
   14
    0
    0
   28
    0
   67
    0
    0
    0
    0
    0
    0
    0
  103
    0
    0
    0
    0
   11
   14
    0
    0
    0
    0
   15
   98
    0
    0
    0
    0
  131
  302
   13
    0
    0
    0
   38
   10
    0
    0
    0
    0
   25
    0
    0
    4
    1
   24
    0
    0
    0
    0
    1
    1
    0
  207
   34
    0
    0
    0
    0
    0
    0
    5
   50
   16
    0
    0
    5
    0
    0
    0
    0
    0
   30
    0
    0
   20
   51
   11
    1
   20
   21
   14
   40
   32
    0
    0
    0
    0
    2
    0
   34
   17
   14
    0
    0
    8
    3
    0
    6
   47
   34
    0
    1
   12
    3
    0
    0
    0
   15
   34
   17
   47
   91
    7
   10
   21
    0
    3
   38
    0
    6
    0
   14
    1
   10
   15
   24
   47
   44
    2
    0
    0
    0
    2
   35
    0
    0
    0
    0
    0
    0
    0
   14
   10
   17
   38
    0
    0
    0
    0
    2
    2
   10
    0
    0
   10
    0
    2
   10
    2
    0
    4
   68
    2
    0
    0
    0
    0
   13
    2
   27
   12
    2
    0
    4
    1
  206
  106
   28
   45
   13
    6
    0
   20
    0
   18
    0
    0
    0
    0
   67
    4
   11
   65
    0
    0
    0
    0
    0
    0
    0
    0
    9
    4
    0
    0
    4
    0
    0
    0
    0
    0
    0
    0
    0
    0
    4
    5
    0
    0
   33
   12
    0
    0
    0
  493
   12
   33
  112
    3
    0
    0
    1
   17
    0
    0
    0
    0
    0
    0
    0
    0
    0
   13
  186
   77
    0
   14
    0
    0
   68
    0
   23
    2
  124
   12
    2
   17
    0
    0
    0
    0
  119
    0
    0
    0
    0
   10
    0
    0
    0
    0
   12
    0
    0
    0
   12
   71
    0
   74
    0
    0
    0
   13
    1
    0
    0
    1
   27
   14
    0
   21
   86
    0
    0
    1
    0
    0
    0
    0
    0
    0
   44
   21
    0
    1
    0
   80
   10
    6
  107
   26
   15
   44
    1
   95
   19
   24
    0
    0
    1
    0
   16
    0
    0
    0
    0
   67
    0
   24
  179
    5
    0
    0
    0
    0
    1
    1
    0
   20
   53
    0
   11
   65
    0
    0
    5
   88
    0
    0
    0
    0
    0
    0
    3
    0
    0
    0
    0
    0
   38
    0
    0
    0
    0
    0
   38
   48
    0
    7
    0
    2
    1
   39
   80
    0
    0
    0
   20
  206
  143
    0
    0
    0
    9
    1
   24
    0
    0
    0
   65
   15
   37
   26
    1
    3
  125
    0
   31
    9
    0
    7
   18
    2
   21
    0
    0
    0
  260
   17
    3
    8
    0
    9
    0
    0
    7
   30
   15
    1
    3
   12
    0
   56
   12
   30
   14
    4
    0
    0
    8
   34
    1
   54
    0
    7
    0
    0
  153
   44
    1
    1
   72
   39
   11
  140
   41
    2
    3
   23
  149
    1
    0
  106
    5
    0
   70
   20
    1
    0
   68
   13
    0
    1
    0
    0
   38
    5
    3
    1
    0
    4
   35
    1
    0
    0
    4
    0
   50
    8
    2
    0
   24
    0
    0
    0
    0
    0
    0
    0
    0
    0
    0
    0
    2
   12
    0
    1
    0
    0
    3
    5
   77
   71
    0
    0
    0
    0
    0
    0
    0
    0
   21
    0
    0
    0
    0
    0
    0
    0
    0
    0
    0
    0
    0
    0
    4
    0
    0
    0
    0
    0
   25
   24
    1
   28
    0
    0
    0
    0
    0
    0
   24
   23
   18
    0
    0
    0
    0
   34
    0
    0
    0
    0
    0
    0
    0
    0
    0
    0
    0
    0
    0
    0
    0
   14
    1
    0
    0
    0
   25
   66
    1
    5
   15
    0
    8
    0
    0
    0
    0
    0
    0
    0
    0
    0
    0
    0
    0
    6
    0
    1
   59
    4
   19
    0
    0
    4
   93
   85
   17
    0
    3
  279
   93
    0
    0
    0
    0
    0
    0
    0
    2
    0
    1
   30
   23
    2
    0
    0
    0
   52
    0
    0
    0
    0
    0
    0
    0
    0
   23
    0
    5
    0
    0
   41
   92
    0
    7
    0
  114
    0
   50
    1
    0
   58
    0
    6
   11
   26
    1
    1
   52
    0
    1
    0
    0
  185
   29
    0
   44
    0
    0
    0
    0
    0
    0
    0
    0
   40
   27
    9
    0
    0
    0
    0
   11
    0
    0
   45
   39
    0
    0
    0
    0
    0
    0
    0
    0
    0
    0
   32
    0
    4
    0
    0
    0
    0
    0
    0
    5
    0
    5
    0
   24
    7
    0
    0
    2
    3
    1
    8
   18
    0
    0
    0
    0
    0
    0
    0
    0
   13
   19
    1
    0
    0
    0
    0
    0
    0
    0
    0
    0
    0
    0
    0
    0
   21
   22
    0
    0
    0
    2
    0
    0
    0
    0
    0
    0
    0
    0
    0
   73
  111
    0
    0
    1
    9
   24
   59
    1
   14
    0
    3
    1
    5
    0
    0
    0
    4
   35
    0
    0
    0
    0
    0
    0
    0
    0
    0
    1
    0
    0
    0
    0
    0
    0
    0
    0
    3
    0
    0
    0
   26
    5
    2
    0
    0
    0
   19
    0
    2
    0
    0
   22
    9
    2
    0
    0
    0
    0
    0
    8
   33
   16
    2
    0
   52
   20
    9
    0
    0
   15
   10
    1
    8
    0
   72
    0
    0
    1
   20
    0
    0
   19
    1
    0
    0
    0
   15
    0
   12
   55
    7
    0
   20
    5
    3
    1
    0
    0
    2
    5
   56
   19
    1
    9
    0
   15
    0
    0
    0
    0
   20
    1
    3
    1
   23
   24
    2
   42
   11
   26
    0
    8
    1
    2
    4
   33
   68
   15
   43
    2
    0
    0
    1
    0
    0
   15
   17
    0
    0
    0
    0
    0
    6
    3
    0
    1
    0
    0
    0
    0
    5
    1
    0
    0
    0
    8
    0
    0
    0
   25
    3
   37
   29
   76
    5
   18
   17
    0
   38
    3
   72
    0
   10
    0
    1
    0
  236
  109
    4
    0
   14
    2
    1
  141
    0
    7
  127
  119
    6
   60
   41
    0
    0
    0
  195
    0
    1
    1
    0
    0
    0
    2
    0
    0
   13
    0
   30
    0
   11
    0
    0
    0
    1
   17
   14
   29
    5
    1
   16
   63
    0
   61
    1
    0
    0
    0
    0
    1
   43
  120
   41
    0
   42
    0
    0
    0
    0
    0
    0
    0
    0
   20
    0
    0
    0
   16
    0
    0
    0
   62
  112
    0
   27
    4
    1
    0
    0
    0
    0
    0
    0
    8
    3
   90
    0
    1
    0
   63
    0
    0
    0
    0
    1
    2
    0
    0
    0
    0
    0
    0
    0
    0
  227
    0
   52
   39
    4
    0
    0
    0
   39
    0
    0
    0
    0
    0
    0
    0
   32
    5
   41
  371
  419
   54
    2
    0
    0
   40
    0
   43
    0
    0
    0
    0
    0
    0
    0
    0
    0
    0
    0
    0
    0
    0
    0
    0
    0
    0
    0
    1
    0
   10
    0
    0
    0
    0
    0
    5
   37
    0
    0
    2
   53
   48
    0
    0
    0
  102
   25
    9
   12
    0
   18
    0
    0
    0
    0
    0
    0
    0
    3
    5
    0
    0
    0
    0
   64
   13
   23
    0
    0
    0
    1
    0
    0
    0
    0
    5
    0
    0
    0
    0
    0
    0
    0
    0
    0
    0
    0
    1
    0
    0
    0
    0
    0
    0
    0
    0
    0
    2
    1
    0
    0
    0
   76
   12
    5
    7
    0
    0
   39
    0
    0
    3
    9
   61
   39
   85
   14
    6
    2
    0
    0
    0
    0
   40
    0
    1
    3
   11
   20
    0
    0
    0
    0
    0
    5
    0
    0
    0
    3
   31
   20
    6
   57
   28
    0
    0
    1
    0
    0
    0
    0
   17
    1
    2
    0
   15
    4
   30
    0
   13
    0
   60
  100
    8
   17
    1
    0
    0
    7
    0
   37
   44
    1
    3
    0
    0
    0
    8
   19
    2
    1
    0
   54
    0
   16
  151
   31
   43
   23
    1
    0
    0
    0
    0
    0
    0
    0
    0
    0
    0
    0
   24
    2
   63
   64
    0
    0
    0
    0
    0
    2
    0
    0
    1
    1
    1
   37
    0
    0
    0
    1
    0
    0
    0
    0
    0
    0
    0
    0
    0
    0
    0
    0
    1
    1
    2
    0
   23
    0
   17
  133
  195
   20
   79
    0
    0
    0
    3
    0
   49
    1
    2
    0
    0
    0
   41
    0
    0
    0
    0
    0
    0
    0
    0
    0
    0
    0
    1
    0
   88
    0
    0
    0
    0
    7
   17
    6
   26
    0
    4
    7
   70
   71
   35
    0
   43
   22
    0
    0
    1
   24
    0
   23
   34
    2
    0
   29
   63
   19
    0
   47
    0
    0
    0
  291
   84
   58
    8
   57
    0
    0
    0
    0
    7
    1
    0
    0
    0
    0
    0
    4
  124
   23
    2
    0
   48
    4
    0
    8
    0
    9
    0
   84
   79
    9
    0
    0
    0
    0
    0
    0
    4
    3
    6
   17
  152
   54
   33
   61
   39
    0
    0
    0
    0
    0
    0
    0
   14
  123
   39
    0
    0
  281
    0
    0
  186
   23
    0
    0
    5
   91
   35
   81
    1
    0
    0
   10
    1
    0
    0
    0
    0
    0
    0
    0
    0
    0
    0
    0
    0
    0
    0
    0
    0
    0
    0
   44
   12
  103
    0
   43
   71
   13
   44
   12
    0
    0
   37
    0
    0
    0
    0
    6
   61
   10
    9
    6
    1
   39
    1
    0
    0
   27
    0
   27
    0
    0
    0
    5
   83
    9
   65
   12
    0
   16
    0
    7
    0
    0
    0
    0
    0
   17
    0
   11
   40
    0
    6
   14
    5
    0
    0
    0
    0
    0
    0
    7
    1
    0
    0
    0
    0
    0
    0
    0
    0
    0
    0
    8
    0
   21
    0
    0
    0
    6
  360
    7
    4
    9
   15
    0
    0
    0
    0
    0
    0
    0
    0
    0
    0
    0
    0
    9
    4
    1
    0
    0
   24
    0
   48
    5
   52
    0
   43
    6
    0
    0
    0
    0
    0
   11
    6
   15
   14
    7
   85
   43
   31
   70
   13
   10
    5
    1
    1
    4
   50
   25
   23
    8
    0
    0
    0
    0
    0
    0
   14
    0
    0
   19
   22
   32
    2
    0
    9
    7
   41
    6
   39
    0
    0
    0
    1
    0
   48
   33
    5
    1
    0
    0
    6
    2
    0
    4
    3
    0
    0
   32
    5
   18
    9
    0
    0
    0
    3
    0
    0
    0
    0
    0
    0
    0
   14
    2
   11
    0
    0
    0
   25
    0
    1
   68
  221
    0
   30
    0
    0
    0
    0
    0
    6
   59
    3
   29
    8
   22
   30
   16
    0
    0
    0
   11
    0
    0
   24
    1
    1
    4
    6
    5
   42
   25
    0
    0
    0
    0
    0
    0
   25
    1
   25
    4
   56
   29
   27
    8
    9
   20
   14
    0
    0
    0
   18
    0
    8
    0
    0
    0
    0
    0
    0
    0
    0
    0
    0
    0
    0
  123
   48
    0
    0
    0
    0
   28
    1
    0
  138
    0
    0
    0
    0
   39
    9
    0
    0
    3
   11
    3
   21
  122
   61
   38
    1
   36
    0
   83
    5
    0
    0
    0
    0
   12
   11
    0
    6
    0
    0
    7
    0
    0
    0
    0
   36
    0
   45
   11
    0
    0
    0
    0
    0
    0
    0
    0
    5
    6
   26
    0
   17
    0
    0
    0
   77
    0
  132
  138
    0
   24
   33
    0
    0
    0
    0
   72
    0
    0
    0
    0
    0
    5
    8
    0
    9
  196
   20
   21
   84
    0
    2
   44
    0
  168
    0
    0
    0
    0
    0
    0
    0
   23
    0
  100
    6
    5
   28
    1
    0
    0
    0
    0
    0
    0
    0
   19
    6
   40
    0
    0
    0
    0
    6
    0
    0
    0
    0
    0
    0
    0
    0
    0
    0
    0
    0
    2
    1
    0
    1
    2
    0
    1
    0
    0
   40
    1
    5
    1
    6
    0
    0
    0
    0
    0
    0
    0
    0
    0
    0
    0
    0
    0
    3
   39
    0
    0
   30
   17
   16
    1
   38
   42
    0
    0
    7
   27
    0
    0
    2
    9
   19
   55
   70
   32
   21
    5
    1
    0
    0
    1
    0
   20
    0
    0
    0
    0
    5
   13
    0
    0
    4
   15
   63
    2
   35
    3
    0
    5
  153
   62
    4
   18
    0
    0
    0
    0
   25
   30
   42
   66
   15
    0
    0
    0
    1
   63
   15
    0
    2
    0
    0
    0
   15
   19
    0
   40
   20
   43
   88
   21
   57
    6
    1
    0
    0
    1
    2
   18
   11
    2
    0
    0
    0
    0
   18
    0
    0
    0
    0
    5
   12
   13
  102
    3
    0
    0
    0
    0
    0
    0
    0
   49
   41
    0
    0
    1
    0
    4
    2
    0
    0
    0
    0
    0
    0
   40
   92
   84
    2
   13
   70
    1
    0
    0
    0
    0
   10
    0
    0
    0
    0
    4
   72
    3
   23
   65
    0
    0
    0
    0
    0
   13
  192
    0
    0
   92
   25
    0
    0
    7
   10
   54
  118
    3
    3
    0
    0
    0
    0
    2
   10
    2
    0
    2
   31
   13
   76
   15
   27
    0
    0
    0
    0
    0
    0
    0
    0
   12
    0
  196
   27
    8
   13
    1
    0
   30
    7
    9
    0
    0
    9
    0
    0
    9
    0
    0
   83
    0
    0
    1
   24
  164
  223
   61
    0
    4
   81
   46
   67
   83
   21
    0
    0
    0
   81
   23
    0
    0
    0
    0
    0
    0
    0
    0
    0
    0
    0
   20
    0
    0
    0
    0
    0
    0
    0
    0
    0
    0
   29
   48
   19
    9
    8
   66
    0
    0
    0
    0
    0
    0
    0
    0
    0
    0
    0
   18
   86
    9
   28
   17
    0
    0
    0
    0
   22
    0
    0
    0
   42
    0
    0
    0
    0
    0
  115
    2
   48
    0
    0
   34
    0
    0
   27
  155
   10
    0
    6
   54
   41
    0
   24
    0
   10
    1
    3
   28
    0
    0
  109
    1
    0
   42
    0
    0
    0
    0
    0
  101
   13
    0
   37
   94
  152
    7
    0
    0
    0
    0
    0
    0
    0
    0
    0
    0
    0
    0
    0
    0
    0
    0
    0
    0
   43
    1
    0
    0
    0
    0
    0
    0
    0
    2
    1
    1
   12
   31
   30
  234
    3
    0
    5
    0
    0
   30
   45
    0
    0
    3
    1
    0
    0
   47
   28
    0
    0
    0
    0
    0
    0
    0
    0
    2
    0
    3
    0
    8
    1
    0
    3
    0
    0
    0
    0
    0
    0
    0
    0
    0
    0
    0
    0
    0
   16
    0
    1
    2
    3
    0
    0
    2
    0
   12
    0
   20
   25
   15
   14
    4
   16
   46
    1
    0
    0
   20
   65
  141
  158
   13
  159
  140
    4
   18
   62
   27
   35
   54
   34
    5
   14
   85
    0
    0
   34
    5
    0
    0
    0
    0
    4
   12
   66
    3
   13
   41
    0
   32
    5
    0
    0
    0
    0
    0
    0
    0
    0
    1
  147
    0
    2
    0
    0
   45
    1
   81
    0
    1
   57
    0
  144
    8
    0
    0
    0
    0
    0
   58
   69
   66
   25
    0
    0
    0
    0
    6
    0
    0
    0
    0
    0
    0
    0
    8
   33
   16
   20
    7
    2
    0
    3
   56
   10
   12
   17
   24
    0
    0
    3
    0
    1
    0
    0
   35
    6
    0
    0
    0
   37
    3
   13
    0
    0
    0
    0
    0
    0
    0
    6
   30
   25
    0
    0
    0
    0
    0
    0
    0
    0
    5
    0
   83
  320
    1
   23
    8
    0
    0
    0
  102
    0
   20
    0
    0
   19
    0
    0
    0
    2
    9
    8
  154
    2
    0
    0
    0
   15
    0
   38
   11
   39
   71
   45
   16
    0
   43
    0
    0
    1
    0
   24
   10
   47
   25
   80
  107
    5
   19
    9
    0
   45
    0
   12
    5
  155
    0
   47
    0
    0
    0
    0
    0
    0
    0
    0
    0
    0
    0
  269
    0
    0
    0
    0
    0
    0
    0
    2
   51
  141
    0
    2
    9
    0
    3
    7
    8
   15
   55
    3
   22
  125
   11
  127
    1
   66
    3
    5
    8
    0
    0
   76
  109
    0
   71
   93
   23
    0
    9
    0
   48
    0
    0
    0
    0
    5
    0
    3
    0
   12
   24
   12
    0
    0
    8
    1
    0
    0
  130
    0
  134
    0
    0
    0
    0
    0
    0
   15
    0
    0
    0
    1
    0
    0
    0
   32
   91
   39
    0
    0
    4
    0
    0
    0
    0
    0
    0
    0
    0
   15
    0
   10
    0
    0
    2
   12
    1
    0
    0
    1
   32
    0
    0
    0
    4
   54
   15
    5
    0
    0
    0
    0
    0
    0
    0
   32
   71
    1
    0
    0
    0
    0
    0
    0
   16
    4
    8
    7
    0
    0
   21
    5
   37
  145
   32
   16
   12
    0
    6
   45
    0
    2
    0
    0
    0
    0
    5
    0
    0
    0
   31
    7
    1
    0
    1
    0
    0
    0
    0
    0
   46
   92
   97
   34
   94
   15
   12
    0
    0
    3
   25
    0
    0
    6
    0
    0
    9
   10
    0
   20
    3
    0
    0
    8
    0
    8
   14
    0
    0
    0
    7
    8
   12
    0
    0
    0
    0
   42
    8
   29
   14
    4
    0
   31
    0
    0
    1
    8
   25
    0
    4
    0
    0
    0
    0
   15
    1
    3
  113
    0
    0
    0
    0
   36
   44
   41
    7
   18
    0
   47
   66
  157
   26
   41
   54
   24
   27
    8
    2
    5
    0
   16
   84
   17
    0
   31
    8
    3
   47
    2
   16
    0
    3
    2
    0
    7
   33
   38
    5
   28
   33
   25
   21
   15
    3
    0
   83
   47
    0
    0
    0
   25
    0
    0
   14
   22
    0
    0
    7
   25
    0
    0
    0
    0
    0
    0
   33
    0
    0
    0
    0
    0
    0
    0
    0
    0
    0
    0
   24
   25
    0
    0
    0
    0
    0
    0
    0
    0
    0
    0
    0
    0
    0
    9
   34
    8
    9
    0
    0
    0
    0
    0
    0
    0
   71
   62
    0
    0
    0
    0
    0
   81
   20
  168
    0
    0
    9
    6
   36
    5
    0
    0
    0
    0
    0
    0
    6
    0
    0
  102
    7
   10
    0
    8
    2
    7
    1
   26
   17
    0
   52
    0
    7
    1
   82
    8
    0
    0
   31
    0
   71
    4
   15
   49
   20
   16
    0
    0
    2
    0
    0
   68
    0
   46
   59
    0
   24
    0
    0
    0
    1
   96
    0
    0
    0
    0
    0
    0
    0
    1
    0
    0
    0
    0
    0
    0
    0
   46
    0
    0
    0
    0
    0
   96
   16
    0
    0
   16
    8
    0
   33
   28
    9
    1
  195
    0
    0
    0
    0
    0
   19
    2
    0
   15
    0
    1
    0
    0
    0
    0
    0
    0
   48
   25
   44
    0
    0
    0
    0
    0
    0
    0
    0
    0
    6
   29
    0
    0
   15
    0
   29
   39
    1
    6
    4
    6
    0
    3
    2
    4
    0
    0
    4
    0
   13
    0
    1
    1
    5
    6
    8
    0
   71
    0
    0
    0
    0
    0
    0
    0
    0
    0
    0
   60
  138
   57
    1
    3
   16
   31
    3
    4
    0
   11
   57
    2
    0
   22
    1
    3
  239
   38
   24
   73
   44
    0
   47
    9
   94
   14
   22
   41
    9
    5
   11
    0
    0
   16
   41
  285
    2
   10
    0
   38
   58
    9
    0
    1
    0
    0
    0
    2
   57
    1
    0
    2
   53
   37
   48
    3
    0
   42
    0
    3
    0
    2
    0
    0
    0
    0
    0
    0
    0
    0
    0
    0
    0
    0
    0
    0
    0
    0
    0
    0
    0
    0
    0
    1
    0
    0
    0
    0
    0
    0
   58
    6
    6
   13
    7
    1
   11
   20
   22
    0
    0
    0
    3
    7
    3
   11
   36
    1
   34
   27
    0
    0
    0
    0
    5
    0
    0
   75
    0
    0
    0
   15
   46
    7
    0
    0
    0
    0
    9
    0
   50
    0
    0
    0
    0
    0
    0
    0
    0
    0
    0
    1
    1
    0
    0
   46
    0
    0
    0
   11
    0
   16
    6
   77
   20
    0
    7
    0
   78
  283
    0
    0
    0
   10
   55
   99
    0
    0
    0
    0
    0
    0
    0
    1
    0
    0
    0
   90
   31
   25
    0
    0
    0
    0
    0
    0
    0
    0
    0
    0
    0
    0
    0
    0
    0
    0
   20
   65
    0
    0
   71
   38
   37
    0
    0
   10
   11
    0
    0
   63
    0
    0
    0
    0
    0
    0
    0
    0
    0
    0
    0
   14
   27
    0
    9
   87
    0
    8
   34
   86
   60
    7
    0
    0
    0
    0
    0
    0
    0
    0
    0
    0
    0
    0
    0
    0
    7
    0
    0
    0
    0
  135
    0
   57
    1
   46
    0
    0
    1
   50
    1
    2
   18
    0
    0
   20
    7
    0
    0
    0
    9
   10
    0
    0
    0
    0
    4
    0
    0
    0
    0
   14
    0
    0
   82
    0
   15
  212
   23
    0
    0
    0
    0
    0
    0
    0
    0
    0
    0
    0
    0
    0
    0
    0
  102
  151
    3
    0
    0
   12
    0
    0
    0
    0
    0
    0
   16
   18
    0
    0
    2
    4
   30
    0
    0
    0
   39
   72
   93
   12
   13
    2
    0
    0
    5
    0
    0
    0
    0
    0
    9
    0
    0
    0
    0
    0
    0
    0
    0
    0
  124
   18
  183
   19
   35
   29
    0
  174
   83
    6
    0
    0
    0
    0
    0
    0
    0
    0
    0
    0
    0
    0
   64
  187
    0
   22
    3
   23
   29
    0
    0
    0
    0
    0
    0
    0
    0
    6
    4
    5
    8
    0
   14
    8
   25
   19
   69
   52
    5
    0
    1
   34
    0
   93
   10
    7
    0
    0
    0
    0
    0
    0
    0
    0
    5
    0
    0
    3
    0
    0
   10
    2
    0
    3
    0
    0
    0
    2
    0
    1
    0
    0
    0
    1
    5
    7
   40
   24
    0
    0
    0
    0
    0
    0
    0
    1
    7
    0
    0
    0
    3
   15
    0
    0
    2
    1
   58
   53
   73
    0
    0
    0
    0
    0
    0
    0
    0
    0
    0
   51
   17
   77
    1
    4
    7
    0
    0
    3
    0
    0
   22
   18
    0
    6
    0
    0
    0
    0
    0
    0
    0
    0
    0
   43
    0
   17
    0
    3
    2
   19
    3
    0
    0
    0
    1
   62
    6
    0
    0
    0
    0
    0
   18
  171
    0
    0
   55
    0
    0
    3
   14
   20
    0
   44
    4
   43
   59
   32
    0
   39
    0
    0
    0
    0
    0
    0
    0
    0
    0
    0
   15
    0
    0
    8
    0
    0
    0
    0
    0
    2
    0
    0
    0
    0
    0
    9
    0
    0
    0
    0
    0
    0
    0
    0
    0
  137
   25
    0
    0
    0
   20
  136
   64
  421
    0
    0
   13
    0
    0
    0
    0
    4
    0
    6
    4
   20
    1
    0
    0
    0
    1
    0
  154
  102
    1
    0
   38
    0
   19
    0
    0
    2
   33
   27
    0
    0
    0
    0
    0
    0
    0
    0
    0
    0
    0
    0
    0
    0
    0
    0
    0
    0
    0
    0
    0
    0
    0
    0
    0
   35
    3
   13
    0
    0
    0
    0
    0
    0
   49
    0
   69
    2
   30
    0
   41
  138
    0
    2
    0
    0
    0
    0
    0
    7
   70
  203
   14
   37
   46
   76
    0
   10
    0
   20
   15
  120
   44
    0
    0
    0
    0
    0
   15
   44
    0
    1
   25
   14
   16
   10
   18
    1
    0
    0
    2
    1
   16
    0
    0
   31
    0
    0
    0
    2
    0
    0
    0
    0
    0
    0
    0
    0
    0
    0
    0
    0
    0
    0
    0
    0
    0
    0
    4
    8
   34
   42
    6
    0
   30
   62
   69
    8
    8
    0
    0
   13
   16
    0
    0
    0
    4
    1
   12
   91
   43
   48
   23
    0
   38
   73
    0
    7
    0
    0
    0
   76
    8
    7
    3
   11
   56
    0
    0
    0
    0
    0
   26
   86
   15
    3
    5
    1
    3
    2
    0
    1
    6
    1
    1
    1
    0
    0
    5
   18
    0
   35
    0
    0
    9
   21
   30
   41
    0
    1
    0
    0
    0
   38
   10
    7
    1
    0
    0
    0
    0
    0
    0
   11
    1
    1
    0
    6
    1
    2
    0
    0
    1
    0
    0
    0
    0
    0
    2
    3
    4
    1
   11
   24
   57
   14
   11
    1
    1
   49
    1
    0
    0
    0
    0
    0
    1
    1
    0
    0
    0
    0
    0
    0
    5
    1
    0
    0
    0
    0
    0
    6
    0
    0
    0
    0
    0
    1
    0
    0
    0
   68
   18
   65
   16
    0
    9
    0
    0
    0
    0
    0
    0
    0
   61
    3
    0
    1
    0
    0
    1
    4
    0
    0
    0
    0
    0
    0
    0
   10
   59
    0
   78
   29
    0
    4
   23
    2
    0
    0
    0
    1
   23
   99
    4
    0
   19
    0
    0
   19
    0
    0
    6
    3
   61
    0
    0
   46
   23
    6
    1
    0
    3
    0
    0
    0
   18
   17
   15
    3
    0
    0
    0
    0
    0
    0
    0
    1
    1
    0
    0
    0
    0
   14
    3
    0
    4
   42
    5
    0
   25
  394
   19
    0
   98
    0
   67
   11
    9
    4
   27
   69
  342
    0
    0
    0
    0
    0
    0
    0
    0
    0
    7
    0
    0
    0
    0
    5
   78
    0
    0
    0
    0
    0
    0
    0
    0
    0
   90
   18
   33
    0
    0
    0
    0
    0
    9
  176
    5
    0
    0
    0
  120
   28
    0
   22
   21
   62
    0
    0
    0
   15
   10
    0
    0
   37
    0
    0
    5
    0
    0
    0
    0
    0
    7
    0
    0
    0
    0
    0
    0
    7
    0
    2
    2
    0
    0
    0
    0
    0
    0
    0
   58
    0
    0
    0
    0
    0
   15
    0
    0
    0
    7
    3
    0
    0
   25
   19
    6
    0
    0
    0
    0
    0
    0
    0
    0
    0
   20
    0
    0
    0
    1
   39
    0
    0
    0
    0
   15
    0
   18
    0
    0
    0
    0
    0
    0
    0
    0
   13
   40
    1
   15
   32
    4
   28
    5
    0
   41
    0
   12
    1
    0
    0
   20
    0
    0
    0
    0
    5
    1
    0
    0
    0
    0
    0
    3
    0
    1
    0
    1
   18
    3
   26
    5
    4
    0
    0
    0
    0
    0
    0
    0
    0
   27
    7
   86
    2
   77
   71
    9
   28
    1
   88
    2
    0
    3
    0
    0
    0
    0
    0
   18
   68
    5
    0
    2
   48
    0
    0
    8
    2
   12
    0
   16
    0
   15
  103
    0
    0
    0
    0
    0
    0
   25
    0
    0
    4
    0
    5
    0
    0
    1
    0
   85
    4
    0
    0
    0
    5
    0
    1
   30
    0
   13
   19
    5
    5
    6
    2
   28
   58
   19
    0
    0
    0
    0
    0
    0
    0
   19
    0
    0
    0
   19
    0
    0
    0
   21
   33
   40
   95
   66
   11
    6
    0
    0
    0
   30
   47
   40
    0
  251
   65
    0
   34
   18
    1
    2
    0
   50
   31
   15
    0
    0
    0
    0
    0
    0
    0
    0
    0
    0
    0
    0
   65
    1
    0
    0
    0
    0
    0
   21
    0
    1
    0
   25
    0
    0
    0
    0
   68
    0
    0
    0
    0
   29
   27
   32
   11
   77
    0
    0
    0
    0
    0
    0
    0
    0
    0
    0
    0
    0
    0
    0
    0
    0
    0
    0
    0
    0
    0
    0
  429
    0
    0
  182
   77
   62
   46
    5
   24
    0
    0
    0
    0
    5
    0
   10
   14
    0
    2
    0
   20
    0
    0
    0
    0
    0
    0
    0
    0
    0
   13
   45
  411
  103
    2
    0
    0
  165
   16
    5
    5
   34
    0
    0
    0
    0
    0
    0
  248
   24
    0
    0
  122
    0
   34
    0
    0
    0
   53
    0
    0
    0
    0
    0
    0
    0
    0
    0
    0
    0
    0
   20
   14
    0
    0
   71
    0
   45
   48
    0
   15
   35
    0
    0
    0
    0
    0
    0
    6
  236
    5
   17
   22
   23
   18
    4
    3
    2
    0
    0
   23
    0
    0
   21
    0
    0
    0
    0
    0
    0
    0
    0
   20
   55
    0
    0
    0
    0
    0
    0
    0
    0
    0
   48
   18
    8
   16
    0
   10
    0
    8
    0
    0
    0
   26
    0
    0
    0
    0
    0
    0
   29
   22
   14
   65
   62
   10
   51
    6
    0
    0
    0
   11
    0
    0
   13
    0
   10
    0
    0
   14
   43
    1
   34
    0
   33
    0
   28
    7
   15
    0
   60
   32
   15
    3
   13
    2
    5
    1
    6
    1
    1
    3
    0
   16
    0
    0
   37
    0
    0
    2
   77
   41
   13
    0
    0
    0
    0
    0
    5
   85
   21
    2
    0
    0
    0
    0
    0
    0
    0
    0
    0
    0
    0
    0
    0
    0
   47
   14
    0
    2
    0
   41
   84
    5
    0
    0
    0
    5
    0
    0
    1
    0
  114
    0
   19
    3
   16
    5
   89
    0
    0
    0
    0
    0
    0
    0
    7
    8
    0
    0
    0
    0
    0
    0
    0
    0
    0
   65
    8
    6
   15
   58
   10
    4
   15
    6
    4
    0
   15
    0
    0
    0
    4
    1
   23
   55
    0
    0
    0
    0
    0
    0
    0
    2
    0
    2
   30
   11
    0
    0
    0
   51
   20
    0
   25
   11
    6
    1
    1
    0
    0
    0
    0
    0
    0
    1
   15
   26
    6
    0
    0
    0
    0
    0
   14
    1
    0
    2
    3
   51
    0
    0
    0
    0
    0
    0
    0
    0
    0
    0
    0
    2
    0
    0
    0
    1
    0
    9
    0
    0
    0
    0
    0
   52
    8
    0
    0
    0
    0
    0
   14
  315
    6
    2
    0
    0
  151
   50
    1
    0
   42
    0
    0
   59
  111
    0
    0
   17
    6
    0
    0
  174
   97
   50
    7
   20
    0
   21
    6
    1
   11
    0
    0
    2
   41
    0
    2
    9
   42
   22
    0
    0
    0
    0
    0
    0
  324
    0
    0
    0
    0
   48
    7
   18
    0
   12
   74
   73
    0
   55
    8
    0
    4
   18
   14
    6
   93
    0
   44
   79
    0
    8
  123
    0
    0
   10
    0
   64
    0
    0
    0
   25
  162
    0
   18
    0
    0
    0
    0
    0
    0
    0
    0
    0
   42
    0
    0
    0
    0
    0
    4
    0
   96
   43
    9
   50
   32
   43
   65
    0
    0
   14
    0
    1
  123
   66
  104
    0
    3
   16
    6
    0
    0
    0
    0
    0
    0
    1
    1
    0
    0
    0
    0
    0
    0
   20
    0
    0
    0
    1
    0
    1
   17
   29
    1
    2
    1
    7
   18
    0
    0
    0
    0
    1
    0
   25
  100
   76
    0
    0
    0
    0
    0
    0
    0
    1
    1
    1
    1
    3
   94
   30
   19
    0
    6
    7
    0
    3
  163
  143
    7
    3
    0
   26
   11
    0
   31
    0
    0
    0
    0
    0
   41
    0
    0
    0
    5
    0
   10
    0
    0
    4
   28
    1
   66
    0
   22
   48
   37
    0
    4
   19
    1
   33
  123
  151
   11
    9
    0
   52
   32
    0
    0
   14
    5
   36
    0
   14
   39
    0
    4
    0
    8
    0
    0
    5
   14
    6
   18
    9
    0
    6
    1
    0
    0
    5
    0
    0
   32
    0
   24
   34
   60
    6
   13
    2
    0
    0
    2
    1
    0
    0
    2
    9
   47
    0
   41
    8
   13
    1
    0
    0
    0
    0
    0
    0
    1
   11
   38
   49
   15
    0
    0
    2
   49
   10
    7
   38
    0
    2
    0
   27
    0
    0
    0
    0
   57
   21
   86
  217
   44
   15
   32
   47
   27
    0
   45
   12
   51
   43
    3
    1
    0
   13
    0
    0
   16
    0
    2
   27
    0
    0
    0
    0
    0
   25
  121
  558
   70
    0
    0
   23
   28
    0
    0
    0
    0
    0
    0
    0
    0
   10
    0
    0
    0
   13
    4
    0
    0
   18
   42
    0
    0
    0
    0
    0
    0
    0
    0
    2
    0
    0
    0
   15
  239
   13
    1
    7
   58
  116
  137
  188
    9
   15
    0
    0
    0
    0
   43
    0
    3
  128
    0
    0
   12
    0
    7
    0
    0
    0
    0
    0
  107
    2
    0
    0
    1
    0
    0
    0
    0
    0
    1
    0
    0
   36
    0
    0
    0
    0
  146
   25
  178
  196
    0
    0
    0
    0
    0
    0
   15
    0
    0
    5
   32
   13
    0
    0
    0
    0
    0
   24
    0
    0
    0
    0
    0
    0
   23
    0
    0
    0
    0
    0
   11
   25
    0
   70
   63
  212
    1
    0
    0
    0
   56
   35
   18
    0
    0
   44
  101
  126
   87
    0
   27
   18
    0
    0
   22
    0
   18
    0
    0
   69
   11
   14
  142
    0
   65
    2
   14
    2
   59
   32
    1
    0
    0
   40
    1
    0
    0
    0
    0
    0
    0
    0
    0
    0
    0
   50
    0
  100
    0
   22
    0
    0
    0
   20
    0
    0
    0
    0
    0
    2
    0
    0
    0
    0
    0
    0
   15
    5
    0
    6
    0
    2
    1
   10
    9
   42
    0
    0
    0
    0
    0
    8
   17
    3
    1
    0
    1
    0
    3
   22
   26
    6
   63
    1
   49
    0
    0
    0
    0
    0
   35
   61
    0
    2
    0
    2
    0
    0
    4
   23
    1
    0
    0
   47
    3
   46
    5
   42
  134
    5
    0
   13
    0
    0
    0
    0
    2
    0
    0
    0
    0
    5
   11
    6
   21
   12
    5
    7
   16
    5
    0
    0
    0
   15
    7
   32
    3
   20
   55
    0
    0
    0
    0
    0
   47
   26
    9
   10
   23
    1
    6
   28
   25
   20
    0
   24
   38
    0
   30
   25
    0
   34
    0
    0
    0
  155
    0
    9
    5
    0
   19
    0
   24
    6
    9
   15
    5
    1
   17
    0
    0
   21
   45
    1
    7
    0
   18
    0
    2
    0
    0
    0
    1
    0
    0
    0
    0
    0
    1
    0
   13
    1
   28
   12
   11
    7
    5
    0
    0
    0
   20
    6
   74
   53
   25
    0
   43
   42
    0
    0
    0
    3
    2
   25
    1
   12
   59
   38
   37
    0
    0
   29
   61
  111
   40
  119
    1
    0
    0
    0
    0
    0
   53
    2
    0
    0
    1
    0
    0
    0
    0
    0
    0
    0
   31
   49
    1
    0
   73
  264
    1
    0
   10
   11
  103
    0
    0
    0
    0
    0
    0
    0
    0
   18
    0
   12
   85
   74
  343
   86
    0
    7
  223
   46
   15
    2
   13
   57
   28
    5
   22
   34
   75
    3
   17
    0
    0
    0
   15
   44
   23
   40
    0
    0
    0
    0
    0
    0
    0
  124
    7
    2
    0
    0
    0
    0
    0
    0
    0
    0
    3
  118
   12
   33
   42
    8
    0
    0
    0
  158
    0
    0
    0
    0
   26
  445
    0
    0
    0
    0
    0
    0
    0
    0
    0
    1
    0
    0
    0
    0
    0
  139
  120
    0
    2
    0
    0
   16
  476
    0
    0
    0
   32
   18
   11
   75
  131
   60
    9
  419
  279
    0
    0
    1
    0
   47
   23
   11
    0
    0
    1
   16
   20
    0
    0
    0
    0
    0
  153
  201
    2
    0
    0
    0
    0
   86
  103
   13
   12
  104
    7
    0
    1
    0
    1
    0
    0
    0
    0
    0
    1
    0
    0
    0
    0
    0
    0
    7
    0
   11
    0
    0
    0
    0
    4
    0
   39
   50
   16
    0
    0
   67
   83
   97
   21
    0
   40
   36
    1
    3
    0
    0
    0
    0
    3
   29
   49
   52
    0
   27
    0
    0
    0
    1
    0
    0
    0
    0
    1
    2
    0
    0
    0
    0
   18
    2
    1
    0
    0
    0
    1
   19
    3
    0
    0
    0
    0
    0
   25
   10
  112
    0
   38
   63
   37
    0
    1
    0
    0
    0
    4
    0
    0
    0
    4
    0
    0
    0
    6
    0
    0
    0
    0
    0
    0
    0
    0
    0
    0
    2
    0
    0
    0
    0
    0
    0
    0
    2
    0
    0
    0
    0
    0
    0
   15
   11
   13
    2
    0
    0
    0
    0
    0
    0
    0
   41
   15
   41
   20
   10
   35
    0
   26
   11
    9
    0
    0
    0
    0
    0
    0
    2
   13
    2
    2
    0
    0
   35
    0
    0
    0
    4
    8
    2
    1
    0
    0
    0
    0
    1
    0
    0
    0
    0
   29
    8
    0
   45
    0
    8
   13
    7
    6
    1
    3
   62
    0
    2
    0
    0
    0
    0
    3
   72
   21
    3
    0
    0
    0
    0
    0
    0
    0
    0
    0
    8
    6
    0
    0
    0
   27
    0
    1
    0
   75
    2
    5
    0
    6
    0
   55
   47
    0
    4
   14
    4
    0
  104
    5
   28
   69
   71
    0
    0
   17
   13
    0
    6
   20
   61
    1
    0
    0
    0
    0
   53
    9
    0
    0
    0
    0
   27
    8
   41
    0
    0
    0
    0
    0
    0
    0
    1
    0
   27
    7
   45
    0
    0
    0
    0
    0
   17
  124
   34
   10
    2
    2
   18
   67
   82
  170
  281
   18
    0
  129
   97
    0
    0
    1
    0
    0
    0
    0
    0
    0
    0
   81
  124
   83
    1
    0
   82
    0
   12
    0
    0
    0
    0
    0
    0
    0
   42
    0
    0
    0
   73
   98
   20
    9
   60
    1
    0
    0
    0
    0
    0
    0
    0
   15
    8
    0
    0
   72
    0
    1
    7
    0
    0
    0
    0
   21
   56
    0
    0
   11
    1
   23
   34
  144
   15
    3
    0
    7
    0
    0
    9
   44
    0
    1
   17
   19
    0
    9
    0
   28
    0
   66
   11
    0
   20
   25
    0
    0
    0
   12
   11
    0
    0
    0
    0
    0
   57
   39
    5
    1
  158
   62
    0
    0
    0
    0
    1
   16
   21
    3
    0
   11
    0
    0
    3
    0
    0
    0
   28
    2
    1
    8
    0
    1
  101
    0
   26
    2
    1
   63
   26
    3
    0
    0
   21
    3
   22
   13
   12
    7
   20
   59
    2
   14
    0
    0
    0
    0
    0
    0
    0
    1
    0
    0
   76
    0
    8
    0
   17
   61
  170
   21
    0
    0
    0
    0
    3
    1
    0
    0
    6
    1
    2
    1
    1
    1
   27
    2
    1
    1
    0
    0
    2
    0
    0
    0
    0
    0
    0
    0
   15
   32
    5
    0
    3
   11
   13
   71
    0
    0
    8
    0
    2
    9
    0
    0
    0
    7
   48
    0
    7
    0
    0
    0
   29
   23
   38
    0
   21
    0
    0
   49
   18
    0
   22
    0
    0
    0
   52
   34
    1
    0
    0
    4
    0
    0
    0
    3
    0
    0
    0
    0
    0
    0
    0
    4
   35
  134
    9
    8
  121
    4
   33
    1
   53
    0
    0
   18
   10
    2
   33
    1
    0
    0
    0
   29
    6
   47
    5
    0
    0
    0
    0
   26
    0
   13
    2
    0
    0
    0
   41
    0
    0
    0
    0
    0
    0
   26
    0
    9
    8
   41
    3
    0
    0
   12
    0
   15
   91
    0
    0
    1
    0
    0
    2
    0
    1
    0
    0
    0
   41
    0
    3
   35
   39
   57
    0
    0
   10
   24
    1
    0
    0
    0
    0
    0
    0
    0
    0
    0
    0
    0
    0
    0
    0
    0
   15
   45
    3
    0
    0
   39
    0
   61
   98
    1
    1
   30
    5
    7
    1
    0
  125
   15
   32
    4
    3
   66
   76
    0
    0
    0
    0
    0
    0
    0
    0
    4
   16
   76
  119
  258
   34
  275
  101
    0
   27
    0
   98
    0
    0
    0
    1
   19
   35
   62
    0
    0
   55
    0
    0
    0
   43
    0
    0
    0
    0
    0
   88
   15
    0
    0
   34
   29
    0
    0
    0
    0
    0
    0
    4
    0
   94
   17
    0
    0
    0
    0
    2
    4
   20
    0
    0
    0
    1
    0
    0
   31
   19
    0
    0
    0
    0
    0
    0
    0
    0
    0
    8
    0
    0
    0
    0
    0
    6
    1
    5
   10
    0
    0
    0
    0
    6
    9
  126
   41
   49
   20
   74
    0
   55
    0
    0
    0
    0
    8
    0
    0
    7
    0
   19
   12
    0
    0
    0
    0
    0
    0
    1
    0
    0
   14
   11
    0
    0
    0
    0
    0
    2
    0
    0
  121
    0
    0
    0
    0
    0
    5
    0
    0
    0
    0
    0
    0
   11
    1
    0
   49
  220
   84
    1
    0
   73
   55
    0
    1
   30
   32
   92
   24
   77
    1
    0
    0
   14
   11
   32
   16
    0
    0
   19
   35
    2
    0
    4
    0
    0
    0
    0
    0
   21
   10
    1
    5
   22
    0
    0
    0
    0
    0
    0
    0
    6
   41
    0
    1
   62
   34
   20
   11
   16
    3
    0
    0
    0
   30
    0
    4
    0
    0
    3
    0
    0
    0
    0
    1
    0
    0
    0
    0
    0
    0
    0
    0
   26
    0
    0
    0
    0
    9
   83
    3
   51
    6
    0
    0
   29
    4
    1
   15
   29
   14
   43
    1
   52
    0
    1
    0
    1
    0
   22
    5
  106
   33
    1
    6
    3
    0
   10
    0
    0
    0
    0
    0
    0
    0
    0
    0
   35
   32
   11
    0
    1
    2
   19
   45
   40
    1
   23
    1
    0
    0
    0
    0
    0
    0
    0
    0
   68
    0
    0
    0
    9
    7
    0
    7
    1
    0
    0
   76
    0
    0
    1
    0
    0
    0
    0
    0
    0
    0
    0
    0
    0
    0
    0
    0
    0
    0
   83
    3
    0
    0
    5
   14
   12
    0
  239
    5
   47
    8
   80
    0
    0
    0
    0
  108
    0
    1
   33
   35
  381
    0
    0
    0
   61
   40
   13
    0
    0
   13
   32
   21
   34
    0
    0
    0
    1
    0
    4
    0
    0
   19
  107
   35
    4
   10
   42
   39
    2
   35
    6
  163
    1
    0
    5
    0
    1
    0
    0
   50
    0
   49
    0
    4
    0
   45
   65
   21
    2
    0
    7
   31
    0
    8
    0
    0
    0
    0
    0
    0
    0
  169
    0
    0
    0
    0
    0
    0
    0
    0
   32
   22
   28
   17
    8
  236
   12
    7
   65
    0
   35
    0
    1
   92
    0
   85
   19
    0
    0
    2
   11
    7
  102
    2
  105
  121
   85
   91
   44
    0
    0
    0
    0
    0
    0
    0
    0
    2
    0
   11
    0
  180
   33
   28
    1
    0
    0
  114
   24
    4
    4
   10
   36
    6
   18
    0
    0
   13
   14
    0
    5
    2
    0
   25
  108
    1
   14
   10
   93
    7
    9
   99
  115
   28
    5
   44
    0
    2
    0
   11
   62
   38
    1
    0
    2
   59
   19
   30
    9
    2
    5
    5
    0
    0
   15
    0
    1
    2
    9
    0
    2
    5
    3
    0
    0
    9
   17
   29
    1
    0
    0
    0
    0
   22
    1
   37
   42
    0
    0
   16
    0
    2
    0
    2
    0
    0
    0
    0
    0
    6
    0
    0
    0
    0
    0
    7
    0
    0
    0
    5
   13
    0
    0
   28
    0
    5
    0
    0
    0
    0
    0
    0
    0
    8
    6
    0
    0
   22
    2
   28
    8
    4
    2
   34
   13
    2
   45
   33
    4
   14
   40
    5
    1
    0
    0
    0
   20
    0
    1
   72
    0
   10
   57
    1
   58
    9
    8
    8
   41
    4
    0
    0
   13
   40
    0
    0
   29
   10
    0
    2
   10
   41
    0
    0
    0
    0
    0
    1
    0
    0
   11
   13
    1
   14
    3
    2
    0
    0
   58
    3
    0
    0
    0
    0
    0
    0
  157
    3
   52
   10
    7
    0
    0
   22
    0
   21
    3
   11
   44
    9
    0
    5
    0
   14
    1
    6
    7
    0
    0
   21
    1
    0
    0
    0
    0
    0
    0
    0
    0
    3
   22
    0
   24
   29
   29
    0
   22
    0
    0
    0
    0
    0
   71
   72
    5
    0
    0
    0
    0
    0
   71
    0
  166
    0
    0
   60
   31
    0
    7
    4
    0
   47
    0
   60
   22
    0
    0
    0
    0
    0
   82
  164
   22
   57
   44
    1
    0
    0
    0
    0
    0
   11
    0
  116
    2
    0
    0
   98
  182
  280
   79
  104
    1
    0
    0
   25
  106
   46
    0
    0
    0
    0
    0
    1
    0
   16
   10
    0
    0
    0
    0
    0
    0
    0
    0
    0
    0
    0
    0
   18
    0
    0
    0
    0
    2
    8
    0
    0
   55
    2
   32
    0
  107
    0
   10
    0
    0
    0
    0
    0
   28
    0
   17
    0
    0
   46
    0
    0
    0
    0
    0
   30
    0
    0
    0
    0
    0
    0
    0
    0
    0
    0
    0
    0
    0
   79
    0
   26
    0
    0
    2
   25
    0
    0
   19
    9
    0
    0
   17
    0
    0
   16
    0
   17
   24
    7
   18
    0
    0
   13
    0
    0
    0
    0
    0
    0
    0
    0
    8
    3
    9
    0
    0
    1
    0
    3
    7
    1
  135
    0
    0
    0
    3
   19
  106
  248
  131
    3
    0
    3
   24
    0
    0
    0
   17
   40
   15
   12
    1
    0
    0
    4
    0
    0
    0
    0
    0
    7
   26
    8
    8
    1
    7
   26
    0
    0
    0
   15
    0
   20
   10
    1
    3
    4
    0
    8
    0
    0
    0
    4
    1
    2
  123
   32
    1
   10
    1
    0
   25
    0
    0
   14
    0
    0
    0
    5
    3
    0
    0
    0
    0
    0
    2
    7
   56
   52
    1
   29
   31
   23
    0
    2
    0
    0
    0
    1
  109
   14
   56
    1
    2
    0
   10
    0
    0
    3
   27
    0
   38
    0
    3
   31
   10
   45
   21
    3
    8
   20
   15
    2
   22
    4
  106
   91
    0
    0
   29
    0
   52
   12
   33
    7
    2
    0
    8
   50
  113
   40
   33
   19
   16
   89
   30
  111
   65
    0
    0
    0
    0
    0
    0
   33
    0
    1
   37
   12
   57
   66
   11
    8
    0
    0
   21
    0
    0
    7
    0
    0
    0
    0
   17
    0
    6
    0
    0
    0
   25
    1
    0
    0
    0
    0
   29
    0
    0
    0
    0
    0
  177
   49
    0
    0
    0
    0
    0
    0
   64
    5
    0
    0
    0
    0
    0
    0
    0
   79
    3
   12
   73
   17
  159
    0
    0
    9
    0
    0
    0
   66
   54
    0
    0
    0
  115
    0
    0
    0
   25
    0
    0
  142
  336
    0
    0
    0
   17
    0
    0
    0
    0
    0
    0
    0
    0
   39
    1
    1
    0
    0
    0
    0
   16
   32
    9
   20
   28
    4
  136
   11
   10
    5
    0
    1
    6
   42
   16
    0
    4
    0
    1
    0
    0
   16
    0
    2
    7
    3
   22
    0
   12
   39
    0
    0
  130
    0
    0
    0
    0
    5
    0
    0
   31
    0
    0
    0
    0
   12
    0
   92
    0
   51
  200
   73
    0
    0
    0
    0
    0
   84
    5
    0
    4
    0
  150
   20
   62
    0
    6
   23
   36
    0
    0
    0
    0
    0
   40
    0
    7
   17
    6
    0
    0
    0
   55
    0
    0
    0
    1
    0
    3
    0
    0
    0
   83
    0
    0
    0
   27
   44
  119
    0
   10
    1
    6
    3
    0
    0
    0
    0
    1
    0
    0
    0
    0
    0
    0
    0
    1
    2
   28
   15
    0
    0
    1
    1
    0
   24
    0
    0
    0
    0
    0
    0
    0
    0
    0
   10
   68
    0
    1
   37
    0
   16
    1
    2
    0
    0
    0
    2
    3
    0
   68
    0
    0
    0
    2
    0
    0
    0
    0
    5
    7
    0
   10
    2
    0
    0
   36
   17
    0
    0
    0
    0
    0
    0
    0
    0
   86
   27
   21
    0
    0
    0
   10
    2
   11
    0
    0
    1
   38
    8
    0
    0
    0
   14
    0
    0
    0
    0
    0
    0
    0
    0
    0
    1
    7
   10
    6
   13
   22
    0
    9
    0
    0
    2
    3
   18
   22
   65
   44
    3
    0
    0
    0
    2
    0
    0
   10
    0
    0
    0
    0
   16
    0
    0
    0
    1
  102
   11
    1
    0
   45
    0
    0
    0
    1
   28
   48
    5
    0
    0
   49
    0
   38
    1
   79
    4
    0
    7
    3
  124
   42
    7
    0
   56
   20
   88
   76
  101
   11
    0
    1
   37
    9
    0
    0
    0
    1
   35
    1
    9
    4
   33
    0
   17
    0
    2
    3
    4
   47
   28
    4
    7
    5
   14
   13
    0
    0
    0
   33
   14
    3
   29
    0
    0
    0
    0
   16
   27
  141
  125
    2
    0
    0
    0
    0
    0
    0
    4
    0
   27
  146
    7
    0
    0
    0
    0
    0
    0
    0
    0
   20
   89
    0
    1
   99
    2
   16
  125
    7
    0
    0
   32
   30
   17
   71
    6
    0
    0
    1
    0
   81
   23
  261
    0
    0
   31
   48
    0
    0
    0
    0
    6
   12
    0
   50
    0
    0
    0
    0
    0
    0
  379
   49
   30
    3
    0
    0
    4
   38
  294
   74
    0
    0
    0
   12
    0
    0
    0
    0
    0
    0
    0
    1
    0
    0
    0
    0
    0
    0
   27
   16
    9
    6
    0
    0
    3
    0
    0
    3
    0
    0
    5
    0
    0
    0
   84
    1
    0
    0
    0
   43
    0
   38
    0
    0
    2
    2
   12
   30
    7
    9
   41
    2
   89
   66
   62
   51
   20
   14
   68
    0
    0
   17
    0
    1
   18
   28
    0
    0
    0
  108
    3
    0
   13
    4
    1
   48
   69
    0
   58
    7
    0
    0
   36
   12
    0
    0
    0
    0
    0
    0
    0
    0
    0
    0
    0
    0
   36
    5
    0
   33
   16
    0
    3
   20
   13
    0
   29
   33
    2
    0
    9
   12
    3
  121
   97
    9
    0
    0
   37
    0
    0
    0
    0
    0
    3
   14
    0
    0
   77
    0
    5
   32
   24
   21
   17
   29
    0
   29
    3
    0
   29
   31
   47
   14
    0
    0
    8
   31
   35
    2
    2
    4
   19
   26
    2
   60
    0
   30
   54
    0
    1
    1
    5
    7
   15
  119
    9
    6
    0
   17
    0
    0
    0
   40
    5
    0
    0
    0
    0
    0
    0
    0
    0
    2
    0
    0
    0
   11
    1
    0
    0
    2
    4
    0
   84
   36
    0
    0
    0
    0
    0
    0
    0
    0
    0
    0
    8
   43
    1
    2
    7
   18
    0
    0
    0
    0
    0
   83
   13
    1
   29
   53
   20
   29
   90
   22
    0
    4
    0
    0
    0
    0
    3
   41
    0
    0
    0
    0
    0
   67
   89
    1
    0
    0
   27
   26
   63
   21
   22
   19
    8
    1
    0
    0
    0
    0
    0
    0
    0
    0
    0
    0
    0
    0
    0
    0
    0
    0
    0
    0
   47
  186
   60
    0
    4
    0
    2
    0
    0
    0
    0
   42
    0
   60
    7
    0
   43
    0
   35
    0
   31
   95
   41
   37
    0
    0
    0
    0
    5
    0
    0
    0
    0
    0
    0
    3
   61
    0
    0
    0
   33
    0
   32
    0
   24
   14
    0
    0
    0
    0
    0
    0
    0
   12
   47
   51
   25
    0
    0
    2
    0
   19
    9
   31
    3
    0
    0
    0
  117
    9
    0
    0
    0
    0
    0
    0
    2
    0
    0
    8
    0
    0
    0
    1
    0
    0
    0
    0
  160
    6
    0
   33
  378
    4
  207
  451
   22
    0
    0
    0
    0
   13
   44
    0
    6
    0
    0
    0
    0
   29
   15
    0
    0
   63
    5
    0
  180
   57
    0
   29
  654
  369
    3
    0
    0
    0
    8
    0
    0
    0
   15
    0
    0
    5
    0
    0
    0
    0
    0
    0
   15
    0
    0
    0
    0
    0
    0
    0
    0
    0
  302
    1
    0
    0
   29
    0
    7
    0
    0
    0
    0
    2
   22
   63
    0
   39
   75
    0
    4
    0
    0
    0
    0
   37
   25
   60
   39
   21
    0
    0
    0
    0
    0
    1
    0
   21
   34
    5
   96
   15
    0
   59
   61
   23
    0
   43
   20
  104
    9
   11
    0
    0
   53
   48
  110
    3
    0
    0
   22
   82
   18
   59
   46
    0
    0
    8
    0
   12
    0
   41
  193
    0
    0
   95
    0
    0
   11
    3
    0
    1
  197
  190
    1
    1
    5
   18
    7
    0
    0
    0
    0
    0
    0
    0
    8
    0
    3
   19
   11
    4
    0
    0
    0
  167
    0
   37
    0
   17
    1
    1
  169
  402
    0
   35
   88
   51
    4
    3
   28
    2
    0
    0
    1
    1
   33
   75
    0
    0
    0
    0
    0
    0
    0
    0
    0
   49
    9
   31
   10
   57
    8
   21
   31
   44
    0
    0
   30
    0
    5
   14
   24
   19
    0
    0
    0
    0
    0
    0
    2
    1
    1
    0
    0
    0
    0
    0
    0
    0
    0
    0
    0
    0
    0
    4
    3
    0
    0
   43
    0
    0
    6
    0
   76
   32
    0
    0
    0
    0
    0
    0
    0
    0
    0
    0
    0
    0
    0
    0
  103
    0
    6
    0
    0
   25
    0
   40
    0
    2
    4
    3
    0
    0
    0
    0
    0
    0
    0
    0
    0
    0
   32
  151
    0
    0
    0
    0
    0
    0
   10
    0
    0
    0
   21
    0
    0
    0
    0
    0
    0
    0
   40
  209
    4
    0
   62
    8
    6
    0
    0
    0
   62
    9
   13
    0
    0
    0
    0
   11
    0
    0
    0
    0
    0
   19
    0
    0
    0
    0
   57
    3
    0
   29
    0
   10
    0
   26
    0
    0
    0
    0
   11
  131
   27
    0
    0
    0
    1
    0
    0
    0
    0
    0
    0
   39
   43
   61
   21
    0
    8
    0
    0
    0
   17
    0
    0
    0
    0
    0
    0
    0
   39
    0
    0
    0
   41
   35
    0
   17
    0
    5
  155
    0
    0
    0
    0
    0
    0
    0
    0
    0
    0
    0
    0
    0
    0
    0
    0
    0
    0
    0
    0
    6
   22
    0
    0
    0
    0
    5
    0
    0
    0
    0
   41
   12
    6
    7
   62
    8
    0
    0
    0
    0
    0
   10
   45
   82
  372
   41
    0
    4
    0
    0
    0
    0
    0
    0
    0
   10
   26
    0
    0
    0
    0
   95
    4
    0
    0
    3
    2
   43
   22
    3
   33
   96
   42
    1
    0
    0
    0
    0
    0
    0
    0
    0
    0
    0
   25
    1
    0
    0
    0
   10
    0
    0
   69
    2
    1
    0
    0
   28
    0
    0
    0
    0
    0
    0
    0
    0
    0
    1
    0
    0
  113
    7
    3
    0
    0
    0
    0
    0
    0
   20
    2
    8
   94
    7
    0
    0
    0
    3
    2
   17
    2
    0
    0
    0
    0
   10
   17
   79
   43
    3
   17
    0
    0
    0
    7
    7
   31
    0
    0
    0
    0
    0
    0
    0
    0
    0
    0
    3
    0
   58
    0
  125
    0
    4
   13
   14
   38
   55
   32
   39
   28
    2
    3
    1
  139
    8
    1
    0
    0
    6
    0
    0
    0
    3
    2
    0
    0
   16
  144
   11
    0
    1
    8
    6
   88
   10
   85
   26
    8
    4
   10
    0
    0
    6
    0
    1
    0
    0
    0
    0
    4
    0
    0
    0
    0
    0
   60
    9
    3
    0
    0
   30
    0
    8
   63
   10
    0
    0
   12
    0
    0
    0
    0
    0
   48
   78
    7
    1
    0
    0
    0
    0
    0
    0
    0
    0
    0
    0
    0
    0
    7
   22
   19
   35
   16
    7
   25
    0
    0
    0
    0
    0
    0
    0
    0
   27
    0
    0
    0
   61
   10
    0
   11
    0
    0
    0
    0
   21
    1
  200
   23
  108
  216
   81
    0
    1
    9
    5
    6
    6
    0
   40
    0
    0
    0
    0
    0
   73
   11
    7
    0
    1
    0
    0
    0
    0
    0
  131
   18
   25
    0
  179
   26
    0
    0
    0
    0
   21
   32
   13
    4
    0
   23
    0
  111
    2
   10
    0
   64
    0
   83
    0
    0
    0
   15
    0
    1
    0
    7
   49
   24
    2
   47
    0
    1
   19
    0
   12
    0
   51
    1
    9
    0
    0
   53
  103
   93
   89
   53
  307
   67
    1
   18
   58
    1
    0
    0
    0
    0
    0
    0
    0
    0
    0
    0
    0
    0
    0
    0
    0
  113
   43
   46
    0
    0
    7
    1
   17
    0
    0
    0
    0
    0
    0
    5
   18
   21
    5
   28
    0
    0
    0
    0
    0
    0
    0
    0
    0
    0
    0
   53
   12
    0
    0
    0
    0
    0
    0
    0
    1
   75
   21
   62
    2
   62
   15
    0
   22
   14
    0
    0
   10
    0
    0
    0
   30
    0
    2
    0
    0
    0
    0
    0
    0
    4
    0
   32
    1
    0
   49
    0
    0
    0
    0
    1
   27
    2
    0
   44
    3
    0
    1
    0
    0
    2
    3
   73
   18
   30
  162
    0
    0
   21
    3
    0
    2
   24
   21
  301
   83
    3
   28
   77
   14
    0
    0
   11
   12
   11
    1
    0
    0
    1
    0
    0
    0
    0
    0
    0
    0
    0
    0
    1
    0
    0
    0
    4
   72
   20
    0
    0
    0
    0
   11
    4
   13
  199
   32
    0
    0
    1
   14
   10
    0
    5
    1
    2
    0
    0
    0
    0
    0
    0
    4
    0
    2
    0
    0
    0
    6
    9
  162
    5
   12
   22
   37
   30
    0
   50
    4
    2
   13
   73
    0
   25
   35
    0
    0
    0
    0
   10
    0
   64
  124
   23
   40
   29
   46
   38
    4
    5
    2
    0
    0
   67
    0
    0
   17
   48
    4
    0
    0
    0
    2
    4
   11
    2
    0
    9
   19
    0
   22
    0
    0
    0
    0
    0
    0
   35
    1
    0
    0
    2
    1
    0
   66
    0
    0
    0
    0
    0
    0
    0
    0
    0
    0
   13
    0
    5
    9
    0
    0
    0
    0
    0
    0
    0
    0
    0
    0
    0
    0
    0
    0
    0
    0
   32
   15
   27
    0
    0
    0
    0
    0
    4
   38
   13
   34
  160
    8
    1
    0
   38
    0
    0
   75
    5
    4
   13
    0
    0
    0
   99
    0
   26
    0
    0
    0
    0
    0
    0
   14
    0
    0
    0
    0
    0
   11
   94
   13
    5
    0
   26
    0
    0
    0
   34
    0
    0
   18
    0
    0
    0
   93
    0
    0
    3
  252
    0
    0
    0
    0
    7
   29
    0
    0
    3
   72
    4
    9
    9
    0
    0
    0
    0
    0
    0
   30
    0
    0
    8
    3
   51
   50
   22
    0
   16
   27
    0
   38
    1
  335
    7
    0
    0
   60
   36
    0
   18
   97
   13
    0
    0
    0
    0
   30
    0
   51
   20
    0
    0
    0
    0
    0
    0
   58
   93
    0
   37
    0
    0
    0
    0
    0
    0
    0
    0
    0
    0
    0
    0
    0
    0
    0
  271
    8
   19
    0
    0
   69
   48
    1
    0
    0
    0
    0
    0
    0
    0
    0
   77
    0
   19
   28
    0
  144
    0
    0
    0
    0
    0
    0
    0
    0
    0
    0
    0
    0
    0
    0
    0
    0
    0
    0
    0
    2
    1
   61
   14
    7
    0
    0
    0
    0
    0
    0
    3
    5
    1
   72
   27
    0
    1
    0
    0
    2
    0
    0
    0
    0
   76
   39
   21
    0
   24
   95
   19
    7
    9
    3
    0
    0
    0
    1
    0
    0
    0
    0
    9
    8
    0
    0
    0
    5
    0
    0
    3
   11
    2
   12
   53
   27
   16
    9
   31
   53
   16
    9
   27
    9
    6
    3
   21
   26
   10
   13
    0
    0
    7
    0
    5
    0
    0
    0
    0
    0
    0
   15
    0
    0
    0
    0
    0
   20
   31
    0
   17
   60
    2
    0
    0
    0
    0
    0
    0
    0
    0
    0
    0
    0
    0
   14
    0
   44
   69
    3
   25
   49
    6
    0
    0
    0
   32
   22
   13
    3
    0
   44
    3
    4
    0
    0
    0
    8
    0
    2
    7
    0
   34
    0
    0
   31
    7
   24
  179
    0
   65
   28
    0
    1
    3
   15
   16
    0
    0
    0
    0
    0
    0
    3
   47
   57
    2
    0
    0
   66
    0
    6
    6
    9
    1
    0
    0
    0
    0
    0
    0
    0
    4
   10
   14
   10
   43
   19
    0
    0
    0
    0
   45
    1
    0
    1
   19
  326
    9
   26
    0
    2
    0
    0
    0
    0
    0
    0
    0
    9
    0
    0
    0
   15
    0
    0
    0
   32
   47
    7
   43
    0
   22
    0
    0
   14
  115
  197
    0
    0
   50
   51
   28
    0
    7
    0
    0
  114
    0
    0
    0
    0
    0
    0
    0
    0
   19
    6
    0
    1
  177
    2
    0
    0
    0
    0
    4
    0
   47
    0
    0
    0
    0
    0
    0
    0
    0
    6
  140
   12
    0
    0
    0
    0
    0
    0
    0
    0
    0
    0
    0
    0
    0
    0
    4
    0
    0
    0
  105
    1
   53
    6
    0
    3
   19
    0
    0
  110
   68
    1
   17
    2
   97
    1
    3
    2
   41
   18
   17
    0
   10
   29
  101
   81
   34
    0
   30
    1
   22
   31
   42
   29
    3
    0
    0
    0
    4
    0
    0
    0
    3
    0
    0
    0
    0
    0
    0
    0
    0
    0
    0
  133
    2
    0
    0
    0
    0
    0
    5
   18
   53
    0
    0
   25
   93
   11
  166
    2
    0
    0
    7
    0
    0
    0
    0
    0
    0
    0
    0
    0
    0
    0
    7
   11
    0
    2
   30
    2
    0
    0
    0
   95
   13
    0
    5
    0
   24
    0
    9
   20
    0
    0
   29
   10
    0
   11
    2
   30
    0
    0
    0
    0
    3
   16
    4
   28
    0
   33
    0
    0
    0
    0
    0
    0
    0
    0
    0
   15
    1
    0
    0
    0
    0
    0
    0
   60
    9
    0
    0
    0
   22
    1
    0
    1
   24
    3
    0
    0
    7
    0
    0
    0
   43
    0
    3
   20
