Station: Dobra , scaling_factor: 10.0, latitude:  51.5179, longitude:  13.4436, altitude:  94, nodata_value: -9
start: ..1977-01-01  end: ..2005-12-31
   34
   10
    0
    0
    0
    1
    9
   20
    5
    0
   10
    3
    0
    0
    0
    0
    2
    0
   10
    0
    0
    0
   10
    0
   39
    0
    0
    0
   25
    0
    0
    0
    0
    1
    0
   16
   12
   31
   42
    0
   45
    1
    0
    8
    0
    0
    0
    0
   15
   17
   87
    5
    0
    0
    0
    9
   40
   11
    2
   10
   80
    4
   46
    0
    0
    0
   23
    0
    0
    0
    0
    0
    5
   20
    0
    0
   30
   89
   11
    0
    0
    0
    0
    0
   22
   28
   20
    1
    0
    0
    3
    0
   25
    0
   20
   12
   20
    0
    0
   19
    1
   10
   32
   39
   26
    0
    0
    0
    0
    0
   20
    1
   72
   24
    2
    3
   12
    1
   38
   15
   55
    0
    0
    0
  245
    0
    0
    0
    0
    0
    0
  113
    0
    0
   40
    0
    0
    0
   38
   31
    1
    0
    0
    0
    0
    0
    0
    0
    0
    0
    1
    0
    3
   19
    1
    5
    7
    1
    0
    0
    0
   53
    0
    0
   97
   52
    0
    0
  360
  330
    0
    0
    0
    0
    0
  239
    0
    0
    0
   15
    0
    0
    1
    0
    0
    0
  133
   11
   39
   50
   12
    0
    0
    0
    5
  108
    0
    0
   20
    0
    0
    1
    0
    1
  269
  135
    5
    8
    0
    0
    0
   17
    0
    3
   13
   11
    0
    0
    0
   44
   21
  229
  198
   19
    9
   89
    7
    0
    0
   15
   60
    0
    0
    1
    0
    0
    0
    4
    1
    0
    0
    0
    0
   75
    0
  111
    0
    0
    5
    5
  135
    0
   99
    0
    0
    0
    0
   30
    0
    5
    0
    0
    0
    9
   25
    0
    0
    0
    0
    0
    6
    0
    1
   56
    3
   16
   38
   63
    0
    0
    0
    0
   51
    0
    0
    0
    0
    0
    0
    0
    0
    0
    0
    0
    0
    0
    1
   15
    0
    0
   12
    0
    0
   10
   80
  150
   48
   54
    0
    0
    0
   33
  110
   45
    0
   61
    0
   30
    0
    0
   15
   10
    0
    0
   10
    9
    0
    1
    1
   14
    1
    0
    0
    0
    0
    1
    0
    0
    0
    0
    0
    0
    0
    0
    0
   61
    8
   30
    1
    0
    0
    0
    0
    0
    0
    0
    9
   20
   10
    8
   61
    2
   51
  112
    1
   11
    8
   15
   32
   47
    1
    0
    0
    2
    2
    0
    0
    0
    0
    0
    0
    0
   11
    0
    0
    0
    0
    0
   50
    5
    2
    0
    0
   10
    0
    1
    0
   20
    1
    0
    0
    0
    0
   10
    1
    0
   33
   10
    0
    7
    7
    0
    0
    0
    0
    0
    4
   10
    1
    0
    0
    0
    0
    0
    0
    0
    0
    0
    0
    0
    0
   73
   18
   15
    0
    0
   51
    0
    4
    1
    5
   10
   65
   85
    4
   12
   24
    0
    7
    0
   14
    0
    0
    0
    0
    0
    0
    5
    0
    0
    0
    0
    0
    0
   12
   33
    0
    0
    0
    1
    0
    0
    0
    0
   13
    5
   11
    0
    0
    0
    0
   10
    0
    2
    0
  114
  308
    0
    0
    0
  381
  162
  110
    0
    0
    3
   54
    3
    8
   61
    5
    1
    0
   28
    5
    0
   64
   75
    0
    0
    0
    0
    0
    0
    0
    0
    0
    0
    0
    0
   37
    0
    0
   14
    1
    0
    0
    1
   21
    1
    0
    0
    0
    0
    0
    0
   50
    5
   17
    0
    3
   15
   15
    0
    0
    0
    0
   39
   20
    3
    0
    0
   20
   65
   58
    2
    0
    0
    0
    0
    0
    0
    0
    0
   62
   32
    8
    0
    0
    0
    0
    0
    0
    0
   31
    0
    0
    0
    0
    0
    0
    0
    1
  175
 1162
   30
   30
    3
    0
   18
    0
    5
    0
   16
    0
    0
    0
    0
    0
   14
    0
    0
    0
   11
    1
   43
   71
   64
   16
   58
    3
    0
    0
   45
   31
    0
   32
   28
   91
   25
    0
    0
    0
    0
    0
    0
   51
   34
   19
  179
   53
    4
    1
   19
   18
   29
   62
   12
    0
   15
   94
  138
   50
   28
    0
    0
    0
    0
    0
    0
    0
    0
    0
   20
   11
    0
    0
   10
    9
   81
    0
    0
   85
    0
   18
   18
    2
    0
    0
    0
    0
    0
    0
    0
    0
    0
    0
    0
    0
    0
    0
    0
    0
    0
    3
    2
    0
    0
    0
    2
    0
    0
    0
    5
    0
    0
    5
   20
  127
   74
    5
    0
    0
    0
    0
    0
   50
   31
    0
    0
   11
   30
   21
   19
   10
    5
    0
    0
    9
    0
    0
    0
   16
   21
   26
   14
  128
   82
  155
   62
    8
    2
    5
    2
    2
    0
    1
   35
    8
    0
    7
   49
    4
    6
   11
   47
    0
    0
    0
    0
    0
    0
   39
    8
    0
    0
   23
    1
    1
    2
   15
   12
   45
    1
    2
    0
    0
   14
   11
    0
    0
    0
   28
   66
   39
    4
    1
   60
    0
    0
    0
    0
    0
    7
    3
    0
    0
    0
    0
    3
    0
    0
   52
    0
    0
   26
    1
   38
   26
   55
   16
   22
   44
   10
   69
    2
    1
   25
    1
    0
    0
    5
    0
   17
   11
    0
    0
   45
  110
    2
    5
   29
    1
   62
   12
    0
  112
    0
    0
    0
    0
    0
    0
    0
    0
   26
   11
    0
    0
    0
    0
   20
   25
   16
   25
    0
    0
    0
    0
   67
    2
    0
    0
   22
    2
    0
    0
    0
    0
    0
   40
    0
    0
    0
    0
    0
   38
   60
    0
    0
   30
    0
    0
   35
    0
    0
  118
    0
    0
    0
    0
    0
    5
    0
    0
  124
  247
   18
   42
    0
    0
    0
  102
   16
   16
  201
   96
    0
    0
    0
    0
    0
    0
    0
   15
    0
    0
   46
   19
   15
   24
    2
    0
    0
    0
    0
    0
   45
    2
   31
    0
    0
    0
    0
    0
   18
   25
    0
   21
   44
    0
    0
   13
   12
   17
   50
    2
    0
    0
  135
    0
    0
   38
   16
    0
    0
    0
    0
    0
   21
  151
   12
    0
    0
    0
    0
    0
    0
    0
    0
    0
    1
   24
   12
   34
    0
    0
    1
    0
    0
    0
    0
    0
    0
    0
   46
    2
    0
    0
    0
    0
   97
    0
    0
    0
    0
    0
    1
    0
    0
    4
    0
  160
   85
  131
   74
   33
    0
    0
    1
    0
    0
    0
    0
    0
    0
    0
    1
    0
    0
    0
    0
    0
    0
    0
    0
    0
    2
    1
    2
   11
    0
    0
    0
    0
    0
    0
    0
    0
    0
    0
    0
    0
   20
   45
   16
    5
  145
   51
   25
   26
  121
    8
    0
    0
    8
   20
    3
  101
    0
    7
   69
    7
   25
    1
    0
    0
    4
    0
    3
    6
   12
    0
    3
    4
    0
    0
    0
    0
    0
   84
   18
   32
   94
  149
    1
   24
   65
   52
   13
   35
    0
    0
   36
    0
    0
    4
    0
    0
    0
    0
    3
   25
   47
    5
   31
   29
    0
   25
    8
   19
   35
    0
    0
    0
    0
    0
    0
    0
    0
    6
    0
    0
    0
    0
    1
    1
    3
    0
   47
   22
    0
    0
    0
   10
   44
   15
   17
   85
   21
  124
   28
    1
    0
    0
   16
   23
   22
    0
    0
    0
   16
    4
    1
    0
    0
    0
    0
    0
    0
    0
    0
    0
   28
    7
    0
   17
   23
    4
    0
    0
   23
   31
   41
    2
    0
    0
    0
    0
    0
    0
    0
    5
    3
    0
    0
    0
    0
    0
    0
    0
   25
   22
    0
    2
    0
   82
  201
   71
    0
    0
    0
    1
   28
   42
    9
    0
    0
    0
    0
    0
    0
    0
    4
    5
    1
    6
   15
  146
  246
    0
    0
   36
    0
    0
    0
    0
    0
    0
    0
    0
    0
    0
   12
    1
    0
    0
    0
    0
    0
    0
    0
    0
    0
    0
    0
    0
    0
    0
    3
    0
    0
    0
    7
    0
    2
    0
    0
    0
   25
    0
    0
    0
   42
   25
    0
    0
    0
    0
    0
    1
   81
    1
   19
  161
   54
    0
   21
    8
    0
    1
    1
   25
    2
    1
   59
   65
   16
   55
   69
    0
   39
    0
    9
   14
   22
    3
   20
    0
   52
   14
  133
    5
    0
    1
   48
   18
  187
    3
    0
    0
    0
    0
    0
   15
    5
   65
    4
    0
    0
    0
    5
   30
    0
    0
    0
    0
    0
    0
   70
    8
    0
    0
    0
    0
    0
   30
    6
   46
    1
    0
    3
    0
    0
    0
    0
   15
    1
   30
    5
    0
    0
    0
   99
   52
    0
    0
    2
   17
   27
   12
    8
   40
    2
    0
   48
    0
    0
    0
    0
    0
    0
   16
  136
    0
    0
    0
    0
   20
    1
    2
    0
    8
    0
    0
   62
    0
    0
    0
    0
  128
  162
   12
    0
    0
    0
   66
   22
    0
    0
    0
   41
   21
    0
    1
   37
    1
   19
    5
    0
    0
    0
    2
    2
    0
   56
   61
    0
    0
    0
    0
    0
    1
   15
   85
   33
    0
    7
    1
    5
    0
    0
    0
    2
   75
    3
    0
    4
   17
    0
    0
   21
   28
   45
   60
   14
    1
    0
    0
   12
    8
    0
    4
   20
   15
    0
    0
    9
   15
    0
    0
    9
   52
    0
    5
    6
    1
    0
    0
    0
   55
    5
   75
   91
   21
   15
    2
    2
    0
    3
   20
    0
    0
    4
   70
    2
    5
   26
   14
   91
   11
    0
    0
    0
    0
    8
    0
    0
    0
    0
    0
    0
    0
    0
    8
   18
    1
   51
   29
    0
    0
    9
   16
    0
    9
    0
    0
    0
    1
    0
    4
    5
    0
   25
   17
    1
    0
    0
    0
    0
   10
    0
   13
    9
    2
    0
   65
   17
   96
  119
  201
   84
    6
    5
    0
    0
    0
    0
    0
    0
    0
    0
  105
    0
   30
  128
    0
    0
    0
    0
    0
    0
    0
    0
    0
    0
    0
    0
    2
    0
    0
    0
    0
   18
    0
    0
    0
    3
    0
    0
    0
    0
   28
    0
    0
    0
    0
  451
    2
   37
  107
    8
    4
    0
    7
   52
    0
    0
    0
    0
    0
    0
    0
    0
   11
   25
    5
   21
    0
    0
    0
    0
  102
   35
   20
   21
   41
    1
    0
    0
    0
    0
    1
    0
    0
    0
    0
    0
    0
   38
    2
    0
    0
   53
    0
    5
   51
    1
    1
  125
    0
   61
    1
    0
    0
    0
    0
    6
    0
    0
   35
    6
    1
    0
   91
    0
    0
    0
    0
    0
    0
    0
    0
   80
    1
    0
    0
    8
    2
  145
  196
    5
   22
    7
  111
  105
   28
  305
  199
    0
    0
    0
    0
    0
    0
    0
    0
    0
    0
    0
    0
    0
   50
    9
    0
    0
    0
    0
    1
   45
    0
    0
   95
   28
   25
   17
    0
    0
   58
   28
    0
    0
    0
    0
    1
    0
    0
    0
    0
    0
    0
    0
   36
    9
    1
    0
    0
    5
    6
   38
    0
    9
   20
    1
    0
    1
  109
    0
    0
    0
    2
  344
   34
    0
    0
    0
    2
    4
    5
    4
   20
    0
   45
   25
    0
   27
   47
    4
  101
    0
   27
  165
    4
   20
   42
   82
   23
    0
    0
    0
  131
   33
   15
   50
   49
    3
    0
    0
   10
   21
   22
    2
    5
    0
    0
   72
   25
   22
   30
    1
    0
    6
   13
   21
    4
   39
   25
    0
    0
    3
   54
  111
    7
   53
   20
   52
   16
  114
   62
   23
   37
   21
  135
    5
    0
   79
    5
    0
  101
    0
    4
    0
   21
    5
    1
    0
    0
   12
    0
    0
    5
    0
    0
    1
   25
    5
   21
   38
   17
   40
   82
    2
    4
    0
    0
    0
    0
    0
    0
    0
    0
    0
    0
    0
    0
    0
    0
    2
    0
    0
    0
    2
    1
    1
   69
  167
    0
    0
    0
    0
    0
    0
    7
    0
   47
    0
    0
    0
    0
    0
    0
    0
    0
    0
    0
    0
    0
    0
    0
    0
    0
    0
    0
    0
   27
   15
    3
   65
    0
   11
    0
    0
    0
    0
    1
   50
    5
   15
    0
    0
    0
    0
   28
   56
    0
    0
    0
    0
    0
    0
    0
    0
    0
    0
    0
    0
    0
    0
    0
    0
    0
    0
   10
   93
   25
    7
   15
   17
   41
    0
    0
    0
    0
    0
    0
    0
    1
    0
    0
    0
    0
    1
    0
    0
   50
   17
   15
    0
    0
   40
  194
  164
    8
    0
    1
   98
  209
    0
    0
    0
    0
    0
    0
    0
    0
    0
    0
  152
  111
   11
    0
    0
    0
    0
    0
    0
    0
    0
    0
    0
    0
    0
    0
    0
    0
    0
    0
  150
   74
    7
    0
    0
   85
    0
   35
    0
    1
    0
    6
   11
    9
    0
    1
    2
   25
    0
    9
    0
    0
  271
    0
    0
   21
    0
    0
    0
    0
    0
    0
    0
    0
    0
    0
    0
    0
    0
    0
    0
    0
    0
    0
    0
    6
    0
    0
    0
    0
    0
    0
    0
    0
    0
    0
   64
   86
   14
    0
   15
    0
    0
    0
    0
    0
    0
    0
    0
   80
    0
    0
    0
    0
    0
    0
   12
    0
    0
    0
    0
    0
    0
   15
    0
    0
   16
    0
    1
    0
    0
    0
    0
    0
    0
    0
    0
    0
    0
    0
    0
    0
    9
    4
    0
    0
    0
    5
    0
    0
    0
    0
    0
    0
    0
    0
   35
   71
   64
    0
    0
    4
    6
   23
   60
    4
   10
    0
    4
    0
    8
    0
    0
    0
    0
   16
    0
    0
    0
    0
    0
    0
    0
    0
    0
    0
    3
    0
    0
    0
    0
    0
    0
    0
   33
    3
    0
    0
   46
   31
   16
    0
    1
    0
   45
   18
    0
    0
    0
    0
    7
    0
    0
    0
    0
    0
    0
    1
   59
   21
   12
    3
   12
   30
    0
    0
    0
   53
    1
    0
    9
    5
   27
    2
    0
    0
   14
    2
    0
    9
   39
    0
    0
   10
   22
    2
   82
   36
   11
    0
    3
    8
   12
    7
    3
    0
    6
   19
   88
   92
   38
   13
   11
   21
   10
    1
    0
    0
   35
    0
   36
   75
   24
   56
   45
   28
    7
    1
    0
   17
    1
    0
    0
    4
   70
    0
   35
    0
    0
    0
    0
    0
    0
    7
    7
    3
    0
    0
    0
    0
   15
    0
   11
    0
    0
    0
    0
    7
   12
    0
    0
    0
    0
    7
    0
    0
    0
    0
    0
    3
   91
   53
    0
   10
    4
    0
    9
    2
   23
    1
    6
    0
    2
   20
  207
   12
   12
   10
    2
   28
    2
  151
    0
   11
  137
   15
    6
   16
   65
    0
    0
    0
   50
    0
    0
    0
    0
    0
    0
    1
    0
    0
    0
    0
   21
    4
    5
   73
    3
    0
   33
   30
    0
   50
   20
    0
   15
    0
    1
    6
    0
    0
   33
    0
    0
    0
   72
   64
   15
    0
    5
    0
   21
    0
    0
    0
    8
    0
    0
   13
    0
    0
    0
    9
    0
    0
    0
   58
   61
    6
    1
    5
    0
    0
    0
    0
    0
    0
    0
    0
    0
   35
   12
    0
    0
    0
    0
    0
    0
    0
    0
    0
    0
    0
    0
    0
    0
    0
    0
    0
   45
    0
   55
   66
   34
    0
    0
    0
    0
    0
    0
    0
    0
    9
    0
    0
  142
  190
  242
  438
  260
    0
   22
    0
   30
    2
    0
   28
    0
    0
    0
    0
    0
    0
    0
    0
    0
    0
    0
    0
    0
    0
    0
    0
    0
    0
    0
    0
    0
   14
    0
    0
    0
    0
    0
   18
  158
    1
    1
    1
   13
   81
    0
    0
    0
    0
   50
    2
    0
    0
    2
    0
    0
    0
    0
    0
    0
    0
    2
   15
    0
    0
   22
    0
   55
   10
    3
    9
    0
    0
    0
    0
    0
    0
    0
    9
    0
    0
    0
    0
    0
    0
    0
    0
    0
    0
    0
   12
    0
    0
    0
    0
    0
    0
    0
    0
    0
    0
    0
    0
    0
    0
   35
    2
    0
    8
    1
    5
    0
    0
    8
    0
   77
  109
   55
   10
   15
    1
    1
    0
    0
    0
    0
   29
    4
    0
   55
    2
   38
    0
    0
    0
    0
    0
   33
    2
    5
    0
    0
   28
   11
    1
   33
   25
    4
    1
    0
    0
    0
    0
   15
    4
    1
    2
    0
   35
    8
   13
    3
    0
   21
   48
   86
   12
   53
    0
    3
    0
    0
    0
   20
    6
    0
    8
    0
    0
    0
    7
   55
    5
    0
    2
   65
    8
   20
   85
    6
   28
   10
   14
    0
    0
    1
    0
    0
    0
    0
    0
    0
    0
    0
    9
    1
   58
   64
    0
    0
    0
    0
    0
    4
    0
    0
    1
    2
    0
    9
    1
    0
    0
    0
    0
    0
    0
    0
    0
    0
    0
    0
    0
    0
    0
    0
    0
    3
   20
    1
    0
    0
    6
   55
  175
   41
   60
    0
    7
    0
    8
    6
    3
   10
   15
    0
    0
    0
   20
    0
    0
    0
    0
    0
    0
    0
    0
    0
    0
    0
   15
    0
   77
    0
    0
    1
    1
    8
   50
    7
    0
    0
    0
    1
   33
    1
    3
    0
   14
   64
    0
    4
    0
   41
    0
   57
   94
   35
    0
    0
    0
   59
    0
    0
    0
    0
    0
  107
  167
   67
   15
    6
    0
    0
    0
    0
    0
   26
    0
    0
    0
    0
    0
    0
   21
    0
   81
    0
   49
    0
    3
    7
    0
   51
    0
   30
   34
    4
    4
    0
    0
    0
    0
    0
    0
    0
    3
   21
  102
   15
   40
   55
   25
    3
    0
    0
    0
    0
    0
    0
   27
   14
    7
    0
    0
  305
    0
    0
    0
  129
    0
    0
   11
  151
  115
   62
    0
    0
    8
    0
   67
    0
    0
    0
    0
    0
    0
    0
    0
    0
    0
    0
    0
    0
    0
    0
   19
    0
    0
    3
    9
   91
    9
    0
  101
    9
   30
    0
    0
    0
   39
    0
    0
    0
    0
    0
   20
   15
   53
    1
    1
   22
  141
    0
    0
    9
    0
  101
    0
    0
    1
    0
   49
    1
   38
   10
    0
   11
    0
   20
    0
    0
    0
    2
    0
    1
    0
   37
   25
    1
    6
   19
    3
    0
    0
    0
    0
    0
    0
    0
    0
    0
    0
    0
    0
    0
    0
    0
    0
    0
    0
    0
    7
   31
   40
    1
    0
   10
  194
  146
    6
    0
   11
    2
    0
    0
    0
    0
    0
    0
    0
    0
    0
    0
    0
   18
   42
    4
    0
    0
    0
    0
    1
    9
   29
    0
   71
   13
    0
    0
    0
    0
    1
    4
    5
   24
    0
   10
    0
   24
   12
   22
    2
    0
    0
    1
    4
    9
   40
   15
    4
    1
    0
    0
    0
    0
    0
    0
    0
    5
    3
   10
   29
   25
    1
    0
   21
   13
   11
   78
   32
    0
    0
   16
   25
    0
   21
   18
    0
    0
    0
    0
    8
    0
    1
    0
    0
    0
    0
   61
    0
   26
   21
    0
    0
    0
    0
    7
    0
    0
    0
    0
    0
    0
    0
    2
    0
    0
    0
    0
   15
    0
    0
   21
   81
    0
   21
    0
    0
    0
    0
    0
   18
   46
   36
   92
   11
   17
   24
   42
    0
    0
    0
   45
    0
    0
    8
    0
   41
   13
   46
    6
    5
   12
    0
    0
    0
    0
    0
    0
   20
    4
   12
    3
   39
   41
  154
   61
    1
   35
   30
    0
    0
    0
    0
    0
    0
    0
    0
    0
    0
   67
    0
    0
    0
    0
    0
    0
    0
   82
  117
    0
    0
    0
    0
    0
  182
    0
   26
   38
    0
    0
    0
   27
   41
    0
    0
    0
   41
   12
   33
   37
   31
   32
    0
   39
    0
    0
   36
    6
   20
   32
    0
    9
   21
   12
   43
    0
    0
   31
    0
    0
    0
    0
   15
   20
   18
    1
   35
    0
    0
    0
    0
    1
   52
    0
    0
    8
   25
    7
   30
    0
    0
    0
   81
    0
   46
   12
    0
    2
    7
    0
    2
    0
    0
    3
    0
    0
    0
  124
    0
  104
    0
    0
  378
  241
   33
    0
   26
    0
    0
   63
    0
   53
    8
    0
    0
    0
    0
    0
    0
   10
    0
   20
    3
   28
   50
    5
    1
    2
    0
    0
    0
    0
    0
    6
   45
   15
    0
    0
    0
    0
    3
    0
    0
    1
    0
    0
    0
    0
    0
    0
    0
    0
    0
    0
    0
    0
    1
    0
    7
    5
    0
    8
   40
    0
    2
    3
   11
    0
    0
    0
    0
    0
    0
    0
    0
    1
    0
    0
    0
    0
    0
    4
    0
    0
   58
    2
   18
    0
   52
   25
    0
    0
    7
    8
    3
    0
    2
   22
   30
    4
  121
   61
   18
    7
    1
    1
    0
   14
    0
    0
    0
   38
    0
    2
    0
   16
   18
    0
    5
    7
   31
    0
   36
    5
   21
   50
   15
   52
   47
   22
    2
    0
    0
    0
   18
    5
   63
   77
    9
    0
    0
    0
    1
   40
   12
    7
    3
    6
    5
    0
   38
   30
   32
   55
  111
   18
   52
    2
   65
   23
    1
    0
    6
   35
    2
    1
   18
    0
    0
    0
    0
    0
   35
    9
    0
    0
    0
    8
   14
    0
   60
    2
    0
    0
    0
    0
    0
    0
    0
   22
  104
    2
    0
    0
    0
    1
    0
    0
    0
    0
    0
    0
    0
   24
   32
  118
   10
    0
    5
    0
    0
    0
    0
    2
    6
    0
    0
    0
    0
    0
   76
    0
  154
   74
    0
    0
    0
    0
    0
   13
   31
   56
    0
   73
   31
    0
    0
    2
    7
   25
  101
   10
    5
    0
    0
    0
    0
   25
    5
   19
    0
    0
   24
    0
   68
   11
    7
    0
    0
    0
    0
    0
    0
    0
    0
    0
    0
   37
   63
   10
    0
   45
    0
    7
   18
    0
    0
    0
   37
    0
    0
   18
    0
    0
    0
    0
    0
    1
   21
  244
  176
  101
    0
    7
  101
   76
  125
  123
   24
    0
    0
    0
   39
   33
    1
    0
    0
    0
    0
    0
    0
    0
    0
    0
    0
    0
    0
    0
    0
    0
    0
    0
    0
    0
    0
    0
    0
   20
   65
    0
   30
   58
   10
    0
    0
    0
    0
    0
    0
    0
    0
    0
    0
  102
   53
   62
   35
    0
    0
    0
    0
    0
   30
   35
    0
    0
   20
   83
    0
    0
    0
    0
    0
    7
    5
    0
    0
   60
    0
    0
   15
  183
   31
    0
    0
    8
    6
    0
   38
    0
    0
   12
   51
    0
    0
   10
   75
   15
    0
   26
    0
    0
    0
    0
    0
   61
    0
    0
   31
   36
   71
   22
    0
    0
    0
    3
   20
    0
    0
    0
    6
    0
    0
    0
    0
    0
    0
    0
    0
    0
   36
    0
    0
    0
    0
    0
    0
    0
    0
    0
    0
    0
   45
   63
   51
  220
   11
    0
    5
    0
    0
    5
  128
    0
    2
    3
    0
    0
    7
   61
    3
    0
    2
    0
    0
    0
    0
    0
    0
    6
    2
    4
    0
   22
   31
    2
    5
    3
    0
    0
    5
    0
    0
    0
    0
    0
    0
    0
    0
    0
    3
   11
    0
    0
    8
    0
    0
    6
    1
   50
   10
    9
   54
   52
   25
   28
   79
   25
   16
    3
   38
   31
  208
  233
  113
  111
  252
   16
    6
   40
   52
    2
    2
  106
   24
    0
   15
   82
    0
    0
   12
    0
    0
    0
    0
    0
    0
   42
   92
    0
   28
    2
    2
   45
    2
    0
    0
    0
    0
    0
    0
    0
    3
    5
   72
    0
   15
    0
    0
   30
   27
  111
    0
    0
   94
    0
  124
   21
    0
    0
    0
    0
    0
   72
   48
    0
    0
    0
    1
    0
    1
    1
    0
    0
    0
    0
    0
    0
    0
   15
   42
   28
   10
   11
   27
    0
    5
   65
   11
   14
    0
   10
    3
    0
    0
    0
    1
    5
    0
   64
  116
    2
    0
    0
  235
  141
   12
    6
    0
    0
   23
    2
    0
    0
   27
   56
   12
    0
    0
    0
    0
    0
    0
    0
    0
    9
    0
   58
  156
    0
    0
    4
    0
    0
    0
  122
    2
   18
    1
    0
    0
    0
    0
    0
    0
    1
    2
  144
    0
    0
    0
    0
  225
   22
   22
    0
    0
   48
   25
   41
    5
   65
    4
    0
   25
    0
    0
    8
   27
    0
    1
   96
    0
    7
   95
    0
    1
    8
    0
   18
   37
    0
    9
    0
    0
    0
    0
    0
    0
    0
    0
    0
    0
    0
  116
   12
    3
    0
   11
    0
    0
    0
  140
  140
  391
   28
    2
    4
   32
    9
    5
   55
   41
   51
    0
    0
  324
    4
  178
   50
   18
   11
   30
   61
    0
    0
   79
    5
    0
  141
   41
   48
   17
    0
    0
   35
   31
    0
    0
    0
   18
    4
   16
    0
    7
    3
    9
    0
    0
    0
    0
    0
    0
   41
    1
   91
    1
   29
    0
    0
    2
   21
   58
    0
    1
    0
   41
    3
    0
    0
   96
  221
    4
    0
    0
    5
    0
    0
    0
    0
    0
    0
    0
    0
    9
    0
    4
    0
    0
    0
    0
    0
    1
    0
    0
  101
    0
    0
    0
    0
   27
    0
   28
    0
    0
    0
    0
    0
    0
    0
   21
    7
    0
    0
    0
    3
    0
    0
    0
    2
   21
    0
   36
    0
    2
   21
   32
   62
  251
   54
    6
   25
    0
    2
   32
    0
    0
    0
    0
    0
    0
    0
    0
    0
    0
    0
    4
    0
    0
   20
    0
    0
    0
    0
    0
   35
   72
  137
   21
  130
   26
   21
    0
    5
    0
   10
   14
   10
   27
    0
    0
   39
    4
    0
   42
    3
    0
   13
   10
    0
    0
   59
    0
    0
    0
    0
    2
   26
    0
    0
    0
    0
   22
   73
   38
   16
   20
    4
   26
    0
    8
    0
   51
   15
   24
    1
    1
    0
    0
   21
    3
   28
   18
   56
    0
    0
    0
    0
   42
   91
   51
    0
    6
    9
   45
   20
   67
   11
    7
   87
   23
   36
   17
    9
    7
    0
   48
   35
   10
    0
   15
   52
    2
   19
    0
   21
   15
    0
    9
    2
   97
    6
   49
    8
   31
   96
    1
   40
    2
    0
    0
   10
    9
    0
    0
    0
    0
    0
    0
    0
    8
    0
    0
    0
    1
    0
    0
    0
    0
   41
    0
   10
    0
    0
    0
    0
    0
    0
    0
    0
    0
    0
    0
   76
   63
    0
    0
    0
    0
    0
    0
    0
    0
    0
    0
    0
    0
    0
    0
   25
   11
    0
    0
    0
    0
    0
    0
    0
    0
    0
   95
   15
   25
   36
   10
    5
   45
    6
  140
    0
    7
  110
    4
   11
    0
    0
    0
    0
    0
    0
    0
    0
    0
    0
  144
   14
    4
   35
  275
    0
    0
    0
   38
    0
    0
   38
    4
  101
    0
    0
    4
   12
    0
   38
    0
   15
    0
   15
    0
   51
   59
    0
    0
    3
    0
    0
   20
    0
    6
   10
    0
   98
    0
    0
    0
    0
   55
    0
    0
    0
    0
    0
    0
    0
    5
    0
    0
    0
    0
    0
    0
    0
   95
    0
    0
    0
    0
    0
   45
   66
    0
    0
   57
   22
    0
    0
  134
    0
   26
   72
    0
    0
    0
    0
    0
    7
   18
    1
    6
   14
    7
    0
    0
    0
    0
    0
    0
   63
  147
   24
    0
    0
    0
    4
    0
    0
    0
    0
    0
    8
   16
    0
    0
   51
    0
    4
    4
   28
    0
    6
    1
    0
    0
    0
    1
    0
    0
    0
   20
    0
    0
    2
    3
    2
    0
   16
    0
    5
    0
    0
    0
    0
    8
    0
    0
    0
    0
    2
  112
   26
   20
    4
    0
   32
    6
    0
    7
    0
   12
   41
    0
    8
    3
    9
   30
  101
   69
   18
   37
  188
    6
   35
    9
   94
    0
   20
   32
   64
    6
    0
    0
    0
   23
   61
  116
   17
    5
    0
   70
   19
    2
    0
    0
    0
    0
    0
    0
   16
    0
    0
    2
   45
   14
   46
   44
    1
   31
    0
    0
    0
    1
    0
    0
    0
    0
    0
    0
    0
    0
    0
    0
    0
    0
    0
    0
    0
    0
    2
    2
    0
    0
    0
    9
    0
    0
    0
    0
    0
    0
   42
    9
   11
   15
   18
    3
   34
   27
   26
    0
   10
    2
    0
   38
    1
    9
   17
    2
    4
    1
    0
    0
    0
    0
   22
    5
    1
   56
    0
    0
    0
    3
   55
    8
    0
    0
    0
    1
    2
    0
   91
    0
    0
    0
    0
    0
    0
    0
    5
    0
    0
    0
   18
    1
    0
   15
   52
    0
    0
    0
    0
    0
    5
  125
   10
    0
   15
    0
  231
  165
    0
    0
    0
   46
   31
   80
    0
    0
    0
    0
    0
    0
    0
    1
    0
    0
    0
   29
   56
   38
    0
    0
    0
    0
    0
    0
    0
    0
    0
    0
    0
    0
    0
    0
    0
    0
    0
   46
    0
    0
   38
    0
    4
   71
    0
    3
    0
    0
    0
   34
    0
    0
    0
    0
    0
    0
    0
    0
    0
    0
    0
    0
   74
    0
    0
   33
    6
    1
   22
    0
   40
    1
    0
    0
    0
    0
   36
  206
    0
    0
    0
   10
   20
    5
    0
   25
   11
    0
    0
    0
    0
   10
   59
   79
    3
   97
    0
    0
    7
   91
    0
   16
   47
    0
    0
    0
   19
   20
    0
    0
   40
    1
    0
    0
    0
    0
    0
    0
    0
    0
    0
   42
    0
    0
   12
    0
  118
   49
   35
    0
    0
    0
    0
   15
    0
    0
    0
    0
    0
    0
    0
    0
    0
    0
   41
   64
   16
    0
    0
    6
    0
    0
    0
    0
    0
    0
   57
    0
    0
    0
    0
    0
   15
    0
    0
    0
   69
   51
    1
    0
   21
   12
   39
    0
    3
    4
    0
    0
    0
    0
   14
    0
    0
    0
    0
    0
    0
    0
    0
    1
   96
   11
  221
    3
   27
   61
    0
  241
  104
   24
    0
    0
    0
    0
    0
    0
    0
    0
    0
    0
    0
    0
   49
  126
   15
    9
   95
   70
   15
    0
    0
    0
    0
    0
    0
    6
    1
   11
    0
   20
   12
    0
    1
   37
   56
    9
   51
   10
    0
    0
    1
   71
    0
  106
    0
    0
    0
    0
    0
    0
    0
    0
    0
    0
    0
    0
    0
   12
    0
    0
   14
   16
   17
   14
    4
    0
    0
    1
    0
   14
    0
    1
    0
    8
    3
   27
    3
   55
    2
    0
    0
    0
    0
    0
    1
    1
   36
    0
    0
    0
    2
    1
    0
   53
    4
    7
  101
   53
   81
    0
    0
    2
    0
    0
    0
    0
    0
    0
    0
   31
   42
   98
   19
   25
   16
    0
    0
   59
    0
    0
   28
   55
    0
    0
    0
    0
    0
    0
    0
    0
    0
    3
    0
   35
    0
    2
    1
    0
    0
   10
    0
    0
    0
    0
    0
   52
    0
    0
    0
    0
    0
    0
   24
   34
    0
    0
   64
    0
    2
    4
    0
   42
    4
   61
    0
   28
   32
   90
    1
   20
    0
    0
    0
    0
    0
    0
    0
    0
    0
    0
    0
  446
    6
    0
    7
    0
    0
    0
   11
    2
    0
    0
    0
    0
    0
    0
    0
    0
    0
    0
    0
    2
    0
    0
    0
  115
    7
   16
    0
    0
    3
  123
    6
  394
   15
    0
   23
    0
    0
    0
    0
    3
    0
  161
   21
   17
   59
    0
    0
    0
    1
    0
   46
   55
    0
    0
   58
    0
   18
    1
    0
    0
   68
   49
    0
    0
    0
    0
    0
    5
    6
    0
    0
    0
    0
    0
    0
    0
    0
    0
    0
    0
    0
    0
    0
    0
    0
    0
    0
   34
   41
    0
    0
   24
   20
    0
   80
    0
    0
    0
   22
   24
   25
    0
   65
   52
    4
    0
    0
    0
    0
    0
    0
    0
    3
  135
   28
   29
    0
   18
   18
    8
    2
   32
   18
   84
   41
   12
    0
    0
    0
    0
   21
    3
    7
    5
   22
    5
    9
   72
    4
   10
    6
    0
   12
    7
   15
    0
    0
   24
    0
    0
    0
    7
    0
    0
    0
    0
    0
    0
    0
    0
    0
   59
    0
    0
    0
    0
    0
    0
    0
    0
    3
   25
   41
   78
    3
   10
   14
   15
   35
   10
    6
    0
    0
    0
    0
    1
   71
    2
   14
    8
    1
  266
   10
    3
   73
    0
   22
   38
    0
    1
   50
    0
    1
   49
    1
    0
    2
   11
   55
    0
    0
    0
    0
    0
   20
   98
   52
    2
    5
    0
    0
    4
    0
    5
   35
   13
    0
    0
    0
    0
   16
    9
    0
   71
    0
   20
   28
   11
    0
    0
    0
    0
    1
   24
   46
    0
    0
    0
    0
    0
    0
    0
    0
    0
   18
    1
    0
    3
    0
    0
    0
    0
    0
    0
    0
    0
    0
    0
    0
    0
    6
    0
   12
    0
    9
    6
   61
   15
    5
    9
   15
   56
    0
    0
    0
    0
    0
    0
    1
   19
    0
    0
    0
    0
    0
    0
    0
    0
    0
    1
    0
    0
    0
    0
    0
    0
    0
    0
    0
   25
    0
    0
    0
  181
  105
   35
    8
    0
   12
    0
    0
    0
    0
    0
    0
    0
   55
    3
    0
   27
    0
    0
    1
   15
    0
    0
    0
    0
    0
    0
    0
    6
   47
    1
  128
    3
   17
    7
    4
   25
   57
    3
    2
    0
    5
   55
    3
    2
    0
    0
    0
   17
    1
    2
   53
   31
  531
    1
    0
   87
   71
    0
    0
    0
    3
    0
    1
    0
  104
   85
   57
    5
    0
    0
    0
    0
    0
    0
    0
    1
    1
    0
    0
    0
   35
   11
    1
    0
    5
   25
    0
    0
   11
  323
   33
    0
   33
    0
   36
    0
   83
   53
   15
   51
  116
    0
    2
    0
    0
    0
    0
    0
    0
    0
    0
   86
    0
    0
    0
    5
    5
    0
    0
    6
    3
    0
    0
    0
    0
    0
   48
   11
   55
    0
    0
    0
    0
    0
    0
  105
    0
    0
    0
    0
    3
   21
    0
    1
    3
    7
    0
    0
    0
   11
   41
    0
    0
    6
    0
    0
    0
    0
    0
    0
    0
    0
   17
    0
    0
    0
    0
    0
    0
    7
    0
    0
    0
    0
    0
    0
    0
    0
    0
    0
   21
   25
    0
    0
    0
    0
    9
    0
    0
    0
    0
    3
    0
    0
    7
    6
    9
    0
    0
    0
    0
    0
    0
    0
    0
    0
   33
    2
    0
    0
    2
   58
    1
    8
    0
    0
   14
    0
   35
    0
    0
    0
    0
    0
    0
    0
    0
   39
   22
   10
    8
    9
  102
   22
    0
    0
   46
    3
   28
    2
    1
   31
   36
    2
    2
    0
    0
    5
   35
    0
    0
    0
    0
    1
    3
    0
    0
    0
    0
   18
    0
    1
    0
    0
    0
    0
    0
    0
    0
    0
    0
    0
   72
   96
  186
    0
   50
   54
   32
    5
    0
  122
    0
    0
    5
    2
    0
    0
    0
    0
   31
   91
   77
    0
   17
   45
    0
    0
   21
    5
   41
    1
    4
    1
  121
  124
    0
    0
    0
    0
    0
    1
   11
    0
    2
    5
    1
    2
    2
    0
   25
    4
   36
    0
    0
    0
    0
   20
    3
    1
   48
   26
    9
    2
    8
    4
   25
    0
   35
   55
    5
    0
    0
    0
    0
    0
    0
    0
   19
    3
    0
    0
   96
    3
    0
    0
    8
   22
   91
  282
   38
    3
    0
    0
    0
    6
   15
   72
   78
    0
  141
   38
    6
   21
   33
    2
    0
    0
   32
    0
    9
    0
    0
    0
    0
    0
    0
    0
    0
    0
    1
   25
    0
   26
   21
   18
    0
    0
    0
    0
    4
    0
   24
    0
   24
  118
    0
    0
    0
   21
    0
    0
    0
    0
    8
    8
   55
   15
   72
    0
    0
    0
    0
    0
    0
    0
    0
    0
    0
    9
    0
    0
    0
    0
    0
    0
    0
    0
    0
    0
    0
   37
    5
   35
   18
   11
   59
    0
    2
   16
    8
    0
    0
    0
    0
    0
  104
    0
    0
    0
    0
    0
    0
    0
    0
    0
    0
    0
    0
    0
    0
    5
    8
  258
   21
    1
    0
    0
   27
   26
    0
    0
   24
    0
    0
   37
    0
    0
    0
  285
   28
    0
    0
   36
    0
   19
    0
    0
    0
    0
    0
    0
    6
    0
    0
    0
    0
    0
    0
    0
    0
    0
   29
   28
    0
    0
   11
    0
    0
   29
    0
    0
   29
    1
   55
    0
    0
    0
   29
   15
  218
    0
   18
    0
   31
  113
    0
   11
   41
    0
    0
    0
    0
    0
   91
    0
    0
    0
    0
    0
    0
    0
    0
    2
  102
    0
    0
    0
    0
    0
    0
    0
    0
    0
   92
   40
    0
    3
    0
    5
    0
    9
    0
    0
    0
   26
    0
    0
    0
    0
    0
    0
  138
   52
   29
  101
   63
   38
   86
   26
    0
    0
    0
   30
    0
   16
    8
    0
    4
    0
    0
   28
   47
    0
   18
   21
   15
    0
    9
   10
   18
    0
   31
    6
   41
    3
   76
   11
   33
   11
    0
    0
    0
   37
    1
   27
    0
    0
    0
    0
    0
    6
  127
   10
   51
    1
    0
    0
    0
    0
   11
   72
   15
    0
    0
    0
    0
    0
    0
    0
    1
    0
    0
    0
    0
    0
    0
    2
   62
   25
   12
    5
    0
   58
  153
    2
    0
    0
    0
    0
    0
    3
   21
    2
   81
    0
   45
   19
   44
    5
    0
    0
    0
    0
    0
    0
    0
    0
   41
   59
    0
    1
    0
    0
    0
    0
    0
    0
    0
   54
   46
    1
   20
   69
   29
   35
    2
   42
   31
    2
    1
    0
    0
    1
    7
    0
    9
    0
    0
    0
    0
    9
    0
    0
    0
    5
    0
    7
    8
    0
    0
    0
    0
    3
   27
    0
   15
   38
    0
    0
    3
    0
    0
    0
    0
    0
    1
   37
   28
   39
    0
    0
    0
    0
    0
    0
    0
    0
    0
    0
   61
    0
    0
    0
    0
    0
    0
    0
    0
    0
    0
    0
    0
    0
    4
    0
    0
    9
    1
    0
    0
    0
    0
    0
    0
    0
   21
   20
    0
    0
    0
    0
   11
  244
   46
    9
    0
    0
  211
   62
   56
    0
    2
    9
    0
    1
    3
    0
    0
    0
    0
    0
    0
    4
  155
  172
    9
    0
    6
   59
   25
   26
   25
    2
    0
    0
   38
    8
    0
    2
   75
   27
    0
    0
    0
    0
    0
    0
  236
    3
    0
    0
    0
   96
  111
    5
  103
  102
   78
   31
   25
   34
  125
    0
    0
   16
  125
    3
   91
    3
  149
   46
    0
    0
  109
    0
    0
   20
   14
   18
    3
    0
    5
   15
   71
    0
    0
    0
    0
    0
  214
    0
    0
    0
    5
    0
  112
    0
    0
    0
    0
    0
    6
    0
   86
   46
    1
   48
   84
   63
   31
    0
    0
   25
    3
   85
   35
   95
   20
    0
   31
   41
   35
    0
    0
    0
   75
    0
    0
    0
    0
    0
    0
    0
    0
    0
    0
   37
    0
    0
    0
   31
    0
  108
   27
   32
   20
    1
    0
    0
    9
    0
    0
    0
    0
    3
    1
   32
  125
   35
    0
    0
    0
    0
    0
    0
    0
    0
    0
    0
    0
    0
   45
   19
    7
    7
    0
   10
    0
    0
   73
   46
    0
    0
    0
   28
    8
   25
  121
    0
    0
    0
    0
    0
   25
    0
    0
    0
   27
    0
    0
    0
    0
   25
   69
   17
   98
    4
   10
  135
    3
    1
    0
    0
    1
   51
   53
  121
   12
   31
   11
   72
   43
    0
    0
   31
   11
   64
    1
   85
  103
    1
   31
    0
    0
    1
    3
    0
   25
   53
   29
    2
    0
   12
    0
    0
    0
    0
    0
    0
   62
    0
  105
   32
   35
   18
   11
   28
    6
    0
    0
    0
    0
    0
    0
    6
   44
   10
    3
    3
    2
    0
    0
    0
    0
    0
    0
    0
    0
    7
   49
   32
   16
    2
    0
    0
    0
   42
   21
   71
    3
   10
    0
   30
    0
    0
    6
    0
   64
   78
   79
  267
   53
   11
   71
   76
   65
    0
   15
   29
   82
   82
    0
    8
    0
    6
    1
    0
    2
    0
    0
   31
    0
    0
    0
    0
    2
   84
  121
  335
   20
   31
    0
    1
    0
    0
    0
    0
    0
    0
    0
    0
    0
    0
    0
    0
    0
   11
    0
    0
    0
   47
   15
    0
    0
    0
    0
    0
    0
   21
    0
    2
    5
    5
    0
   27
  321
    4
   12
    2
   52
   62
   51
   11
   36
    2
    0
    0
    0
    0
   52
    0
    5
  115
    0
    1
    0
    0
   11
    0
    0
    0
    0
    1
   35
    0
    0
    0
    0
    0
    0
    0
    0
    0
    0
    0
    0
    1
    0
    0
    0
    0
    0
    0
    0
  178
   29
    0
    0
    0
    0
    0
   11
    0
    0
    0
    0
    0
    0
    0
    0
    0
    0
    0
    0
    0
    0
    0
    0
    0
    0
   26
    0
    0
   12
    0
   15
   15
    2
   27
  451
    5
  124
    0
    0
    0
  108
  154
   33
    0
    0
    0
    7
   57
  274
    0
    2
  128
    0
    0
  313
    0
   48
    0
   11
   25
    0
    0
  244
    0
  125
    0
    6
    0
   18
   21
    0
    1
    0
    0
    0
    0
    0
    0
    0
    0
    0
    0
    0
    0
    0
   11
    2
  107
    5
    0
    0
    0
    0
    0
    0
    0
    0
    0
    0
    0
    0
    0
    0
    0
    0
    0
    0
   15
    0
    5
    0
    0
    5
   51
   53
   26
    0
    0
    0
    0
    0
    0
    0
    0
    0
    0
    0
    0
    9
   73
   22
   21
  112
    2
   18
    0
    0
    0
    0
    9
   49
   45
    8
    2
    1
    6
    0
    0
   18
    8
   28
    4
    5
   55
   21
   81
    0
   41
   32
    0
    0
   13
    0
    0
    0
    4
    0
    0
    0
    0
    0
   12
   76
   35
   22
   12
   11
   49
   35
   13
    2
    0
    0
    0
    2
   40
   24
    0
    3
    0
    2
    0
    0
    0
    0
   51
   36
   32
   14
    3
    2
   32
    9
   72
   21
   45
   29
    0
    1
   33
    0
   29
    0
    5
   16
  128
    0
    0
    0
   43
   28
   22
   70
    3
    1
    4
   24
    5
   22
    0
    0
    6
   12
    1
   12
    0
    0
   23
    6
    0
    0
    6
    0
    0
    0
    0
    0
    0
    3
    6
    4
   19
   32
    0
    0
   16
    1
    2
    0
    0
    8
   28
   25
   61
   56
    0
   45
   23
    0
    1
   13
    0
    9
   19
    1
   16
   40
   43
    4
    0
    0
   52
   15
  141
   41
   54
    1
    0
    0
    0
    0
   15
   18
    0
    0
    0
    0
    0
    0
    0
    0
    0
    0
    0
    7
   98
    0
    0
    6
  251
    0
    0
    2
   11
   77
    0
    0
    0
    0
    0
    0
    0
    0
    0
    0
  105
  231
   13
  273
   81
    0
    3
    0
   85
   15
   19
   51
    4
   63
   91
  221
   31
   40
    9
   60
    2
    0
    0
    2
   42
   12
   11
    0
    0
    0
    0
    0
    0
    0
  114
    1
    0
    0
    0
    0
    0
    0
    0
   21
  101
    7
    0
    0
    7
   11
   31
    0
    0
    0
   93
    0
    0
    0
    0
    0
    0
    0
    0
    0
    0
    0
    0
    0
    0
    0
    0
    0
    0
    0
    0
    0
   32
   72
  144
    0
    0
    0
    1
   51
    0
    0
    0
    9
   21
    0
   11
   63
    2
    1
  382
  103
    0
   12
    0
    0
    0
    9
   21
    0
    0
    0
   13
    0
    0
    1
    0
    0
    0
  111
   41
    4
    0
    2
    0
    0
   93
  119
   12
   66
   45
   25
    0
    0
    0
    0
    0
    0
    0
    0
    0
    0
    1
    0
    0
    0
    0
    0
    3
    0
    5
    0
    0
    0
    0
    6
    0
    5
    6
   24
    2
   19
   55
   47
   66
   10
    0
  161
    9
   21
   61
    0
    0
    0
    0
    9
   58
   27
    0
   35
   71
    0
    0
    0
    7
    0
    0
    0
    0
    7
    1
    0
    0
    0
    6
   11
    9
    1
   80
    0
    0
    5
   31
    5
    0
    0
    0
    0
    0
   10
    7
   49
    0
   94
   72
   11
    0
    3
    0
    0
    0
    0
    0
    0
    0
    5
    0
    0
    0
    0
    0
    0
    0
    0
    0
    0
    0
    0
    0
    0
    1
    2
    1
    0
    0
    0
    1
    0
   18
    2
    0
    0
    0
    0
    0
    1
    9
    8
   10
    0
    0
    0
    0
    0
    5
    3
   13
   12
   28
   51
   31
   81
    0
    4
   18
    2
    0
    0
    0
    0
    0
    0
    2
    4
    1
    3
    0
    0
   30
    0
    0
    0
    3
   10
    0
    1
    0
    0
    0
    0
    0
    0
    0
    0
    0
   36
    6
    0
   26
    0
    0
   10
   27
    6
    1
    0
   32
    0
    0
    0
    0
    0
    0
    2
   48
    4
   11
    0
    0
    0
    0
    0
    0
    0
    0
    0
    0
   55
    0
    0
    0
    2
   19
    0
    0
  294
   11
    0
    0
    2
    0
   38
  108
    2
    0
    1
    0
    0
   33
   28
    0
  113
   88
   64
    2
    8
   22
    8
   12
    7
   31
    0
    0
    0
    0
    4
    5
   86
    0
    0
    0
    0
    3
    8
    0
    0
    6
    0
    0
    0
    0
    0
    0
    2
   16
    2
   14
    0
    0
    0
    0
    0
    0
   83
   42
   28
    8
    0
    2
  152
   99
   31
  297
    1
    0
   61
    0
    0
    0
    0
    0
    0
   81
    0
    0
    0
    0
  141
  104
   26
    3
    0
    0
   51
   26
    0
    0
    0
    0
    0
    0
    0
    1
    2
    0
    0
  145
   45
   81
   35
   40
   79
    0
    0
    0
    0
    0
    0
    0
  212
   18
    0
    2
   30
    0
    0
    0
    0
    0
    0
    0
   29
   32
    1
    5
    2
   10
    4
   18
   51
   33
    2
    0
    1
    0
    0
    1
   47
    0
    0
   88
   48
    0
   16
    5
   41
    1
   27
    8
    0
   11
   31
    0
    0
    0
    1
    0
    0
    0
    0
    0
    0
  115
   17
    1
    0
    0
   40
    2
    0
    0
    0
    0
   31
    0
   10
    1
   12
    6
   28
    2
    0
    0
    2
   99
    0
    0
    5
    0
    0
   40
    0
   20
    6
    1
   48
    6
    2
    1
    0
    0
    0
    6
   65
   40
   11
   68
   21
   41
   33
    1
    0
    0
    0
    0
    0
    0
    0
    0
    0
   35
    0
    9
    0
    0
   41
   82
    0
    0
    0
    0
    0
    0
    0
    0
    0
   13
    0
    0
    0
    0
    0
   21
    1
    0
    0
    0
    0
    1
    2
    0
    0
    0
    0
    0
    0
    3
   35
   18
    0
    0
    0
    2
    0
    0
    1
    8
    6
   13
    3
    0
    0
    0
   15
   48
    0
    1
    0
    0
    8
   21
  158
   21
    0
    8
    0
    0
   92
   13
    5
   10
    0
    1
    2
   37
   58
    3
    0
    0
    0
    0
    0
    0
    5
    0
    0
    0
    0
    0
    0
    0
    0
   32
   39
    4
   49
   33
    0
    4
    2
    0
    0
    0
   11
   31
   49
   31
    0
    0
    0
    0
   41
   18
  171
    8
    0
    0
    0
    0
   13
    1
    1
   36
   28
    8
    3
    2
    0
    0
    0
    0
    0
    0
    0
    0
    0
   19
   45
   20
    0
    0
    0
    1
   28
   71
    1
    0
    2
    6
    0
    9
    0
    1
    0
    0
    0
    0
    0
  130
    3
   52
   54
    0
    0
   18
  121
    0
    0
    7
    0
    1
    0
    0
    0
    0
    0
    0
    0
    0
    0
    0
    0
    0
  129
   62
    0
    4
    0
    0
   18
  101
    2
   31
   18
    0
   15
   13
   41
    0
    6
    4
    0
   19
   27
    0
    0
    0
    0
    0
    0
    0
    0
    0
    0
   73
    0
   11
  111
  123
  246
   42
    0
   31
    0
  161
   21
    0
    0
    0
    0
  103
    6
    0
    0
    0
    0
    0
    0
    0
    0
    0
    0
    0
    0
    0
  112
    0
    0
    0
    0
    0
    0
    0
    0
   21
    0
    2
    0
   66
  102
    0
    0
    0
    0
    0
    0
  187
   12
    0
    0
    1
    0
    0
  147
    0
    0
    0
    0
    0
    0
    0
    0
    0
    0
    0
    0
    0
    0
    0
    0
   16
    6
   30
    6
    5
    0
    0
    2
    0
   41
   24
   65
   95
   11
   29
   37
   79
    0
    0
    0
    0
    4
    0
    0
   11
    9
   21
   11
    0
    0
    3
    0
    0
    0
    2
    1
    0
    0
    1
   19
   31
    0
    1
    0
    0
    0
    0
  176
    5
    0
    0
    0
    0
    0
    0
    0
    0
    0
    0
   11
    0
    0
    5
    9
  155
   54
    7
    0
   75
   57
    2
    1
   56
   17
   31
   56
   11
    4
    0
    0
    0
    6
   67
   27
    0
    0
   58
    8
    0
    5
   15
    7
    0
    1
    1
    2
   49
    6
   14
   79
   30
   51
    2
    0
    0
    0
    0
    0
    7
   57
    3
    0
   56
   21
    7
    8
    7
   48
    0
    0
    0
   15
    0
   11
    1
    0
   22
    0
    0
    0
    0
    7
    1
    0
    0
    0
    0
   11
    2
    0
   54
    0
    0
    0
    0
    1
   71
    1
   21
    2
    0
    0
   35
    6
   16
   35
   16
   11
  129
   55
   54
    3
    1
    0
    2
    6
    0
    6
   92
   56
    0
   18
    2
    0
    1
    0
    0
    0
    0
    4
    0
    0
    0
    0
   17
   41
   21
    3
    0
    0
   17
   36
    4
    0
   27
   28
    0
    0
    2
    1
    3
    2
    2
    0
   40
    0
    0
    2
    8
    1
    0
    0
    0
    0
    0
  331
    0
    1
    2
    5
    0
    0
    0
    0
    0
    0
    0
    0
    0
    0
    0
    0
    0
   19
   44
    0
    0
    0
   12
    0
    0
    0
    0
  124
    1
    1
   46
   31
    0
    0
    0
   45
    0
    0
    9
    2
  229
    2
    0
   14
   32
   14
    1
    0
    0
  121
   22
   52
   28
    0
    0
    1
    0
    1
   34
    8
    0
    0
   20
   75
    7
    3
   67
   45
    0
   27
   51
   82
    0
    0
   29
    2
    0
    0
    0
   11
    0
   21
   11
    9
    0
   12
  182
    8
   66
    0
    0
   51
    0
    5
    0
    0
    0
    0
    0
    0
    0
   11
   32
    0
    0
    0
    0
    0
    0
    0
   39
   31
   55
   32
   10
  258
    8
   51
    7
   69
   71
    0
    0
   12
   18
   39
    3
    0
    0
    6
   69
    6
  198
    0
  106
  122
  138
   22
    0
    0
    0
    0
    0
    0
    0
    0
    0
    2
    0
    0
    0
   25
   30
    3
    0
    0
    0
   18
    9
    3
   19
   20
   22
    2
   21
    0
    0
   30
    0
    2
    2
    1
    0
   21
  101
    2
    8
   63
  224
   21
   72
   53
  181
   32
    4
    5
    1
    0
    0
   18
   65
   35
    6
    0
    1
   38
    2
    6
   17
    0
    2
    0
    0
    0
    0
    0
    0
    0
    5
    0
    0
    0
    0
    0
    0
   16
   25
   28
    8
    0
    0
    0
    0
   77
   27
   65
   30
    1
    0
   24
    2
    1
    0
    3
    0
    0
    0
    5
    0
    3
    0
    0
    0
    0
    1
   20
    5
    1
    0
    6
   44
   10
    0
   45
   25
   26
   17
    1
    5
    0
    0
    0
    0
    2
   18
    0
    0
   25
    0
   60
   31
   25
    8
   20
    9
   11
   74
   14
   25
   23
   55
    8
    1
    0
    0
    0
   25
    0
    1
   52
   73
    2
   68
    0
   36
   25
   14
   20
    8
    3
    3
    6
   71
   81
    2
    1
   49
    1
    0
    0
    0
   21
   41
    0
    0
    0
    0
    0
    0
    0
    2
   33
    0
    8
   28
    0
    0
    5
   28
    0
    0
    0
    0
    0
    0
    0
    0
    0
   29
    0
   11
    0
    0
    6
    0
   17
    0
   11
  111
   19
    0
    0
    0
    0
    0
    0
   13
    5
   27
    3
    0
    0
    0
    0
    0
    0
    0
    0
    0
    0
   74
    0
   69
  115
   45
    5
   20
    0
    0
    0
    0
    0
   61
   43
    5
    0
    0
    0
    0
    0
    7
    0
   23
    1
   10
   89
    2
    0
    6
    3
    0
   61
    0
   11
    0
   26
    0
    0
    0
    0
   81
  312
    1
   62
    0
    0
    0
    0
    0
    1
    2
    0
    0
    0
    0
    0
    0
   66
   62
  165
   29
   10
    0
    0
    0
    6
    0
   81
    0
    0
    0
    0
    0
  126
    0
    0
    2
    0
    0
    0
    0
    0
    0
    0
    0
    0
    0
    0
    0
    0
    0
    0
    0
    0
    0
   67
    0
    0
  104
   16
   44
   11
   16
    0
    0
    0
    0
    0
    0
    0
    3
    4
    0
    0
    0
    5
   81
    0
    0
    0
    0
    0
    0
    0
    0
    0
    0
    0
    0
    0
    0
    0
  157
    0
    0
   11
    0
    4
    2
   30
    0
   33
    0
    1
   42
   11
   41
    0
   31
    0
    0
    0
   45
    8
   61
    4
   25
    0
    0
    9
    0
    0
    1
    0
    0
    0
    0
    0
   11
    0
   36
   10
    5
    0
    0
   14
    5
    6
  148
    0
    0
    0
    6
    7
   19
   71
   44
    0
    0
    6
   21
    0
    0
    6
   19
   15
    9
   14
    5
    0
    0
    2
    0
    0
    0
    0
    0
   10
   11
   44
    0
    9
    3
   18
    0
    0
    0
   38
    7
   10
   26
    1
    3
    2
    1
   12
    0
    0
    0
    2
   10
   35
   66
   31
    4
    4
    1
    0
   16
    0
    0
   41
    0
    3
    1
    3
    4
    2
    0
    0
    0
    0
    0
   52
   40
   51
    2
   32
    4
   41
    0
    7
    0
    2
    0
    0
  175
   26
   27
    5
   65
    2
   18
    0
    0
    0
   34
   18
   30
    0
   16
   37
   15
   18
   21
    0
   11
   36
   18
    2
   19
    0
   71
   51
    0
    0
   21
    6
   11
   35
   27
   18
    1
    0
   36
  135
   99
   43
   63
    7
    8
  175
   68
   99
    0
    0
    0
    0
    0
    0
    0
    0
    1
   44
   28
   69
    2
   19
    5
    0
    0
    0
   10
    0
    0
    1
   22
    0
    0
    5
   39
    1
    7
   58
    0
   53
   26
    4
    0
    0
    0
    0
    0
    0
    0
    0
    0
    0
    0
    0
    0
    0
    0
    0
    0
    0
    0
    0
    0
    0
    0
    0
    0
    0
    0
  125
    3
   48
    7
   31
   77
    0
    0
    2
    0
    3
    0
    4
   15
    3
    0
    0
    0
    0
    4
    0
   39
    0
    0
    0
   17
    0
    0
    0
   19
    0
    0
    0
    0
    0
    0
    0
   12
    9
    0
    0
    1
    0
    0
    0
    0
    0
   67
    0
   39
    0
   96
   17
    2
    8
    0
    0
    1
   51
    0
   10
   28
    0
   10
    6
    9
   26
    0
    0
    3
    0
    0
   28
   82
    3
    0
    0
   20
    1
    0
    0
    0
    8
    0
    0
   15
    0
    0
    0
    0
    6
    0
   67
    0
    2
  185
   67
    2
    0
    0
    0
    0
    0
  211
    0
    0
   22
  121
   40
   79
   11
    1
   88
    0
    0
    0
    0
    0
    0
   12
    0
    0
  131
    0
    0
    0
    0
    9
    0
    0
    0
    0
    0
    0
    0
    0
    0
   38
    0
    0
    0
    0
   73
   78
   23
   25
    5
   24
    1
    0
    0
    0
    0
    9
   15
    0
    0
    0
    0
    3
    2
   10
    3
    1
   16
    0
    2
   20
    0
    0
   61
    0
    0
   23
    0
    0
    0
    0
    0
    0
    0
  109
    0
    1
   31
    0
    5
    6
   18
    0
    0
    1
   17
    4
    1
    0
    0
    0
    0
    0
    0
    0
    0
    0
    1
   16
    0
   39
   18
   10
    0
  111
   60
    6
    0
    0
    0
    0
    0
    0
    0
   19
   31
   15
    0
    3
    0
   18
    1
   23
    0
    1
    6
   68
    0
    0
    0
    0
    0
    0
    0
    0
    0
    0
    0
    0
    1
    0
    0
    0
   24
   11
   75
   30
    1
   15
    2
    9
    4
    1
   29
   21
   41
   39
    6
    7
    0
    0
    1
    0
    0
    0
    0
    0
    0
    2
    5
    0
    0
    2
   34
   19
   15
    3
    2
    1
    0
    0
    1
    0
   18
   62
    2
    0
    0
   75
   16
   42
    1
  115
   18
    4
   16
    1
   75
   37
   40
    0
    8
    6
   71
   95
  143
   12
    0
    0
    0
    6
    0
    0
    0
    6
   30
    0
   30
   10
   29
    0
    7
    6
    2
    9
    0
   80
   23
   22
    7
    3
    0
    7
   17
    5
    0
   61
   26
    0
   19
    0
    0
    0
    0
    3
   27
  107
   29
    1
    0
    0
    0
    0
    0
    0
    1
    0
    7
  104
   13
    0
    0
    0
    0
    0
    0
    0
    0
    0
   60
    0
    0
  145
   15
   25
  105
   41
    0
    0
   27
    9
    2
   81
   64
    7
    0
    0
   17
   18
    0
   20
    0
    0
    8
   77
    8
    0
    0
    0
    0
    0
    0
   83
    0
    0
    0
    0
    0
    0
  217
  121
  101
    7
    2
    1
    3
    2
   77
   51
    5
    0
    0
    7
    0
    0
    0
    0
    0
    0
    0
    1
  118
    0
   50
    0
   25
    0
   33
    3
   31
    0
   29
    2
    3
    0
    0
    9
    0
    0
    5
   16
    5
    0
    9
    3
    0
    0
    0
    0
    0
   28
    0
    0
    0
    3
    3
    5
   22
    3
    3
    1
  118
   36
  128
   87
   32
   26
   81
    4
    1
    0
    0
   34
   27
   21
   41
    0
    1
   68
   22
    0
   94
    5
    0
   42
    0
    0
   49
   10
    0
    0
    4
   36
    0
    0
    0
    0
    0
    0
    0
    0
    0
    0
    0
    0
   21
   17
    0
   11
   11
    0
   15
    1
    1
    0
   13
    5
    3
    0
    0
    0
    6
   32
  101
    0
    0
    0
   43
    0
    0
    0
    0
    3
   10
    4
    0
   12
   67
    3
    0
    8
   29
   18
   19
   75
    1
    0
    0
    0
   61
   78
   29
    2
    0
    0
   24
   31
   12
    0
    1
    0
    9
    7
    3
   20
    0
   64
   65
    1
    4
    2
    5
   23
   15
    5
   53
    4
    5
    0
    0
    0
    0
   20
    3
    1
    0
    0
    3
   46
    0
    0
    0
    1
    0
    0
    2
   29
   15
    0
    4
    0
   30
    3
   73
   42
    0
    0
    0
    0
    0
    0
    0
    5
    0
    9
   19
   87
   19
   25
  138
    0
    0
    0
    0
    0
    0
   62
   15
    5
   37
   46
   14
   52
   63
   12
    1
   20
    1
    0
    0
    0
    5
   68
    1
    2
    0
    0
    0
  109
   30
    8
    1
    0
    8
    3
   31
   45
    8
   22
    5
    0
    0
    0
    0
    0
    0
    0
    0
    0
    0
    0
    0
    0
    0
    0
    0
    0
    0
    0
    7
  155
  135
    6
    1
    0
    9
    0
    0
    0
    0
    0
    1
   63
   31
    4
   11
    1
   15
    0
    0
    7
   40
    4
    0
    0
    0
    0
   12
    0
    0
    2
    0
    0
    0
    0
   47
    0
    0
    0
  191
    8
   31
   18
   12
   47
    0
    0
    0
    0
    0
    0
    0
    0
   88
   59
   42
    4
    0
    0
    0
   63
    1
   30
    1
    0
    0
    0
    2
   57
    0
    0
    0
    0
    0
    8
    0
    6
    0
   12
   14
   41
    8
    0
    6
    4
    0
    0
  107
    0
    0
   15
    0
    4
   94
  283
    1
    5
    0
    0
    0
   25
   34
    1
    5
    0
    0
    0
    0
    0
    4
    0
    0
  328
   55
    0
   38
    0
    0
   19
   42
 1291
   54
    0
    0
    0
    4
    0
    0
    0
    0
   45
    0
    0
   46
    0
    0
    0
    0
    0
    0
    0
    0
    0
    0
   26
    0
    0
    0
    0
    0
    0
    0
    0
    9
   10
   11
    5
    0
    0
    0
    8
    5
   81
    0
    2
   61
    3
    0
    0
    0
    0
    0
    4
    0
   71
   61
    2
    9
    0
    0
    0
    0
   18
    0
   29
   51
    1
   38
   13
   12
   52
   93
    7
    0
   49
   34
   74
    4
   25
    0
    0
   99
   45
  119
   10
    0
    0
    9
  108
   39
    3
   12
    0
    0
    0
    3
    0
    0
   32
  162
    0
    0
  111
   11
    0
    2
    1
    0
    0
   21
  181
    3
    0
    0
    0
    5
    0
    0
    1
    1
    0
    0
    0
    0
    0
    0
    7
   38
    7
    0
    0
    0
   71
    0
   10
    0
   17
    3
    3
  109
  218
    0
  107
   71
   98
    1
    6
   12
    1
    0
    2
    1
    0
   13
   45
    2
    4
    0
    0
    0
    6
    0
    0
    0
   18
    1
   14
    2
   56
    6
   25
   15
    7
    0
   16
   18
    0
    0
    2
   19
    8
    0
    0
    0
    0
    0
    2
    2
    0
    0
    0
    0
    0
    0
    0
    0
    0
    0
    0
    0
    0
   23
   13
    3
    0
    0
   25
    9
   11
   11
    0
   89
   31
    0
    0
    0
    0
    0
    0
    0
    0
    0
    0
    0
    0
    0
    0
   37
    0
    0
    0
    0
   13
    1
   30
    1
    0
    8
    0
    0
    0
    0
    0
    0
    0
    0
    0
    0
    0
   38
    0
    0
    0
    0
    0
    0
    0
    4
    3
    0
   40
   35
    0
    0
    0
    0
    0
    0
    0
    1
   36
    1
    0
    1
   11
    2
    4
    5
   18
  119
   11
    0
    0
    0
    1
    0
    7
    0
    0
    0
    0
    0
    0
    0
    0
    0
    0
   37
    0
    0
   36
    0
    1
    0
   41
    0
    0
    0
    0
    0
   17
   21
    1
    0
    0
   13
    0
    0
    0
    0
    0
    0
   18
   72
    2
   46
    3
   13
    3
    0
    0
    5
    0
    0
    0
    0
    0
    0
    0
   60
    0
    0
    0
  115
   22
    0
   31
    6
    5
  273
   12
   30
    0
    2
    0
    0
    0
    0
    0
    0
    0
    0
    0
    0
    0
    0
    0
   20
    0
    0
    0
    8
   47
    0
    0
    0
    3
    0
    0
    0
    0
   38
   13
    3
   13
   12
    3
    1
    0
    0
    0
    0
    0
    9
   65
   16
   32
    6
    0
    0
    0
    0
    0
    0
    0
    0
    0
   17
    0
    0
    0
    0
   68
   13
    0
    1
    0
    6
   48
    0
    5
   20
  111
    1
    1
    0
    0
    0
    0
    0
    0
    0
    0
    0
    0
   43
    3
    0
    0
    4
   58
    0
    0
  113
   17
    0
    0
   11
    3
    0
    0
    0
    0
    0
    0
    0
    0
    0
    0
    0
    0
  146
   12
   20
    0
    0
    0
    0
    0
    0
    2
   20
    0
   57
   34
    0
    0
    0
    0
    5
   37
   10
    0
    0
    0
    0
   61
    7
  116
   44
   10
    1
    0
    0
    0
    9
   20
    1
    0
    0
    0
    0
    0
    0
    0
    0
    0
    0
    0
    0
   17
    0
   99
    7
    8
   35
   25
   96
   42
   46
   86
   29
    5
    6
    1
  110
    2
    3
    0
    0
    9
   16
    0
    0
    0
   45
   46
   28
   37
   28
   19
    3
    2
    2
   12
   64
   24
   76
    2
    7
    5
    1
    0
    0
    2
    0
    1
    0
    0
    0
    1
    0
    7
    3
    1
    0
    0
   41
    5
   14
    0
    0
   10
    1
    0
   48
   18
    0
    0
   26
    0
    0
    0
    0
    0
   36
   84
    7
    3
    0
    5
    0
    7
    0
    0
    0
    0
    0
    0
    0
    0
   31
    7
    3
    3
   10
   32
   13
    0
    0
    0
    0
    0
    0
    0
   13
   10
    0
    0
    0
   38
   23
    0
    7
    0
    0
    0
    0
   16
    3
   14
    0
   99
   58
   13
    0
   65
  535
   30
    0
    3
   25
   24
    1
    0
    0
    0
    0
  106
   51
   61
    6
    3
    0
    0
    0
    0
    0
    0
   75
    0
    0
   25
   19
    0
    0
    0
   75
   28
   10
   35
   16
    0
   15
    0
  151
    9
   22
    0
    0
    0
   61
    0
    0
    0
    9
    0
   24
    0
    4
    0
    2
    0
   19
    0
    0
  175
   17
    8
    3
   13
   16
   14
    8
    5
    0
  106
    0
  121
    0
  235
    2
    0
   32
   55
    0
    0
    0
    0
    8
    0
    0
    0
    0
    0
    0
    0
    0
    0
    0
    0
   63
  123
   41
    0
    0
    2
    0
   23
   53
    1
    0
    0
  117
    0
  127
   19
    1
   16
   73
   22
    0
    0
    0
    0
    0
    0
    0
    0
    0
    0
   45
   13
    0
    0
    0
    0
    0
    0
    6
    2
   18
   22
   11
   51
    8
   12
    8
   11
  103
    1
    0
    8
    0
    0
    0
   51
    0
    2
    0
    0
    0
    0
    0
    0
   81
   29
   13
    4
    0
   26
    0
    0
   15
    0
    0
  101
    9
    1
   10
  126
    1
    0
    0
    0
    3
    4
   47
   33
   44
  101
    1
    0
   56
    7
    0
    9
   48
   37
  305
   37
   14
   28
   63
    3
    0
    0
    8
   26
    3
    1
    0
    0
    0
    0
    0
    0
    0
    0
    0
    0
    0
    0
    0
    0
    0
    0
   29
   64
   37
    6
    0
    0
    2
   11
    1
    3
  161
   29
    3
    8
    1
   39
    4
   38
   89
    6
   29
   21
    0
    6
    0
    0
    0
    9
    1
    1
    0
    0
    0
   44
   25
   81
   85
    8
   59
   37
    6
    0
   34
    2
    0
   12
   77
    0
   60
    0
    0
    0
    0
    0
    1
    1
   32
   28
  149
   59
   12
   10
   39
    0
   12
    5
    0
    0
   51
    9
   22
   16
   50
    3
   10
    3
    0
    0
    5
    3
    4
    0
    0
    6
    0
   62
   12
    5
    0
    0
    0
   23
   37
    0
    0
    0
    0
    6
    0
    3
    9
    0
    0
    0
    0
    0
    0
    0
    0
    0
    8
    3
   18
   23
   22
    0
    0
    0
    0
    0
    0
    0
    0
    0
    0
    0
    0
    0
    0
    0
    0
    0
   96
    0
    0
    0
    0
    0
   14
   20
    5
   45
  166
    3
   24
    0
    2
    0
    0
   81
    9
   21
   19
    0
    0
    0
   14
   47
  226
    0
    0
    0
    0
    0
    0
    1
    0
    0
    1
    0
    1
   21
   18
   23
    1
    0
   28
    2
    1
    0
   55
    0
    0
    0
    0
    0
    0
   51
    0
    0
    5
  141
    0
    0
    0
    0
   25
  176
    0
    0
   13
  194
   28
   17
  143
    0
   24
    0
    0
    0
  124
    3
    0
    0
    5
   51
   31
  231
   38
    0
    0
   38
    0
   86
   31
  361
   14
    0
    0
   52
  225
    1
   56
   42
   11
    1
    0
   91
    0
   65
    2
   46
    0
    0
    0
    0
    0
  114
    0
   45
   54
    0
   29
    0
    0
    0
    0
    0
    0
    0
    0
    0
    0
    0
    0
    0
    0
    0
   65
  135
   24
    0
    0
  115
   29
   40
    0
    0
    0
    0
    0
    0
    0
    0
    6
    1
   42
   44
    0
  121
   12
    0
    0
    0
    0
    0
    0
    0
    0
    0
    0
    0
    0
    0
    0
    0
    0
    0
    0
    1
    0
    0
   43
   18
    0
    0
    0
    0
    0
    0
   -9
   -9
   -9
   -9
   -9
   -9
   -9
   -9
   -9
   -9
   -9
   -9
   -9
   -9
   -9
   -9
   -9
   -9
   -9
   -9
   -9
   -9
   -9
   -9
   -9
   -9
   -9
   -9
   -9
   -9
    0
    0
   17
   25
    0
    0
   15
    4
    0
    0
    8
   22
    2
    2
   97
   91
   65
   18
   42
   40
   31
   23
   44
    2
    0
    0
   23
   92
   64
    6
    7
