Station: Dornstedt , scaling_factor: 10.0, latitude:  51.4093, longitude:  11.7463, altitude:  148, nodata_value: -9
start: ..1969-01-01  end: ..2001-12-31
   65
   53
    3
    0
    0
    0
    0
    0
    0
    0
    0
    0
   11
    0
    0
    0
    0
    1
    0
    0
   16
   34
    4
   60
   56
    0
   11
    9
    0
    0
    2
    5
   24
    1
    4
    0
    0
   16
    0
    6
    5
    0
    4
    3
    9
  210
   12
    5
    0
   30
   12
    0
    0
    0
    0
   48
   10
    0
    0
    0
    0
    0
    0
    0
    0
    0
    0
    0
    0
    4
   72
   93
    9
   98
   26
    6
    4
    0
    0
    0
    0
   26
    1
    4
    7
   13
   21
    0
   18
   45
    0
    6
    0
    0
    0
    0
    0
    0
    0
    0
  168
   62
    0
    0
   64
   17
    4
    1
    2
    0
   11
   32
   63
    6
    0
    4
   52
   15
   38
    4
    8
    0
   16
  166
    0
  232
   62
   10
   10
   12
    0
    0
    0
    0
    0
   45
    0
   28
    8
   10
    9
    0
    0
    0
   51
   93
    0
    3
    0
   45
    5
   13
   27
   18
    4
   38
   96
    0
    0
    0
    0
    0
    0
    0
   35
    5
    0
    0
   60
   88
    1
    0
    0
    0
    5
    0
    8
   51
   11
   82
    0
    0
    0
    0
    0
    0
    0
    0
    0
   48
  123
   49
    1
    0
    0
    0
    0
    0
    0
    0
    0
    0
    0
    0
    0
    0
    0
    1
    0
    0
    0
    0
    1
    0
    0
    0
    0
    0
    0
    0
    0
    0
    0
    0
   85
   38
    0
   86
    2
    2
    0
   79
   11
    0
    2
    0
    0
   56
   31
    0
  123
   36
    0
    0
    0
    0
    0
    0
    0
    0
    0
   43
    0
    0
    0
    0
    0
    0
   48
   47
    0
    0
    0
    0
    0
    0
    0
    0
    0
   12
    0
    0
    0
    2
   12
    0
    0
    0
    0
    0
    0
    0
    0
    1
    2
    0
    0
    0
    1
    0
    1
    1
    0
    0
    0
  240
   13
    6
    0
    0
    0
    2
    3
    9
    0
    0
    0
   48
    0
    0
   32
    4
   18
    0
    0
   60
    0
    0
    8
    0
    0
    0
    6
   18
    0
    0
    0
   68
    0
    0
    0
    3
    1
    0
    0
    3
   34
    0
    0
    0
    0
   15
    0
    0
    0
    0
    1
    0
    2
   43
    3
   86
   24
    0
    0
    0
    0
    0
    0
    0
    0
    0
    0
   49
    8
    4
   11
    8
    0
  182
    0
    1
    0
    2
    0
    0
    0
    0
    0
    0
   48
    4
    0
    0
    0
    0
    0
    0
    0
    0
   29
   41
    0
    4
    0
    0
    0
  180
    0
    0
    0
    0
    0
   18
   61
   20
   51
    8
   43
    2
    8
    2
    3
    7
    0
    0
   42
  169
   76
   43
    0
    0
   64
   11
   28
   66
    0
   39
   67
    0
    0
    0
    0
    0
    0
    0
    5
    0
    0
    8
    6
   39
    9
    8
    0
    0
    0
    0
   32
    0
    4
  128
    5
    6
   32
    2
    0
    0
    2
    5
    0
    0
    0
  101
    0
    0
    0
   71
    0
    3
   90
    6
    0
   50
    1
   10
    0
    3
   18
   10
    7
    5
    0
   45
   29
   23
    0
   26
    0
    0
    0
    0
    0
    0
    0
   56
  118
    0
    0
   10
   21
    0
    0
   25
   10
    5
   10
    5
   10
    0
   31
   13
    0
    0
   32
   91
    0
    0
    0
    0
   49
    0
    0
    0
    0
   84
    0
    0
    0
    0
    0
    0
    0
    0
    0
    0
    0
   65
   31
    8
    1
    0
    0
  238
  101
    0
   40
    9
    2
    0
    0
    0
    0
    0
   58
    0
    0
    0
    0
    3
    0
    0
    0
    0
    3
    3
    0
    0
    0
    6
  122
   18
    0
    0
    3
    0
  322
   13
    0
    2
    0
   78
    0
    0
  712
    0
    9
    8
    0
    0
    3
    0
   28
    3
    0
    0
  485
  366
  275
   12
   55
    3
    0
    0
    0
    0
    0
    0
   15
    0
   30
    9
    0
    0
    0
  108
    0
   25
   68
    0
    1
    0
    0
    0
    0
    0
    0
    0
    1
    0
    0
    0
    0
   10
    0
    0
    0
   58
   43
   72
   30
    3
    0
    0
    0
    0
    0
    0
    0
    0
    0
    0
    0
    0
    0
    0
    0
   49
   70
   20
   28
   57
    2
    3
   18
   60
    8
    0
    0
    0
  116
   48
    0
   44
    0
    0
    0
   36
   21
    4
   23
    0
   50
    0
    3
    0
    8
    0
    0
   17
    7
    0
    0
    0
    0
    0
    0
   15
    0
   20
    7
   22
   14
    2
    0
    0
    0
    3
    2
    0
    0
    0
    4
    0
    0
    0
    0
    0
    0
    1
    2
    3
    0
    0
    1
    0
  128
    0
   63
    0
    0
    0
    0
    0
    0
    0
    0
    0
    0
    0
    0
    0
    0
    0
    0
   21
    0
    0
   18
    0
    0
    0
   22
   14
    1
   16
    2
    2
    0
    0
    0
    2
    0
    0
    0
    4
    2
    6
    4
    0
    0
    0
    0
    6
    0
    0
    6
    0
    2
   16
    0
   38
   20
   65
    5
   18
   20
   28
   36
   12
    0
    0
   55
    1
    0
    0
    0
    0
    0
    0
    0
    0
    0
    0
    0
    2
    0
   17
    0
    0
    4
    1
    3
    7
   12
   10
    0
    0
    0
    3
    0
    0
   39
    0
    0
    0
    0
    0
    0
    0
    0
    0
    0
    0
    0
    0
   40
    0
    0
   15
    0
    0
    0
  236
   56
    5
    0
    0
    0
    0
    0
    0
    0
    0
    0
    0
    0
    0
   36
    0
    0
    0
   54
   56
   47
    0
    0
  128
    1
  195
    0
    0
   30
   29
    0
   75
    0
    0
    7
    0
    0
    0
    0
   10
    7
   15
    5
  147
   15
   62
   70
    8
   15
   15
    7
   18
   29
   45
    8
   57
   52
    0
   28
    0
    0
    0
   90
   19
   28
    0
    0
    0
    0
    0
    0
    0
    0
    0
    0
    0
    0
    0
    0
    0
    0
    0
    0
    0
    0
    0
    0
    0
    0
    0
    0
    0
    0
    0
  168
    0
    0
    0
    0
   25
    0
    0
    0
    0
    0
    3
    0
    0
    5
    0
    0
   97
    0
    0
    0
    0
    0
    0
   96
  121
   34
    0
    0
    0
   34
    0
    0
    3
    0
    0
    0
    0
    0
    0
    0
    0
    0
   45
    8
    0
   31
    0
    3
    0
   16
    0
   52
    0
    0
    0
    0
    0
    0
   27
    0
    0
    0
   17
    0
    0
    0
    0
    0
    0
    0
    0
    0
    0
    0
    0
   28
   67
  100
    0
    0
    0
    0
    6
    4
    0
    0
    0
    0
    0
    0
    0
    0
    0
    0
    0
    1
    0
    0
    0
    0
    0
    0
    2
    0
    0
    0
    0
    0
    5
    0
   22
   58
  162
    0
    0
   34
    0
   13
    4
    0
    1
    0
    0
    0
    0
    6
    0
    5
    0
    0
   14
   15
    7
   38
    3
    8
    2
    0
    0
    0
    0
    0
    0
   39
   23
    3
   18
    7
    0
    0
    0
    0
    2
    0
   38
    0
    0
    0
    0
    0
    0
    0
    0
   10
    4
    0
    0
    0
    0
    0
    0
    0
    0
    0
    0
    0
   21
    0
    0
    0
    0
    0
   13
    0
    8
    2
    0
    0
    0
    0
    2
    0
    3
    0
    0
    0
   26
   20
    0
    0
    0
    0
    0
    0
    0
    0
    0
    0
    0
    0
    0
    0
   30
    0
    0
    0
    7
    0
    0
    0
    0
    0
   85
    0
    0
  291
    0
    0
    0
    0
    0
    0
    0
    0
    0
    0
    0
    0
    0
    0
    0
    0
  101
   34
    9
    1
   81
   53
   71
    3
   20
    2
   16
   13
   21
    0
    0
    2
   32
    0
    0
   70
    5
    0
   72
   31
    0
   17
   13
    0
    0
    0
    1
    0
    0
    0
    0
    0
    0
    0
    0
    0
    0
    0
    0
    5
  152
    5
   96
   53
    0
    0
  208
    0
    0
   30
    0
   37
    0
    0
    7
    3
   47
   18
   25
   21
    0
    0
    3
   35
    0
    0
    0
  235
   50
    0
    0
    3
   28
  168
    0
    0
   15
    0
    0
    0
   15
    0
    0
   51
    0
    0
    0
    0
    0
    0
    0
  243
    0
    0
   28
    0
    0
    0
    0
    0
   55
  105
    0
    0
    0
    0
    0
   18
    0
    0
    0
    0
    0
    0
   62
    0
    2
    6
    0
   85
  385
  135
    0
    0
    0
   61
    0
    0
    0
    0
    0
  321
    0
  107
    0
  193
    0
  189
    9
   73
   41
    0
    0
    0
   24
    0
   15
    0
    2
    0
    0
    0
    0
    0
   38
    0
    0
    0
    0
    0
    3
    0
    0
   81
    0
    0
    0
    0
    0
   34
   51
   19
    0
    0
    0
    4
   14
   30
    0
   24
    6
    3
    0
    0
    0
    0
    0
    0
    0
    0
    0
    0
    0
    0
    0
    0
    0
    0
    0
    0
    0
    0
   48
   30
    3
   65
   41
    0
    0
    5
    5
  152
    0
    0
    0
    0
    0
    0
    0
    0
    0
    0
    0
    0
   36
   44
   40
    0
    0
    0
    0
  113
   14
    8
   61
    5
    4
    5
    0
    0
    0
    0
    0
    0
    0
    0
    0
   15
    0
    0
    0
    5
    0
    0
    0
    0
    0
    0
    1
    0
    0
    0
    0
    4
    0
    0
    0
    0
    0
    0
    0
    0
    0
    0
    0
    0
    0
    0
    1
    0
    2
    0
    0
    2
    1
    0
    0
    0
    0
    0
   41
    2
   38
    0
   32
    0
   20
    0
    0
    0
    0
   40
   20
    7
   11
   23
   18
   48
    0
    0
    0
    0
    0
    0
    0
    7
   14
    8
    3
    8
    0
    0
    0
    0
   21
   39
    0
    5
   20
   18
   29
   15
   24
    0
    0
    0
    6
    1
   23
    0
    0
    0
   19
    0
    0
   18
    0
    0
    0
    0
    0
   18
    6
   21
    0
    0
    0
    0
    0
    0
    0
    0
    0
    0
    0
    0
   28
   50
   78
    0
    0
    0
    0
    0
    0
   11
    3
   18
    6
    0
    2
    0
   29
   10
   20
    0
    0
    0
    0
    0
    0
    0
    0
   20
    0
    0
   13
   57
    0
    1
  115
    0
   15
   10
    0
   10
    0
    0
    0
   50
    1
    0
    0
    0
    0
    0
   28
    0
   34
   30
    4
    0
    0
    0
   30
    6
   20
   80
    0
    0
    0
    0
    0
    0
    1
    0
    6
    0
    0
   88
    0
    0
    0
   50
   43
    0
    0
    0
    0
  333
    0
    0
    0
    0
   20
    0
    0
    0
    0
    0
    0
    0
    0
    2
    0
    0
    0
   51
   90
    0
    0
  452
    0
    0
    3
    0
   30
    0
   20
    4
   35
   11
   98
   13
   78
    0
    0
    0
    0
    0
    0
   29
    0
   16
   82
   26
    0
    0
    0
    0
    0
    0
    0
    0
    0
    0
    0
    8
    0
    0
    0
    0
    0
    0
    0
    0
    0
  135
   12
    0
    0
    0
    0
    0
    1
    0
    0
    4
    0
    0
    0
    0
    0
    0
   91
   29
    0
   11
    0
   53
    0
    0
   36
    0
    0
    1
    8
    0
    2
    0
    0
    0
    0
    0
    0
    0
    0
   45
    3
   94
    0
    0
    0
   91
  178
    8
    0
   48
   86
   76
    2
   56
    0
    0
    0
    0
    0
    0
   16
    0
    0
    0
    0
    0
    0
   55
    0
    0
    0
   10
    0
   40
   38
   20
    8
   20
    0
    0
    3
    0
    0
    0
    0
    0
   13
    2
    6
    0
   10
    0
   71
    0
    8
    0
    0
   26
   30
   21
    0
    0
    0
    0
    5
    7
    6
    8
    1
    0
    0
    0
    5
    0
    0
    0
    0
    0
    0
    0
    0
    0
    0
    0
    0
    0
    0
    0
   58
   27
    0
    0
    0
   27
    0
    0
    8
    3
    6
   29
   16
    0
    0
    0
   31
    1
    0
    0
    0
    0
    2
    0
    0
    1
    0
    0
    0
    0
    6
  103
   62
    0
   13
    0
    0
    0
    0
    0
    0
    0
    0
   28
   41
    0
   62
  154
   13
    0
    1
    2
    0
    0
    0
    0
    2
    0
   27
    0
    6
    0
    0
    0
    0
    0
    0
    0
    0
    0
   85
   63
    3
    0
    0
    0
    0
    0
    0
    0
    0
    0
    0
    0
    3
    2
    0
    0
    0
    0
    0
    0
    0
    0
    0
    0
    0
    0
    0
   85
    5
    0
    0
    0
    0
    0
    0
    7
   36
    0
    0
    0
    0
   10
    0
    0
    0
    0
   41
   70
   69
   48
    0
    0
    0
    0
    0
   24
   18
    0
    0
    0
    0
    0
    0
   68
  168
    0
    0
    0
    0
    0
    0
    0
    0
   98
    0
    0
   68
    0
    0
   20
    7
   32
   45
   50
   25
   72
   12
    2
    3
    0
    0
   75
    0
   48
    0
   82
    0
    0
    0
    0
   90
   32
   80
  112
   56
    0
   69
   14
    0
  125
    0
    5
   25
    0
    8
    0
   13
    0
    0
    0
    0
    0
    0
   90
    0
    0
    0
   68
   62
   10
    0
    0
    0
    0
    0
    0
    0
    0
   38
    0
    0
    0
    0
   52
    3
   21
    0
    0
    0
    0
    0
  132
   58
   98
  175
    0
    0
    0
    0
    0
   62
   88
    0
    0
    0
   28
   35
    0
   75
   11
    0
    0
    0
    0
   64
    0
    0
    0
   13
    0
    0
    0
    0
   88
    0
    0
    0
    0
    0
    0
    0
   41
    0
  162
   26
    0
   13
    0
   15
    2
    0
    0
   23
    0
   20
    0
    0
    0
   35
    0
  341
   55
    4
    0
   20
   58
   70
  385
    0
   18
   40
    8
   16
   24
    0
    6
   22
   48
   32
    0
    5
    0
    0
    0
    0
    0
    8
    0
    0
    0
    0
    0
    0
    0
    0
    0
    0
    0
  111
    0
    0
    2
    0
   30
   15
   25
   15
    2
    0
    6
   30
   23
   38
    7
   28
   36
    0
   24
   36
    0
    0
    2
  100
   50
   14
    0
    0
    0
    0
    0
    0
   23
    8
   20
   20
   40
    4
   31
   12
    0
    0
    0
    0
   30
   43
   17
    0
    0
    0
    0
    0
    0
    0
    0
    0
    8
    0
    0
    0
   21
   14
    0
   20
   35
   15
    0
    0
   13
    8
    1
   12
    0
    0
    0
    0
    0
    0
    0
    0
    0
    0
   23
   23
    0
    0
    0
   40
   61
    0
    0
    0
    0
    0
    0
    0
    0
    0
    0
    0
    0
    0
    0
    0
   30
    0
    0
    0
    0
   65
    8
   80
   15
    8
    0
    2
  131
  243
    0
    0
    0
    6
   32
   39
   18
    3
    1
    0
    0
    0
   24
   68
   25
   38
   26
    0
   42
    0
    0
    8
    7
   15
  118
   54
   38
    1
    0
    2
   14
    0
    0
    1
    0
    0
    0
    0
    0
    0
    0
    0
   40
   49
    0
    0
    0
    0
  195
   62
    0
  242
    9
    0
    0
    0
    0
    0
    0
   45
    0
    0
    0
    0
    0
    0
    0
    0
    0
    0
    0
    0
    0
    0
    5
    0
    0
    0
    0
    0
   52
   88
    0
    0
    0
    0
  215
    0
    8
   32
    0
   25
  190
  187
    0
    0
    0
    0
    0
    0
    0
    0
    0
    0
    0
    0
    0
    0
    0
    0
    0
    0
    0
    0
    0
    0
    0
    0
    0
    0
   32
   12
    0
    0
    0
    0
    0
    0
    0
    0
    0
    0
    1
    1
    0
    0
    0
    0
    0
    0
    0
    0
    0
    0
    1
    0
    0
   45
   35
    8
    2
    0
   18
    0
  261
   25
   60
    2
    0
    0
    0
    0
    0
   13
    0
    0
    0
   11
    0
    0
    0
    0
    0
    0
   86
   60
   30
   26
    0
    0
    0
    0
    0
    0
    0
    0
    0
    0
    0
   18
    6
    1
    1
    0
    2
    0
   36
    0
   51
    0
    0
    0
    6
   14
    0
   10
  130
   12
    0
    0
   51
   32
   62
   21
   41
   20
    0
    0
    0
    0
    0
    0
    0
    0
    0
    0
    0
    0
    0
    0
    0
   16
    0
    0
    0
    0
    4
    0
    0
    0
    2
    0
    1
   72
   21
   32
    2
    0
    0
    0
    0
   26
   21
    7
    8
    0
    9
    0
    0
    0
    2
    0
    0
    0
   26
    0
    0
    2
    0
    0
    0
    0
    0
    0
    0
    0
    0
    0
    0
   18
    0
    0
    0
    0
    0
    1
   82
   60
   18
    1
   12
   24
    0
    0
   11
   55
   34
   18
   61
   48
   68
    0
    0
   21
   29
   28
   86
   53
   26
   64
    1
    0
    0
    0
    1
    1
    0
    0
    0
    0
    0
    0
    0
    0
    0
    0
    4
    2
   10
   71
    9
    0
    0
    0
    0
    0
    0
    0
    0
    0
   46
    0
    0
    0
    0
    0
    0
    0
    0
    0
    0
    1
    3
    0
    0
    0
    0
    0
    0
    0
    0
    8
    5
   48
   79
    0
    1
    2
    0
    0
   10
   28
    0
    0
    0
    0
    0
    0
    0
    0
    6
    5
    8
    4
    0
    0
    0
    0
    0
    0
    0
    0
    0
    0
    0
    0
    0
    0
    0
    6
   58
    0
    0
    2
    1
    0
    0
    0
    0
    5
    7
    0
    0
    0
    0
    0
    0
   28
    0
    1
    0
    0
    0
    0
    1
    2
   42
   15
    0
    0
  282
    0
   18
   17
   55
   39
   35
   36
   72
   73
    0
   50
    0
    0
    0
    0
    0
    0
    0
    0
    0
    0
    9
    0
    0
    0
    0
    4
    0
    0
    0
    0
    0
    0
    0
    0
    0
    0
    0
    0
    0
    0
    0
    0
    0
    0
    0
    0
    0
    0
   45
    4
    0
    0
   22
    0
    0
   49
    9
    0
    0
    0
   31
    0
    0
    0
    0
    0
  184
   11
    8
  145
    0
    0
    0
    0
    0
    0
    0
    0
    0
    0
    0
    0
    0
    0
    0
    0
    0
    0
    0
    0
    0
    0
    0
    0
    8
    0
    0
    0
    0
   56
   16
   27
    0
    0
    0
    0
   49
    0
    0
    0
    0
   15
    0
    0
    0
    0
    0
    0
    0
    0
    0
    3
    0
    0
   64
   16
   14
    0
    0
    0
   44
   34
   11
    0
    0
    0
    0
    0
    0
    0
   80
    3
    0
   43
   44
    0
    0
    0
    0
    0
    0
    0
    0
    0
    0
    0
    0
   16
    2
    0
    0
   72
    0
    0
    0
   67
    0
    0
    0
   31
    0
    0
   14
    0
    0
    0
    0
    0
    0
    9
   34
    4
   70
    9
    0
    0
    0
    0
   39
    0
    4
    0
    0
    0
    0
    8
   11
    2
    0
    6
   17
   12
   15
   24
    0
    0
    0
    0
    0
    0
    0
    0
    3
    1
    2
    0
    0
    0
    0
    0
   10
    0
    0
    0
    0
    5
    2
    6
   24
    0
   28
  204
    0
    0
    0
    0
    1
    1
    3
    0
    0
    3
    0
    0
    9
    0
    2
    0
    0
    0
    0
    0
    0
    6
    0
   32
    0
   13
   15
    0
   42
    0
    2
    7
    0
    0
    0
    8
    0
   14
   78
    8
    0
    0
    0
   45
    0
   10
    0
    0
   24
    0
   11
    0
    0
   12
    0
    0
    0
    0
  342
  135
    8
    0
    0
    0
    0
   14
    0
    0
    0
    0
    0
    0
   21
  113
   22
    8
    0
    0
    0
    0
   28
    0
    0
   31
    0
   11
   26
   14
   20
    5
   96
    0
   13
    4
    0
    0
    0
    0
    6
    0
   58
    6
    0
    0
    0
    0
   21
  102
   22
    0
    0
    0
  105
    0
    1
   12
    0
    0
    0
   23
    0
    0
    0
   21
    0
    0
  125
   79
    2
    0
    0
    0
    0
    0
    0
    0
    0
    0
    0
    0
   18
   42
   17
    2
    0
    4
   38
    3
    0
    0
    0
    0
  131
   24
   32
    0
   72
  288
    0
    0
    0
    0
   64
   56
   34
    0
   22
   21
    0
    0
    0
    0
    0
    0
   21
    8
   11
   38
   14
    0
    0
    1
    0
    2
    0
    7
   18
    2
    0
    0
    0
    0
  116
   89
    2
   24
    4
    0
    2
    0
   35
    0
    0
   36
    0
  165
   10
   25
    0
   20
  278
   36
   16
    0
    0
    0
   31
   57
   58
    2
   52
    0
    0
    0
    2
  158
    0
    0
    0
    0
  222
    0
    0
    1
    0
    0
    0
   22
  210
   10
   24
    0
    0
    0
    0
    0
    0
    0
    0
    0
    0
   52
   54
    0
   11
    0
    0
    0
    0
    0
    0
    0
    3
    0
    0
   98
    0
    0
    0
    0
  106
    0
    0
    0
    0
    0
    0
    0
    0
    0
    0
    0
    0
    0
    1
   26
    0
    0
    0
    0
    0
   54
    5
  161
   45
   36
    0
    0
    0
   15
   61
    0
    0
   96
    0
   68
    8
    0
    0
    0
    0
    0
    0
    0
    0
    9
   21
   23
   25
    0
    0
   21
    0
    0
    0
    0
    0
    2
    0
    0
    0
    0
   26
  124
    0
    0
    0
    8
    0
    0
    0
    0
    0
    0
    0
   15
    6
    0
   28
   11
    0
    6
    0
    0
    0
   28
   61
    0
    2
    0
    0
   12
    3
    0
    0
    0
    0
    0
    0
   85
    8
    0
    0
    0
    0
    0
   15
    5
    0
    0
    8
   17
    0
    0
   49
    6
    8
    0
    0
    0
    0
    8
    3
    0
    0
    1
   52
    0
    0
   14
    0
    0
    0
    0
    0
    0
    0
   32
    0
    0
    0
    0
    0
    0
    0
   15
    2
    0
    0
   19
    0
    0
    0
    0
    0
    0
   26
   15
    4
    5
   58
    5
    0
    6
   54
    0
    5
    6
   24
    0
    0
    0
    0
   13
    4
    4
   22
    0
    0
    0
    0
    0
    0
    1
    0
    0
    8
    0
    0
    0
    0
    0
    0
   62
    0
    0
    0
    0
    0
    0
    0
    0
    3
   64
  108
    0
    0
    0
    0
  339
   26
    0
   22
    0
   52
    0
    0
   11
    2
    0
    0
   32
  161
    0
   30
   32
    0
    0
    0
    0
    0
    0
    0
    0
    0
    0
    0
    0
    3
    0
   78
    0
    0
    0
    0
    0
    0
    0
    0
    0
    0
    0
    0
   21
    4
    2
   31
    0
   42
   40
   32
    0
    0
   59
    0
    0
   42
    0
    0
    0
   31
   60
   39
   34
    0
   41
    0
    0
    0
    0
    0
   20
    2
    5
    0
    0
    0
    0
    0
   34
    0
    0
    0
    0
    0
   51
    0
    1
    0
    0
    0
  172
  145
  222
    0
    0
    0
    0
    0
   11
    0
   18
    0
    0
    0
    0
   41
    0
    0
    0
   12
   14
    0
   29
  211
   62
   32
   26
    4
    0
    0
  112
   48
   21
    8
    0
   92
    8
    0
    0
    0
    0
    0
    0
   51
   34
    0
   87
    0
    0
    0
   12
    7
    2
   46
    3
    0
    0
   68
  171
    8
    0
    0
    0
    0
    0
    0
    0
    0
    0
    0
    0
   12
    0
    4
    6
    0
   16
    0
    0
   41
    0
    0
   14
    0
    0
    0
    0
    0
    0
    0
    0
    0
    0
    0
    0
    0
    0
    0
    0
    0
    0
    0
    0
    0
    0
    0
    0
    0
    0
    0
   20
    0
    0
    2
    3
   75
   55
    0
    0
    0
    0
    0
    0
   78
    0
    0
    6
   24
   55
   45
   28
   72
    0
    0
    0
   26
    0
    0
    0
   24
    0
    4
    0
   38
   42
  154
   12
    0
    0
    2
    5
    0
    0
    3
   55
   14
    0
   18
   23
    0
    3
    6
   73
    0
    0
    0
    0
    0
    0
   28
   17
    0
    0
   48
    8
   11
    0
    6
   21
   34
    3
    2
    0
    0
    8
    0
    0
    0
    7
   13
   96
   34
    6
    9
  148
    0
    0
    0
    0
    0
   15
    4
    0
    0
    0
    0
    0
    0
    3
   39
    0
    0
    0
    0
   22
    1
   62
    5
   66
   69
   24
   36
    0
   43
    6
   67
    0
   12
    4
    0
   26
   36
    0
    3
   46
   27
   49
    0
    0
    0
   62
    8
    8
   52
    0
    0
    0
    0
    0
    0
    0
    0
  181
   12
    0
    0
    0
    0
   29
   51
    8
  220
    0
    0
    0
    0
   22
   25
    0
    0
   16
    0
   16
    0
    0
    0
    0
   49
    0
    0
    0
    0
    0
    6
   66
    0
    0
    0
    0
    0
   19
   26
    0
  112
    0
    0
    0
    0
    0
    0
    0
    0
   55
    0
  151
   18
    0
    0
    0
   11
    6
    0
   17
    9
    0
    0
    0
    0
    0
    0
    0
    0
    0
    0
   71
   18
    0
    0
    0
    0
    0
    0
    0
    0
   68
    4
   59
    0
    0
    0
   16
    0
    0
    9
   61
   41
   12
    0
    6
    6
    8
   18
   86
   86
   18
    2
  222
    0
   31
   58
   18
    9
   16
    0
    0
    0
    0
   70
    2
    0
    0
    0
    0
    0
    0
    9
    0
    0
   49
    6
    3
    1
    0
    0
   45
    3
    3
    0
    0
    0
    0
  131
   24
    0
    0
    0
    0
  146
    0
    0
    0
    0
    0
    0
   11
    0
    0
    0
    0
   56
    5
  130
    0
    0
    0
    0
    8
    0
    0
    0
    0
    0
    0
    0
   13
    0
    0
    0
    0
    0
    0
    0
    0
    0
    8
   15
    7
   14
    0
    0
    0
    0
    0
    0
    0
    0
    0
    0
   14
    0
   44
   55
   14
    0
   56
   34
   15
   56
  206
   13
   11
    0
   28
    0
   26
   82
    1
    0
    0
    0
    0
    8
    0
    0
    6
    0
   34
    6
    0
    0
    0
   24
    0
    0
    0
    0
    0
    0
    4
   85
  138
   29
    0
   64
   56
   16
   16
   14
    0
    0
    0
    0
    0
    0
    0
    0
    0
    0
    7
   24
   28
    0
   24
   16
   14
   48
    6
    1
   32
    0
    0
    2
    0
    0
    0
    0
    2
    0
    0
    0
    0
    0
    0
    1
    6
    0
    1
   56
    1
    0
    0
   23
   26
   22
    1
  101
   29
   24
    6
    0
    0
    0
    0
   11
    3
    0
    0
    0
    0
    0
    0
    0
    0
    0
    0
    0
    0
    0
    0
    1
    2
    2
    1
   16
   22
    8
    0
   35
    0
    5
    3
    1
    0
    0
    0
    0
    0
    0
    0
   18
  112
    0
    0
    0
    1
    0
    0
   18
   19
    6
   12
    0
    0
   68
   36
  131
   19
    0
    0
    1
   19
    7
   11
    0
    0
    0
    0
    0
    0
    0
    0
   28
   14
    0
    0
   82
  311
    2
  136
  138
    8
    0
    0
    0
    4
    0
    0
    0
    0
   25
  126
    0
    0
    0
    0
    0
    0
    0
    0
    0
    0
    0
    0
    0
    0
    0
    0
    0
    0
   27
  152
    4
   25
    3
    2
    0
    0
    0
   21
    0
    2
    2
    0
    0
  207
    0
    0
   62
   58
    0
   29
    0
    0
   26
   14
   24
   41
   19
   18
   66
   78
   32
   45
  115
   13
   65
   24
    0
   36
    2
   18
    2
    0
   64
  251
    3
   24
    6
   34
    2
    3
   21
   16
   23
  114
    0
    0
    0
    0
    0
    0
    2
    0
    3
    0
    0
    0
    0
    0
   15
    0
    0
   14
    0
    0
    6
  110
    0
    0
    0
    0
    0
    0
   14
    4
   54
   11
    0
   36
    0
    0
    0
    0
   12
    5
  121
    6
    0
    0
    0
   37
   14
    0
    0
   11
   23
   14
    0
   32
    2
    1
    0
   16
    0
    0
    0
    0
    0
   14
    0
  118
    0
    0
    0
    0
   12
    3
    0
    0
    0
    0
    1
   86
    0
    0
    0
    0
   16
  165
    9
    0
   21
    0
    0
   34
    0
    0
    0
   17
   14
    0
    0
    1
    0
   21
    1
    0
    0
    0
    4
    3
    0
  152
   81
    0
    0
    0
    0
    0
    0
   21
   28
    3
    8
    2
    1
    0
    0
    0
    0
    0
   51
    0
    0
   16
   42
   26
    0
    8
   26
   28
   39
    8
    0
    0
    0
    0
    1
    0
    9
   45
   18
    0
    0
   32
    0
    0
   14
   28
   33
    0
    6
    2
    6
    0
    0
    0
   46
   18
   26
   74
   24
    8
    6
    8
    0
   12
   26
    0
   18
    0
   53
    8
   17
   13
   16
   53
    6
    0
    0
    1
    0
    5
   21
    0
    0
    0
    0
    0
    0
    0
    3
   12
    5
   31
    2
    0
    0
    3
   14
    0
    1
    6
    2
    6
    2
    8
   16
    5
    2
   13
   76
   24
    0
    0
    0
    0
   28
    0
   20
    0
    5
    0
    0
    3
  132
  121
   15
  156
    6
    9
   59
   96
   41
    8
    0
    0
    0
    0
   56
    3
    2
   91
    0
    0
    0
    0
    0
    0
    0
    0
    2
    5
    0
    0
    0
    0
    0
    0
    0
    0
    0
    0
    0
    4
    2
   11
    0
    0
   27
    7
    0
    0
    0
  385
   12
    2
   68
    9
    0
    0
    1
   28
    0
    0
    0
    0
    0
    0
    0
   55
   22
    0
    0
   56
    0
   58
    0
    0
   83
    5
   13
    4
   68
   53
   29
    0
    0
    0
    0
    0
  106
   74
    0
    9
   31
    0
    0
    0
    0
   21
    0
   19
    9
    0
   46
   53
    0
   86
    3
    0
    0
   11
    9
    0
    0
    0
   49
    5
    0
    4
   23
    0
    0
    7
    0
    0
    0
    0
    0
    0
    3
    5
    0
    0
    0
   42
    0
    2
   51
    0
   12
    0
   71
   54
   12
    5
    0
    0
    0
    0
   51
    0
    0
    0
    0
  278
    0
   15
   98
   46
    0
    0
    0
    0
    3
   22
    0
   26
   39
    6
   11
    8
    0
    8
    4
   23
    0
    0
    0
    0
    0
    0
    0
    0
    0
    0
    0
    0
   63
    0
    0
    0
    0
    0
    4
   99
    0
    5
    9
    3
    1
   58
   68
    0
    0
    0
    6
  231
   68
    0
    0
    0
   26
    0
    0
    0
   25
    0
    3
   38
   13
   38
   24
    0
   96
    0
   26
   38
   29
    2
   11
    2
   24
    0
    0
    0
  188
    3
   11
   28
    0
    3
    2
    0
    0
   49
   23
    0
    2
    6
   15
  122
    3
   55
    4
    0
    0
    0
    3
   38
    1
   62
    0
    9
   12
    8
   58
   69
    2
    0
   88
    9
    3
  184
   48
   19
   14
    6
  168
    3
    0
   99
    3
    0
  102
    8
    2
    3
   56
    6
    0
    0
    8
    0
   36
   12
    3
    0
    0
    3
   18
    0
    0
   14
    0
    2
   36
    8
    5
    1
    2
    0
    0
    0
    0
    0
    0
    0
    0
    0
    0
    0
    4
    2
    1
    2
    0
    1
    0
   10
   39
   48
    0
    0
    0
    0
    0
    0
    2
    0
    8
    0
    0
    0
    0
    0
    0
    0
    0
    0
    0
    0
    0
    0
    3
    0
    0
    0
    0
    0
   29
   49
    1
   44
    0
    0
    0
    0
    0
    0
   15
   21
    4
    0
    0
    0
    0
   82
    0
    0
    0
    0
    0
    0
    0
    0
    0
    0
    9
    0
    0
    0
    0
    0
    1
    0
    0
    0
   14
   21
    2
    9
    0
    0
   65
    0
    0
    0
    0
    0
    0
    0
    2
    0
    0
    0
    0
    1
    0
    2
   39
    1
   21
    0
    0
    1
   32
   49
   44
    0
    0
   94
   66
    0
    0
    0
    0
    0
   31
  250
    8
    0
    0
   44
  111
    5
    0
    0
    0
   68
    0
    0
    0
    0
    0
    0
    0
    0
    0
    0
    0
    0
    0
   22
   19
    1
   17
    1
  136
    0
   59
    0
    0
    1
    0
    2
   18
   14
    0
    1
   44
   11
    0
    0
    0
  206
    6
    0
  108
    0
    0
    0
    0
    0
    0
    0
    0
   48
   51
   36
    0
    0
    0
    0
    0
    0
    0
    0
   19
    0
    0
    0
    0
    0
    0
    0
    0
    0
    0
    0
    0
    0
    0
    0
    0
   51
    0
    0
    4
    0
    0
    0
    5
    0
    0
    0
   23
    4
    9
   30
    0
    4
    0
    0
    0
    0
    2
    0
    0
   14
    2
    0
    0
    0
    0
    0
    0
    0
    0
    0
    0
    0
    0
    0
    0
    3
   15
    0
    0
    0
    5
    0
    0
    0
    0
    0
    0
    0
    0
    3
  118
   82
    3
    2
    2
   28
   16
   32
    1
    1
    0
    4
    0
    3
    0
    0
    0
   18
   32
    0
    0
    0
    0
    0
    0
    0
    0
    0
    0
    0
    0
    0
    0
    0
    0
    0
    0
   22
    1
    1
    0
   31
   22
    2
    0
    6
    0
    8
    2
    0
    0
    0
   11
    5
    0
    0
    0
    0
    0
    0
    4
    6
   43
    1
    0
  133
   12
    3
    0
    0
   39
    0
    3
    1
    0
   36
    0
    0
    0
   21
    0
    0
   22
   16
    0
    0
    0
    2
    0
    9
    4
    7
   18
   17
    0
    2
    4
    0
    0
    3
    2
   46
    9
    0
   21
    0
    0
    0
    0
    0
    0
    2
    0
   27
    4
    0
   21
    3
    6
   24
    9
    0
   56
    9
    6
    4
    6
   93
    1
   15
    0
    0
    0
    0
    0
    0
    0
    2
    0
    0
    0
    0
    0
   11
    6
    5
    0
    0
    0
    0
    0
    0
    0
    0
    0
    0
   11
    0
    0
    0
   52
    0
   14
   49
   82
   12
   23
   29
   21
   22
    4
   49
    0
   28
    0
   14
    0
  128
  223
    0
    8
   25
   21
    0
  155
    0
   15
   82
   65
    4
   35
   15
    0
    0
    0
  275
    0
    0
    0
    0
    0
    0
    9
   15
    0
    5
    0
   82
    0
    8
    6
    0
    0
   52
  135
    0
    0
    6
   11
   26
   82
    0
  118
   15
    0
    0
    0
    0
   35
   72
   58
   95
    0
   22
    5
    1
    0
    0
    0
    0
    0
    0
   43
    0
    0
    0
   23
    0
    0
    0
    2
    7
    4
    3
    0
    0
    0
    0
    0
    0
    0
    0
    0
   41
   57
    2
    0
    0
    0
    0
    0
    0
    0
   36
   79
    0
    0
    0
    0
    0
    0
    0
    0
  122
    0
  172
  109
   24
    0
    0
    0
    2
    0
    0
    0
    0
    0
    0
    0
    2
    2
    1
  262
  334
    2
    8
    0
    0
   38
   10
    0
   20
    0
    0
    0
   23
    0
    0
    0
    0
   11
    8
    0
    0
    0
    0
    0
    0
    0
    0
   38
    0
    0
    0
    0
    1
    0
    0
    1
   56
    0
    0
    8
   92
   96
   21
    0
    0
   98
   10
   11
    0
    0
    0
    0
    0
    0
    0
    0
    0
    0
    9
    0
    0
    0
    0
    0
    6
   11
    0
    0
    0
    0
    0
    4
    1
    0
    0
    0
    0
    0
    0
    0
    0
    0
    0
    0
    0
    0
    0
    0
    0
    0
    0
    0
    0
    0
    0
    0
    0
    0
    0
    0
    0
    0
   48
    1
   18
    0
    0
    0
    1
    0
    0
    3
   16
   69
   55
    4
   16
    2
    1
    0
    0
    0
    0
   62
    0
    1
    2
    1
    8
    0
    0
    0
    0
    0
    0
    1
    1
    0
    0
   26
   64
    6
    5
   31
    2
    0
    0
    0
    0
    0
    9
   14
    1
    9
    0
   24
    1
   11
    0
    1
    0
   24
   96
   18
   39
    0
   18
    0
    3
    0
   35
   21
    2
    3
    0
   11
   21
    0
    1
    6
   24
    3
   44
    1
    4
   98
   14
   34
   19
   92
    0
    0
    0
    0
    0
    0
    0
    0
    0
    0
    0
   36
    0
   37
   49
    0
    0
    0
    0
    0
    2
    0
    0
    0
    0
    0
    6
    6
    0
    0
    0
    0
    0
    0
    0
    0
    0
    0
    0
    0
    0
    0
    0
   17
    0
    2
    0
    0
    0
    0
  168
  183
   13
   61
    0
    0
    0
    0
    1
   64
    0
    0
    0
    0
    0
   73
    0
    0
    0
    0
    0
    0
    0
    0
    0
    0
    0
    0
    0
  138
    2
    0
    0
    0
   62
   81
   16
   19
    0
   28
   16
   53
    6
   13
    0
   76
   48
    0
   58
    0
   32
    0
   31
   45
    0
    0
    3
   18
   83
    0
   23
    0
    1
    0
   89
  106
    7
   12
    9
    0
    0
    0
    0
   14
    8
    0
    0
    0
    0
    0
    0
   51
   28
    0
    0
   22
    0
    8
    0
    0
   12
    0
   76
   51
   13
    0
    0
    0
    0
    0
    0
    0
    0
    0
   18
  145
  103
   34
   66
   18
    0
    0
    0
    0
    0
    0
    0
    8
   96
    9
    0
    0
  334
    0
    0
  102
   28
    0
    0
   41
  115
   31
   48
    5
    6
   21
    0
   11
    0
    0
    0
    0
    0
    0
    0
    0
    2
    1
    0
    0
    0
    0
    0
   11
    0
    0
   18
    0
  286
    0
   18
  112
    5
   28
   21
    0
   14
  202
    0
    0
    0
    3
    2
    0
   25
   11
    0
    4
   31
    2
    0
   12
   22
    0
    9
    0
    3
   22
    6
   62
    6
   93
    6
    0
    0
    0
    0
    0
    0
    0
    0
    0
    9
    0
   34
   11
    0
    5
   54
    4
    0
    0
    0
    0
    0
    0
    0
    0
    0
    0
    0
    0
    0
    0
    0
    0
    0
    0
    1
    0
   44
    0
    0
    0
    2
  226
   44
    6
    0
    0
    0
    0
    0
    0
    0
    0
    0
    0
    0
    0
    0
    0
    2
    0
    3
    0
    0
   31
    0
   31
   12
   46
    0
   18
    6
    0
    0
    0
    0
    0
    2
    1
    9
    0
   18
   66
   38
   21
   22
    8
    5
   12
    3
    9
    3
   36
    9
    2
    9
    2
    0
    0
    0
    0
    0
    3
    0
    0
   31
   39
    4
    0
    0
   18
    0
   58
    8
   28
    0
    0
    0
    4
    0
   47
   13
    8
    0
    0
    0
    1
    0
    0
    0
    0
    0
    0
   19
    6
    6
    0
    0
    0
    0
    0
    0
    0
    0
    0
    0
    0
    0
   17
    0
    7
    0
    0
    0
    0
   16
    0
   39
  181
    0
   19
    0
    0
    0
    0
    0
    6
   81
   38
    4
    8
    7
   12
    4
    0
    0
    6
   68
   11
    0
    0
   13
    0
    0
   45
    4
    2
   28
    0
    0
    0
    0
    0
    0
    6
    0
    6
   15
   46
   21
   16
    6
   12
   21
    0
    0
    0
    0
    0
    0
    0
    0
    0
    0
    0
    0
    3
    0
    0
    0
    0
    0
    0
  171
   22
    0
    0
    0
    0
   25
    0
    0
    0
    0
    0
    0
    0
   55
    3
    0
    4
   14
   39
    4
   42
   61
   33
   36
   13
    3
    0
    2
   16
   19
    0
    5
    2
    0
   46
   29
    0
    0
    0
   51
    0
    0
    0
    0
   64
    0
   41
   63
    4
    1
    0
    0
   11
    3
    0
    0
    0
    0
    1
   76
   26
    0
    0
    0
  135
    0
   65
   69
    0
    0
   13
    0
    0
    0
    0
    8
    0
    0
    0
   14
    0
    8
    0
    0
    2
   52
   41
    0
   75
    0
    0
    5
    0
  114
    0
    0
    0
    0
    0
    0
    0
   34
    0
  105
    0
    0
   13
    0
    3
    4
    0
    0
    0
    0
    0
    0
    0
   36
    0
    0
    0
    0
    0
    0
    0
    0
    0
    0
    0
    0
    0
    0
    0
    0
    0
    4
    1
    0
    6
    2
    1
    0
    0
    1
    1
    0
    1
    1
   11
    0
    0
    0
    0
    0
    0
    0
    0
    0
    0
    0
    0
    0
    0
    1
    0
    2
   38
    3
   28
    3
    2
   25
    0
    0
    3
    2
    0
    0
    1
   18
   11
   38
   88
   39
    5
    2
    0
    0
    0
    0
    0
    1
    0
    2
    0
    0
   34
    0
    5
    0
    0
   34
   11
    0
   93
    0
    2
    4
  148
   52
   23
   12
    0
    0
    0
    0
    0
    5
  148
   39
   13
    0
    0
    0
    0
   49
    3
    0
    0
    1
    0
    0
   18
    0
    0
   18
   39
   31
   58
    3
   55
   15
    4
    0
    0
    0
    2
   26
   18
    0
    0
    0
    0
    0
   42
    0
    0
    0
    5
    3
   11
   21
   88
    0
    0
    0
    0
    0
    0
    0
    0
   28
   55
    0
    0
    0
    0
    0
    1
    0
    0
    0
    0
    0
    0
   56
   14
  131
    0
    5
   48
    0
    0
    0
    8
    5
    0
    0
    0
    0
    0
    6
   52
    6
   22
   88
    0
    0
    0
    0
    8
    4
  163
   36
    0
   56
   53
    0
    0
    8
    9
   42
  106
    8
    2
    0
    0
    0
    5
    5
    2
    0
    0
    3
   16
   41
   55
   82
    8
    0
    0
    0
    0
    0
    0
    0
   41
    0
    0
  281
   18
    2
   12
    0
    0
   25
   61
   12
    0
    0
   34
    0
    0
   35
    0
    0
  162
    0
    0
    2
   25
  102
  128
    0
   34
    1
  101
  126
  105
  171
   36
    3
    0
    0
   91
   11
    0
    0
    0
    0
    0
    0
    0
    0
    0
    0
    0
   31
    0
    0
    0
    0
    0
    0
    0
    0
    0
    0
   25
   81
    1
    5
    2
   55
    0
    0
    0
    0
    0
    0
    0
    0
    0
    0
    0
   71
   68
   36
   21
    0
    0
    0
    0
    0
    0
    0
    0
    0
   21
    0
    0
    0
    0
    0
   74
   54
   48
  100
    0
   36
    0
    0
   11
  181
   46
    0
    6
  151
    0
    0
   56
    0
    0
    0
    3
    4
    0
    0
   32
    0
    0
   45
    0
    0
    0
    0
    0
   18
   12
    1
  165
   48
  101
   18
    0
    0
    0
    0
    0
    0
    0
    0
    1
    0
    0
    0
    0
    0
    0
    0
    0
    0
   38
    0
    0
    0
    0
    0
    0
    0
    0
    0
    0
    0
   22
   58
   43
  228
    5
    0
    0
    0
    0
   31
   18
    0
   14
    5
    0
    0
    0
   12
    1
    0
    1
    0
    0
    0
    0
    0
    0
    0
    0
    0
    0
    0
    0
    0
    0
    0
    0
    0
    0
    0
    0
    0
    0
    0
    1
    0
    0
    0
    1
    4
    0
    0
    0
    0
    0
    0
    0
   52
    4
   32
   26
   32
    2
   21
    0
   12
    1
    5
    0
    6
   72
  182
  112
   12
  233
  101
    0
   26
   96
    0
    2
   68
   32
    3
   12
   33
    0
    0
   12
    4
    0
    1
    0
    0
    2
   24
    2
    1
   19
   12
    0
   52
    3
    0
    0
    0
    0
    0
    0
    0
    0
    1
   48
    0
    4
    0
    0
   38
    6
   92
    0
    2
   56
    2
  145
   42
    0
    0
    0
    0
    0
   61
   69
   19
   26
    0
    0
    0
    0
    0
    0
    0
    0
    0
    0
    0
    0
   18
    6
   18
   24
   36
    0
    0
    0
   36
   35
   15
    6
    0
   10
    0
    6
    0
    0
    0
    0
   46
   14
    0
    0
    0
    2
    0
    8
    0
    0
    0
    0
    1
    0
    0
   75
   28
    0
    0
    0
    0
    0
    0
    0
    0
    0
    5
    0
   22
  253
   15
    3
    1
    0
    0
    0
   55
    0
   39
    0
    0
    0
    0
    0
    0
    0
    4
    0
  108
    0
    0
    0
    0
    2
    0
   14
   18
   42
   69
   38
   78
    0
    7
   22
    0
    0
    0
   14
   24
   58
   54
   72
  204
    4
    0
    8
    2
    0
    0
   54
    0
   58
    0
    0
   48
    0
    0
    0
    0
    0
    5
    0
    0
    0
   12
   93
    0
    0
    0
    0
    0
    0
    0
   54
   32
   98
    0
   18
   16
   28
   51
    0
   43
    0
   21
    3
    9
   31
   32
   32
   42
   18
    4
   58
    6
    0
    0
   21
    0
    0
   93
   88
    0
    0
    9
    0
  176
    0
    0
    0
    0
   11
    0
    3
    0
    2
    2
   25
    0
    0
    0
    0
    0
    0
   42
    9
   46
    0
    4
    0
    0
    0
    4
   39
    0
    0
    0
  112
    2
    0
    0
   88
  218
   63
    0
    0
    0
    0
    0
    0
    0
    0
    0
    0
    0
    0
    3
    0
    0
    0
    2
    4
    0
    5
    6
   22
   19
    0
    0
    0
   15
   52
   24
    0
    0
    0
    0
    0
    0
    0
    0
   52
   12
    0
    0
    0
    0
    0
    0
    0
   22
   21
   31
   34
    0
    0
    5
    0
   32
   72
   34
   14
    9
    0
   15
   69
    0
    0
    0
    0
    0
    0
    0
    0
    0
    0
    1
    0
    0
    0
   19
    0
    0
    0
    0
    0
   56
   98
    8
    6
   62
   22
    2
    0
    0
    8
   22
    0
    0
    0
    0
    0
    8
   35
    6
   33
    6
    0
    6
    4
    0
    0
   22
    0
    0
    0
    2
   11
    2
    0
    0
    0
    0
   39
    3
   29
   11
    0
    0
   41
    0
    0
    0
   28
   21
    4
    0
    0
    6
    0
    8
   16
    2
    2
   78
    0
    0
    0
    0
   22
   18
   20
   18
    6
    0
   36
   44
  135
   12
   14
   52
   11
   14
    3
    0
   16
    0
   33
   48
    2
    0
   34
   12
    5
   22
    0
   18
    8
    3
   15
    0
    0
   52
   48
    0
   32
   58
   25
   22
    2
    0
    0
   38
   55
    0
    0
    0
    0
    0
    0
    4
   34
    0
    0
   18
   16
    0
    0
    0
    1
    0
    0
   14
    0
    0
    0
    0
    0
    0
    0
   16
    0
    0
    8
    0
    0
    5
    0
    0
    0
    0
    0
    0
    0
    0
    0
    0
    0
    2
   88
    6
    8
    9
    0
    0
    0
    0
    0
    0
    0
   32
   81
    0
    2
   12
    0
    0
    0
    6
  196
    0
    0
   59
    0
   42
    0
    0
    0
    0
    0
    0
    0
    2
    0
    0
   88
    2
    5
    0
   10
   12
    1
    0
   28
   25
    0
   42
    0
    0
    0
    6
    2
    0
    0
   34
    0
  131
    8
    5
   32
   14
   23
    0
    0
    0
    0
   12
   46
    0
   32
    0
    0
   34
    0
    0
    0
   12
   89
    0
    0
    0
    0
    0
    0
    0
    5
    0
    0
    0
    0
    0
    0
    0
   11
   14
    0
   12
    0
    5
   40
   74
    0
    0
   66
    5
    0
   10
    5
    8
    0
  162
    0
    0
    0
    0
    0
    8
   11
   12
    1
    0
    4
    3
    0
    0
    0
    0
    0
   13
   54
   23
    0
    0
    3
    0
    0
    0
    0
    0
    0
   12
   20
    0
    0
   11
    0
   24
   23
    0
    4
    7
    4
    3
   11
    1
    0
    0
    0
    0
    4
   20
    0
    0
    0
   13
    2
    1
    0
    8
    0
    0
    0
    0
    0
    0
    0
    0
    0
    0
   36
  121
   62
    0
    0
   20
    2
    0
    0
    1
   14
   52
    0
    1
   24
    0
   29
  208
   39
    3
   64
   45
    0
   24
    1
   66
   16
   18
   58
    0
    0
    0
    0
    0
   12
   38
  231
    4
    3
    0
   26
    0
    3
    0
    4
    0
    0
    0
    0
   29
    0
    0
   15
   56
   26
   24
    3
    0
   28
    0
    6
    0
    0
    0
    0
    0
    0
    0
    0
    0
    0
    0
    0
    0
    0
    0
    0
    0
    0
    0
    0
    0
    0
    0
    0
    0
    0
    0
    0
    0
    0
   58
    8
    5
    0
    3
    0
   15
   32
   24
    0
    0
    1
    4
    5
   15
    3
   15
    0
   19
    0
    0
    0
    0
    0
    8
    0
    0
   68
    0
    2
    0
    8
   81
   38
    0
    0
    0
    0
    2
    4
   59
    0
    0
    0
    0
    0
    0
    0
    0
    0
    0
    3
    0
    0
    8
   23
    0
    0
    0
    5
    0
    1
    0
   23
   12
   11
    1
    9
   23
   78
    0
    0
    0
    3
   23
   73
    0
    0
    0
    0
    0
    6
    0
    1
    0
    0
    0
   81
   69
   33
    0
    2
    0
    0
    0
    0
    0
    0
    0
    0
    0
    0
    0
    0
    0
    0
    0
   66
    0
    0
   33
   34
   14
    0
    2
   63
    0
    0
    0
  162
    0
    0
    0
    0
    0
    0
    0
    0
    0
    0
    0
    0
    0
    0
    0
  253
    0
   46
    6
    5
  108
   11
    0
    0
    0
    0
    0
    2
    0
    0
    0
    4
    6
    0
    0
    0
   11
    0
    0
    0
    0
   31
  303
    0
    4
    2
    0
    0
    5
    0
    4
    0
   32
    0
    0
    2
    1
    0
    0
    0
    0
    0
    0
    0
    0
    0
    0
    0
    0
    0
    0
    3
    0
    0
   31
    5
   59
   66
    0
    0
    0
    3
    0
    0
    0
    0
    0
    0
    0
    0
    0
    0
    0
    2
   51
   54
   18
    0
    0
    8
    0
    0
    0
    0
    2
    1
   16
    0
    0
    0
    5
    0
   16
    0
    0
    0
   58
   43
   48
   21
    8
    0
    0
    0
   24
   11
    0
    0
    0
    0
   15
    0
    0
    0
    0
    0
    0
    0
    0
   19
   16
   15
  168
   18
   38
    0
    0
  156
   21
   15
    0
    0
    0
    0
    0
    0
    0
    0
    0
    0
    0
    0
   96
   48
    0
    0
    0
   31
    0
    0
    0
    0
    0
    0
    0
    0
   18
    6
    0
    0
    6
    0
    1
   16
   89
   21
   36
   22
   64
    0
    0
   46
    0
  112
   16
   14
    0
    0
    0
    0
    0
    0
    0
    1
    1
    0
    3
    2
    0
    0
    1
   11
    0
    0
    0
    0
    0
    3
    0
    0
    0
    0
    0
    0
    2
   36
    0
   38
   33
    0
    0
    0
    0
    0
    0
    4
    0
    0
    0
    0
    0
   24
    0
   26
    3
    0
   38
   48
   25
    0
    0
    0
    0
    0
    0
    0
    0
    0
    0
   96
   65
  138
   30
    0
    1
    2
    0
    8
    0
    0
   10
   13
    0
    0
    0
    0
    0
    0
    0
    0
    0
    0
    0
   18
    0
   11
    3
    0
    0
    4
    3
    0
    0
    0
    1
   36
    0
    0
    0
    0
    0
    0
   36
  106
    0
    0
   21
    1
    0
    0
    0
   58
    0
    0
    0
   41
   98
   24
    1
   14
    0
    0
    0
    0
    0
    0
    0
    0
    0
    0
    1
    0
    0
   10
    0
    0
    0
    0
   45
    0
    0
    0
    0
    0
    0
    0
    0
    0
    0
    0
    1
    3
    0
    0
    0
  116
    8
    0
    0
    0
    8
  128
   68
  382
    0
    4
    0
    0
    0
    0
    0
    0
    0
   30
    0
   12
    1
    0
    0
    0
   61
    0
  115
   15
    0
    0
   34
    0
   38
    2
    0
    4
   39
   38
    0
    0
    0
    0
    0
    8
    0
    0
    0
    0
    0
    0
    0
    0
    0
    0
    0
    0
    4
    0
    0
    0
    0
    0
    0
   28
    0
    0
    0
    0
    4
    0
    0
    0
   21
    0
   23
   49
   69
    0
   49
   85
    0
    0
    0
    0
    0
    0
    0
    0
    9
  282
   55
   59
   22
   62
    5
    8
    4
   15
   45
  105
   42
    0
    0
    0
    0
    0
   21
   11
    8
    0
   22
    3
   48
    6
    8
    0
    0
    0
    0
   28
   39
    0
    0
   35
    0
    0
    0
    0
    0
    0
    0
    0
    0
    0
    0
    0
    0
    0
    0
    1
    0
    0
    0
    0
    0
    1
    0
   58
   34
    2
    0
    0
    0
   25
   42
   25
    6
    0
    0
    0
   11
    1
    0
    0
    1
    0
    0
  194
   28
   24
    4
    0
   18
   92
    0
    0
    0
    0
    0
   59
   19
    0
    0
   12
   35
    0
    0
    0
    0
    0
   58
   79
   42
    0
    4
    0
    0
    0
    0
    4
   52
    2
    6
    0
    0
    0
   22
   32
    0
   68
    0
   11
   12
   18
   21
   10
    0
    0
    0
    0
    0
   16
   22
   29
    0
    0
    0
    0
    0
    0
    0
   11
    9
    0
    0
    5
    0
    0
    0
    0
    1
    0
    0
    0
    0
    0
    0
    2
    0
    2
    4
   45
   38
    0
    2
    8
    0
   32
    1
    0
    0
    0
    0
    0
    5
    0
    0
    0
    0
    0
    0
    0
    0
    0
    0
    0
    2
    0
    0
    0
    0
    0
    0
    0
    0
    9
    0
    0
    0
   46
    3
  156
    0
    0
   18
    0
    0
    0
    0
    0
    0
    0
   68
    8
    0
   68
    0
    0
    6
    8
    0
    0
    0
    0
    0
    0
    0
    0
    5
    0
   42
   12
    0
    0
    5
   18
   22
    0
    0
    3
    4
   81
   16
   25
    3
    0
    0
   18
    0
    0
    3
   21
   43
    0
    5
   54
   21
   19
    7
    0
    0
    0
    0
    0
   18
    4
    9
    0
    0
    0
    0
    0
    0
    0
    0
    8
    5
    0
    0
    0
    0
    0
    4
    3
    5
    0
    0
    0
    0
  158
   42
   20
   21
    0
   89
    3
    2
   28
   11
  121
  133
    0
    5
    0
    0
    0
    0
    0
    0
    0
   15
    0
    0
    0
    0
   16
   18
    0
    0
    0
    0
    0
    0
    4
    0
    0
   35
   11
    0
    0
    0
    0
    0
    4
    0
   28
    0
    0
    0
    0
    1
    3
   28
    0
   25
    0
    0
    0
    0
    0
   32
    0
    0
   74
    0
    0
    1
    0
    0
    0
    0
    0
    0
    0
    0
    0
    0
    0
    0
    6
    0
   26
    0
    0
    0
    0
    0
    0
    0
    0
   49
    0
    0
    0
    0
    0
   55
    0
    0
    0
    5
    1
    0
    0
    5
   12
    5
    0
    0
    0
    0
    0
    0
    0
    0
    0
   11
    1
    0
    0
    2
   50
    6
    0
    4
    0
   24
    0
   34
    0
    0
    0
    0
    0
    0
    0
    4
   13
   54
    6
   38
   39
   13
   35
   15
    0
   58
    0
   13
    2
    0
    0
    0
    0
    3
    0
    0
    6
   25
    0
    0
    0
    0
    0
    0
    0
    0
    0
    0
   16
    0
   22
    1
    2
    0
    0
    0
    0
    0
    0
    0
    0
   46
   21
   81
    0
   68
   58
   25
   22
    3
   42
   12
    0
    5
    0
    0
    0
    0
    0
    0
   68
    4
    0
    5
   24
    0
    0
    6
    2
    4
    0
   16
    0
    4
   85
    0
    0
    0
    0
    0
    0
    2
    0
    0
    4
    0
    2
    0
    0
    1
    0
   35
    5
    0
    0
    0
   12
    0
    0
   16
   28
   15
   16
    6
    1
    0
    6
   16
   10
    0
    0
    0
    0
    0
    0
    0
    0
    2
    0
    0
    0
   71
    0
    0
    0
   21
   19
   86
  115
    6
    6
   26
    0
    0
   18
   11
   52
   35
    0
  173
   81
    0
   12
   11
    0
    5
    0
   76
   13
   16
    4
    0
    2
    0
    0
    0
    0
    0
    0
    1
    0
    5
   15
    0
   18
    1
    0
    0
    0
   41
    0
    1
   44
    6
    0
   54
    0
    1
   69
    0
    0
    0
    0
   34
   10
   64
   45
   75
    0
    0
    0
    0
    0
    0
    0
    0
    0
    0
   41
    0
    0
    0
    0
    0
    0
    0
    0
    0
    0
    0
  333
   76
   12
  236
    8
   14
   48
    5
   52
    0
    0
    0
    0
    0
    0
   42
    2
    0
    0
    0
   18
    0
    0
    0
    0
    0
    0
    0
    0
   23
  282
   58
  313
  121
    0
    0
    0
    0
   39
    0
    5
   33
    0
    0
   11
    0
    0
    0
  635
   25
    0
    0
  106
    0
    0
    0
    0
   25
    4
    0
    0
   15
    0
    0
    0
    0
    0
    0
    0
    0
   11
   18
    6
    0
    0
   10
    0
    0
   56
    0
    0
   41
   23
    0
    0
    0
    0
    0
    0
  286
    5
    4
    6
    8
   11
    4
   24
    0
    0
    0
   35
    0
    0
   22
    0
    0
    0
    0
    0
    0
    0
    0
    3
   42
    0
    0
    0
    0
    0
    0
    0
    0
    0
   82
  122
   14
   26
    0
    5
    0
    6
    0
    0
    0
   24
    0
    0
    0
    0
    0
    0
   32
   19
    0
   82
   88
   16
    8
   62
    0
    0
    0
   22
    0
    0
    3
    0
    0
    0
    0
   22
   52
    5
    8
    2
   24
    0
   11
    6
   18
    0
   56
   54
   16
   34
   35
   11
   15
    2
    0
    0
    0
   12
    0
   60
    0
    0
   69
    0
    0
    4
   46
   22
   15
    0
    0
    0
    0
   13
   31
   50
    5
   10
    0
    0
    0
    0
    0
    0
    0
    0
    0
    0
    0
    0
    0
    0
   32
    2
    0
    0
    0
   82
  133
    2
    0
    0
    0
   12
    0
    0
    0
    0
   88
    0
   32
   16
   13
    3
   52
    0
    0
    0
    0
    0
    0
    0
   11
   35
    0
    3
    3
    0
    0
    0
    0
    0
    3
   31
    0
   13
   31
   83
   21
   12
    0
    2
    3
    0
   12
    0
    0
    0
    2
    3
    2
   12
    0
    0
    0
    0
    0
    0
    0
    5
   32
    8
    0
    8
    0
    0
    0
   15
    0
    0
    5
    1
    3
    2
    0
    0
    0
    0
    0
    0
    0
    0
    5
   19
    0
    0
    0
    0
    0
    0
   34
    0
    0
    0
   36
   38
    0
    0
    0
    0
    0
    0
    0
    0
    0
    0
    0
    0
  102
    0
    0
    0
    2
    0
    0
    0
    0
    0
    0
   58
    2
    4
    0
    0
    0
    0
   22
  219
    0
    0
    0
    0
  208
   36
    0
    0
   32
   12
    0
   65
  198
    0
    0
  135
    0
    0
    0
  139
  198
  103
    0
   19
    6
   30
    5
    0
   11
    0
    0
    0
    0
    8
    0
   21
   62
    9
    0
    0
    0
    0
    0
    0
  281
    0
    0
    0
    0
   28
    6
   59
    0
   28
   90
  148
   43
   30
   42
    0
    0
   44
   12
    0
   16
   56
   44
   19
    0
   69
   55
    0
    0
    0
    0
   20
    0
    0
   22
   25
   87
    0
    0
    0
    0
    0
    2
    0
    0
    0
    2
    0
  196
    0
    0
    0
    3
    0
    8
    0
   36
    3
    0
   51
   34
   46
   17
    0
    0
   14
   14
    2
   61
   14
  119
    0
   45
   14
    0
    0
    0
    0
    9
    0
    0
    3
    0
    0
    0
    0
    0
    0
    0
   32
    0
    0
    0
    3
    0
   22
    0
   16
    0
    6
    2
    6
   16
    0
    0
    0
    0
    6
    0
    8
   88
   28
    0
    0
    0
    0
    0
    0
    0
    0
    0
    0
    9
    4
   69
   54
    9
    4
    0
    3
    0
    5
  108
   54
   11
    0
    0
   12
    3
    8
   28
    0
    0
    0
    0
    0
   28
    0
    0
    0
   12
    0
    0
    0
    0
   16
   26
    0
   28
    0
   28
   46
   49
    3
    8
    3
    0
    9
   82
  142
   21
   28
    4
   66
   56
    3
    0
   24
   22
   51
    0
   34
   63
    8
   16
    6
    9
    5
    0
    6
   12
   21
   11
    0
    0
   15
    0
    0
    2
    4
    0
    0
   26
    0
   29
   35
   39
    6
    4
   25
    9
    0
    0
    4
    3
    0
    0
    0
   35
    2
   25
   43
   16
    2
    0
    0
    0
    0
    0
    0
   12
    9
   66
   28
   26
    0
    0
    0
   59
    7
    9
   36
    0
   11
    0
   26
    0
    0
    0
    0
   36
   69
  156
  294
   36
   36
   56
   39
   25
    0
   35
   29
    6
   28
   21
    0
    0
    2
    0
    6
   15
    6
    3
   32
    0
    0
    0
    0
    5
   58
  183
  418
   66
    0
    0
    0
   34
    0
    0
    0
    0
    0
    0
    0
    0
    0
    0
    0
    0
   33
    0
    0
    0
   21
   68
    0
    0
    0
    0
    0
    0
    0
    0
    3
    6
   66
    0
  215
  329
    3
    6
   29
  128
   50
    5
   78
    3
    0
    0
    0
    0
    0
   21
    0
    8
   83
    0
    0
    5
    0
    6
    0
    0
    0
    0
    0
   24
    0
    0
    0
    0
    0
    0
    0
    0
    0
    0
    0
    0
   88
    0
    0
    0
    0
  119
  158
    0
  138
    0
    0
    0
    0
    0
    0
    1
    1
    0
    0
    0
    1
    0
    0
    0
    0
    0
    0
    9
    0
    0
    0
   53
    0
  143
    0
    0
    0
    2
    0
   24
    0
    0
  132
   39
   18
   18
    0
    0
    0
   76
  133
    0
    0
    0
    0
  103
   32
   20
    0
   39
   52
    0
    0
   54
    0
    1
    0
    0
   15
  204
    3
  108
    0
  131
    0
    2
    0
   63
   38
    0
    0
    5
    0
    0
    0
    0
    0
    0
    0
    0
    2
    0
    0
    0
   16
    0
  118
   10
   18
    0
    0
    0
   18
    0
    0
    0
    0
    0
    0
    0
    0
    0
    0
    0
    0
   29
    4
    0
    5
    2
   23
    0
   24
   15
    6
    0
    0
    0
    0
    0
    4
   18
    5
    0
    0
    1
    0
    0
   18
   11
    4
   96
    0
   62
    0
    0
    0
    0
    0
   19
   59
    0
    4
    0
    2
    0
    0
    3
    3
    1
    0
    0
   18
    0
   21
    0
  112
   18
   21
    0
   14
    0
    0
    0
    0
    3
    0
    0
    0
    0
   28
    8
   18
   48
    6
    5
    2
    8
    5
    1
    0
    0
    1
    9
   38
    8
   36
   11
    0
    0
    0
    0
    0
   60
   18
    0
   28
   54
    6
    0
   28
   36
   38
    0
   46
   21
    0
   28
    9
    0
   22
    0
    0
    0
  192
    0
    9
   21
   24
   16
    0
   41
   18
   19
   14
   16
    0
   24
    0
    0
    9
   28
    0
   15
    0
    0
    6
    0
    0
    3
    0
    0
    0
    0
    0
    0
    0
    0
    0
    9
    0
   26
    0
   21
    6
    5
    0
    0
    0
   26
    4
   51
   38
   24
    0
   56
   42
    0
    0
    3
    0
    0
    2
    0
    5
   81
    8
   19
    0
    0
   34
   19
   42
  114
   54
    0
    0
    0
    0
   18
   54
   46
   11
    0
    0
    0
    0
    0
    0
    0
    0
    0
    0
    0
   36
    8
    0
   96
    8
    0
    0
   19
   39
  132
    0
    0
    0
    0
    0
    0
    0
    0
   96
    0
    0
  166
   20
  306
  132
   13
   14
   45
    0
   12
    0
    0
    0
    3
    0
    2
    3
    0
    4
   15
   24
    0
    0
  136
   25
    5
   14
    0
    0
    0
    0
    0
    0
    0
   81
    0
    0
    0
    0
    0
    0
    0
    0
    0
    0
    0
   28
    6
   46
    6
   28
    0
    0
    0
   48
    0
    0
    0
    0
  125
  201
    0
    0
    0
    0
    0
    0
    0
    0
    0
    0
    0
    0
    0
    0
    0
   53
    4
    0
   54
    0
    0
    0
    0
    0
    0
    3
   38
    1
    5
   38
   68
   64
    4
  146
   68
    0
    5
    6
    0
    0
   19
   16
    0
    0
    6
   26
    0
    0
    0
    0
    0
    0
  256
  182
    0
    0
    0
    0
    0
   56
   89
   35
   16
   40
   23
    0
    3
    0
    2
    0
    0
    0
    0
    0
    0
    0
    0
    0
    0
    0
    3
    2
    0
    9
    0
    0
    0
    0
    2
    0
    0
    8
    3
    0
    0
   81
  115
   43
    4
    0
   48
   48
   13
    8
    0
    0
    0
    0
    0
   53
   13
    6
    0
    4
    0
    0
    0
    0
    0
    0
    0
    0
    6
    5
    0
    0
    0
    0
    4
    2
    1
    0
    0
    0
    0
    6
    2
    3
    0
    0
    0
    0
   21
    2
   62
    0
   28
   62
   11
    0
    0
    0
    0
    0
    1
    0
    2
    0
    0
    0
    0
    0
    0
    0
    0
    0
    0
    0
    0
    0
    0
    0
    0
    0
    0
    0
    0
    0
    0
    0
    1
   26
    0
    0
    0
    0
    0
    0
    8
   13
    8
    7
    0
    0
    0
    0
    0
    0
   12
   26
    3
   26
   32
    9
   52
    4
   74
    6
   23
    1
    0
    0
    0
    0
    0
    0
    4
    1
    3
    0
    2
   41
    0
    0
    0
    1
    2
    1
    0
    0
    0
    0
    0
    0
    0
    0
    0
    0
   52
    0
    0
   20
    0
    0
    0
    9
    2
    0
    0
   39
    0
    0
    0
    0
    0
    0
    0
   81
    3
    2
    0
    0
    0
    0
    0
    0
    0
    0
    0
   21
   20
    0
    0
    0
   38
    0
    0
    0
  156
    0
    3
    0
   53
  113
   69
   38
    3
    4
    9
    0
    0
   34
    0
   76
   18
  151
   14
   45
    6
   16
    0
    0
   12
   14
    0
    0
    0
    0
   36
   84
    2
    0
    0
    0
    0
    1
   89
    0
   10
    0
    0
    0
    0
    0
    0
    0
    0
    3
    0
    6
    0
    0
    0
    0
    0
    4
   51
   12
   14
    0
    0
    0
   69
   41
  102
  352
    4
    0
   72
  126
    0
    0
    0
    0
    0
    0
    0
    0
    0
    0
    5
    0
  152
    0
    0
    6
    0
   18
    0
    0
    0
    0
    0
    0
    0
   16
    0
    0
    0
  132
   58
   12
    0
   62
    0
    0
    0
    0
    0
    0
    0
   28
   15
    5
    0
    2
   63
    0
    0
   12
    0
    0
    0
    0
    3
   46
    0
    0
   22
   14
    6
  102
   58
   14
    0
    0
   18
    0
    0
    0
   89
    0
    0
    4
   19
    0
   16
    8
   28
    0
  172
   23
    0
   14
    3
    0
    0
    0
    8
    3
    0
    0
    0
    0
    5
   81
   18
    0
    0
  122
   58
    0
    0
    0
    0
    0
   14
    0
    8
    1
   19
   49
    0
    0
    0
   14
    0
   68
    0
    0
   21
    0
   28
   64
    0
   18
    3
    2
   81
   36
    9
    0
    0
   12
    0
   20
   61
   14
   12
   46
    5
    0
    8
    0
    0
    0
    0
    0
    0
    0
    0
    0
    0
   56
    0
   12
    0
    9
    8
  186
    8
    0
    0
    0
    0
    0
    2
    0
    0
    8
    2
    0
    0
    1
    0
    9
    0
    0
    0
    0
    0
    0
    0
    0
    0
    0
    0
    0
    0
    0
   26
    9
    0
    3
   12
    8
   73
    0
    0
    0
    6
    0
    5
    0
    0
    0
   19
   71
    0
    0
    0
    0
    4
   46
   12
   14
    0
    9
    0
    6
   62
   28
    0
    8
    0
    0
   38
   69
   88
    0
    0
    0
    6
    0
    0
    0
    3
    0
    0
    0
    0
    0
    0
    0
    2
   39
  108
    0
   16
   44
   18
   29
    0
   62
    0
    0
    0
   68
    8
   11
    3
    0
    0
    0
   12
    3
   41
    0
    0
    0
    0
    0
   22
    0
    0
    6
    0
    0
    0
   41
    5
    0
    0
    0
    0
    0
   55
   12
    6
   12
   14
   11
    0
    0
    8
    0
    6
  102
    0
    0
   12
    6
    0
    0
    0
   12
    0
    0
    0
   59
    0
    6
    5
   39
   59
    0
    0
   17
   28
   13
    0
    0
    5
    0
    0
    0
    0
    0
    0
    0
    8
    0
    0
    0
    1
   35
   31
    0
    0
    0
   52
    0
    0
   15
    9
    0
   22
    0
   24
   59
    0
    3
   25
    3
   16
    0
   21
    0
    0
    0
    0
    0
    0
    0
    0
    0
    0
  202
   53
   89
  212
   56
  182
  272
   26
  291
    0
   19
    0
    0
    0
    0
   17
  122
    3
    0
    0
    0
    0
    0
    0
   52
    0
    0
    0
    0
    0
    0
  224
    0
    0
   22
    3
    0
    0
    0
    0
    0
    0
   86
    0
   96
   21
    0
    0
    0
    0
    1
    1
   48
    9
    0
    0
   13
    0
    0
   25
   36
    0
    0
    0
    0
    0
    0
    0
    0
    0
    0
    0
    0
    0
    0
    0
   24
    3
   16
    3
    2
    0
    0
    0
   21
   29
   31
   32
   82
    0
   23
    0
   58
    0
    0
    0
    0
    8
    0
    0
    9
    3
   18
   11
    0
    0
    0
    0
    0
    0
    0
    0
    6
   15
   28
    0
    0
    0
    0
    0
   14
    0
    0
  112
    0
    0
    0
    0
    0
    0
    0
    0
    0
    0
    0
    0
   19
    0
   21
   90
  152
   84
    0
    0
   56
   26
    0
    3
   46
   48
   36
   24
   88
    6
    1
    0
    9
    8
   52
   42
    0
    0
   24
   36
    0
    0
   11
    0
    0
    0
    0
    3
   25
    8
   10
   14
   35
    6
    0
    0
    0
    0
    0
    0
   22
   46
    0
   26
   31
   43
    9
   12
    7
   14
    0
    0
    0
   23
    0
    0
    0
    0
    1
    0
    0
    0
    0
    0
    0
    0
    0
    0
    0
    0
    0
    0
   16
    0
    0
    0
    0
    0
   36
   18
   26
    1
    0
    0
   26
    0
   28
   21
   48
   36
   24
    3
   34
    0
    0
    0
    3
    0
   59
    0
   26
    8
    3
    6
    5
    0
   36
    0
    0
    0
    0
    0
    0
    0
    0
    0
   68
   62
   31
    0
    0
   12
   16
   32
   26
    9
   51
    3
    0
    0
    0
    0
    0
    0
    0
   11
   23
    0
    0
    0
    6
    8
   38
    9
    8
    0
    0
   18
    4
    0
    3
    0
    0
    0
    0
    0
    0
    0
    0
    0
    0
    0
    0
    0
    0
   32
   63
    4
    0
    6
    3
    0
    2
    0
   69
    2
   98
   56
   82
    0
    0
    0
    0
   99
    0
    0
   68
    0
  108
    0
    0
    0
    6
   54
    5
    4
    0
   39
    0
   46
   24
  124
    0
    8
    0
    0
   56
    0
    0
   24
   51
   31
    0
    0
   23
   36
    6
   94
   26
  108
    0
    6
    2
    0
    0
    0
    0
   15
    0
   16
   42
    0
   53
  128
   13
   22
   73
    0
   16
    0
    0
    0
    0
    0
    0
    0
    0
    0
    0
    8
    0
    0
    0
    0
    0
    0
    0
    0
   39
   38
   42
   40
    4
  258
    3
   15
   26
    0
    3
    0
    2
  132
    0
  108
    0
    0
    0
   58
    0
    8
   82
   11
  111
   34
  192
   94
   15
    0
    0
    0
    0
    0
    0
    0
    3
    0
    0
    0
    3
  122
   64
    6
    9
    0
    0
  114
    0
    0
    3
   14
   36
    0
   34
    0
    0
   19
    0
    0
    2
    0
    0
   88
   68
   36
    0
   42
  108
   38
   24
   92
   96
   29
    0
   26
   18
   28
    0
    8
   71
   29
    0
    0
    0
   82
    6
   22
    3
    0
    8
    0
    0
    0
    6
    0
    0
   11
    0
    0
    0
    5
    0
    0
    0
    5
    0
    2
    0
    0
    0
    0
    0
   32
   18
   12
   15
    0
    0
    5
    0
    0
    0
   26
    0
    0
    0
    5
   16
    0
    0
    0
    0
    0
    0
   29
    4
    0
    0
   22
   11
   14
    0
   15
    0
    6
   11
    0
    0
    0
    0
    0
    0
    3
   19
    0
    0
   18
   21
   16
   12
    3
    1
    9
    5
    5
   54
    0
   38
   24
   56
    0
    8
    0
    0
    0
    0
    0
    0
   96
    3
    4
   32
    0
   60
    4
   81
    5
   26
    4
    0
    4
   62
   39
   26
   24
   27
    4
    0
    0
    0
    0
    0
    0
    0
    0
    0
    0
    0
    5
   21
    3
    2
    0
    0
    0
    0
    0
   68
    8
    0
    0
    0
    0
    0
    0
    6
    4
   90
    4
    0
    0
    0
   16
    6
   58
   32
    4
   26
    4
    0
    0
    0
   20
    0
    0
    8
    0
    0
    0
    0
    0
    0
    0
    0
    0
    0
    0
    0
    9
   52
    0
   56
  236
   24
   22
   26
    0
   22
    0
    0
    0
   72
   64
   26
    0
    0
    0
    0
    0
    9
    0
   56
    0
   10
  128
    4
    0
   28
   24
    0
   32
    0
   32
   15
    0
    0
    0
    0
    0
  269
   56
    0
   69
   62
    0
    0
   11
    0
    0
    0
    0
    0
   38
    0
    0
    0
   15
  136
  198
    9
    0
    0
    0
    0
    0
   46
   36
    4
    0
    0
    0
    0
   41
    0
   42
    6
    3
    0
    0
    0
    0
    0
    0
    0
    0
    0
    0
    0
    8
    0
    0
   31
   18
  256
    3
    0
    0
  128
    8
   28
   12
   24
    0
   39
    0
    0
    0
    0
    0
   46
    0
    0
    0
    8
   25
    0
    0
    0
    0
    0
   26
    0
    0
    0
    0
    0
    0
    0
    0
    0
    0
    0
    0
    0
   61
    0
    0
    0
    2
   12
   34
    0
    0
   29
    3
   26
    0
    0
    0
    5
   11
    0
   15
   42
    0
   24
    0
    0
   25
    0
    0
    0
    0
    0
    0
    0
    0
    0
   10
    0
    0
    0
    0
    9
    8
    0
    6
  114
    0
    0
    0
    0
    0
   80
  163
   82
    0
    0
   14
    9
    0
    0
    0
   62
   58
    7
    0
    0
    0
    0
    9
    0
    0
    0
    0
    0
   38
    6
   38
    0
    6
   29
   23
    0
    0
    0
   11
   43
    3
    4
    0
    2
   13
    0
    2
    0
    0
    0
   12
   14
    5
  178
   42
   11
   12
    0
    0
    4
    0
    0
   20
    0
    3
    0
    4
    2
    0
    0
    0
    0
    0
    0
    4
    9
   16
    0
   26
   18
    9
    0
    2
    0
    0
    0
    6
  138
   16
   14
    0
   35
    0
    0
    0
    0
    0
   30
    4
   21
    0
   11
   28
   11
   16
   15
    1
   22
    3
    6
   11
   14
    0
   59
  171
    0
    0
   15
   13
    4
   23
   14
   18
    0
    0
    0
   21
   61
   48
   17
   34
   33
   86
   22
   21
   35
    0
    0
    0
    0
    0
    0
   38
    6
    0
   29
   51
   22
   52
    3
    2
    0
    0
   25
    0
    0
    5
    0
    0
    0
    0
   12
    0
   22
    3
    0
    0
  119
   16
    0
    0
    0
    0
    0
    0
    0
    0
    0
    0
  105
   16
    0
    0
    0
    0
    0
    0
   27
    0
    0
    0
    0
    0
    0
    0
    0
    6
    5
   16
   37
   69
   86
    0
    0
   16
    0
    0
    0
   20
    2
    0
    0
    0
   52
   16
   72
    0
   32
    0
    0
    6
   65
    0
    0
    0
   45
    0
    0
    0
    0
    0
    0
    8
   15
   52
   29
   12
    0
    0
    0
    0
    0
   21
   12
   58
   82
    0
   28
    6
   18
   12
    5
    0
    2
   66
    0
    0
    0
    0
    0
    0
   12
   99
    0
   21
    0
    5
    6
    0
   59
    0
    0
    0
   82
    0
    0
    0
    0
   22
   12
    0
   48
    0
    0
    0
    0
    0
    0
   32
    7
   61
  235
   68
    0
    0
    0
    0
    0
   20
    0
    4
    0
    0
   56
   16
   51
    0
   18
   32
    8
    0
    0
    0
    0
   28
   32
    0
   15
   28
    0
    0
    0
    0
    0
    0
    0
    0
    0
    0
    0
    0
    0
    0
   76
    0
    0
    0
   52
   48
   99
    0
    8
   14
    6
    0
    4
    5
    0
    0
    0
    0
    0
    0
    0
    0
    0
    0
    4
    5
   69
   16
    0
    0
    0
    0
    0
   28
    0
    0
    6
    0
    0
    0
    0
    0
    6
    5
   66
    0
    0
   25
    0
    9
    0
    0
    0
    0
    0
    0
    0
    0
   46
    0
    0
    0
    0
    0
    8
    0
    0
    1
    0
    0
   27
    5
    0
    0
   26
   32
    0
    0
    0
    0
    0
    0
    0
    0
   49
   32
   45
    0
    0
    0
    0
    0
   16
    0
    0
    0
   60
   11
    0
    0
    0
    8
    0
    0
    0
    0
    0
    0
    0
    0
    0
    0
   16
   46
   16
   15
    3
    0
   42
    0
    0
    0
   16
   17
   14
   58
   48
    0
    0
    0
    0
    3
    0
    0
   12
    0
    0
    0
    3
   11
    0
    0
    0
    2
   89
    4
    1
    0
   18
    0
    0
   11
    0
   28
   78
    0
    0
    0
   42
    0
   12
    8
  112
    0
    0
    2
   11
  125
   51
   16
    0
   48
    0
  132
  136
  128
    0
    0
    0
   19
   38
    0
    0
    0
   10
   18
    6
    9
   12
   16
    0
   10
    0
    0
    4
    2
   48
   10
    0
   12
    0
    5
    1
    0
    0
    0
   72
    0
    8
    6
    0
    0
    0
    0
    0
   15
  141
   84
    0
    0
    0
    0
    0
    0
    0
    0
   68
   11
    9
   15
    0
    0
    0
    0
    0
    0
    0
    0
    0
    9
    0
    0
   12
    5
   55
   64
    0
    0
    0
   53
   15
    6
    6
    2
    0
    0
    0
    0
    0
    4
    8
    0
    0
   16
   84
    0
    0
    0
    0
   41
   16
    0
   46
    0
    0
    0
    0
    0
    5
  505
  209
   46
    5
    0
    4
   33
   24
  186
   52
    0
    0
   18
    0
    0
    0
    0
    0
    0
    0
    0
    0
    0
    0
   62
    0
    0
  134
   69
   11
   30
    3
    0
    0
    0
    0
    8
    9
    0
    0
    0
    0
    0
    1
   36
   14
    0
    0
    0
    9
    0
   16
    0
    0
    0
   24
    0
    5
   29
   11
   50
    8
   64
   82
   26
    8
   23
    4
   33
    6
    0
    0
    0
    0
   56
    4
    0
    0
    0
   28
    0
    0
   13
   22
    0
   28
   27
    0
   25
    0
    0
    0
   43
    5
    0
    0
    0
    0
    0
    0
    0
    0
    0
    0
    0
    0
   39
    9
    0
    8
    5
    0
   14
    3
    8
    0
    0
   50
    0
    0
    0
    0
   11
   58
   24
    8
    0
    0
   52
    0
    8
    0
    0
    0
    9
   13
    0
    0
   19
    0
    0
   19
   22
   23
   19
   23
    0
   31
    6
    0
   26
   45
   33
    0
    0
    0
    0
   18
   21
    0
    4
    2
    1
    0
    0
   12
    8
   38
   39
    0
    0
    8
    0
   21
   28
   56
    6
    3
