Station: Dueben/Mulde, Bad , scaling_factor: 10.0, latitude:  51.5937, longitude:  12.5748, altitude:  89, nodata_value: -9
start: ..1969-01-01  end: ..2001-12-31
  175
   60
    0
    0
    0
    0
    0
    0
    0
    0
    0
    0
   10
    0
    0
    0
    0
   15
    0
    0
   15
  140
   14
   15
   46
    0
    0
   35
    0
    0
    0
    0
   24
    0
    8
    0
    0
   31
    0
    5
    6
    0
    0
   20
   10
  225
   38
    0
    0
    0
   13
    0
    0
    0
    4
   36
    0
    0
    0
    0
    0
    0
    0
    0
    0
    0
    0
    0
    0
   53
   64
  128
    0
   43
    0
    0
    0
    0
    0
    0
    0
    3
    1
    2
    3
    0
    6
    4
    0
  108
    0
    0
    0
    0
    0
    0
    0
    0
    0
    0
   90
   54
    8
    4
  108
   58
   86
   38
    0
    0
    6
  120
   23
   60
    0
    0
   45
   46
   68
    2
   32
    0
  233
   60
    0
    0
   18
    0
    0
    3
    0
    0
    0
    0
    0
    0
    0
   23
    8
  140
   78
    0
    0
    0
    0
  136
    0
    0
    0
  106
    3
  164
    2
   70
    0
    2
   45
    0
    0
    0
    0
    0
    0
    0
   14
    0
    0
    0
   16
   32
   18
    0
    0
    0
  140
    0
    8
   40
   53
   68
    0
    0
    0
    0
    5
    0
    0
    3
   26
   18
   10
   38
    2
    0
    0
    0
    0
    0
    0
    0
    0
    0
    0
    0
    0
    0
    0
    0
    0
    0
    0
   20
    0
    0
    0
    0
    0
  108
    0
    0
    0
    0
   88
    0
   54
   55
   63
   29
  165
    0
    0
  261
    0
    1
    1
    0
   68
   22
   57
    2
  253
  195
    0
    0
    0
    0
    0
    0
    0
    0
    0
    0
    0
    0
    0
    0
    0
    0
   20
    0
    0
    0
    0
    0
    5
    0
    0
    0
    0
   12
    0
    0
    4
    0
   88
   13
    0
    0
    0
    0
    0
    0
    0
    2
    0
    0
    0
    0
    0
    0
    0
    0
    0
    0
    0
   91
    2
   10
    0
    0
    0
   26
   20
   28
    0
    0
    0
   31
    0
    0
   43
   14
   30
    0
    0
   10
    0
    4
    0
    0
    0
   13
   27
   27
    0
    5
    6
   32
    0
   51
   16
    0
   22
    3
    0
   20
   80
    0
    0
    0
    0
   10
    0
    0
    0
    0
    0
    0
   35
    2
    1
   37
    6
    0
    0
    0
   12
    0
    0
    0
    0
    0
   18
    3
   36
   14
   40
   50
   11
   92
    0
    0
    0
    6
    0
    0
    0
    0
    0
    0
   25
    0
    0
    0
    0
    0
    0
    0
    0
    0
   30
   70
   16
    0
    6
    0
    0
  130
   15
    0
    0
    0
    0
    0
   12
   76
   14
    5
   30
    0
    0
   16
   10
    8
   26
   18
   38
  133
   57
   27
    0
   35
   45
   35
   56
   70
    4
   75
  164
   20
    0
    0
    0
    0
    0
    0
    0
    0
   13
    6
   48
   23
    8
   42
   60
    0
    0
    3
   15
    2
   12
   60
    0
    0
   20
    0
   12
   10
    0
    0
   20
    8
    0
  165
    0
    0
    0
   16
    0
    0
   76
    0
    0
   20
   23
    3
    0
    0
   23
   25
   34
    0
    0
   49
   66
   80
   33
    0
    0
    0
    5
    0
    0
    0
    0
   48
  120
    0
    0
    0
    0
    0
    0
   30
    0
   43
   14
    9
    0
    0
   92
  222
    9
   89
   67
   95
    0
    0
    0
   26
    0
    0
    0
    0
    0
   68
    0
    0
    0
    0
    0
    0
    0
    0
    0
    0
    0
  102
    6
    5
    0
    0
    0
   70
  123
    0
   61
   14
    0
   10
    0
    0
    0
    0
    0
    0
    0
    0
    0
   45
   26
   20
    0
    0
   41
   48
    0
    0
    0
   15
   62
    0
    0
    0
   12
    0
   76
  230
    0
  363
    0
    0
    0
    0
  230
    3
   25
   15
    0
    0
    2
    0
   87
   14
    0
    0
    0
  241
    0
    0
   15
   18
    0
    0
    0
    0
    0
    0
   50
    0
   50
    0
    0
   17
    0
   75
    0
   27
  102
    3
    5
    0
    0
    8
    0
    0
    0
    0
    0
    0
    0
    0
    0
    0
    0
    0
    0
   99
   19
  130
   59
   46
    0
    0
    0
    0
    0
    0
    0
    0
    0
    0
    0
    0
    0
    0
   62
   16
   44
   51
    0
   75
    0
   26
    5
  165
    0
   36
   16
    0
  135
   73
    4
   60
   85
    0
    0
   45
   20
   53
    8
    0
   55
    0
    2
    3
   24
    0
    0
   50
   25
    0
    0
    0
    0
   10
    0
   68
    0
   18
   58
   65
   49
   10
    0
   13
    0
    5
    7
    0
    0
    0
    3
    0
    0
    0
    0
    0
    0
   20
    9
    3
    0
    0
    0
    0
   65
    0
   66
    0
    0
    0
    0
    0
    0
    0
    0
    0
    0
    0
    0
    0
    0
    0
   21
   24
    0
    0
   20
    0
    0
    0
  102
    0
    0
    4
   44
   65
    0
    0
    0
    5
    0
   17
    7
    3
    5
    5
   10
    3
    0
    0
   10
   13
    0
    0
    0
    4
    0
    0
    0
   36
   20
   28
   33
    3
   11
   11
   38
   13
    0
    0
   35
    0
    0
    0
    0
   23
   23
    0
   16
    0
    0
    0
    0
    0
    0
    0
    0
    0
    8
    0
   20
   40
    0
    0
    0
    0
    0
   22
    0
    0
    0
    0
    5
    0
    0
    0
    0
    0
    0
    0
    0
    0
    0
    0
   68
    0
    0
   41
    0
    0
    0
  191
   18
   34
    4
    0
    0
    0
    0
    0
    0
    0
    0
    0
    0
    0
   34
    0
    0
    0
  253
   50
    0
    0
    0
  121
    0
  163
    0
    0
   13
   22
    0
   54
    0
    0
    4
    0
    3
    0
    0
    0
  328
    0
   26
    0
   86
   32
   41
    0
    5
    0
    0
   34
   42
    8
   26
   23
   62
    7
   28
    0
    0
    0
  132
    0
  134
   56
   54
    0
   56
    0
    0
    0
    0
    0
    0
    0
    0
    0
    0
    0
   57
    0
    0
    0
    0
    0
    0
    0
    0
    0
   16
    0
    0
    0
    0
    7
    0
    0
    0
    0
    0
    0
    0
    0
    0
   12
   14
    0
    0
    0
    0
   68
    0
    0
    0
    0
    0
    0
  208
  200
   17
    0
   31
   60
   10
    0
    0
   20
   20
    0
    0
    0
    0
    0
    0
    0
    0
   91
    0
    0
   15
    0
    0
   14
    0
    0
   70
    0
    0
    0
    0
   20
    0
   77
    0
    0
  133
    0
    0
    0
    0
    0
    0
    0
    0
    0
    0
    0
    0
    0
    0
   82
   68
    0
    0
    0
    0
    0
   17
    0
   13
    0
    0
    0
    0
    0
    0
    0
    0
    0
    0
    0
    0
    0
    0
    0
    0
   13
    0
    7
    0
   10
    0
    5
    7
   40
   74
  112
    3
    0
   45
    0
   24
   10
   15
    5
    0
    0
    0
    0
    0
    0
    0
   15
   10
   12
   25
    6
   76
   48
  105
  140
    0
    0
    0
    0
    0
    0
   45
   52
   31
   34
   40
    0
    0
    0
    0
    3
    0
   28
    0
    0
    0
    0
    0
    0
    0
    0
    8
    0
    0
    0
    0
    0
    0
    0
    0
    0
    0
    0
    0
    2
    0
    0
    0
    0
    0
    4
    0
    0
    1
    0
    0
    0
    0
    0
    0
    0
    0
    0
    0
   39
    0
    0
    0
    0
    0
    0
    0
    0
    0
    8
    0
    0
    0
    0
   20
    0
    3
    0
    0
    0
    0
    0
    0
    0
    0
   66
    0
    0
  286
    0
    0
    0
    0
    0
    0
    0
    0
    0
    0
    0
    0
    0
    0
    0
    0
   53
   30
   17
    0
  118
   15
   27
    3
   24
    0
   50
   35
   23
    0
    0
   44
    0
    0
    0
   17
    0
    0
   55
   52
    0
   29
    0
    0
    0
    0
    0
   18
    8
    0
    0
    0
    0
   26
    0
    0
    0
    0
    0
   62
   98
    0
    0
   15
    0
    0
  177
    0
   33
    8
    0
    3
    0
    0
   28
   29
   80
   29
   62
   20
    0
    0
    0
   33
    0
    0
    0
   41
   95
    0
    0
   36
  100
  198
    0
    0
    0
    0
    0
    0
   11
    0
    0
   68
   31
    0
    0
    0
    0
    0
    0
   57
    0
    0
    0
    0
    0
    0
    0
    0
   82
   78
    0
    0
    0
    0
    0
    0
    0
    0
    0
    0
    0
   10
    7
    0
    0
    0
    0
   79
  377
  244
    3
    0
    0
    8
    0
    0
    0
    0
    0
   26
    0
   92
    0
   36
    0
  265
   25
    4
  108
    0
    0
    5
   10
    0
    0
    4
    7
    0
    0
    0
    0
    0
   55
    0
    0
    0
    0
    0
    0
    0
    0
  123
    0
    0
    0
    0
    0
   33
   35
    0
    0
    0
    0
   37
   34
   17
   15
   32
   25
   34
    0
    0
    0
    0
    0
    0
    0
    0
    0
    0
    0
    0
    0
    0
    0
    0
    0
    0
    0
    0
   33
   24
   23
   98
   14
    2
    0
    6
    0
  128
    0
    0
    0
    0
    0
    0
    0
    0
   13
    0
    0
    0
   33
   20
   42
    0
    0
    0
    0
   73
    8
    3
   39
    8
    6
   13
   32
    0
    0
    0
    0
    0
    5
    0
    0
   25
    0
    0
    0
    3
    0
    0
    0
    0
    0
    0
    0
    0
    0
    0
    0
    0
    0
    0
    0
    0
    0
    0
    0
    0
    0
    0
    0
    0
    0
    0
    0
    0
    4
   15
    8
    6
    7
    0
    0
    0
    0
    0
   45
   20
    2
    0
    3
    0
   15
    0
    0
    0
    0
   55
   70
   10
    6
   24
   40
   18
    0
    0
    0
    0
    0
    2
   24
   14
   19
   13
   31
    0
    0
    2
    0
    0
   57
    2
    2
   10
   15
   66
   44
    6
   18
    0
    2
    0
   17
    0
    0
    0
    0
   10
   22
    0
    0
    5
    5
    0
    0
    0
    0
   15
    7
   14
    2
    0
    0
    0
    0
    0
    0
    0
    0
    0
    0
    0
   43
   58
   18
    0
    0
    0
   16
    0
   29
   70
   23
   49
    0
    0
    0
   16
   32
   15
    8
    0
    5
   19
    0
    0
    0
    0
    0
   11
   48
    0
   25
   35
    0
    1
  140
    5
    9
   53
    0
    4
    0
    0
    0
   50
    0
    0
    0
    0
    0
    0
  103
    0
    6
   35
    0
    0
    0
    0
    0
    0
    4
  212
   34
    0
    0
    0
    0
    3
    8
    0
    6
    0
    0
   64
    0
    0
    0
   20
    0
    0
    0
    0
    0
   73
    0
    5
    0
    0
   25
    0
    0
    0
    0
    0
    0
    0
    0
   23
    0
    0
    0
   39
   30
   35
    0
   92
   23
    0
   17
    0
   12
    0
   17
   24
   22
   24
   71
   85
  116
    0
    0
    0
    0
    0
   12
    0
    0
    0
   80
   22
    0
    0
    0
    0
    0
    0
    0
    0
    0
    0
    4
   15
    0
    0
    0
    0
    0
    0
    0
    0
    0
  162
    5
    0
   12
    0
    0
    0
    0
    0
    0
   33
    0
    0
    0
    0
    0
    0
    0
    0
    0
   32
   46
   25
    0
    0
   72
    0
    0
    0
   20
    0
    0
    0
    0
    0
    0
    0
    0
    0
    0
   30
   24
   80
    0
    0
   42
   45
  111
   28
    0
  102
  101
   61
   36
   54
    0
    0
    0
    0
    0
    0
    0
    0
    0
    0
    0
    0
   80
    6
    8
    3
    0
   37
   11
   32
   35
   31
   10
   26
    0
    0
   15
   20
    0
    0
    0
   41
    6
    5
   25
   12
   37
    0
    3
    2
   54
   36
    7
   21
  118
   25
    3
    0
   28
    2
   14
    3
   33
   34
    3
    0
    0
    0
    0
    4
    0
    0
    0
    0
   28
    0
    0
    2
    0
    5
    0
    0
    0
    0
   54
   67
    0
    0
    0
   12
    0
    0
   23
   17
   14
   23
  165
    0
    0
    0
    0
    0
   24
    0
    0
    0
    0
    0
    0
    1
    0
    0
    0
    0
    0
  118
   16
   29
   18
    0
    0
    0
    0
    0
    0
    0
    0
    5
   46
    0
   37
  162
   43
    0
    0
    2
    0
    0
    0
    0
    0
    0
   25
    0
    8
    0
    0
    0
    0
    0
    0
    0
    0
   18
   32
  104
    3
    0
    0
    0
    0
    0
    0
    0
    0
    0
    0
    0
    0
    0
    0
    0
    0
    0
    0
    0
    0
    0
    0
    0
    0
    0
    0
   68
    3
    0
    0
    0
    0
    0
    0
    2
   21
    0
    0
    0
   27
    0
    0
    0
    0
    0
   10
   28
   68
    0
    0
    0
    0
   78
   28
    6
   47
    0
    3
    0
    0
    0
   14
   98
   25
    0
    0
    0
    0
    0
    0
    0
    0
   78
    8
    3
    7
    0
    0
   12
   63
   40
   14
   32
   28
   34
   58
    0
    0
   17
    0
  159
    0
   44
    0
   78
   32
    0
    0
   72
   24
   85
    0
   30
  178
    6
   68
   47
    6
   55
    0
    0
   66
   19
   47
    0
    3
   12
    0
    0
    0
    0
    0
   28
    0
    0
    0
   70
   68
   22
    0
    0
    0
    0
    0
    0
   10
    0
   16
   23
    0
    0
   25
   31
   21
   95
   18
    0
    0
    0
    0
   91
   27
   13
  258
    0
    0
    0
    0
    0
    0
  152
    0
    0
    0
    0
   17
    0
   58
   32
    0
    6
    0
    0
   18
    0
    0
    0
   15
    0
    0
    0
    0
    9
    0
    0
    0
    0
    0
    0
    0
   24
   15
  126
    0
    0
    0
    0
   26
    4
    0
   12
   11
    0
   26
    0
    0
    0
    0
    0
  210
  165
   10
    0
   34
  110
  102
  407
    0
   25
   84
   21
   45
   46
   14
    3
   35
  308
   47
    0
    0
    0
    0
    0
    0
    3
   41
    0
    0
    0
    0
    0
    0
    0
   17
    0
    0
    6
   38
    0
   14
   32
    6
   19
   22
   32
   25
   14
   26
    0
   57
   32
  158
  240
   79
   26
    0
   26
  103
    7
   24
   33
   35
   39
   25
    0
    0
    0
    0
    0
    0
   98
   50
   18
   44
   14
   83
   66
   86
    0
    0
    0
    0
   11
   38
    0
    5
    0
    0
    0
    0
    0
    0
    0
    0
    0
    6
    0
   40
   20
    0
    0
   34
    0
   18
   46
    3
   10
   51
   28
   21
    0
    0
    0
    0
    0
    0
    0
    0
    5
    3
   20
   32
    0
    0
    0
   10
   11
    0
    0
    0
    0
    0
    0
    0
    0
    0
    0
   10
    0
    0
    0
    0
   15
    0
    0
    0
    2
   16
    0
   54
   16
    4
    0
    0
   76
   16
    0
    0
    0
   52
   57
   15
   27
    0
    0
    0
    0
    3
    0
   30
   33
   76
   92
    0
   20
    0
    0
    5
   30
    0
  158
   30
   25
    0
    0
    0
    8
    0
    0
    0
    0
    0
    0
    0
    0
    0
    0
    0
   20
   54
    0
    0
    0
    0
  153
   48
    0
   56
   22
    0
    0
    0
    0
    0
   33
    0
    0
    0
    0
    0
    0
    0
    0
    0
    0
    0
    0
    0
    0
    0
    0
    0
    0
    0
    0
    9
   21
   56
    0
    0
   17
   19
  127
    0
    0
   36
    0
    0
  216
    0
    0
    0
    0
    0
    0
    0
    5
   14
    0
    0
    0
    0
    0
    0
    0
    0
  420
    0
  153
    0
    0
   36
    0
    0
    0
    0
   26
    0
    0
    0
    0
   45
    0
    0
    0
    0
    0
    0
    0
    0
    0
    0
    0
    0
    0
    0
    0
    0
    0
    0
    0
    0
    0
   52
    0
   44
    0
    0
    0
    0
  268
   57
   52
   42
    0
    0
    0
    0
    0
    0
    0
    0
    0
    0
    0
    0
    0
    0
    0
    0
  110
   47
   16
    0
    0
    0
    0
    0
    0
    0
    0
    0
    0
    0
    0
    5
   24
   18
    3
   12
    0
   10
   38
    0
   40
    0
   18
    4
   13
   16
    0
    0
   51
    0
    0
    0
   32
   21
   10
    0
   52
   27
    0
    0
    0
    0
    0
    0
    0
    0
    0
    0
    0
    0
    0
    0
    0
    0
    0
    0
    0
    0
    0
   25
   34
    0
    0
    0
    0
  130
   42
   74
    0
    0
    0
    0
    0
    0
    0
   15
    0
    0
    0
    5
    0
    9
    0
    0
    0
    0
   38
    0
    0
    0
    0
    0
    0
    0
    0
    0
   10
    0
    0
   32
    0
   28
   45
    0
    0
    0
    0
   15
  140
   42
    0
    0
   24
   14
    0
    0
   20
  143
   43
   94
  104
   66
   16
    0
    0
   24
   69
   78
   55
   32
    8
   36
    0
    0
    0
    0
    0
    0
    0
    0
    0
    0
    0
    0
    0
    0
    0
    0
    2
    0
   38
   48
   10
    0
    0
    0
    0
    0
    0
    0
    0
    0
   12
    0
    0
    0
    0
    0
    0
    0
    0
    0
    0
    0
    0
    0
    0
    0
    0
    0
    0
    0
    0
   10
    0
   20
    0
    0
    0
    0
   14
    0
   60
   26
    0
    0
    0
   10
    0
    0
    0
    0
    8
    0
    0
    5
    0
    0
    0
    0
    0
    0
    0
    0
    0
    0
    0
    0
    0
    0
    0
    0
   23
    0
    0
   20
    0
    0
    0
    0
    0
    0
    8
    0
    0
    0
    0
    0
    0
    0
    0
    0
    0
    0
    0
    0
    0
   20
   78
   53
    0
    0
   25
    0
   12
   58
   32
   63
   64
   43
    0
    0
    0
    0
    0
    0
    0
    0
    0
    0
    0
    0
    0
    0
  100
  300
    0
    0
   10
   40
    0
    0
    0
    0
    0
    0
    0
    0
    0
    0
    0
    0
    0
    0
    0
    0
    0
   68
   80
    0
    0
    0
   50
   30
    0
    0
    0
    0
    0
    0
   26
    0
    0
    0
    0
    0
    0
   26
    0
    0
  150
   18
   23
   56
    0
    0
    0
    0
    0
    0
    0
    0
    0
    0
    0
    0
    0
    0
    0
    0
    0
    0
    0
    0
    0
    0
   10
   47
    0
    0
    0
    0
    0
   27
    0
    0
    0
    0
    0
    0
   80
    0
    0
    0
    0
    0
    0
    0
    0
   15
    0
    0
    0
    0
    0
   22
    0
    0
   76
    5
    6
    3
    0
    0
   56
   18
    2
   26
    0
    0
    0
    0
    0
    0
   15
    0
    0
   53
   90
    0
    0
    0
    0
    0
    0
    0
    0
    0
    0
    0
    0
    5
    5
    0
    3
   13
    0
    0
    0
  122
    0
    0
    0
    0
    0
   11
   22
    0
   12
    0
    0
    3
    0
    0
    0
    2
  127
   21
    0
    0
    0
   12
    7
    0
    0
    0
    0
    0
    0
    0
   28
    0
    0
   35
   18
   21
   25
    5
   15
    0
    0
    0
    0
    0
    0
    0
   10
   18
    0
    0
    0
    0
    0
    0
   41
    0
    0
    0
    0
    0
    0
   40
    0
    0
    0
  111
    0
    0
    0
    8
    0
    4
   15
    0
    0
   34
    0
    2
   78
    0
    0
    0
    6
    0
    0
    0
    0
   13
    0
   12
   16
   45
   40
    0
   40
    0
    0
    0
    0
    0
    0
    0
    9
   24
   60
    0
    0
    0
    0
   27
   16
    3
    0
    0
   33
    0
    0
    0
    0
    0
   23
    0
    0
    0
  170
   23
   12
    0
    0
    0
   87
   40
  110
    0
    0
    0
    0
    0
   20
   98
   15
    0
    0
    0
   45
    0
   62
    0
   20
   32
    5
    0
    0
   23
    5
    0
   46
   43
   33
    0
    0
    0
    0
    0
   67
    2
   60
   22
    0
    0
    6
    0
   82
  132
   32
    0
    0
    0
  132
    0
    0
    0
    0
    0
    3
   13
    0
    0
   82
    0
    0
    0
   82
    0
    0
    0
    0
    0
    0
    0
    0
    0
    0
    0
    0
    0
   28
   45
    3
    8
    0
   14
   54
    0
   38
    0
    0
    0
  323
    0
   13
    0
    0
  290
    0
    0
    0
    0
    0
   15
    2
    0
    0
   38
    0
    0
    0
    0
    0
    0
   63
   18
   23
    9
    0
    0
    0
    0
    0
   63
    0
   18
   58
    0
    0
    0
    0
    5
  149
  122
    0
    0
    0
    0
    0
   65
   63
   24
    0
   47
    0
    0
    0
   12
    0
   80
  230
   52
    7
    5
    0
    0
    7
   42
   63
    8
    0
   29
    0
    0
    0
   48
   17
    0
    0
    0
    0
  168
    0
   65
    0
    0
    0
    0
  226
    0
   78
    0
    0
    0
    0
   10
    0
    0
    0
    0
    0
   58
   26
    0
    0
    0
    0
    0
    0
    0
   19
   54
    5
    0
   30
   69
    0
    0
    0
    0
   98
    0
    0
    0
    0
    0
    0
    0
    0
    0
    0
    0
    0
    0
    0
    3
    0
    0
    0
    0
    0
   65
   48
  172
   41
   68
    0
    0
    0
   88
  154
   27
    0
   83
    0
   65
    2
    0
    0
    0
    0
    0
    0
   18
    8
    0
   48
    0
   18
    0
    4
   12
    5
    7
    0
    0
    0
    4
    0
    0
    0
    0
   21
   96
    0
   10
    0
    0
    0
    0
    0
    0
    0
    0
   13
    0
    0
   21
   56
    3
   45
   30
    0
    5
    0
    8
    0
   27
   10
    0
    0
   10
    0
    0
    0
    0
    0
    0
    0
   30
    6
    0
    0
    0
    0
    0
    0
    4
   26
    0
    0
    3
    8
    3
    0
   28
    4
    8
    0
    0
    0
    8
    4
    0
   16
    0
    0
   26
    8
    0
    0
    0
    0
    0
    0
   14
    0
   20
    0
    0
    0
    0
    0
    6
    0
   10
    7
    0
    0
  152
    0
    0
    0
    0
   46
    0
    2
    0
    0
   11
  175
    5
    0
    0
   63
   12
    5
    0
   13
    0
    0
    0
    0
    0
    0
    5
    0
    0
    0
    0
    0
    0
    0
   23
    0
    0
    0
    0
    0
    0
    4
    0
    2
    0
    0
    0
    0
    0
    0
    0
    0
    0
    0
   96
  182
    0
    0
    0
    0
   72
   31
    0
   26
    0
   46
   13
    0
   71
    3
   12
    0
    0
   22
    0
   16
   52
    0
    0
    0
    0
    0
    0
    0
    0
    0
    0
    0
    0
    0
    0
    0
    0
    0
    0
    0
    0
   45
   66
    0
    0
    0
    0
    0
    0
    8
    0
   56
    0
   13
   43
   46
    0
    0
    0
   28
   94
   71
   14
   44
   13
   66
  121
  133
    0
    0
    0
    0
    0
    0
   11
    0
   27
    0
    0
    0
    0
    0
    0
    0
    0
    0
    0
    3
    0
    0
    3
    0
    0
    0
    0
    0
  472
  548
   37
    0
    0
    0
    0
    0
    0
    0
    5
    6
    0
    0
    0
    5
    7
    0
    0
    0
   27
    0
   62
   77
   34
   15
   10
    0
    0
    0
   30
    0
    0
   56
   17
  125
    0
    0
   25
    0
    0
    0
    0
  116
   32
   13
  168
   53
    0
    0
    9
    0
   43
   69
   14
    0
    8
  122
  182
   82
   15
    0
    0
    0
    0
    0
    0
    0
    0
    0
    1
   60
    0
    0
   16
   10
  111
    0
    0
   65
    0
    0
    0
    3
    0
    0
    0
    0
    0
    0
    0
    0
    0
    0
    0
    0
    0
    0
    0
    0
    0
   24
    0
    0
    0
    0
    0
    0
    0
    0
   10
    0
    0
   13
   18
  140
   40
    0
    0
    0
    0
    0
    0
   82
    8
    0
    4
    8
   27
   30
   44
   12
    0
    0
    0
    0
    0
    0
    0
   28
   21
   18
   12
  130
   85
  135
   18
    5
    3
    0
    0
    0
    5
   24
   38
   22
    0
   13
   72
   10
    5
   10
   53
    0
    0
    0
    0
    3
    0
   40
   12
    0
    0
   22
    3
    0
    0
   50
    6
   58
    0
    0
    0
    0
    5
    3
    0
    0
    0
   30
   81
   58
    3
    0
   78
    0
    0
    0
    0
    0
    3
    0
    0
    0
    0
    0
   15
    3
    0
   87
    0
    0
    0
    0
   43
    0
   73
    7
   29
   61
    2
   68
    0
   70
    0
   56
    0
    0
    0
    0
   55
    0
    0
    0
   40
   98
    0
   20
    5
    0
  221
   27
    0
   83
    0
    0
    0
    0
    0
    0
    0
    0
  137
   11
    0
    0
    0
    0
   22
   32
    0
    0
    0
    0
    0
   30
   60
   24
   10
    0
   10
    0
   37
    0
    0
    0
    0
   30
    0
    0
    0
    0
    0
    0
  185
    3
    0
    8
    0
    0
   29
    0
    0
  117
    0
    0
    0
    0
    0
    0
    0
    0
   16
  222
  102
    0
    0
    0
    0
   20
    0
    0
   21
   32
    0
    0
    0
    0
    0
   12
    0
    0
    0
    0
   63
    0
   38
    5
    0
    0
    0
    0
    0
    0
   15
    6
    0
    0
    0
    0
    0
    0
   17
    3
    0
   50
    0
    0
    8
    0
    0
   25
    0
   45
    0
    0
  129
    0
    0
   55
    8
    0
    7
    0
    0
    0
    0
   78
   20
   12
    0
    0
    0
    0
    0
    0
    0
    0
    0
    9
   13
    0
    0
    0
   13
    5
    0
    0
    0
    0
    0
    9
   46
    0
    0
    0
    0
   11
   78
    0
    0
    0
    0
    0
    0
    0
    0
   12
    0
   25
    0
  157
   23
    0
    0
    0
    0
    0
    0
    0
    0
    0
    0
    0
    0
    0
    0
    0
    0
    0
    0
    0
    0
    0
    0
    1
   10
    0
    0
    0
    0
    0
    0
    0
    0
    0
    0
    0
    0
    0
   25
   24
   30
    0
  110
   49
   35
   28
  168
    2
    0
    0
   30
    0
   96
    0
    0
    0
   35
    3
    0
    0
    0
    0
    0
    0
    0
   17
    0
    0
   12
   41
    0
    0
    0
    0
    0
   83
   10
   58
  122
  100
    0
   33
   56
   34
    0
   43
    0
    0
    0
    0
    0
    0
    0
    0
    0
    0
    0
   83
   62
    4
   40
   15
    0
   28
    7
    0
   17
    0
    2
    0
    0
    0
    0
    0
    2
    0
    0
    0
    0
    0
   26
    0
    6
    0
   30
   35
    0
    1
    0
   58
   33
    5
   20
   72
   45
   91
    5
    1
    0
    0
    4
   11
    9
    0
    0
    0
    0
    0
    0
    0
    0
    0
    0
    0
    0
    0
    0
    0
   15
   10
   12
   16
    8
    0
    0
   15
    0
   30
    7
    0
    0
    0
    0
    0
    0
    0
    0
    4
    4
    0
    0
    0
    0
    0
    0
    0
   24
   16
    6
   16
    0
  126
  212
   82
    4
    0
    0
   10
    7
   21
    0
    0
    0
    0
    0
    0
    0
    0
   15
   18
   22
    0
    0
  172
  280
    0
  131
   77
    8
    0
    0
    0
    0
    0
    0
    0
    0
    0
  120
    0
    0
    0
    0
    0
    0
    0
    0
    0
    0
    0
    0
    0
    0
    0
    0
    0
    0
    0
   30
    0
    0
    0
    0
    0
    0
    0
  180
    0
   14
    0
    0
   61
  236
    0
    0
   46
   20
    6
   56
   15
   26
    0
   16
   20
   30
   35
   10
   25
    0
   10
   53
  155
   26
   62
   38
    0
   42
    0
    0
    7
    0
   80
  125
    0
   26
   17
   77
    0
    0
   20
   96
   35
  179
    5
    0
    0
    0
    0
    0
   30
    3
  116
    0
    0
    0
    0
    0
   30
    0
    0
    0
    0
    0
   21
  110
    0
    0
    0
    0
    0
    0
   17
    0
  110
    8
    3
   21
    0
    0
    0
    0
   30
    9
  133
    0
    0
    0
    0
   31
    4
    0
    0
   65
   22
   45
   12
   46
   47
    0
    0
   40
    0
    0
    0
    0
    0
    0
    0
   97
    0
    0
    0
    0
   15
    0
    0
    0
    0
    0
    0
   90
    0
    0
    0
    0
   30
  220
    0
    0
    0
    0
   40
    8
    5
    0
    0
   35
    4
    0
    8
   53
   16
   17
    0
   20
    0
    0
    0
    0
    0
  110
   60
    0
    0
    0
    0
    0
    0
   50
  123
   41
    0
    0
    0
    0
    0
    6
    0
    0
  110
    0
    0
    0
   21
   30
    0
    0
   22
   28
   24
  123
   10
    0
    0
    0
    0
    0
    0
   52
   10
    0
    0
   30
    0
    0
    0
   24
   77
    0
    0
   21
    0
    0
    0
    0
   85
    6
   86
   91
   25
   16
   26
   15
    0
   20
   26
    0
   22
    0
   33
    5
   22
    9
   10
  108
    8
    0
    0
    0
    0
   20
    0
    0
    0
    0
    0
    0
    0
    0
    5
   28
   17
   62
   19
    0
    0
    0
   21
    0
    6
    0
    0
    8
    0
    2
    2
    1
    0
   33
   66
    0
    0
    0
    0
    0
   10
    4
   20
    0
    3
   14
   63
   14
  129
  130
  160
  106
    6
   25
    5
    7
    0
    0
    0
    0
    0
    0
  114
    5
   40
  115
    0
    0
    0
    0
    0
    0
    0
    0
    0
   12
    0
    0
    0
    0
    0
    0
    0
   33
    0
    0
    0
    0
    0
    3
    0
    0
    0
   10
    0
    0
    0
  369
    8
   38
  119
    4
    0
    0
    0
    0
    0
    0
    0
    0
    0
    0
    0
    0
    0
   10
   18
   10
    0
    0
    0
    0
   68
    3
  143
    7
   42
   21
    9
    0
    0
    0
    0
    0
   17
    5
    0
   72
   24
   28
    0
    0
   12
   95
    0
    1
   91
    3
   36
   65
    7
   43
    0
    0
    0
    8
    5
    0
    0
    0
  138
   18
    8
    5
  121
    0
    0
   38
    0
    0
    0
    0
    0
    0
   25
    0
    0
    2
    0
    0
   33
    0
   66
    0
    9
   76
   26
  247
   34
   15
    0
    0
    0
    9
   72
   65
    0
    0
    0
   14
    0
    0
    0
    0
    0
    0
    0
    0
    5
    0
    0
   24
  143
   40
   28
   46
    0
    4
    6
    0
    0
    0
    0
    0
    0
    0
    0
    0
    0
    0
    0
   17
    7
    0
    0
    0
    0
   23
    0
  162
    0
   16
    7
   15
    0
   24
    0
    0
    0
    0
   11
  209
  121
    0
    0
    0
   18
    0
    0
    0
    0
    0
    0
    6
   19
   30
   49
    7
   86
    0
   17
  190
   15
    5
   14
   15
   10
    0
    0
    0
  187
   13
   16
   56
    2
    7
    3
    2
   10
   34
   40
    1
    1
    0
    0
   75
   14
   96
   23
    0
    0
   28
   48
   28
   22
   64
    0
   16
    0
    0
   78
  169
    0
   26
   31
   32
    0
  184
   54
   15
   60
   35
  181
    3
    0
   65
    0
    0
  126
    0
    0
    5
   23
   10
    0
    0
    0
    0
    0
    5
    0
    0
    0
    0
   37
    2
   15
   18
   10
   30
   68
    6
    0
    0
    0
    0
    0
    0
    0
    0
    0
    0
    0
    0
    0
    0
    0
    9
    0
    0
   13
    0
    5
   21
   86
  168
    0
    0
    0
    0
    0
    0
    8
    2
   50
    0
    0
    0
    0
    0
    0
    0
    0
    0
    0
    0
    0
    0
    0
    0
    0
    0
    0
    0
   19
   36
    1
   98
    0
    0
    0
    0
    0
    0
   10
   46
    0
    0
    0
    0
    0
   46
    0
   15
    0
    0
   17
    0
    0
    0
    0
    0
    3
    0
    0
    0
    0
    0
    0
    0
    0
    0
   13
   52
   26
   12
    1
    0
   43
    0
    0
    0
    0
    0
    0
    0
   24
    0
    0
    0
    0
    0
    0
    0
   61
   10
   10
   20
    0
    7
   96
  123
    0
    0
    0
  127
   24
    0
    0
    0
    0
    0
    0
    5
    0
    0
    0
   76
   50
   49
    0
    0
    0
   52
    0
    0
    0
    0
    0
    0
    0
    0
    0
    0
    0
    0
    0
   82
   65
    0
   23
    0
   93
    0
   43
    0
   20
    0
    5
    0
    9
    0
    0
  220
   32
   25
   88
    0
    0
  228
    4
    0
   24
    0
    0
    0
    0
    0
    0
    0
    0
    0
    5
    2
    0
    0
    0
    0
    0
    0
    0
    0
    0
    0
    0
    0
    0
    0
    0
    0
    0
    0
    0
   28
   42
   75
   21
    0
    0
    0
    0
    0
   62
    1
    0
    0
    9
    7
    0
    0
    0
    1
    0
    8
    7
    0
    0
    0
    0
    0
   25
    0
    0
   10
    0
    0
    0
    0
    0
    0
    0
    0
    0
    0
    0
    0
    0
    0
    0
   10
   17
    0
    0
    0
    7
    0
    0
    0
    0
    0
    0
    0
    0
    9
  106
   78
    0
    0
    3
   20
   41
   42
    3
   38
    0
    3
    0
    7
    0
    0
    0
    3
   22
    0
    0
    0
    1
    0
    0
    0
    0
    0
    0
    0
    0
    0
    0
    0
    0
    0
    0
    0
    2
    0
    0
   70
   48
   15
    0
   20
    0
   26
    0
    0
    0
    0
    0
   13
    1
    0
    0
    0
    0
    0
   35
   33
   41
    4
    8
   30
   44
    0
    0
    0
  101
    0
    0
    0
    3
   40
    0
    0
    0
    8
    0
   14
   16
   14
    0
    0
    0
    0
    0
  109
   33
   13
    0
   10
   21
   12
    3
    0
    0
    0
   28
   50
   70
    8
   71
   10
   11
    0
    1
    0
    0
   65
    0
   28
   52
   45
   27
   70
    7
    0
   36
    0
   10
    0
    5
    0
   13
   52
    0
   20
    0
    0
    0
    0
    0
    0
    0
    0
    0
    0
    0
    0
    0
   68
    8
   18
    0
    6
    0
    0
    0
   14
    0
    0
    0
    0
    5
    0
    0
    0
   18
    0
    0
   16
   56
   10
   20
   12
   15
   17
   17
   52
    0
   26
    0
    3
    0
  178
   72
   25
    0
   38
    8
    0
  142
    0
   40
  122
  131
    2
   24
   21
    0
    0
    0
  160
    0
    0
    0
    0
    0
    0
    0
   10
    5
    6
    0
  123
    0
    5
    6
    0
    0
   42
   16
    0
   61
   13
   10
   12
   72
    0
   87
    0
    0
    0
    0
    8
    0
   49
   17
   87
    0
   38
    2
    1
    0
    0
    0
    0
    0
    0
   48
    0
    0
    0
   38
    0
    0
    0
   28
   55
    0
    0
   18
    0
    0
    0
    0
    0
    0
    0
    0
    0
   38
    7
    0
    0
    0
    0
    0
    0
    0
    0
    0
    0
    0
    0
    0
    0
    0
    0
    0
   95
    0
  204
   94
    0
    0
    0
    0
    0
    0
    0
    0
    0
    2
    0
    0
    7
    0
  146
  688
  287
    4
   13
    0
  115
    0
   12
   11
    0
    0
    0
    0
    0
    0
    0
    0
    0
    0
    0
    0
    0
    0
    0
    0
    0
    0
    0
    0
    0
   11
    0
    0
    0
    0
    0
   14
   35
    0
    0
    5
  135
  146
   30
    0
    0
   71
   21
   11
    0
    0
    2
    0
    0
    0
    0
    0
    0
    0
    7
   12
    0
    0
    0
    0
   93
    3
    5
   13
    0
    0
    0
   18
    0
    0
    0
    0
    0
    0
    0
    0
    0
    0
    0
    0
    0
    0
    0
   16
    0
    0
    0
    0
    0
    0
    0
    0
    0
    0
    0
    0
    0
    0
   68
    0
    0
   17
    0
   11
   15
    5
    7
   12
  130
   85
  112
    3
   30
    4
    0
    0
    0
    0
    0
   47
    0
   15
  120
   25
   35
    0
    0
    0
    0
    0
    5
    0
   10
    0
    0
   27
   38
   18
   29
   38
    0
    9
    2
    0
    1
    0
    0
    0
    0
   27
    0
   39
    2
   32
    0
   25
    0
   19
   87
    9
   10
    0
    0
    0
    0
    0
   17
    8
    3
    0
    0
    4
    0
   21
   24
    6
    0
    3
   89
    0
   13
   78
    7
   16
    0
   15
    0
    0
    0
    0
    0
    0
    0
    0
    0
    0
    0
   27
    0
   41
   30
    0
    0
    0
    0
    0
   14
    0
    0
    0
    0
    0
   24
    0
    0
    0
    0
    0
    0
    0
    0
    0
    0
    0
    0
    0
    0
    0
    0
    0
    3
    9
    0
    8
    0
    0
   72
  200
   10
   60
    0
    0
    0
    0
   11
   13
  165
    0
    0
    0
    0
   25
    0
    0
    0
    0
    0
    0
    0
    0
    0
    0
    0
    4
    0
  126
    6
    0
   14
    0
   28
   72
   10
    4
    0
    0
    0
   22
    0
    0
    0
   44
    0
    0
    0
    7
    9
    0
    4
   30
  119
    0
    3
   25
   96
    0
   85
    0
    2
    0
  156
   26
   65
   67
    7
    3
    0
    0
    0
   13
   27
    0
    0
    0
    0
    0
    0
   25
   58
   44
    0
   49
    2
    0
    0
    2
   20
    0
   37
   49
    0
    9
    0
    0
    0
    0
    0
    5
    0
   56
   24
   49
   50
   41
  104
   24
    1
    0
    0
    0
    0
    0
    0
   32
   17
    0
    0
    0
  186
    0
    0
  100
  102
    0
    0
    0
   16
   98
    0
    0
    0
    0
    0
    0
    0
    0
    0
    0
    0
    0
    0
    0
   16
    0
    0
    0
    0
    0
    0
   39
    0
    0
    5
    4
  214
    0
    7
  115
   13
   54
    0
    0
    0
   21
    0
    0
    0
    0
    0
   17
    9
    0
    5
    5
   28
   12
    0
    0
   62
    0
   36
    0
    0
    6
    8
   88
    6
   63
    0
    6
    5
    0
   15
    0
    0
    0
    0
    0
    0
    0
  186
   15
    0
   15
   43
    2
    0
    0
    0
    0
    0
    0
    0
    0
    0
    0
    0
    0
    0
    0
    0
    0
    0
    0
    3
    0
   17
    0
    0
    0
   27
  235
    5
    0
    5
    0
    0
    0
    0
    0
    0
    0
    0
    0
    0
    0
    0
    0
   17
   28
    5
    0
    0
   27
    0
    0
   19
   57
   15
  110
    5
    5
    0
    0
    0
    0
    7
    0
   10
    6
   11
   11
   12
   15
   30
    9
    1
    0
    3
   15
    3
   53
    5
    0
    3
    0
    0
    0
    0
    0
    0
   17
   12
    0
    9
   41
    0
   15
    0
   72
    7
    8
   86
   32
    0
    0
   17
   35
    0
    9
   11
    0
    0
    0
    0
    5
    0
    2
    0
    3
    0
    0
   46
    0
   38
   13
    0
    0
    0
    0
   11
    0
    0
    0
    0
    0
    0
    0
   10
    0
    0
    0
    0
   20
    0
    8
   35
  202
    0
   15
    0
    0
    0
    0
    0
   16
   71
   29
   57
   43
   54
   38
   36
    0
    0
    0
   17
    0
    0
   15
    5
    0
   16
   25
   36
   10
   23
    0
    0
    0
    0
    0
    0
   15
   10
   16
    5
   56
   46
  142
   12
   22
   42
   16
    0
    0
    0
    0
    0
    0
    0
    0
    0
    0
   22
    0
    0
    0
    0
    0
    0
    0
   65
   43
    0
    0
    0
    0
    2
   41
    0
    0
    0
    0
    0
    0
   26
  112
    0
   19
    0
   35
   28
  122
   32
   38
   35
    0
   90
    0
    0
   45
   12
    0
   15
    0
   75
   59
    9
   26
    0
    2
   30
    0
    0
    0
    0
   42
    0
   66
  121
    0
    0
    0
    0
    8
    1
    0
    0
    0
    0
    5
   18
   60
    0
    0
    0
   71
    0
   95
   49
    0
    0
    0
    0
    4
    0
    0
    0
    0
    0
    0
   10
    0
    7
   50
    0
   15
  102
   37
   39
   30
    0
    5
   36
    0
   86
    1
    0
    0
    0
    0
    0
    0
    0
    0
  102
    7
   19
   13
    3
    7
    0
    0
    0
    0
    0
    0
   21
   27
   16
    0
    0
    0
    0
    0
    0
    0
    0
    0
    0
    0
    0
    0
    0
    0
    0
    0
    0
    6
    0
    3
    0
    0
    0
    0
    4
   40
    0
    0
    0
    8
    0
    0
    0
    0
    0
    0
    0
    0
    0
    0
    0
    0
    0
    0
    0
    0
    0
   35
   13
   13
    0
    0
   54
    0
    0
    5
    3
    0
    0
    7
    1
   35
    8
   90
   30
   19
    3
    0
    0
    0
   10
    0
    0
    0
   40
    0
    1
   16
    0
   18
    8
    0
   30
   62
    0
   62
    6
    6
   56
   57
   51
   36
   10
    0
    0
    0
    0
    6
   10
   78
   28
   18
    0
    0
    0
    5
   47
   12
    0
    6
    6
    0
    0
   36
   30
   16
  100
   51
   16
   44
    0
  102
   42
    0
    0
    1
    6
    0
    7
    2
    0
    0
    0
    0
    0
   28
    2
    0
    0
    0
    2
    6
    0
   60
    0
    0
    0
    0
    0
    0
    0
    0
   41
   45
    2
    1
    0
    0
    1
    0
    0
    0
    0
    0
    0
    0
   22
   31
  142
    0
   22
   17
    6
    0
    0
    0
    0
    0
    0
    0
    0
    0
    0
   55
    0
  122
   64
    0
    0
    0
    0
    0
    0
  123
    0
    0
   51
   49
    0
    0
    2
    2
   12
  125
    2
   39
    0
    0
    0
   22
    0
    6
   20
    6
    0
    0
    9
   46
   22
    3
    0
    0
    0
    0
    0
    0
    0
    0
    0
    0
   98
   26
   32
    9
   18
    0
    9
    0
    0
    0
    0
   25
    0
    0
   26
    0
    0
   36
    0
    0
   16
    5
  186
  179
   49
    0
    5
  131
   65
  136
  160
   50
    0
    0
    0
   37
    1
    0
    0
    0
    0
    0
    0
    0
    0
    0
    0
    0
    0
    0
    0
    0
    0
    0
    0
    0
    0
    0
    0
   11
  116
   34
    0
   35
   55
   15
    0
    0
    0
    0
    0
    0
    0
    0
    0
    0
  267
   67
   32
   40
    0
    0
    0
    4
    0
    0
    0
    0
    0
    2
   16
    0
    0
    0
    0
   25
   24
   10
    0
    0
   20
    0
    0
    0
  173
   23
    0
   14
   12
    0
    0
   52
    0
    0
   16
    6
   16
    0
    0
   35
    0
    0
   32
    0
    0
    0
    0
    0
   16
    0
    0
  133
   36
   62
   20
    0
    0
    0
    0
    0
    0
    0
    0
    0
    0
    0
    0
    0
    0
    0
    0
    0
    0
   36
    0
    0
    0
    0
    0
    0
    0
    0
    0
    0
    0
   23
   61
   81
  320
   10
    0
    0
    0
    0
    6
   40
    0
    1
    0
    0
    0
   10
   51
   16
    0
    0
    0
    0
    0
    0
    0
    0
    3
    0
    0
    5
   56
   16
    0
    0
    3
    0
    0
    0
    0
    0
    0
    0
    0
    2
    0
    0
    0
   31
    0
    0
    3
    0
    0
    0
    9
    0
   48
    8
   18
   34
   63
    6
    3
   46
   20
    2
    0
   23
   47
  185
  270
  116
   78
  138
   57
    7
   63
   38
    6
   13
  170
   20
    0
    9
   58
    0
    0
    0
    0
    0
    0
    0
    0
    0
   30
   46
    0
   37
    3
    1
   42
   26
    0
    0
    0
    0
    0
    0
    0
   13
    4
   93
    0
    1
    0
    0
   26
    3
   82
    0
    0
   63
    0
   43
   46
    0
    0
    0
    0
    0
   94
   54
    0
    2
    0
    0
    0
    0
    0
    0
    0
    0
    0
    0
    0
    0
   21
   10
   39
    0
    0
   23
    0
    8
   56
   41
   23
    0
    4
    0
    5
    0
    0
    0
    0
    0
   15
   78
    0
    5
    0
   15
   27
    5
    0
    0
    0
    0
    0
    0
    0
   26
   18
   20
    0
    0
    0
    0
    0
    0
    0
    0
    7
    0
   14
  200
    2
   42
   30
    0
    0
    0
   46
   12
   31
    0
    0
   12
    0
    0
    0
    0
   34
    0
   61
    0
    0
    0
    0
   78
    0
   16
    5
    9
   65
   18
   68
   15
    6
    2
    0
    6
    0
    0
   94
   40
   24
   34
  128
    8
    0
   48
    0
   10
    0
    0
   38
   26
    6
    0
    4
    0
    1
    0
    0
    0
    0
    0
    0
    0
   18
   76
    0
    0
    0
    0
    0
    0
    0
    0
   24
  142
    0
    0
   50
    0
    2
   12
   35
   14
   59
    3
    8
  101
   25
   85
  146
   10
   25
   16
   24
    0
    0
   86
   56
    0
   45
   30
    5
   15
   12
    0
   99
   46
    0
    0
    0
    5
    0
    0
    0
   15
   37
   40
    0
    0
    0
    0
    0
    0
   16
    2
   46
    0
   24
    1
    2
    8
   24
   36
    0
    1
    0
   76
    1
    0
    0
  245
  235
   39
    4
    0
    0
    0
    0
    0
    0
    0
    0
    0
    0
    3
    0
    0
    0
    0
    0
    1
    0
    0
    3
    1
   46
    0
    0
    0
    0
   26
    3
    0
    0
    0
    0
    0
    0
    0
    0
    8
    0
    0
    0
    0
    0
    0
    0
    0
   17
   10
    6
   35
    2
    0
   24
   16
   46
  204
   42
    2
   27
    0
    0
   96
    0
    0
    0
    0
    0
    0
    0
    0
    0
    0
    0
   14
    0
    0
   24
    0
    0
    0
    0
    0
   67
   83
  124
   16
   92
   26
    8
    0
    0
    2
   20
    9
   16
   68
    0
    0
   90
   26
    0
   93
    5
    0
    2
   11
    0
    0
   53
    0
    0
    0
    1
    8
   12
    0
    0
    0
    0
   40
   18
   82
   10
   16
   14
   60
    0
    0
    1
   41
   22
   17
    0
    0
    0
    0
    0
   39
    0
    6
   62
    0
    0
    0
    0
   45
   76
   42
    0
   21
    1
   74
   20
  106
    0
   35
   87
   35
   36
    0
    0
   26
    0
   49
   20
    0
   74
    0
   40
    0
   23
    0
   57
    6
    5
   46
    1
   51
   79
   46
    0
   47
   89
    5
   15
   13
    0
    0
   20
   16
    0
    0
    0
    0
    0
    0
    0
    5
    0
    0
    0
   19
    0
    0
    0
    0
    0
    0
   10
    0
    0
    0
    0
    0
    0
    0
    0
    0
    0
    0
   18
   12
   15
    0
    0
    0
    0
    0
    0
    0
    0
    0
    0
    0
    0
    0
   11
    0
    5
    0
    0
    0
    0
    0
    0
    0
   24
   34
    0
   21
    6
    0
    0
   64
    8
  154
    0
    0
   90
    0
    5
    0
    0
    0
    0
    0
    0
    0
    0
    0
    0
  150
    0
   16
    0
   55
   15
    0
   56
    7
  102
    0
   40
    0
    6
    0
    4
   60
    0
    0
   21
    0
   62
    0
   46
   10
   13
   39
    0
    0
    5
    0
    0
   34
    0
   36
    0
    0
   68
    0
    0
    0
    0
   70
    0
    0
    0
    0
    0
    0
    0
    1
    0
    0
    0
    0
    0
    0
    0
    0
   23
    0
    0
    0
    5
   45
   18
    0
    0
   79
   19
    0
    0
   51
   15
    0
   90
    0
    0
    0
    0
    0
    0
   18
   36
    0
    0
   15
    0
    2
    0
    0
    0
    0
   80
  135
   15
    0
    0
    5
    0
    0
    0
    0
    0
    0
    5
   16
    0
    0
   42
    0
    5
   20
    6
    0
    0
    0
    0
   18
    0
   19
    0
    0
    0
    0
    4
    0
    0
    2
    0
    0
   20
    0
   41
    0
    0
    0
    0
    0
    0
    0
    0
    0
   16
   65
   38
   16
    0
   16
   20
    5
    0
    0
    0
   28
   30
    3
    0
    2
    0
   48
   92
   22
   17
   47
  100
    0
   46
   10
   80
    5
   30
   99
    0
    4
    0
    0
    0
    2
  112
   89
    5
    5
    0
   24
   18
    0
    2
    0
    0
    0
    0
    0
   25
    0
    0
   10
   15
    0
   47
   46
    3
   18
    0
    0
    0
    0
    0
    0
    0
    0
    0
    0
    0
    0
    0
    0
    0
    0
    0
    0
    0
    0
    0
    5
    0
    0
    0
   28
    0
    0
    0
    0
    0
    0
   35
   25
   24
   20
   10
    1
   35
   67
   28
    0
    0
    0
    0
   15
    6
   23
    5
    0
   24
    0
   25
    0
    0
    0
   12
    0
    0
   34
    0
    0
    0
   10
   52
   42
    0
    0
    0
    0
   15
    0
   84
    0
    0
    0
    0
    0
    0
    3
    0
    0
    0
    0
   28
    0
    0
   16
    0
    0
    0
   15
    0
    0
    0
   28
    0
    0
   22
   26
   80
  178
    0
    0
    0
    0
   26
   56
    0
    0
    0
    0
    0
    0
    0
    0
    0
    0
    0
   24
  164
   22
    0
    0
    0
    0
    0
    0
    0
    0
    0
    0
    0
    0
    0
    0
    0
    0
    0
    7
    0
    0
   31
   37
   71
   12
    0
   15
    0
    0
    0
   66
    0
    0
    4
    0
    0
    0
    0
    0
    0
    0
    0
   16
    0
    0
    0
   56
    0
    0
   16
  156
   17
    4
    0
    0
    0
    0
    0
  157
   14
    0
    0
   24
    6
    0
    0
   20
   24
    0
    0
    0
    0
   51
   16
   64
    6
    0
    0
    0
   39
   43
    0
    8
    6
    0
    0
    0
    6
    0
    0
    0
    0
    0
   17
    0
    0
    0
    0
    0
    0
    0
    0
    8
    0
    0
   16
    0
  135
  165
   24
    0
    0
    0
    0
    0
    0
    0
    0
    0
    0
    0
    0
    0
    0
    0
   55
   43
    8
    0
    0
    0
    0
    0
    0
    0
    0
   23
   30
    4
    0
    0
    5
    0
   28
    0
    0
    0
   83
   87
    9
   26
   28
    0
   36
    0
    3
    0
    0
    0
    0
    0
    7
    0
    0
    0
    0
    0
    0
    0
    0
   10
  115
    6
  100
    0
   37
    4
    0
  206
   47
   36
    0
    0
    0
    0
    0
    0
    0
    0
    0
    0
    0
    0
   60
   62
    4
    0
  114
   45
    0
    0
    0
    0
    0
    0
    0
    0
    0
   52
    0
   13
    0
    0
    0
   55
   32
   38
   54
   38
    0
    0
    0
   97
    0
  165
    0
    0
    0
    0
    0
    0
    0
    0
    0
    0
    0
    0
    0
   46
    0
    0
    0
   20
    0
   42
    0
    0
    0
   12
    0
   10
    0
    0
    0
    5
    0
   26
   12
    4
    0
    0
    0
    0
    0
    0
    0
    3
    0
    0
    0
    0
    3
   16
    0
   42
    0
    0
   85
   45
   87
    0
    0
   15
    0
    0
    0
    0
    0
    0
    0
   34
   18
  115
   16
   10
    5
    0
    0
   48
    0
    0
   27
   47
    0
    0
    0
    0
    0
    0
    0
    0
    0
   10
    0
   21
    0
    0
    0
    0
    0
   12
    0
    0
    0
    0
    0
   45
    0
    0
    0
    0
    0
    0
   35
   26
    0
    0
   43
   10
    0
   23
    0
    0
    0
    6
    0
   36
   36
   15
    3
   17
    0
    0
    0
    0
    0
    0
    0
    0
    0
    0
   15
    0
    0
   24
    0
    0
    0
    0
    0
    0
    0
    0
    0
    0
    0
    0
    0
    0
    0
    0
   14
    0
    0
    0
    0
   94
   10
    0
    0
    0
   60
  177
  275
  320
    5
    0
    0
    0
    0
    0
    0
    0
    0
  128
    0
   23
   24
    0
    0
    0
    0
    0
   76
   49
    0
    0
   57
    0
   26
   12
    0
    0
   40
   21
    0
    0
    0
    0
    0
    3
    1
    0
    0
    0
    0
    0
    0
    0
    0
    0
    0
    0
    0
    0
    0
    0
    0
    0
    0
   65
    0
    0
    0
   21
   32
    0
   52
    0
    0
    0
   92
    4
   36
    0
   72
   45
    1
    4
    0
    0
    0
    0
    0
  100
   49
  186
   32
   48
    0
   19
    0
   14
    0
   39
   30
   65
   16
    0
    0
    0
    0
    0
   36
   11
   15
    0
   23
    1
    0
   21
    4
    5
    0
    0
   18
   68
   16
    0
    0
   48
    0
    0
    8
    0
    0
    0
    0
    0
    0
    0
    0
    0
    0
    8
    0
    0
    0
    0
    0
    0
    0
    0
    0
   28
   18
   48
    1
    0
    0
    7
    9
    1
    7
    0
    0
    0
    0
   18
   28
    4
   24
    0
    0
  330
   30
   29
   60
    0
    7
   34
    0
   20
    0
    0
    0
   65
    5
    0
    0
    7
   57
    0
    0
    0
    0
    0
   30
  111
   59
    0
    0
    0
    2
    0
    0
   10
   25
    0
    8
    0
    0
    0
   15
    5
    0
   70
    0
   17
    6
   70
   23
   15
    0
    0
    0
    0
    1
   13
    6
    0
    0
    0
    0
    0
    0
    0
    0
    0
   30
    0
    0
    5
    0
    0
    2
    0
    0
    0
    0
    0
    0
    0
   10
    2
    4
    1
   16
   37
   67
    0
    0
    9
    2
   64
    0
    0
    0
    0
    0
    0
    3
   20
    0
    0
    0
    0
    0
    0
   12
    0
    0
    0
    5
    0
    0
    0
    0
    0
    0
    0
    0
   96
    0
    0
    0
  190
   78
   53
    3
    0
   19
    0
    0
    0
    0
    0
    0
    0
   62
   17
    0
   10
    0
    0
    0
   16
    0
    0
    0
    0
    0
    0
    0
   10
   21
    0
   60
    7
    0
    0
    7
    0
   15
    5
    0
   25
   68
    9
    5
    0
    5
    0
    0
   35
    0
    1
   39
    6
   15
    0
    0
   40
   78
    8
    0
    0
    0
    0
    0
    0
   16
    2
   30
    7
    0
    0
    0
    0
    0
    0
    0
   13
    0
    0
    0
    0
    0
   10
    0
    8
    5
    0
    0
    0
    6
  200
   20
    5
    0
    0
    6
    0
   28
    9
    9
   96
  242
    0
    2
    0
    0
    0
    0
    0
    0
    0
    0
    0
    0
    0
    0
    0
   28
    0
    0
    0
    4
    0
    0
    3
    0
    0
   39
    0
  190
    0
    0
    0
    0
  167
  167
  156
    0
    0
    0
    0
   10
  137
    0
   27
    5
    0
    0
    0
    0
    0
  120
    0
    0
   18
    0
    0
    0
    3
    0
    0
    0
    0
    0
    0
    0
    0
    0
    0
    0
    0
    0
    0
    0
    0
    0
    0
    0
    0
    0
    0
   62
    0
    0
    0
    0
    0
   24
    0
    0
    0
    3
    0
    0
    0
   24
   26
   37
    0
    0
    0
    0
    0
    0
    0
    0
    0
    4
    6
    0
    0
    0
   34
   36
    0
    0
    0
   26
    0
   48
    0
    0
    0
    0
    0
    0
    0
    0
   10
   35
    3
   34
   30
  110
   75
    0
    6
   85
    0
   20
    0
    0
    0
    0
    0
    0
    0
    0
   10
   18
    0
    0
    0
    0
    0
    0
    0
    0
    0
    0
   18
    0
    2
    0
   10
    0
    0
    0
    0
    0
    0
    0
    0
   56
    8
  222
    0
   45
   92
   15
   15
   11
  120
    0
    0
    0
    0
    5
    0
    0
    0
    7
  100
   41
    0
    5
   16
    0
    0
   15
   15
   39
    0
   10
    2
   57
   68
    0
    0
    0
    0
    0
    0
   27
    0
    0
    5
    0
    0
    0
    3
   10
   20
   63
   29
    0
    0
    0
   28
   10
    7
   48
    6
   40
    3
    3
    2
   21
    0
    8
   36
    0
    0
    0
    0
    0
    0
    0
    0
   16
    0
    0
    0
   75
    0
    0
    0
   24
    8
  120
  180
   30
   10
    0
    0
    0
    8
   18
   65
   36
    0
  170
   61
    0
    8
   55
    1
    0
    0
   75
    0
   35
    0
    0
    0
    0
    0
    0
    0
    0
    0
    3
   28
    0
   35
    8
   20
    0
    0
    0
    0
    0
    0
    2
   65
    0
   32
    0
    0
    0
   36
    0
    0
    0
    8
    0
   10
   50
   24
   78
    2
    0
    0
    0
    0
    0
    0
    0
    0
    0
    0
    0
    0
    0
    0
    0
    0
    0
    0
    0
    0
    0
  827
  150
    0
    4
    2
  127
    2
    3
   50
    5
    0
    0
    0
    0
    0
    7
    0
    0
    1
    0
    0
    0
    0
    0
    0
    0
    0
    0
    0
    0
   10
   45
  200
   90
    0
    0
    0
   19
   12
    0
   46
   28
    0
    0
  150
    0
    0
    0
  170
   70
    0
    0
   79
    0
   34
    0
    0
    0
    0
    0
    0
    6
    0
    0
    0
    0
    0
    0
    1
    0
    1
   49
   26
    0
    1
   44
    0
    0
   86
    0
    0
  146
  112
    0
    4
   20
    0
  136
    6
  210
    3
   24
    0
   26
   54
    0
   21
    0
    0
    0
    0
    0
    0
   80
    0
    0
    0
    0
    0
    0
    0
    0
   11
   36
    4
    0
    0
    0
    0
    0
    0
    0
    0
   34
   35
    0
    3
    9
    3
    0
    2
    0
    0
    0
    6
    0
    0
    0
    0
    0
    0
  105
   37
   18
  125
   60
   29
   35
   18
    0
    0
    0
   20
    0
    6
    8
    0
    0
    0
    0
   10
   47
    0
   30
   36
   10
    0
   15
   10
    2
    0
   35
   20
   28
   18
   38
   10
   18
   10
    0
    0
    3
   38
    0
   76
    0
    0
    0
    0
   12
    7
  157
   24
   70
    0
    0
    0
    0
    0
   15
   62
   20
    0
    0
    0
    0
    0
    0
    0
    0
    0
    0
    0
    0
    0
    0
   18
  110
   20
    8
    0
    0
   54
  120
    0
    4
    0
    0
    0
    0
    0
   25
    0
  110
    0
   25
   25
   34
    7
    0
    0
    0
    0
    0
    0
    0
    0
   16
   38
    0
    0
    4
    0
    0
    0
    0
    0
    0
   63
   15
    0
   18
   46
   31
   25
    4
    7
    8
    2
    0
    0
    0
    0
    6
    0
   26
    0
    0
    0
    0
    0
    0
    0
    0
   10
    0
    7
   19
   20
    0
    0
    0
   17
    0
    0
   14
   14
    7
    0
    0
    0
    0
    0
    0
    0
   18
   17
   12
   28
    0
    0
    0
    0
    0
    0
    0
    0
    0
    0
  120
   28
    0
    0
    0
    0
    0
    0
    0
    0
    0
    0
    0
    0
   20
    0
    0
   22
    0
    0
    0
    0
    0
    0
    0
    0
    0
    7
    0
    0
    0
    0
    0
  380
   50
    5
    0
    0
  160
   50
   37
    0
   65
    6
    0
   85
   35
    0
    0
   10
    0
    0
    0
    2
  190
  190
    0
    3
    0
   40
   32
   18
    3
    0
    0
    0
   28
    0
    3
    0
   34
   46
    0
    0
    0
    0
    0
    0
  320
    0
    0
    0
    0
   43
    0
   19
    0
   68
   78
   54
   70
   26
   38
    0
   30
   67
   41
   32
   36
   16
  150
   67
    0
    0
   90
    0
    0
    0
    0
   20
    0
    0
    0
   38
   36
    0
    0
    0
    0
    7
    0
    0
    0
    0
    3
    0
   68
    0
    0
    0
    0
    0
    0
    0
   20
   18
    0
   36
   70
   50
    0
    0
    0
   60
    1
    0
  102
   52
  206
    0
   17
   20
    0
    0
    0
    0
   15
    0
    0
    0
    0
    0
    0
    0
    0
    0
    0
    0
    0
    0
    0
    6
    0
    7
    4
   35
    0
    0
    0
   30
   10
    0
    0
    0
    0
    7
    0
    3
   38
    0
    0
    0
    0
    0
    0
    0
    0
    0
    0
    3
    0
    0
   19
   28
   13
   10
    0
   10
    0
    0
  140
   26
   10
    0
    0
   15
   18
    9
  111
    0
    0
    0
    0
    0
   21
    0
    0
    0
   47
    0
    0
    0
    0
   33
   59
   22
   48
   10
   54
   95
   10
    0
    0
    0
    4
   65
   48
  121
    8
   21
    0
  180
   84
    0
    0
   42
   14
   26
    0
  111
  117
    0
   17
    0
    0
    0
    4
    5
    5
   68
    8
    0
    0
   13
    0
    0
    0
    0
    0
    6
   18
    0
  100
   90
   36
   18
   13
   20
    4
    0
    0
    0
    0
    0
    0
    0
   25
    4
   18
    0
   20
    0
    0
    0
    0
    0
    0
    0
    0
    8
   62
   22
    6
    0
    0
    0
   12
   13
   30
   78
    0
   25
    0
   48
    0
    0
    0
    0
   56
   76
   26
  220
   15
   53
   35
   68
   13
    0
   38
   26
   30
  150
   25
    0
   10
    3
    0
    7
    3
    2
    0
   70
    0
    0
    0
    0
    0
   54
  180
  400
   42
   17
    0
    0
   19
    0
    0
    0
    0
    0
    0
    0
    0
    0
    0
    0
    0
   26
    4
    0
    0
   35
   28
    0
    0
    0
    0
    0
    0
    0
    0
    0
   16
   18
    0
    3
  300
   48
    0
   15
   70
   57
    3
   29
   45
   28
    0
    0
    0
    0
   70
    0
   20
   63
    0
    0
    0
    0
   10
   35
    0
    0
    0
    0
   48
    0
    0
    0
    0
    0
    0
    0
    0
    0
    0
    0
    0
   90
    0
    0
    0
    0
  149
    0
    0
  180
   20
    0
    0
    0
    0
    0
   28
    9
    0
    0
    0
    0
    0
    0
    0
    0
    0
    0
    4
    0
    0
    0
    0
    0
  239
    0
    0
    0
    0
    0
   16
    0
    0
   32
  240
   57
   15
   30
    0
    0
   90
  103
    0
    0
    0
    0
   57
   34
  120
    0
   10
   66
    0
    0
   37
    0
   28
    0
    0
   32
  190
    5
  200
    0
  102
    0
   13
    0
   34
   48
    3
    0
   47
   15
    0
    0
    0
    0
    0
    0
    0
    0
    0
    0
    0
    3
    0
   98
    0
    0
    0
    0
    0
   20
    0
    0
    0
    0
    0
    0
    0
    0
    0
    0
    0
    0
    0
   12
    0
    9
    0
    2
    0
   90
   80
   31
    0
    0
    0
    0
    0
    0
    0
    0
    0
    0
    0
    0
   20
   96
    2
    4
  110
    0
   28
    2
    0
    0
    0
    0
   64
   30
    0
    0
    0
    0
    0
    0
   13
    6
    6
    0
    2
   36
    0
   91
    0
   66
   44
    0
    0
   17
    0
    0
    0
    5
    0
    0
    0
    0
    0
   10
   23
   28
    2
    0
   24
   37
   26
    0
    0
    0
    0
   12
   10
   90
    1
   18
    6
    0
    0
   10
    0
    0
   52
   41
   52
   31
   17
    2
    0
   22
   30
   70
    4
   91
   16
   17
   17
   26
    0
   30
    0
    0
    8
  100
   30
   18
    0
    0
   48
   20
   18
    0
    2
   26
   68
    0
   15
    0
    0
    1
   28
    0
   31
    0
    0
    0
    0
    0
    0
    0
    0
    0
    2
    0
    0
    0
    0
    0
    4
   45
    8
    1
   10
   30
    2
    0
    0
    0
   26
   44
   12
   57
   25
    0
   76
   51
    0
    0
   28
    4
    0
   32
    2
   30
   67
   48
   11
    0
    0
   71
    4
   95
   65
  102
    5
    0
    0
    0
    0
    3
   43
   14
    0
    0
    0
    0
    0
    0
    0
    0
    0
    0
    0
   55
    7
    0
   37
  100
    0
    0
   15
   21
  102
    0
    0
    0
    0
    0
    0
    0
    0
    0
    0
   67
   38
   50
  102
  103
    0
    0
    0
    5
   27
    0
    7
   23
   34
   31
   75
    0
   14
    0
   28
    3
    0
    0
   16
   20
    0
   19
    0
    0
    0
    0
    0
    0
    0
   99
    0
    0
    0
    0
    0
    0
    0
    0
    0
   36
    0
   97
    8
   95
  255
    2
    0
    0
    0
   71
    0
    0
    0
    0
    0
    0
    0
    0
    0
    0
    0
    0
    0
    0
    0
    0
    0
    0
    0
    0
    0
   98
   30
    0
    5
    0
    0
    0
    0
    0
    0
    0
   22
   49
    7
    2
   32
    1
    4
  336
   85
    0
   52
   10
    0
    0
   21
   24
    1
    0
    0
   10
    0
    0
    0
    0
    0
    0
  158
   30
    0
    0
    3
    0
    0
  157
   99
    3
   40
   55
   33
    1
    0
    0
    3
    0
    0
    0
    0
    0
    0
    0
    0
    0
    0
    0
    0
    8
    0
    0
    0
    0
    0
    0
    6
    0
   24
    2
    4
    0
   17
   41
   72
   83
   20
    0
  100
   14
   20
    6
    0
    0
    0
    0
    0
   53
   29
    0
   31
  132
    0
    0
    0
    0
    0
    0
    0
    0
    9
    2
    0
    0
    0
    0
    8
    2
    1
    7
    0
    0
    0
   19
    8
    0
    0
    0
    0
    0
   22
    3
   43
    0
  100
   90
   13
    0
    0
    0
    0
    0
    0
    0
    2
    2
    4
    1
    0
    0
    2
    0
    0
    0
    0
    0
    0
    0
    0
    0
    0
    0
    4
    0
    0
    0
    0
    0
    0
   36
    2
    0
    0
    0
    0
    0
    7
    9
    6
    0
    0
    0
    0
    0
    0
    0
   16
    7
    3
   39
   63
   32
   45
    0
    2
   15
    2
    0
    0
    0
    0
    0
    0
    2
    6
    1
    4
    2
    1
   35
    0
    0
    0
    1
    2
    0
    0
    0
    0
    0
    0
    0
    0
    0
    0
    0
   48
    4
    0
    3
    0
    4
   58
   32
    5
    3
    0
   35
    0
    0
    0
    0
    0
    0
    0
   68
    5
    3
    0
    0
    0
    0
    0
    0
    0
    0
    0
    1
   89
    0
    0
    0
    5
    0
    0
    0
   31
    2
    0
    0
   30
   73
   26
   52
    2
    0
    4
    0
    0
   35
   13
   21
   94
  127
    2
    5
    6
    8
    4
   21
   38
   47
    1
    0
    0
    0
    0
   73
    5
    0
    0
    0
    0
    0
    0
    0
   88
    0
    0
    0
    0
    0
    0
    0
    0
    2
    0
    0
    0
    0
    0
    0
    0
    1
   71
   45
   25
    0
    5
    0
   42
   56
   57
  213
    0
    0
   89
    2
    0
    0
    0
    0
    0
   73
    0
    0
    0
    0
   89
  134
   12
    1
    0
    4
  167
   67
    0
    0
    0
    0
    0
    0
    0
   17
   12
    0
    0
   23
   24
   40
    2
   26
    3
    0
    0
    0
    0
    0
    9
    0
   34
    3
    0
    0
  177
    0
    0
    8
    0
    0
    0
    0
    8
  102
    0
    0
   50
   12
    0
   21
   89
    3
   11
    7
    0
    0
    0
    4
   38
    0
    0
   25
   33
    0
   30
    0
   36
    2
   65
   25
    0
    2
   46
    0
    0
    0
    4
    0
    0
    0
    0
    0
   10
   82
   18
    0
    0
   10
   75
    0
    0
    0
    0
    0
   40
    0
    3
    8
   29
   22
   17
   10
    0
    0
    0
   77
    3
    0
    7
    0
    6
   61
    0
    9
    3
    3
   63
   17
   20
    0
    0
    0
    8
   18
   41
   36
   15
   61
   38
   26
   30
    5
    0
    0
    0
    0
    0
    0
    0
    0
    0
   35
    0
   14
    0
    6
   41
   65
    0
    0
    0
    0
    0
    1
    2
    0
    0
   15
    0
    0
    0
    0
    0
    6
    1
    0
    0
    0
    0
    2
    1
    0
    0
    0
    0
    0
    0
    1
   33
    4
    0
   17
    5
    8
   24
    0
   11
    5
    6
    5
    0
    0
    0
    2
   31
   43
    0
    0
    0
    0
    4
   55
   62
   54
    0
   26
    0
    0
  101
   10
    0
   10
    0
    0
    0
   41
   22
    0
    0
    0
    2
    0
    0
    0
    0
    0
    0
    0
    0
    0
    0
    0
    5
   31
   61
    1
   22
   64
   14
    0
   10
   23
    0
    0
   18
    5
   41
   30
    0
    0
    0
    0
   32
    6
  101
    7
    0
    0
    0
    0
   29
    1
   10
   27
    0
    0
    0
    7
    0
    0
    0
    0
    0
    0
    7
    0
    0
   18
   50
    2
    0
    0
    0
    0
   28
   75
    0
    0
    0
   24
    0
    0
    0
   80
    0
    0
    0
    0
    0
   59
   73
   31
    2
    0
    0
   25
   41
   24
    0
    0
    8
    0
    0
    0
    0
    0
    0
    0
    1
    0
    0
    0
    0
    9
  141
    1
    0
    0
    8
    0
   10
   50
    1
   51
   17
    4
   31
    3
    0
    0
   16
    0
    0
    0
   49
    0
    0
    0
    0
    0
    0
    0
    0
    0
    0
   11
   27
   47
   86
   21
  428
   64
    0
   45
    0
   77
   24
    0
    0
   14
   10
   18
  125
    0
    0
    0
    0
    0
    0
    2
    0
    0
    0
    0
    0
    0
   15
    0
    0
    4
    3
    0
    0
    0
    0
    0
    0
   90
    0
   85
   14
    0
    0
    0
    0
    3
    0
   57
    4
    0
    0
    8
    0
    0
   61
   31
    0
    0
    0
    0
    0
    0
    0
    0
    0
    0
    0
    0
    0
    0
    0
   16
    6
   24
    9
    0
    0
    0
    0
    0
   70
   71
   84
   94
    6
   26
   38
   69
    0
    0
    0
    0
    3
    0
    0
    5
   19
   51
    2
    0
    0
    0
    0
    0
    0
    0
    4
    0
    3
   28
    0
    0
    5
    0
    0
    0
    0
    0
  116
    3
    0
    0
    0
    0
    0
    0
    0
    0
    0
    0
    0
    9
    2
    0
   46
   85
   50
    3
    9
   67
   32
    2
   14
   82
   38
   35
   39
   29
    2
    2
    0
    0
   13
   39
   13
    3
    0
  130
   14
    1
   10
   17
   31
    1
    1
    1
    0
   23
    0
   24
   35
   34
   44
    3
    0
    0
    0
    0
    0
    0
   73
    0
    1
   88
   25
    4
    1
   15
    7
    0
    0
    0
   15
    0
   19
    0
    0
   34
    0
    0
    0
    0
    9
    0
    0
    0
    0
    0
    0
    0
    0
   60
    0
    0
    0
    0
    0
   53
    2
   23
    5
    0
    0
   58
    3
   25
   89
   25
   26
  114
   29
   95
    2
    0
    0
   12
    2
    0
   74
   86
   22
    8
   10
    0
    0
   27
    0
    0
    0
    0
    5
    0
    0
    0
    0
   59
   98
   36
    0
    0
    6
   34
   44
   39
    0
   42
    6
    0
    0
    3
    0
    0
    0
    2
    0
   62
    0
    0
    0
   11
    2
    0
    0
    0
    0
    0
  189
    0
    0
    5
   10
    0
    0
    0
    0
    0
    0
    0
    0
    0
    0
    0
    0
    0
   18
   43
    0
    0
    3
   33
    0
    3
    0
    2
    3
    0
   35
   65
    2
    0
    0
    0
   70
    0
    0
   19
    4
  330
    0
    0
    3
  111
   22
    1
    0
    0
   80
    9
   37
   33
    7
    0
    0
    0
    0
   68
    0
    0
   16
   26
   33
   14
    0
   70
   59
    1
   29
   35
   38
    0
    0
   23
    3
    0
    0
    0
   41
    0
   65
    0
   28
    6
   78
   11
   17
   45
    0
    0
   12
    0
   53
    0
    0
    0
    0
    0
    0
    0
    0
    0
    0
    0
    0
    0
    0
    0
    0
   67
   79
   88
   17
    3
  210
    4
   42
    0
    3
    9
    0
    0
   83
    0
  110
    7
    0
    0
   28
    2
    5
  153
    0
  198
  115
  120
   51
    3
    0
    0
    0
    0
    0
    0
    0
    0
    0
    0
    0
    0
   38
    7
    3
    0
    0
    0
   85
    5
    0
   37
   29
   37
    2
   20
    0
    0
   42
    4
    0
    3
    2
    0
   43
   80
   11
   15
   53
  271
   30
   71
  125
  145
   47
    1
    9
    5
    6
    0
   60
   72
   21
    4
    0
   12
   57
    3
    8
    5
    2
    2
    0
    0
    0
    3
    0
    2
    2
    1
    0
    0
    0
    0
    0
    0
   23
   42
   34
    3
    0
    0
    0
    0
   67
   35
   47
   44
    2
    0
   30
    2
    4
    0
    8
    0
    2
    1
    0
    0
    2
    0
    0
    0
    0
    0
   38
   29
    1
    0
   30
   37
    4
    0
   22
    2
   17
   13
    6
   21
    0
    0
    0
    0
   15
   10
    1
    0
   23
   26
   27
    7
    2
    2
   15
   11
    6
   64
   20
   58
   18
   37
    9
    3
    1
    1
    0
    2
    0
    6
   49
    9
    2
  105
    0
   64
   37
   27
   25
   20
    5
    0
   24
  105
   96
    4
    0
   63
    3
    0
    1
    4
    0
    0
    0
    0
    0
    0
    0
    0
    0
    0
   18
    6
   10
   35
    0
    0
    0
   98
    0
    0
    0
    0
    0
    0
    0
   24
    5
   63
    1
    2
    0
    0
   14
    0
   42
    6
    6
   39
   43
    0
    0
    0
   17
    0
    0
    0
   12
    0
    3
    0
    0
    0
    0
    0
    0
    0
    0
    0
    0
  119
    0
   53
   68
  117
   27
   58
    0
    0
    0
    0
    0
   25
   15
    3
    0
    0
    0
    0
    0
   34
    0
    0
   11
    5
  153
    4
    3
   10
    0
    0
   56
    0
   71
   59
    1
    0
    0
    0
    0
  152
   63
    0
   71
    1
    1
    0
    4
    0
    0
    3
    2
    0
    9
    0
    0
    0
   55
  149
  108
    5
    0
    0
    0
    0
    3
   15
  166
    5
    0
    0
    0
    0
   12
    0
    2
    3
    0
    0
    0
    0
    0
    0
    0
    0
    0
    0
    0
    0
    0
    0
    0
   15
   46
   74
    5
    0
    0
   74
    2
    8
    4
   72
    0
    0
    0
    0
    0
    0
    0
   21
    1
    0
    0
    0
   24
    2
    0
    0
    0
    0
   20
    0
    0
    0
    0
    0
    0
    0
    0
    0
    0
    0
    0
    0
   42
    0
    0
    0
    0
    0
   10
    0
    0
   55
   30
   15
    0
   17
    8
    0
    7
    6
   18
   85
    1
   22
    0
    1
    1
    0
    0
    0
    0
    0
    0
    0
    0
    8
    5
    4
   16
    0
    3
    0
    8
    7
   29
   91
    0
    0
    0
    4
   50
   70
   99
   48
    0
    0
   12
   21
    0
    0
    8
   43
   20
    8
    9
    7
    0
    0
   10
    0
    0
    0
    0
    0
   18
   10
    9
    3
   11
   37
   39
    0
    0
    0
    7
   15
   10
   17
    3
    7
    3
    0
    9
    4
    0
    0
   15
   24
    9
  137
   43
    4
   27
    0
    0
   17
    0
    2
   79
    0
    9
    3
   11
    0
    4
    0
    0
    0
    0
    5
   35
   29
   33
    1
   66
   42
   49
    0
    5
    0
    6
    0
    9
  145
   32
   21
    5
   55
   14
   20
    0
    0
    4
   64
   10
   30
    0
   39
   42
   11
    9
    7
   19
   27
   11
    8
    3
   41
    1
  102
   83
    0
    0
   25
    2
    8
   47
   40
   20
    0
    0
   16
  135
   79
   47
   56
   15
   10
  135
   58
  173
   47
    0
    0
    0
    0
    0
    0
   11
   16
   10
   15
   80
    3
   24
   25
    0
    0
    0
    9
    0
    0
    0
    7
    3
    0
    0
   28
    7
    2
   46
    0
    0
    2
    3
    0
    0
    0
    0
    1
    0
    0
    0
    0
    0
   97
   86
    0
    0
    0
    0
    0
    0
   50
    0
    0
    0
    0
    0
    0
    0
    0
    4
    2
    7
   49
   27
    0
    0
    0
   20
    0
    8
    4
   17
   12
   18
    0
    0
  103
   17
    0
    0
   13
    0
    0
    0
  116
    0
    0
   83
   25
    0
    0
    0
    0
    0
    0
   37
   12
   33
    2
    0
    2
    0
    0
    0
    4
    1
    2
    0
  120
    0
   45
    7
    0
    9
    0
    0
    0
   23
    3
    0
    0
    0
   18
    0
    0
   53
    0
   29
    0
    0
    2
    8
   78
    0
    0
    0
   60
    0
    0
    0
   27
   72
    0
    0
   45
    0
    0
    0
    0
   10
    0
  111
    0
  125
  185
   39
    5
    0
    0
    0
    0
    0
  160
    0
    0
    0
   82
   25
  108
    0
   32
   38
   28
    0
    0
    0
    0
    0
  165
    4
   30
  104
    0
    0
    0
    0
    5
    0
    0
    0
    2
    0
   16
    0
    0
    0
  123
    0
    0
    0
   26
   56
  100
   27
    7
   14
   24
    0
    3
    0
    0
    0
    2
    0
    0
    0
    0
    0
    0
    0
    0
    8
   22
   24
    0
    2
    7
    0
    0
   28
    0
    0
    4
    0
    0
    0
    0
    0
    5
    7
   93
    0
    0
   42
    0
   17
    2
   44
    0
    0
    0
    2
    1
    0
   22
    0
    0
    0
    0
    0
    0
    0
    3
    0
   16
    0
   39
   44
   43
    0
   73
   58
    5
    0
    0
    0
    0
    0
    0
    0
   31
   30
   26
    0
    0
    0
    8
    0
   50
    0
    6
    6
   49
    0
    0
    0
    0
    0
    0
    0
    0
    0
    0
    0
    0
    5
    0
    0
    0
   33
   25
   84
   26
    0
   30
   10
    4
    1
    3
   51
   10
   45
   74
    5
   10
    0
    0
    1
    0
    0
    2
    0
    0
    0
    7
    5
    0
    1
    5
    7
   84
   59
    8
    2
   16
    0
    0
   14
    0
   12
   67
    7
    0
    0
   31
   15
   32
    7
  111
   24
    3
    0
    1
   72
   51
   40
    0
   13
    3
  108
   85
  167
   15
    0
    0
   19
   22
    0
    0
    0
    8
   18
    8
   85
    2
    0
    0
   35
    5
    3
   29
   22
   98
    6
    2
   14
    2
    0
    4
    7
    0
    0
   65
   12
    8
   25
    0
    0
    0
    0
    1
    0
   85
   27
    0
    0
    0
    0
    0
    0
    0
   13
    5
   15
   84
   12
    0
    0
    0
    0
    0
    0
    0
    0
    1
   32
    0
    0
   87
   18
   46
  112
   52
    0
    0
   11
   41
    2
   46
   15
    0
    0
    2
    5
    2
    0
    0
    0
    0
   10
   36
    0
    0
    0
    0
    0
   22
    0
  100
    0
    0
    0
    0
    0
    0
  341
  162
  109
    0
    0
    2
   29
    5
  170
   16
    0
    0
   12
    0
    0
    0
    0
    0
    0
    0
    0
    0
   10
    0
   20
    0
    0
   17
  173
   12
   59
   15
    0
   12
    7
    3
    0
   15
    0
    0
    5
    0
    0
  179
   10
   11
    0
    0
    0
   25
    0
   49
    0
    0
    0
    0
    0
   21
  114
    5
    0
    3
  176
   56
  155
  100
   83
   23
  100
   25
   21
    6
    1
    2
   40
   35
    5
    0
    0
   53
   15
    0
  108
   10
    3
   16
   63
    0
   25
   22
    0
    0
   50
   12
    2
    0
    0
    0
    0
    0
    0
    0
    0
    0
    0
    0
   55
   10
    2
   38
    0
    0
   36
    3
    8
    0
    7
   19
    6
    0
    2
    0
   19
   33
  138
   19
    0
    0
   43
    0
    0
    0
    0
    9
    7
    5
    0
    3
   59
    0
    9
    9
   23
   47
    3
   40
    0
    9
    4
    0
   80
   92
   64
   14
    0
    0
    9
   20
   16
    3
    0
    3
   10
   13
    7
   34
    2
   75
   50
    0
   74
    2
   19
   35
   37
   17
   43
   10
