Station: Lausick, Bad-Ebersbach , scaling_factor: 10.0, latitude:  51.1015, longitude:  12.6992, altitude:  222, nodata_value: -9
start: ..1969-01-01  end: ..2002-12-31
  149
   96
    1
    0
    0
    0
    0
    0
    0
    0
    0
    0
   12
    0
    5
    0
    0
   11
    0
    0
    0
   95
   74
    7
   61
    7
    0
    4
   14
   12
   39
    0
   22
    7
    0
    0
    0
   58
    0
   21
   19
    2
   14
    1
    2
  221
   11
    0
    0
    0
   24
    0
    0
    0
    3
   29
    0
    0
    0
    0
    0
    0
    0
    0
    0
    0
    0
    0
    0
   38
   82
   96
    0
   72
    9
    0
    0
    0
    0
    0
    0
    0
    0
   25
    0
   22
   23
    0
   16
   22
   96
    0
    0
    0
    0
    0
    0
    0
    0
    2
   95
   88
    0
    2
   90
   13
   40
   29
    0
    0
    0
   94
   92
   13
    0
    0
   70
    0
   76
    8
    0
    0
   78
   54
    0
    0
   44
    0
   43
    0
    0
    0
    0
    0
    0
   22
    0
    5
    0
    0
    0
    0
    0
    0
   16
  176
    0
   28
    0
   84
    7
   54
   51
  107
    3
   71
   56
    0
    0
    0
    0
    0
    0
    0
    0
    0
    0
    0
    0
  434
  124
    0
    0
    0
   75
    0
   45
   24
   39
  102
    0
    0
    0
    0
    0
    5
   63
    0
    0
    0
   31
   64
    0
   12
    0
    0
    0
    0
    0
    0
    0
   26
    0
    0
    0
    0
    0
    0
    0
    0
    0
    0
    0
    0
    0
    0
    0
    0
    0
    0
    0
    0
    0
   12
   49
   87
    0
   21
   18
    0
    0
   24
    4
    0
    7
    0
    0
   36
   14
   43
  162
  166
    0
    0
    0
    0
    0
    0
    0
    0
    0
    0
    9
    0
    0
    0
    0
    0
   12
    0
    0
    0
    0
   12
   13
    0
    0
    0
    0
   53
    0
    0
    0
    7
   42
   41
    1
    0
    0
    0
    0
    0
    0
    0
    0
    0
    0
    0
    0
    0
    0
    0
    0
    0
    0
   34
   19
   25
    0
    0
    0
    0
   49
    9
    0
    0
    0
   86
    0
    0
   47
   32
    7
    3
    0
    0
    0
    0
    0
    0
    0
    6
    4
    6
    0
    0
    0
   78
   17
   66
   11
    6
    6
    0
    0
   12
   64
   60
    0
    0
    6
    0
    0
    0
    0
    0
    0
    4
   78
   14
    7
   61
    7
    0
    0
    0
   28
   22
    0
    0
    0
    0
   33
    7
   16
    3
    4
   17
   31
   96
    0
    7
    0
    0
    0
    0
    0
    0
    0
    0
   32
    0
    0
    0
    0
    0
    0
    6
    0
    0
   32
  106
   17
    0
    0
    4
    0
  151
    8
    0
    6
   25
    0
   18
   19
   29
   11
    0
   56
    0
    0
   10
    2
   30
   25
   20
   44
  195
  126
   51
    0
   36
   44
   20
   51
   73
    3
  131
  192
   11
    0
    0
    0
    0
    0
    0
    0
    0
    0
   14
   45
   12
    5
   45
    0
    0
    0
    0
    4
   15
   20
  187
    0
    0
   52
    9
    2
    0
   11
    5
    3
    9
    0
  154
   23
    7
    6
  129
    0
    0
   41
    0
   12
   92
   72
    0
   35
   26
   15
    7
   29
    5
    0
   82
   44
  112
   41
   25
    0
    0
    0
    0
    0
    0
    0
   84
  122
    0
    0
    0
    7
    0
    0
    7
   46
   37
   52
   38
    0
   16
  119
  152
  181
   11
   41
   64
    4
    0
    0
   69
    9
    0
    0
    0
    0
    5
    4
    0
    0
    0
    0
    8
    0
    0
    0
    0
    0
    4
   21
    6
   28
    0
    0
  265
   22
    0
   36
   21
   26
    0
    0
    2
    0
    0
   27
    0
    0
    0
    0
   25
   11
   18
    0
    0
   44
   11
   14
    0
    0
   54
  115
   53
    0
    3
   41
    0
  211
  905
    0
    0
    0
   73
    0
    0
   62
   13
   45
    0
    0
    0
  201
    0
   71
   22
    0
    0
   39
  301
  114
   25
    8
   14
    0
    0
    0
    0
    0
    0
   80
    0
   44
   16
    0
    0
    0
    0
    0
    0
   71
    4
    5
    0
    2
    0
    0
    0
    0
    0
   22
    0
    0
    0
   11
    0
    0
    0
    0
   53
   52
  113
   65
   63
    3
    0
    0
    0
    0
    0
    0
    0
    0
    0
    0
    0
    0
    0
   23
    3
   69
   68
   11
  160
    0
   78
   11
  155
    0
   16
    4
    0
  193
   27
   18
   62
   41
    0
    0
   11
   34
   92
   12
    8
   43
    0
   18
    6
   30
    9
    5
   94
  151
    0
    0
    0
    0
    0
    0
   28
    3
   41
    9
   46
   95
    5
    0
   13
    0
    0
   15
    0
    0
    2
   22
    0
    0
   11
    0
    0
   32
   12
    6
   11
    7
    6
    0
    0
   76
    0
  137
    6
    3
    0
    0
    0
    0
    0
    0
    0
    0
    0
    0
    0
    0
    0
   18
   16
    0
    0
    0
    0
    0
    0
   27
   14
    0
   19
   11
   14
    0
    0
    0
    9
    0
   59
    9
   12
    9
   20
   42
    0
    0
    0
   11
   24
    0
    0
    0
    0
    0
   46
    2
   14
   62
   64
   38
   82
    9
   15
   59
   16
    2
    4
   30
    2
    0
    0
    0
    0
   19
    4
   10
    0
    0
    0
    3
    0
    0
    0
    0
    0
   14
    2
   29
   36
    0
    0
    0
    0
    0
   21
    0
    0
    0
    0
    0
    0
    0
    0
    0
    0
    0
    0
    0
    0
    0
    4
   71
    0
    0
   52
    0
    0
   25
  227
   64
   47
   26
   31
    0
    0
    0
    0
    0
    0
    0
    0
    0
    0
   26
    0
    0
    0
    0
    0
   26
    0
    0
   21
    0
   24
    0
    0
   41
   49
    0
   58
    0
    5
   25
   11
    7
    0
    0
    0
    0
    7
  242
  195
    0
   52
   13
   11
   26
   27
    0
   28
   52
   37
   39
   57
   30
    0
   15
    0
    0
    0
   44
    0
   70
   42
  122
    0
   68
    0
    0
    0
    0
    0
    0
    0
    0
    0
    0
    0
    9
    0
    0
    0
    0
    0
    0
    0
    0
    0
    0
    0
    0
    0
   22
    0
    0
    0
    0
    0
    4
    0
    0
    0
    5
    0
    0
    0
    4
    0
    0
   48
    0
    0
    0
    0
    0
    0
  464
  156
   84
    0
   10
   36
   14
    0
    0
   12
   13
    0
    0
    0
    0
    0
    0
    0
    0
  139
   69
    3
   15
    0
   47
   14
   15
    0
   74
    0
    0
    0
    0
   19
   11
   58
    0
    0
   91
    0
    0
    0
    0
    0
   13
    0
    0
    0
    0
    0
    0
    0
    0
   99
  153
    0
    0
    0
    0
    0
   15
    6
    0
    0
    0
    0
    0
    0
    0
    0
    0
    0
    2
    0
    0
    0
    0
    0
    0
    0
    4
   75
    0
    4
    6
   35
   36
   45
   35
  268
    9
    0
   28
    0
   41
   13
    3
    0
    0
    0
    0
    0
    0
    0
    0
   12
   16
   14
   26
   12
   93
   76
   24
   42
    4
    0
    0
    0
    0
    0
   42
  116
    6
   34
   32
    0
    0
    0
    2
   40
    0
   24
    0
    0
    0
   11
    0
    0
    0
    0
    0
    7
    0
    0
    0
    0
    0
    0
    0
    0
    0
    0
    0
    3
    0
    0
    0
    7
    0
    3
    0
    3
    0
    0
    0
    0
    0
    0
    0
    0
    0
    0
    0
   29
    6
    0
    0
    8
    0
    0
    0
    0
    0
    0
    0
    0
    0
    0
    0
    0
    0
    0
    0
    0
    0
    0
    0
    0
    0
   22
    0
    0
  102
    0
    0
    0
    0
    0
    0
    0
    0
    0
    0
    0
    0
    0
    0
    0
    0
   76
   23
    5
    0
   58
   38
   63
   66
   59
    0
   48
   24
    0
    0
    0
   35
    6
    0
    0
   60
    3
    0
   17
   24
    0
   12
   19
    0
    0
    0
    9
   13
    0
    0
    0
    0
    0
   19
    0
    0
    0
    0
    0
    7
   96
   72
   20
   11
    0
   35
  222
    0
   35
   71
    0
   47
    0
    0
   27
   14
   31
   27
   99
   51
   14
    0
    3
    5
    0
    0
    0
  112
  116
    0
    0
   43
   77
  198
    0
    0
    0
    0
    0
    0
   32
    0
    0
   11
   42
   11
    0
    0
    0
   48
    7
   29
    0
    0
   21
    0
    0
    0
   39
    0
   17
  108
    0
    0
    0
    0
    0
    0
    0
    0
    0
    0
    0
    5
    9
   20
   13
    0
    0
    0
  236
  253
    0
    0
    0
   59
    0
   48
    0
    0
    0
    0
    0
   99
    0
    0
    0
  229
    9
    0
   83
    0
    0
    5
   22
    0
    4
   12
    3
    0
    0
    0
    0
    0
   69
    0
    0
    0
    0
    0
   32
    5
    0
   75
    0
    0
   11
    0
    0
   21
   37
    0
    0
    0
    0
   36
   39
   55
   21
   14
   36
   31
    0
    0
    0
    0
    0
    0
    0
    0
    0
    0
    0
    0
    0
    0
    0
    0
    0
    0
    0
    0
   48
   36
   52
  148
   46
    0
    0
    0
    4
  240
   36
    0
    0
    0
    0
    0
    0
    5
    0
    4
   33
    7
   73
   53
   35
    0
    4
   26
    0
  138
    8
   14
    3
    0
    0
   31
   27
    0
    0
    0
    0
    0
    0
    3
    0
    0
    0
    0
    0
   32
    0
    0
    0
    0
    0
    0
    0
    0
    0
    0
    0
   13
    0
    0
    0
    0
    0
    0
    0
    0
    0
    0
    0
    0
    0
    0
    3
    9
    7
    3
    7
    8
   11
    2
    0
    0
    0
    0
   42
    7
    0
    0
    5
    0
    0
    0
    0
    0
    0
   29
   98
    3
   17
   39
   42
   38
    0
    0
    0
    0
    4
   12
   57
    8
    5
   21
    0
    0
    0
    0
    0
    8
   69
   24
   45
   18
    5
   36
   78
   11
   16
    5
    4
    0
   45
   91
    3
    0
    0
    0
   21
    0
    0
   17
   12
    0
    0
    0
    0
   18
   70
   36
    6
    0
    0
    0
    0
    0
    0
    0
    2
    0
    0
    0
   19
   32
   38
    0
   14
    0
    0
    0
   42
  219
    9
   78
    7
    0
    0
   21
   26
   40
   19
    0
   26
    0
    0
    0
    0
    0
    0
   14
    0
    0
   45
  229
   11
   94
   42
   21
   24
    9
    0
    0
    6
    0
    0
   52
    0
    0
    0
    0
    0
    0
  151
    0
    7
   48
   42
    0
    0
    0
    0
    3
    0
  338
   16
    0
    0
    0
   10
    0
   91
    0
   26
    0
    0
   62
    0
    5
    0
   35
   12
    0
    0
    0
    0
   22
    0
    0
    0
    0
    4
    0
    0
    0
    0
    0
    0
    0
    0
   52
    0
    0
    0
   48
   43
   43
    0
  103
   33
    3
   21
    8
   51
    0
    7
   24
   20
   31
  290
   29
  103
    0
    0
    0
    0
    0
   26
   14
    0
    0
  108
   16
    0
    0
    2
    0
    0
    0
    0
    0
    0
    0
  148
   17
    0
    0
    0
    0
    0
    0
    0
    0
    0
  130
   61
    0
   32
    0
    0
    0
    0
    0
    0
   91
    0
    0
    0
    0
    0
    0
   51
    8
    0
   12
    0
   35
    0
    0
   74
    0
    0
    0
    0
    2
    0
    0
    0
    0
    0
    0
    0
    0
    6
   40
    3
  139
    0
    0
   35
   43
   58
   22
    3
   69
   91
  126
   28
   89
    0
    0
    0
    0
    0
    0
   18
    0
    0
    0
    0
    0
   79
    0
    0
   55
    0
    6
    0
    0
   36
   32
   12
    7
    5
    0
   15
    0
    0
    0
    3
   17
   18
   61
   10
    0
   43
    0
   17
    0
   41
   32
    6
   10
   69
   58
    5
    0
   15
    0
   30
   55
   33
   23
    0
    0
    0
    0
    3
    0
    0
    0
    6
    0
    0
    0
    0
    6
    0
   24
    0
    0
    0
    0
   38
   48
    2
    0
    0
    0
    0
    0
   13
   15
   11
   38
  145
    0
    0
    0
   56
    3
   20
    0
    0
    0
    0
    0
    0
    0
    0
    0
    0
    0
    5
  121
   54
   37
    6
    0
    0
    4
    0
    0
    0
    0
    3
    5
  123
    0
   17
  120
  119
    4
    4
    0
    0
    0
    0
    0
    0
    0
   37
    0
    0
    0
    0
    0
    0
    0
    4
    6
    2
    4
   61
   72
    0
    0
    0
    0
    0
    0
    0
    0
    0
    0
    0
    0
   10
    0
    0
    0
    0
    0
    0
    0
    0
    0
    0
    0
    0
    0
    0
  110
   28
   15
    0
    0
    0
    0
    0
    0
    4
    0
    0
    0
   27
   17
    0
    4
    0
    0
   46
   34
  129
   29
    0
    0
    0
  158
   35
   20
  148
    0
   26
    4
    0
    0
    0
   78
  156
   42
    0
    0
    0
    0
    0
    0
    8
   58
   21
    0
    0
    0
    0
   30
    0
   59
   54
    2
   48
   52
  102
   24
   26
    4
   10
  102
    0
   26
    0
    0
    0
   10
    0
    8
   55
    0
   26
   91
   70
    0
   38
   23
    0
  165
    5
    0
   22
    8
   95
    0
    6
   24
    0
    0
   40
   49
    0
  121
    0
    0
    6
   50
   21
    0
    0
    0
    0
    0
    0
    0
    0
    0
   54
   56
    0
    0
   13
   16
   19
   10
    9
    0
    0
    0
    0
   73
  118
   20
   46
    0
    0
    0
    0
    0
    0
   48
    0
    0
    0
    4
    0
    0
   27
    3
    0
    9
    0
    0
   58
    0
    0
    0
    0
    0
    0
    0
    0
  272
    0
    0
    0
    0
    4
    0
   10
   51
    0
  131
   15
    0
    0
   23
   61
    0
    0
   13
    0
    0
   30
   51
    0
    0
    3
    2
   46
  196
    4
    0
   13
   65
  132
  428
   62
   34
   33
    8
   21
   47
    0
   61
   33
  191
   63
    3
    0
    0
    0
    0
    0
    0
    9
    0
    0
    0
    0
    0
    0
    0
   17
    0
    0
    0
   94
   10
   20
   21
    8
   42
   22
   21
   15
   21
   10
    4
    5
   21
  172
  153
  131
   31
   35
   25
   46
   13
   11
   39
   10
   43
    5
    0
    0
    0
    0
    0
    0
   18
   41
   15
   55
   44
   67
  124
   61
    0
    0
    2
    7
    4
   33
   10
    0
    0
    0
    0
    0
    0
    0
    0
    0
    0
    2
    0
   25
   15
   11
    0
   17
    0
   37
   63
    3
   16
   25
    5
   37
    0
    0
    0
    0
    0
    0
    0
    0
   10
    0
   30
   43
    0
    0
    0
   32
   71
    0
    0
    0
    0
    0
    0
    0
    0
    0
    0
    0
    0
    0
    0
    0
    4
    0
    0
    0
    0
   26
    3
   65
   21
   22
    0
    3
   17
   96
    0
    0
    0
   49
  145
   45
    4
    3
    0
    0
    0
    0
   19
    0
   48
   63
   33
    0
    2
    0
    4
    9
   31
   13
  139
  156
   66
    4
    0
    0
    6
    0
    0
    0
    0
    7
    0
    0
    0
    0
    0
    0
    8
   73
    0
    0
    0
    0
   57
   53
    0
   23
   11
    0
    0
    0
    0
    5
   64
    0
    0
    0
    0
    0
    0
   22
    0
    0
    0
    0
   21
    0
    0
    3
    0
    4
    0
    0
    0
   41
   74
  121
    0
    0
    0
    0
   67
   19
    5
  200
    0
   19
  125
  114
    0
   62
    0
    0
    0
    4
    8
   19
   51
    0
    0
    0
    0
    0
    0
    0
   18
   26
    6
    9
    0
    6
    0
    0
    0
   26
   62
    0
    0
    0
    0
    0
   17
    0
    0
    0
    0
    0
    0
    0
    0
    0
    0
    0
    0
    0
    0
    0
    0
    0
    0
    0
    0
   21
    0
  165
   40
    0
    4
    0
  412
   32
  110
   87
    0
    0
    0
    0
    0
    3
    0
    0
    0
   16
    0
    0
    0
    0
    0
    0
  245
   34
   11
    5
    0
    0
    0
    0
    0
    0
    0
    0
    0
    0
    0
   11
    0
   28
    0
    0
    0
    4
   13
   16
   59
    0
   38
   34
   72
    0
    0
    0
   34
    0
    0
    0
   29
   18
   35
   22
   56
   22
    0
    0
    4
    3
    0
    0
    0
    0
    0
    0
    0
    0
    0
    0
    0
    0
    0
    0
    0
    0
    0
    0
   22
    0
    0
    0
   23
  102
   80
   68
    3
    0
    0
    0
    0
    0
    0
   40
   12
    0
    2
    5
   26
    6
    2
   28
    2
    3
   22
    0
    0
   23
    2
    0
    0
    3
    0
    0
    7
    0
    0
   17
    0
   76
   34
    0
    0
    0
    0
   10
   72
   39
   23
   15
   50
   51
    0
    0
   16
  105
  102
   55
  149
  107
   22
   12
    3
    6
   25
   43
   10
   25
  164
   69
   13
    0
    0
    4
    2
    0
    0
    0
    0
    0
    0
    0
    0
    0
    0
    0
   38
    0
    0
   40
   13
   11
    0
    0
    0
    0
    0
    0
    0
    0
    3
    0
    0
    0
    0
    0
    0
    0
    0
    0
    0
    2
    0
    0
    6
    3
    0
   11
    2
    0
    0
    8
   10
   21
   47
    0
    0
    0
    0
    0
   55
   43
   14
    6
    0
   15
    0
    0
    0
    0
   14
   13
    0
    0
    3
    0
    0
    0
    0
    0
    0
    0
    9
    0
    0
    0
    0
    5
    2
   42
   35
    7
    0
    5
    4
    0
    0
    0
    0
   50
    0
    0
    0
    0
    0
    0
    0
    4
    3
    0
    0
    0
    0
    0
    0
    0
   98
   63
    0
    0
   44
    0
    3
   31
   92
   45
   28
   75
    9
   38
   14
   88
    0
    0
    0
    0
    0
    0
    0
    0
    0
    0
   93
   85
    0
    0
    0
    2
    0
    0
    0
    0
    0
    0
    0
    0
    0
    0
    0
    0
    0
    0
    0
    0
    0
   16
    0
    0
    0
    0
   92
   20
    0
    0
   24
    0
    0
    0
   13
    0
    0
    6
   18
    0
    0
    0
    0
    0
   90
   43
   37
  128
   15
    4
    0
    0
    0
    0
    0
    0
   45
    0
   10
    0
    0
   28
   11
    0
    0
    0
    0
    0
    0
    0
    0
   16
    0
    0
   17
    0
    0
   30
   11
   28
    0
    0
    0
    0
   44
    0
    0
    0
    0
   45
    0
    0
    0
    6
    0
    0
    0
    0
    0
   12
    0
    0
   12
   30
   24
    0
    0
    0
   33
   12
    0
    0
    0
    0
    0
    0
    0
    0
   38
    4
    0
   61
   95
    0
    0
    0
    0
    0
    0
    0
    0
    0
    0
    0
    0
   29
   15
    0
    0
   24
    0
    0
    0
  150
    0
    0
    0
    0
    0
   53
   34
   36
   15
    0
    0
   14
    0
    0
  134
   13
  149
   28
    4
    0
    0
    0
    3
   25
    4
    0
    0
    0
    3
   20
    0
    0
    0
   79
   75
   45
   34
   12
    3
    0
    0
    0
    0
    0
    0
    0
   17
    7
    7
    0
    7
    0
    0
    0
   33
    0
    0
    0
    0
   13
   13
   39
    4
    0
   28
    0
    0
    0
    0
    9
    0
    0
   21
    0
    0
    0
    0
    0
   73
    0
    0
    0
   72
    0
    0
    0
    0
    5
    0
   22
   21
   46
    0
   20
   35
    2
    0
    0
    0
    0
    0
    0
    0
   56
   59
   16
    0
    0
    0
   24
   43
    9
    0
    0
   44
    7
    0
    0
    0
    6
   30
    0
    0
    0
  196
   87
    8
   22
    0
    0
   32
   41
    0
    0
    0
    0
    0
    0
   25
  111
   62
    0
    0
    0
   10
    0
   14
    0
    3
   25
   27
    0
    0
   22
    8
   10
  144
   13
   69
    0
    0
    0
    0
    0
   27
    0
   87
   15
    3
   19
   14
    0
  118
   40
   16
    0
    0
    0
  106
    0
    0
    8
    0
    0
    0
   91
    0
    0
    6
    0
    0
    0
   40
   26
    5
    0
    0
    0
    0
    0
    0
    0
    0
   10
    0
    0
    8
  104
   11
   54
   15
    8
    5
    0
    0
    0
    0
    0
   27
  131
   20
    0
  185
  224
    0
    0
    0
    0
    0
   14
   80
    0
    0
   12
    0
    0
    0
    0
    0
    0
   70
   10
   37
    9
   40
    0
    0
  105
    0
    8
    0
   30
   26
   15
    0
    0
    0
    0
  235
  106
    0
    0
    0
    0
    0
  118
    0
    0
    0
  121
    0
    0
    0
    0
   61
  148
  247
    4
   27
    0
    0
    0
   10
   14
  144
    0
    0
   57
    0
    0
    0
   41
   11
    0
    0
    0
    2
   21
    3
  225
    0
    0
    0
    5
  115
   77
   56
    0
    0
    0
    0
   19
    0
    7
    0
    0
    0
   54
   49
   38
    0
    0
    0
    0
   13
    0
    0
   33
   27
   18
   11
   38
    0
    0
    0
    0
   92
    0
    0
    0
    0
    0
    0
    0
    0
    0
    0
    0
    0
    0
  103
    0
    0
    0
   30
    6
    0
   32
  101
   83
  160
   35
    0
    0
    0
    0
  310
    0
    0
  101
   20
    0
    0
    0
    0
   34
    0
    0
    0
    7
    0
    3
  114
   10
   24
    0
    0
   25
    6
   19
    0
    0
    0
    0
    0
    0
    0
    0
   14
   86
    2
   41
    3
    0
    0
    0
    0
    0
    0
    0
   21
   11
   49
   32
   37
    0
   23
   26
   20
    0
   14
   12
   40
    7
   15
    0
    0
    4
    2
    0
    0
    0
    0
    0
    0
   10
    6
    0
    0
    0
    0
    0
   36
   15
   13
    0
    0
    8
    2
    8
   22
   36
   11
    0
    0
    0
    0
   16
    9
    0
   32
    4
    0
   22
   10
    4
    0
    0
    0
    0
    7
    6
    0
   17
    0
    0
    0
    0
    0
    0
    0
    0
   10
    0
    0
   84
    0
    7
    0
    0
   49
    0
    5
   38
   18
   33
  123
   11
    0
   10
   10
   13
   19
    5
   27
    0
    0
    0
    0
    0
    0
   14
   32
    0
    0
    0
    0
    0
    4
   63
    0
    0
    4
    3
    0
    0
    0
    0
    0
    6
   10
    0
    0
    0
    0
    0
    0
    0
    0
   55
   98
    0
    0
    0
   34
  323
  193
    8
   43
    0
   56
   57
    0
   82
   14
    8
    0
   49
   37
    0
   67
   63
    0
    0
    0
    0
    0
    0
    0
    0
    0
    0
    8
    0
   31
    0
    0
    6
    5
    0
    0
   14
  118
   59
    0
    0
    0
    0
    0
    0
   75
    0
   16
    0
    0
   71
   65
    0
    0
   15
    0
   58
   20
    4
    0
   32
   17
   70
  145
   11
    0
   12
    0
    0
    0
    0
    0
   35
   26
   74
    9
    0
    0
    0
    0
    0
    0
    0
    0
    0
    0
    0
   18
    0
    0
    0
    0
  504
  262
   49
   95
   10
    0
    0
    0
   20
    0
   21
    0
    0
    0
    0
    0
   10
    0
    0
   14
   17
    4
   76
  110
   19
   78
   52
    8
    0
    0
   16
    0
    0
   47
   18
  103
   79
    0
    2
    0
    0
    0
    0
  104
   44
    5
  203
   23
    0
   19
  102
    3
   62
   58
   21
    0
   18
   83
  163
   78
    0
    0
    0
    0
    0
    0
    0
    0
    0
    0
   21
   29
    0
    0
   12
   16
   90
    3
   15
   85
    0
   22
   10
    3
    3
    0
    0
    0
    0
    0
    0
    0
    0
    0
    0
    0
    0
    0
    0
    0
    0
    0
    0
    0
    0
    1
    0
    0
    0
    0
   50
    3
    0
   22
   40
  175
   77
    5
    0
    0
    0
    0
    0
   71
   53
    0
    0
   33
   12
   14
   39
    3
    2
    0
    0
    0
    0
    0
    4
   19
   10
   10
   11
   28
  108
  198
   54
   11
    5
   33
   27
    5
    0
   42
   32
   18
    0
    3
   58
    5
   23
    5
  100
    0
    0
    3
    0
    0
    0
   47
   19
    0
    0
   31
    0
    0
   42
   19
   15
   30
    0
    5
    4
    0
   18
    4
    0
    0
   14
   54
   51
   41
    4
   23
    2
    0
    0
    0
    0
    2
    4
    2
    0
    0
    0
    0
    6
    0
   11
   90
    0
    0
    7
    0
   20
    3
   83
   30
   60
   48
    0
   84
    0
   36
   35
   64
    0
    0
    0
    0
   31
   20
    0
    8
   71
  237
   26
    4
    0
    0
  261
    0
    8
  142
    0
    0
    0
    0
    9
    0
    0
    0
   80
   15
    0
    0
    2
    3
   20
   18
    7
    0
    0
    0
    0
   20
   50
   16
    0
    0
    8
    7
   30
    0
    0
    0
    0
   36
    0
    0
    0
    0
    0
    0
   44
    0
    0
    5
    2
    0
   22
    0
    0
  155
    0
    0
    0
    0
    0
    0
    0
    0
   50
  255
   57
   50
    0
    0
    0
   43
    0
    0
   30
   64
    0
    0
    0
    0
    0
   15
    0
   25
    0
    0
  128
   60
    2
    0
    0
    0
    0
    0
    0
    0
  132
   38
  112
    0
    0
    0
    0
   31
    0
   12
   23
    2
   58
    0
    6
    3
    2
   68
  119
   80
   20
   21
   92
    0
    3
   73
    5
    0
   35
    0
    0
    0
   61
  130
   17
    0
    0
    0
    0
    0
    0
    0
    0
    0
    0
   15
   39
   41
    4
   11
   93
    0
    0
    0
    0
    0
    0
   36
   52
   36
    0
    0
    0
    6
   50
    0
    0
    0
    0
    0
   25
    0
    0
   19
    5
  145
   57
  285
   77
    6
    0
    0
    6
    4
    0
    0
    0
    0
    0
    0
    0
    0
    0
    0
    0
    0
    0
    0
    0
    0
    0
    0
    3
   32
    0
    0
    0
    0
    0
    0
    0
    0
    0
    0
    0
    0
   33
   24
   28
    0
   75
   78
   16
   23
  225
    5
    0
    0
   19
   30
   12
  128
    2
    3
   78
    2
    2
   11
    0
    0
    8
    0
   13
    4
    0
    0
    3
   15
    0
    0
    0
   13
    3
   59
    3
   24
  107
   56
    0
   16
   47
   33
   40
   25
    0
    0
   87
    0
    0
   10
    0
    1
    0
    0
    2
   46
   22
   21
   20
   31
    5
   20
   18
   12
   54
    0
    0
    1
    1
    1
    0
    0
    0
    4
    0
    0
    0
    0
    4
    0
   15
    1
   28
   60
    0
    2
    0
   11
   42
   41
   23
   95
   34
  104
   49
    0
    0
    0
   25
   15
   27
    0
    0
    0
   22
    2
    0
    0
    0
    0
    0
    0
    0
    0
    0
    0
   15
   18
    0
   13
    3
   21
    0
    0
   19
   50
   47
    2
    0
    0
    0
    0
    0
    0
    0
    5
   82
    0
    0
    0
    0
    0
    0
    4
    5
    6
   14
   19
    0
   86
  238
  188
    4
    0
    0
   21
   24
   47
   25
    0
    0
    0
    0
    0
    0
    0
   14
   39
    9
    3
   37
  380
  376
    0
   20
   88
    4
    0
    0
    0
    2
    0
    0
    0
    0
    0
   88
   10
    0
    0
    0
    0
    0
    0
    0
    0
    0
    0
    0
    0
    0
    4
    0
    0
    0
    0
  139
    0
    0
    0
    0
    0
   18
    0
   21
    0
   50
   30
    0
    0
   64
    0
    0
    0
    9
   12
    2
   34
   42
   10
    7
   20
    0
   11
   10
    3
   91
   19
   45
  127
   24
  160
  115
    0
   22
    0
   15
   34
   14
    0
   40
   14
  115
   18
  150
    0
    0
    5
   48
    0
  545
   15
    0
    0
    0
    0
    0
   54
    0
   17
    0
    0
   10
    1
    0
   22
    0
    0
    0
    0
    0
    6
  100
    0
    0
    0
    0
    0
    0
   20
    0
   81
   15
    0
   58
    0
    0
    0
    0
   32
   13
  151
   52
    0
    0
    0
  105
   12
    0
    0
   23
   20
   12
   17
   19
   25
   32
    0
   52
    0
    0
    0
    0
    0
    0
    0
  140
    0
    0
    0
    2
   31
   27
    0
    0
    0
    0
    0
   99
    0
    0
    0
    0
  170
  388
    0
    0
    0
    0
   83
   18
    0
    0
    0
   37
   45
    0
    0
   23
    0
   30
    7
    8
    0
    0
    5
    0
    0
  133
   67
    0
    0
    0
    0
    0
    0
    8
   74
   31
    0
    0
    8
    0
    0
    4
    0
    0
   93
    0
    0
   11
   66
    5
    0
   23
   30
   47
   43
   32
    5
    2
    0
   10
   11
    0
   60
   29
   26
    0
    0
    6
   10
    0
    0
   10
   62
    0
    4
    0
    6
    0
    0
    0
   30
   25
  121
  109
   40
   33
   27
   30
    0
    5
   45
    0
   12
    0
   10
    0
   11
   11
   20
   66
   75
    2
    0
    0
    5
    5
    0
    0
    0
    0
    0
    0
    0
    0
    7
   42
   23
   44
   10
    0
    0
   10
   12
   10
   22
    0
    0
    0
    4
    2
    3
    6
    0
    5
   71
    0
    0
    0
    0
    0
    8
    5
   44
   15
    5
    3
   27
    2
  150
  180
   70
  182
   46
    7
    0
    7
    0
    8
    0
    0
    0
    0
   75
   28
   15
  107
    0
    0
    0
    0
    0
    0
    0
    0
   14
   39
    0
    0
    3
    0
    0
    0
    0
    0
    0
    0
    0
    0
    0
    0
    0
    0
   37
    5
    0
    0
    0
  489
   11
   59
  192
    3
    5
    0
   22
   28
    0
    0
    0
    0
    0
    0
    0
    0
  148
  157
    3
   50
    0
    0
    0
    0
  164
    5
   43
    5
   77
   19
    0
    0
    0
    0
    0
    0
   21
    0
    0
    0
    0
   46
    0
    0
    0
   27
    0
   56
    8
    0
   16
  141
   21
   94
    5
    0
    0
    2
   14
    0
    0
    0
   28
   11
    0
    5
  138
    0
    0
   10
    0
    0
    0
    0
    0
   13
   61
   47
    0
    0
    8
  138
   93
    2
   85
    0
   20
  121
   23
  178
   25
   22
    0
    0
    0
    0
   18
    0
    0
    0
    0
   12
    0
   16
  275
   16
    0
    0
    0
    0
    8
   23
    0
   52
   71
    0
   22
   44
    0
    0
   10
    0
    0
    0
    0
    0
    0
    0
    0
    0
    0
    0
    0
   30
   42
    0
    0
    0
    0
    6
    0
   80
    0
    1
    4
    2
    3
   20
  103
    0
    0
    0
   19
  221
  101
    0
    0
    4
    6
    8
    9
    0
   12
    0
   47
   18
   37
   53
   11
    8
  173
    0
   20
   35
    5
    6
   47
   33
   14
    0
    0
    0
  254
   17
    5
    8
    0
   31
   20
    0
   30
   36
   11
   22
   24
   20
    7
   62
   22
   83
   26
    0
    0
    8
   18
   56
    9
  172
    0
   12
    0
    0
  138
  123
    0
   15
   75
   51
   21
  118
  108
   18
    1
   30
  186
    5
    0
  121
   20
    0
   75
   20
    0
    0
   63
   16
    0
    0
    0
    0
    4
    5
    4
    0
    0
   10
   40
    0
    8
   14
   12
   24
   53
   11
    1
    0
   16
    0
    0
    0
    0
    0
    0
    0
    0
    0
    0
    0
    0
   18
    0
    8
    0
    0
    6
   22
   82
  131
    0
    0
    0
    0
    0
    0
   13
    0
   56
    0
    0
    0
    0
    0
    0
    0
    0
    0
    0
    0
    0
    0
    2
    0
    0
    0
    0
    0
   26
   20
    0
   31
    0
    0
    0
    0
    0
    0
    0
   23
    0
    0
    0
    0
    0
   32
    2
   35
    0
    0
    0
    0
    0
    0
    0
    0
   16
    0
    0
    0
    0
    0
    5
    0
    0
    0
   75
   89
   15
    5
    4
    6
   25
    0
    0
    0
    0
    0
    0
    0
    0
    0
    0
    0
    0
   10
    0
    4
  109
   11
   38
    4
    0
   47
  130
  145
    0
    0
   12
  115
  132
    0
    0
    0
    0
    0
    3
    0
   24
    0
    0
   66
   20
    3
    0
    0
    0
    0
    0
    0
    0
    0
    0
    0
    0
    0
    0
    0
    0
    0
    0
   21
   35
    2
   43
    0
  123
    0
    8
    2
    9
   25
    0
   34
    0
   36
   12
    2
   22
   34
    0
    0
    0
  111
   47
    0
   53
    8
    0
    0
    0
    0
    0
    0
    0
    0
    0
    5
    0
    0
    0
    0
    0
    0
    0
   78
   38
   26
    0
    0
    0
    0
    0
    0
    0
    0
   30
   83
    8
   31
    3
    0
    0
    0
    0
    0
    0
    0
    3
    0
   25
   37
    0
    0
    0
    0
    0
    0
    8
    0
    0
    0
    0
    0
   11
    0
    0
   10
   54
    4
    0
    0
    0
    0
    0
    0
    0
    0
    0
    0
    0
   13
    0
   36
    9
    0
    0
    0
    3
    0
    0
    0
    0
    0
    0
    0
    0
    3
   24
   75
    0
    0
    8
   30
   40
   86
   20
   30
    0
    3
    3
   22
    0
    0
    0
    2
   30
    0
    0
    3
    0
    0
    0
    0
    0
    0
    0
   11
    0
    0
    0
    0
    0
    0
    0
    0
    2
    0
    0
   45
   38
   12
    0
    4
    0
   29
    0
    3
    0
    0
    3
   25
    2
    0
    0
    0
    0
    0
    0
   71
   59
   17
    6
   95
   38
    3
    0
    0
   67
   15
   11
   13
    0
   33
    0
    0
    0
   13
    4
    0
   28
   23
    0
    0
    0
    3
    0
  174
   53
   17
    0
   23
    6
   23
   27
    5
    0
   10
   12
   34
   80
   28
   26
   21
   34
   12
    2
    0
    0
   78
    2
    5
   58
   20
   39
   28
   33
    4
   72
    0
    6
    0
    6
    2
   28
   82
    8
   87
    2
    0
    2
    0
    0
    0
   34
   13
    0
    0
    0
    0
    0
   43
    5
   11
    0
    0
    0
    0
    3
   13
    0
    0
    0
    0
    3
    0
    0
    0
    7
    0
   25
   40
  148
    4
   25
    3
    0
   32
    3
   32
    0
   22
    2
    0
    9
  251
   45
   23
    0
   23
    6
    6
  215
    0
    6
  145
  156
   23
   64
   44
    0
    0
    0
  154
    0
    0
    8
    0
    0
    0
    3
    0
    0
    6
    3
   86
    0
   18
   17
    0
    0
   23
   11
   26
   79
   44
    0
   10
   15
    0
   23
    0
    0
   10
    0
    9
   12
   32
   97
   22
    0
   34
    0
    0
    0
    0
    0
    0
    0
    0
   43
    0
    0
    0
   31
    6
    0
    0
   75
   82
   15
   20
    4
    0
    0
    0
    0
    0
    0
    0
    0
   12
   72
    5
    0
    0
   11
    0
    0
    0
    0
    0
    0
    0
    0
    0
    0
    0
    0
    0
    0
   62
    0
   14
   51
   27
    0
    0
    0
    0
    0
    0
    0
    0
    0
    0
    0
  102
   87
  322
 1055
  436
    9
   12
    0
    0
    0
    0
    8
    0
    0
    0
    3
    0
    0
    0
    0
    0
    0
    0
    0
    0
    0
    0
    0
    0
    0
    0
    0
    0
   12
    0
    0
    0
    0
    0
   14
   50
    0
    0
   10
   55
   96
    0
    0
    0
   37
   52
    7
    9
    0
   25
    0
    0
    0
    0
    0
    0
    0
    6
   23
    0
    0
    0
    0
   35
    5
   19
    6
    0
    0
    0
    0
    0
    0
    0
    6
    0
    0
    0
    0
    0
    0
    0
    0
    0
    0
    0
    4
    0
    0
    0
    0
    0
    0
    0
    0
    0
    0
    0
    0
    0
    0
   67
   10
   11
    0
    0
    7
    6
    0
    0
   12
   26
   94
   28
   77
   27
    7
    5
    0
    0
    0
    0
   45
    0
    7
   50
   18
    9
    0
    0
    0
    0
    0
    8
    0
   16
    0
    3
   39
   36
    0
  104
   48
    0
    5
   10
    0
    0
    0
   13
   11
    8
   10
    0
   23
   10
   48
    3
    9
   12
   40
   90
   13
   20
    2
    0
    0
    4
    0
   30
   54
   16
   15
    0
    0
    0
   25
   38
   10
    0
    0
   51
    0
   36
  121
    8
   73
   53
   37
    0
    0
    0
    0
    0
    0
    0
    0
    0
    0
    0
   18
    6
   64
   10
    0
    0
    0
    0
    0
    0
    0
    0
    2
    0
    0
   16
    6
    0
    0
    0
    0
    0
    0
    0
    0
    0
    0
    0
    0
    0
    0
    0
    0
   30
    9
    0
   15
    0
    0
  114
  203
    9
   91
    0
    0
    0
    2
    3
   11
    2
   11
    0
    0
    0
   25
    0
    0
    0
    0
    0
    0
    0
    0
    0
    0
    0
   16
    0
   62
    0
    0
    9
    0
   28
    3
   10
    3
    0
    7
    3
   38
   46
   20
    0
   50
    0
    0
    0
    0
   59
    0
   70
   42
  102
    0
    4
   37
    0
    0
   69
    0
    0
    0
   49
  130
   72
    5
   86
    0
    0
    0
    0
    3
   23
    0
    0
    0
    0
    0
    0
   88
   13
   78
    0
   48
    6
    2
    6
    0
    8
    0
   73
  124
   16
    5
    0
    0
    0
    0
    0
    0
    0
    9
   81
   70
  174
   77
   36
   26
    0
    0
    0
    0
    0
    0
    4
   60
   75
   72
    0
    0
  158
    0
    0
    8
  139
    0
    0
    0
  122
   90
  215
    0
    0
    0
    0
   53
    0
    0
    0
    0
    0
    0
    0
    0
    9
    0
    0
    0
    0
    0
    0
    5
    0
    0
   28
   35
  115
    0
   67
   82
   13
  195
   33
    0
    0
   64
    0
    0
    0
    0
    0
   71
   22
   40
   11
    3
   68
   52
    0
    0
    9
    0
   53
    0
    0
    0
    4
   89
    3
   55
   15
    2
    0
    0
    6
    0
    0
    0
    0
    0
    8
    0
   32
   17
    0
    9
   32
    7
    0
    0
    0
    0
    0
    0
   15
    0
    0
    0
    0
    0
    0
    0
    0
    0
    0
    0
    0
    0
   30
    0
    0
    0
   14
  375
   12
    0
    9
   36
    0
    0
    0
    0
    0
    0
    0
    0
    0
    0
    0
    0
   26
   33
   21
    0
    0
   24
    0
   31
   11
   60
    0
   59
    3
    0
    0
    0
    0
    0
   13
    2
   16
    3
   10
   43
   34
   23
   20
   12
   12
    3
    5
    5
    5
   53
   33
    9
    2
    0
    0
    0
    0
    0
    0
   15
   23
    5
    5
    2
   30
    0
    0
   28
   24
    0
   36
   80
    0
    0
    0
   30
    0
   31
   31
    0
    0
    0
    0
    5
    0
    0
    5
    0
    0
    0
   82
    0
   53
   18
    0
    0
    0
    0
    7
    0
    0
    0
    0
    0
    0
   12
    7
    5
    0
    0
    0
   24
    0
    0
   52
  187
    0
   10
    0
    0
    0
    0
    0
    5
   35
    5
    0
   27
   36
   41
   25
    0
    0
    0
   11
    0
    0
   33
    3
   17
    9
   29
    8
    0
   11
    0
    0
    0
    0
    0
    0
   12
    1
   23
    0
   55
   29
  174
   38
   11
   21
   23
    0
    0
    0
   24
    0
    7
    0
    0
    0
    0
   73
   17
    0
    0
    0
    0
    0
    0
  193
   53
    0
    0
    0
    0
    0
   12
    0
    4
   12
    0
    0
    0
   36
   13
    7
   13
    3
   38
   69
   64
   90
   52
   70
    0
   77
    0
    6
   57
   16
    3
    8
   14
    0
   41
    6
    0
    7
    0
   58
    0
    0
    0
    0
  126
    0
   56
   59
    0
    0
    0
    0
    0
    0
   43
    0
    2
   11
   56
    0
   28
    0
    0
    0
   84
    0
   69
   32
    0
    3
    7
    0
   11
    0
    0
   26
    0
    0
    0
  156
    0
    8
    0
    0
   53
  398
   80
    5
   51
    0
    0
   54
    0
   31
    6
    0
    0
    0
    0
    0
    0
    0
    0
   85
   23
    7
   22
   20
   16
    5
    0
    0
    0
    0
    0
   15
   40
   50
    0
    0
    0
    0
   10
    0
    0
    0
    0
    0
    0
    0
    0
    0
    0
    0
    0
    0
    0
    0
    7
    2
    0
    9
    0
    7
   90
    0
   10
    0
   32
    0
    0
    0
    0
    0
    0
    0
    0
    0
    0
    0
    0
    0
    0
   27
    0
    0
   32
   10
   15
    0
   92
   21
    0
    0
   17
   25
    5
    0
    0
    0
    2
   36
   78
   30
   18
   17
    3
    0
    0
    5
    0
    3
    0
    0
    0
    0
    0
   11
    8
    0
   15
   25
   74
    5
   42
   12
    4
   51
  167
   76
   10
    0
    0
    0
    0
    0
   55
    3
   35
   66
   19
    2
    0
    0
    4
   67
   30
    0
   15
    4
    0
    0
   60
   45
    5
   91
   30
   91
   53
    0
  126
   47
    0
    0
    0
    7
    7
   15
    3
    8
    0
    0
    0
    0
    6
    0
    0
    0
    0
    5
   19
    8
   86
    9
    0
    0
    0
    0
    0
    0
    0
   63
   31
    7
    0
    0
    0
    4
    0
    0
    0
    0
    0
    0
    0
   19
   60
  110
    5
   59
   35
    0
    0
    0
    0
    0
    0
    0
    0
    0
    0
    0
  106
    0
   57
   75
    0
    0
    0
    0
    0
   15
  169
    4
    0
   97
   44
    0
    0
    3
    8
   20
  105
   14
    0
    0
    0
    0
    7
    8
    0
   15
    4
    0
   30
    0
   35
   40
    4
    0
    0
    0
    0
    0
    0
    0
    0
    0
    0
   59
   19
   23
   24
   20
    0
   35
    5
   52
    0
    0
   58
    0
    0
   10
    0
    0
   39
    0
    0
   19
   37
  298
  257
   62
    0
   31
   98
   96
  107
  150
   61
    0
    0
    0
   37
   37
   15
    0
    0
    0
    0
    0
    0
    0
    0
    0
    0
    0
    0
    0
    0
    0
    0
    0
    0
    0
    0
    0
   25
   50
   31
    5
   49
   67
    0
    0
    0
    0
    0
    0
    0
    0
    0
    0
    0
   53
  100
   46
   53
   20
    0
    0
    0
    0
   56
   39
    0
    0
   87
    0
    0
    0
    0
    0
   20
   43
   49
    0
    0
   38
    0
    0
   39
  116
    4
    0
   13
   45
   50
    0
   17
    0
    0
   11
    3
   21
    2
   12
   97
   14
    0
   63
    0
    0
    0
    0
    0
  129
    9
    0
   24
   85
  124
   20
    0
    0
    0
    0
    0
    0
    0
    0
    0
    0
    0
    0
    0
    0
    0
    0
    0
    0
   63
    0
    0
    0
    0
    0
    0
    0
    0
    0
    0
    0
   16
   31
   94
  343
   23
    0
    6
    0
    0
    9
   70
    0
    0
    0
    4
    0
    3
   67
   15
    0
    2
    0
    0
    0
    0
    0
    0
   17
    0
   24
    0
   60
   13
    0
    5
    3
    2
    0
    5
    0
    0
    0
    0
    0
    0
    0
    0
    0
   22
    0
    0
    6
    7
    0
    0
   15
    0
   18
   23
   37
   25
   38
   25
   36
   35
   78
    4
    2
   78
   84
  171
  172
  168
    9
  170
  118
   10
   39
   50
   25
    5
  111
   46
    3
   25
   60
    0
    0
   10
    3
    0
    0
    0
    0
    4
   30
   96
    0
    2
   64
    0
   66
   21
    0
    0
    0
    0
    0
    0
    0
    0
   25
  100
    0
   27
    0
    4
   40
    0
   99
    0
    0
   79
    0
  100
    0
    0
    0
    0
    0
    0
   79
  108
    7
   96
    0
    0
    0
    0
    3
    0
    0
    0
    0
    0
    0
    0
   35
   79
   30
   14
    8
    2
    0
    0
  124
   22
   18
   14
    0
    0
    0
    0
    0
    0
    0
    0
   75
   23
    0
    0
    0
  177
   68
   12
    0
    0
    0
    0
    0
    0
    0
   14
   33
   36
    0
    0
    0
    0
    0
    0
    0
    0
    3
    0
   24
  215
    3
    4
   37
    3
    0
    0
  127
    0
   22
    0
    0
   50
    0
    0
    0
    4
   30
    4
  124
    0
    0
    0
    0
   16
    0
   42
   61
   25
   83
   54
   15
    5
   39
    0
    0
    0
    0
    0
   21
  108
  135
  110
   34
   10
   17
    5
    2
  198
  106
   14
   30
   87
    6
   45
    5
    0
    0
    0
    0
    0
    0
    0
    0
    0
    0
  111
    2
    0
    0
   31
    0
    0
    0
    0
  130
  212
    0
    0
    0
   18
    0
    0
   33
    3
  104
    0
   22
  210
   10
  231
  117
   41
    0
   77
  115
    0
    0
  104
   86
    0
  128
  112
    0
   44
   30
    0
  188
   15
    0
    0
    0
  100
    0
    0
    0
   26
   34
   38
    0
    0
    0
    0
    0
    0
  177
    0
  153
    0
    0
    3
    0
    0
    0
   50
    0
    0
    0
  191
    0
    0
    0
   19
   72
   47
    0
    0
    5
    4
    0
    0
    0
    0
    0
    0
    0
   30
    0
    9
    0
    0
    0
    0
    0
    0
    0
    0
   47
    0
    0
    0
    0
   45
    5
    2
    0
    0
    0
    0
    0
    0
    0
    9
   33
    0
    0
    0
    0
    0
    0
    0
   14
    8
    0
    4
    0
    0
   33
   48
   39
  241
   91
   12
   11
    0
    0
   25
    0
    0
    0
    0
    0
    0
    0
    0
    0
    0
   14
    6
    0
    0
   13
    0
    0
    0
    0
    0
  128
   88
  242
   56
  126
   29
    9
    0
    0
    3
    9
    4
   29
   15
    0
    0
   72
    6
    0
    9
    4
    0
    0
    7
    0
    0
   51
    0
    0
    0
    0
    0
   35
    0
    0
    0
    0
   51
   35
   50
   18
   10
    0
   28
    0
    0
    2
    6
   20
    0
    0
    0
    4
    0
    0
    6
    0
   10
   78
    0
    0
    0
    0
   20
   92
   95
    2
   10
    0
   95
   38
  156
   17
   22
  132
   58
   39
   28
    0
   10
   10
   17
   49
   22
    3
   71
   44
    9
   51
    0
   31
    4
   29
   13
    0
   14
   77
   35
   12
   23
   51
   14
   67
   21
    0
    0
   20
   44
    0
    0
    2
   31
    0
    0
    4
   25
    0
    0
    0
   15
    0
    0
    0
    0
   14
    0
   24
    0
    0
    0
    0
    0
    0
    0
    0
    0
    0
    0
   16
   41
   11
    0
    0
    0
    0
    0
    0
    0
    0
    0
    0
    0
    0
   10
   40
   15
    0
    0
    0
    0
    0
    0
    0
    0
    0
  230
    6
   32
    0
    7
    0
  167
   71
  221
    0
    0
   20
   11
   73
    0
    0
    0
    0
    0
    0
    0
    0
    0
    0
   62
   11
    4
    0
   31
   40
   11
    5
    5
    6
    0
   32
    4
   27
    0
   37
    0
    3
    0
   25
    0
   33
    0
   37
   58
   15
   87
    0
    0
    0
    0
    0
   59
    0
    4
   95
    0
   46
    0
    0
    6
    7
   53
    0
    0
    0
    0
    0
    0
    0
    8
    0
    0
    0
    0
    0
    0
    0
   99
    0
    0
    3
    0
   21
   65
  130
    0
    0
   39
    9
    0
   25
   43
   12
    4
  182
    0
    0
    0
    0
    0
   27
    9
    0
   11
    0
   13
   15
    7
    3
    0
    0
    0
   55
    6
  104
    0
    0
    0
    0
    0
    0
    0
    0
    0
   14
   18
    0
    0
   17
    0
   10
   54
    9
    0
    0
    0
    2
    5
    0
   36
    5
    0
    0
    4
   12
    0
    0
    0
    0
    3
   30
    0
   56
    0
    0
    0
    0
    2
    0
    0
    0
    0
    0
  126
  120
   32
    3
    0
   46
   22
   12
    6
    2
   32
   90
    0
    4
    0
   13
   29
  218
   38
   33
   49
   78
    3
   57
    0
  128
    0
   67
   92
   19
    0
    7
    0
    0
   35
   80
  375
   11
    9
    0
   52
   50
   12
    0
    2
    0
    0
    0
    9
   65
    0
    0
    0
   71
   21
   71
   11
    0
   50
    0
    0
    0
    0
    0
    3
   29
    0
    0
    0
    0
    0
    0
    0
    0
    0
    0
    0
    0
    0
    3
    0
    0
    0
    0
    6
    0
    0
    0
    0
    0
    0
  108
   12
   21
   34
    4
    6
   74
   29
   65
    0
    2
    7
    0
   25
    0
    3
   21
    0
   30
    0
    0
    0
    0
    0
   46
    4
    0
   53
    0
    0
    0
   22
   18
   36
    0
    0
    0
    8
    6
    3
   91
    0
    0
    0
    0
    0
    0
    0
    0
    0
    0
    0
   48
    0
    3
   31
    0
    0
    0
    0
    0
    7
   22
   11
    5
    0
   10
    3
  117
  254
    0
    0
    0
   19
   40
  135
    0
    0
    0
    0
    0
    0
   11
    2
    0
    0
    0
  105
   37
   31
    0
    0
    0
    0
    0
    0
    0
    0
    0
    0
    0
    0
    0
    0
    0
    0
   10
   61
    0
    0
   54
   38
    6
   34
    0
   26
    0
    0
    0
   97
    0
    0
    0
    0
    0
    0
    0
    0
    0
    8
    0
    0
    0
    0
    0
   73
    0
    0
   23
   77
   59
    8
    0
    0
    0
    0
    0
  110
    0
    0
    0
    4
   12
    0
    0
    0
   21
    0
    0
    0
    0
  226
   27
    6
   56
  306
    0
    0
   17
   15
   17
    6
   25
    0
    0
    6
  102
    0
    0
    0
   36
    0
    0
    0
    0
    0
    0
    0
    0
    0
    0
    7
    0
    0
   44
    0
   38
  214
   40
    0
    0
    0
    2
   66
    0
    0
    0
    0
    0
    0
    0
    0
    0
    0
  100
  148
    9
    0
    0
    8
    0
    0
    0
    0
    0
    0
   31
    0
    0
    0
   12
    5
   56
    0
    0
    0
   68
   48
    4
   15
   27
    2
    5
    0
    3
    9
    0
    0
    0
    0
   12
    0
    0
    0
    0
    0
    0
    0
    0
   10
   89
   17
  235
    7
   35
   15
    0
  170
  160
   24
    0
    0
    0
    0
    0
    0
    0
    0
    0
    0
    0
    0
   38
   96
   15
    6
   45
  144
   22
    0
    0
    0
    0
    0
    0
    0
    0
    6
    0
    5
   15
    0
    6
   32
   30
    0
   70
   30
    0
    0
    4
   46
    0
  111
   10
    6
    0
    0
    0
    0
    0
    0
    0
    0
    2
    0
    0
   13
    0
    0
    0
    0
    3
    3
    0
    0
    0
    0
    0
   17
    0
    0
    0
    6
    0
    5
   15
   18
    0
    0
    0
    0
    0
    0
    0
    0
    7
    0
    0
    0
    0
    0
    4
   34
    0
    0
   62
   32
  165
    0
    0
   15
    0
    0
    0
    0
    0
    0
    0
   85
    7
   87
   14
    7
   31
    0
   31
   24
    0
    0
   11
   72
    0
    0
    0
    0
    0
    0
    0
    0
    0
    5
    0
   43
    0
   19
    0
    3
    4
   21
    0
    0
    0
    0
    0
  104
   10
    0
    0
    0
    0
    0
   37
   64
    0
    0
   32
    5
    6
    9
    0
    4
    0
   24
    0
   55
   76
   37
    4
   35
    4
    0
    0
    0
    0
    0
    0
    0
    0
    0
   35
    0
    0
    0
    0
    0
    0
    0
    9
    6
    0
    0
    0
    0
    0
    0
    0
    0
    0
    0
    0
   30
    0
    0
    0
  158
   16
    0
    0
    0
   17
  204
   18
  407
    0
    0
    5
    0
    0
    0
    0
    0
    0
  188
    9
   28
   25
    0
    0
    0
   37
    0
   54
   98
    0
    0
   78
    0
   25
    0
    0
    5
   46
   12
    0
    0
    0
    0
    0
    5
   15
    0
    0
    0
    0
    0
    0
    0
    0
    0
    0
    0
    0
    0
    0
    0
    0
    0
    0
   27
   83
    0
    0
    2
    0
    0
    0
    0
   10
    0
   12
    0
   21
    0
   70
  156
   14
   12
    0
    0
    0
    0
    0
    0
   15
   63
   44
  105
   20
   94
   14
   15
    0
   66
   36
   91
   20
    5
    0
    0
    0
    0
   46
   18
    0
    0
   39
   14
   23
   35
   13
    0
    0
    0
    8
   30
   56
    0
    0
   54
    2
    0
    0
    0
    0
    0
    0
    0
    0
    0
    0
    0
    0
   74
    0
    5
    0
    0
    0
    0
    0
    0
    0
    4
   25
   40
   17
    0
   26
   51
   63
    0
    0
    0
    0
    0
    0
   30
   13
    0
   15
    5
    8
  189
   32
   46
   49
    0
   45
   49
    0
   13
    3
    0
    0
   70
    3
   35
    4
   28
   96
    0
    0
    0
    0
    0
   24
   97
   41
   10
    6
    0
   10
    2
    0
    9
   11
    8
    0
    0
    0
    0
    6
   14
    0
   50
    0
    5
    3
   27
   28
   43
    0
    0
    5
    0
    0
   28
    7
   22
    4
    0
    0
    0
    0
    0
    0
    3
   27
    2
    1
   20
    1
    6
    0
    1
    3
    0
    0
    0
    0
    0
    9
    9
    0
    4
   13
    2
   71
    0
   20
   23
    6
   61
    5
    0
    2
    0
    0
    0
    8
   14
    0
    0
    0
    0
    0
    0
    0
    0
    0
    2
    0
    0
    0
   10
    0
    0
    0
    0
    0
   12
    0
    0
    0
  142
   20
   38
   13
    0
    7
    4
    0
    0
    3
    0
    0
    0
   74
    3
    0
    0
    0
    0
    0
   23
    0
    0
    0
    0
    0
    0
    0
    6
   46
    0
  146
   16
    8
   11
   46
    0
    7
    0
    0
    4
   10
   35
    5
    2
    5
    0
    0
   18
    0
    0
   17
   12
   79
    0
    0
   77
   58
    7
    0
    0
    0
    0
    0
    0
   32
   10
   25
   27
    0
    0
    0
    0
    0
    0
    0
    8
    0
   80
    3
   35
   40
    8
    7
    6
    9
   35
    3
    6
   32
  374
   19
   11
   14
    0
   69
    9
   87
   19
   45
   18
  441
    0
    0
    0
    0
    0
    0
    0
    0
    0
    0
    0
    0
    0
    0
    4
   83
    0
    0
    0
    4
    0
    0
    0
    0
    0
   91
    0
    6
    0
    0
    0
    0
    0
   31
  151
    3
    0
    0
    0
    0
   25
    0
   24
    9
   46
    0
    0
    0
   12
   38
    0
    0
   62
    0
    0
    0
    0
    0
    0
    0
    0
    6
    0
    0
    0
    0
    0
    0
    3
    0
    0
   42
    0
    0
    0
    0
    0
    0
    0
   57
    0
    0
    6
    0
    0
   38
    0
    0
    0
    3
   34
    0
    0
   21
   10
   36
    0
    0
    0
    0
    0
    0
    0
    0
    0
    9
    0
    0
    0
    6
   65
    0
   11
    0
   15
    0
    0
   81
    0
    0
    0
    0
    0
    0
    0
    0
   11
   41
    8
    0
   38
   72
   40
   14
    2
   55
    0
   45
    2
   18
   16
   36
    0
    0
    0
    0
    2
    7
    0
    0
    0
    2
    0
    3
    0
    3
    3
    4
   25
    4
   31
    8
    6
    0
    0
    0
    0
    0
    0
    0
    0
   48
   57
  129
    3
   64
   75
   35
    7
    0
  156
   15
    0
    0
    0
    0
    0
    0
    0
   58
  162
   56
    0
    2
   39
    0
    0
   30
   11
   37
    0
    6
    0
   48
  137
    0
    0
    0
    0
    0
    1
   23
    0
    0
    7
    0
    5
    2
    0
    6
    5
  210
   21
    0
    0
    0
    9
    2
    5
   55
    0
   18
   27
   29
   20
   28
    7
   45
   46
   29
    0
    0
    0
    0
    0
    0
    0
   20
    0
    0
    0
   61
    0
    0
    0
   25
   21
   54
  109
   47
    8
   12
    0
    0
    8
   39
   34
   67
    0
  232
   34
   20
   64
   30
    3
    0
    0
   51
   19
    0
    0
    0
    0
    0
    0
    0
    0
    0
    0
    0
    0
    0
   45
   16
    9
   20
    4
    0
    2
   10
    0
    0
    7
   49
   41
   25
    0
    0
   15
    0
    0
    0
    0
   20
   36
   27
    5
   85
    0
    0
    0
    0
    0
    0
    0
    0
    0
    0
    0
    0
    0
    0
    0
    0
    0
    0
    0
    0
    9
    0
   80
    0
    0
  134
   88
   92
  105
    0
   20
    0
    0
    0
    0
    0
    0
   11
   12
    0
   10
    0
    0
    0
    0
    0
    0
    0
    0
    0
    0
    0
    0
  173
  324
   96
    0
    0
    0
   88
   50
   10
    7
   56
    0
    0
    0
    0
    0
    0
  490
   14
    0
    0
   89
    0
   28
    0
    0
    0
   26
    0
    0
    0
    0
    0
    0
    0
    0
    0
    0
   12
    0
   20
   30
    0
    0
   34
    0
   55
   38
    0
    0
   39
   19
    0
    0
    0
    0
    6
   25
  191
   28
   26
    8
    5
   70
   11
    0
    0
    0
    0
    6
    0
    0
   47
    0
    0
    0
    0
    0
    0
    0
    0
   28
   63
    0
    0
    0
    0
    0
    0
    0
    0
    0
   32
   33
    9
   17
    0
    9
    0
   21
    0
    0
    0
   18
    0
    0
    0
    0
    0
   11
   29
   22
   16
   96
   99
   20
   61
    0
    0
    0
    0
   33
    3
    0
    7
    0
   10
    0
    0
   11
   53
    0
   30
    8
   42
    0
   60
   15
   14
    0
   62
   41
   37
    2
   25
   20
   15
    0
    0
    0
    0
   13
    3
   11
    0
    0
   15
    0
   10
    8
  211
   48
   36
    0
    0
    0
    0
    0
    0
   76
    6
    0
    0
    0
    0
    0
    5
    1
    0
    0
    1
    0
    0
    0
    0
   18
   95
   19
    5
    3
    0
  114
   52
    9
    0
    0
    0
    0
    0
    0
   50
    0
  194
    9
   12
   26
   21
    5
   40
    0
    0
    0
    0
    0
    0
    0
   38
   49
    0
    0
    0
    0
    0
    0
    0
    0
    0
   84
   45
    9
   23
   57
   31
   10
    5
   45
    7
    5
   12
    2
    0
    0
   13
    7
   31
   31
    0
    0
    0
    0
    0
    0
    0
    2
    9
   24
   44
    0
    0
    0
    2
   87
   10
    0
   16
   21
    4
    2
    2
    0
    0
    0
    0
    0
    6
    6
   52
   46
   12
    0
    0
    0
    0
    0
    0
    0
    0
    6
   97
   71
    0
    0
    0
    0
    0
    0
    0
    0
    0
    0
    0
    0
    0
    0
    0
   25
    0
    0
    0
   35
    0
    0
    0
   32
  135
    0
    0
    0
    0
   13
    0
  402
   43
    3
    0
    0
   98
  128
   25
    0
    9
   15
    0
  170
   87
    0
    0
   54
    0
    0
    0
   76
  107
   30
    0
   22
    5
   48
   30
   35
   20
    0
    0
    0
   31
    5
   10
    0
  125
   28
    0
    0
    0
    0
    0
    0
  343
    0
    0
    0
    0
   95
   26
    9
   25
   20
   75
  180
    9
   21
  104
    0
    0
   10
   65
    0
   24
    0
  116
  118
    0
    0
  114
    0
    0
   51
   15
  217
    0
    0
    0
   29
   92
    0
    4
    0
    0
    0
  264
    0
    0
    0
    0
    0
  105
    0
    0
    0
    0
    0
    0
    0
  103
   54
    0
   69
  105
   44
   24
    0
    0
    3
    5
    7
   55
   10
   43
    0
    8
   24
   17
    0
    0
    0
    0
    0
    0
    2
    0
    0
    0
    0
    0
    0
    0
   19
    0
    0
    0
   13
    0
    9
    8
   43
    0
    0
    2
    0
   15
    0
    0
    0
    0
    0
    7
   45
   73
  142
    0
    0
    0
    0
    0
    0
    0
    0
    3
    3
    3
    2
  131
   36
   39
    3
   10
   11
    2
    0
  136
   66
   10
    6
    0
   26
   10
    6
   79
    0
    0
    0
    0
    3
   49
    0
    0
    0
   58
    0
   30
    0
    0
    8
   45
    0
  124
    7
   48
   99
   38
    0
    0
   12
    6
   32
  127
  166
    9
    5
    4
   92
   60
    0
    0
   32
    3
   67
    0
   35
   78
    0
   11
    0
    6
    2
    0
    2
   14
   44
   34
    3
    0
    5
    3
    0
    0
    4
    0
    2
   38
    0
   52
   44
   47
   33
    9
   22
    0
    0
    2
    0
    0
    0
    0
   24
   43
    4
   25
    4
    7
    3
    0
    0
    0
    0
    0
    0
    0
    7
   61
   39
   34
    3
    0
    0
   21
   41
   15
   76
    0
   17
    0
   97
    0
    0
    0
    0
   62
   30
  227
  367
   35
    9
   37
   47
   45
    0
   41
    4
  138
   67
   32
    3
    0
   34
    0
    5
    2
    0
    8
   25
    0
    0
    0
    0
    0
   25
  121
  338
   54
    8
    0
    8
   28
    0
    0
    0
    0
    0
    0
    0
    0
    2
    0
    0
    0
   16
    0
    0
    0
   41
   14
    0
    0
    0
    0
    0
    0
    0
    0
   26
    0
    0
    0
    0
  355
   13
   26
    2
   46
   86
   94
  181
   45
    5
    0
    0
    0
    0
   54
    3
    0
  105
    0
    0
   10
    0
    3
    0
    0
    4
    0
    0
  112
    3
    0
    0
    0
    0
    0
    0
    0
    0
    0
    0
    0
   13
    0
    0
    0
    0
  173
    0
    0
   90
    0
    0
    0
    0
    0
    0
   26
    0
    0
    3
    9
    3
    0
    0
    0
    0
    0
    0
    5
    0
    0
    0
    0
    0
  138
    0
    0
    0
    0
    0
    6
   20
    0
   96
  126
  219
    6
    0
    0
    0
   63
   73
    6
    0
    0
    0
  170
   80
  138
    0
   17
   38
    0
    0
   64
   60
   39
    0
    0
  157
    3
   16
  238
    0
   82
    0
    0
    9
   87
   21
    0
    0
    9
   15
    0
    0
    0
    0
    0
    0
    0
    0
    0
    0
    0
   37
   10
  134
   34
   42
    2
    0
    0
   30
    0
    0
    0
    0
    0
    2
    0
    0
    0
    0
    0
    0
    7
   19
    6
    2
    0
    0
    5
   48
    2
   83
    0
    0
    0
    0
    0
    2
    4
   10
    0
    0
    0
    0
    6
  156
   42
   23
  108
    0
   26
    2
    0
    0
    0
    9
   87
   52
    8
   11
    3
    7
    0
    0
    2
   29
   27
    0
    0
   27
    0
   76
    0
  100
  164
    0
    0
   19
    0
    0
    0
    0
    7
    0
    0
    0
    0
    7
   14
   60
   11
   39
    0
    8
   22
   16
    6
    0
    0
    2
    7
   32
   16
   38
   33
    0
    9
    0
    0
    0
   51
   35
   41
    9
   36
    2
    0
   27
   19
   50
    2
   56
   63
    0
    9
   38
    0
   11
    2
    8
    0
  112
    0
   17
   19
    0
   34
    2
    9
    0
    9
    0
   16
    0
   30
    0
    0
   27
   36
   11
   18
    0
   26
   14
    0
    0
    0
    7
    8
    0
    0
    0
    0
    0
    3
    0
   18
    8
    7
    3
    0
   24
   12
    0
    0
    0
   27
   17
   71
   56
   53
    0
   84
  123
    0
    0
    0
    0
    2
   22
   12
   28
  158
   86
   30
    0
    0
   96
   72
  174
   92
  103
    0
    0
    0
    0
    0
    0
   67
   31
    0
    0
    0
    0
    0
    0
    0
    0
    0
    0
    4
   74
   31
    2
   44
  320
    0
    0
   11
   14
  133
    0
    0
    0
    0
    0
    0
    0
    0
    0
    0
    0
  124
   26
  277
   58
    0
    3
    2
   45
   21
   22
   19
    0
    8
   79
   51
   68
   44
    0
   57
    6
    0
    0
   47
   11
    8
   52
    0
    0
    0
    0
    0
    0
    0
  112
   40
    0
    0
    0
    0
    0
    0
    0
    0
    4
   64
   58
   18
    5
   51
    9
    0
    0
    0
  148
    0
    0
    0
    0
    0
  200
    0
    0
    0
    0
    0
    0
    0
    0
    0
    0
    0
    0
    0
    0
    0
  100
   80
    0
   10
    0
    0
   49
    0
    0
    0
    0
   14
   13
   24
   64
  140
   34
   18
  512
  168
    0
    3
    0
    0
    6
   11
   10
    0
    0
    4
    0
    2
    0
    0
    0
    0
    0
  175
   95
   21
    0
    0
    0
    0
  218
  100
    5
   22
   81
   12
    0
    0
    0
    0
    0
    0
    0
    0
    0
    0
    0
    0
    0
    0
    0
    0
    9
    0
   13
    0
    0
    0
    0
   15
    0
   45
   61
   17
    3
    2
  157
  117
  109
   39
    0
  118
   47
   27
    9
    0
    0
    0
    0
   19
   51
   81
   55
    9
   35
    0
    0
    3
    0
    0
    0
    0
    0
    7
    4
    0
    0
    0
    0
   22
    3
    0
    9
    0
    3
    6
   50
   16
    0
    0
    0
    0
    0
   25
   16
  112
    0
   45
   97
   18
    0
    6
    2
    0
    0
    4
    0
    0
    3
    7
    0
    0
    0
    0
    0
    0
    0
    0
    0
    0
    0
    0
    0
    2
    2
    0
    0
    0
    0
    0
    0
    0
   19
    0
    0
    0
    0
    0
    0
   22
   14
   12
   11
    0
    0
    0
    0
    4
    4
    0
   56
   50
   54
   80
   14
   34
    0
   17
   21
    9
    3
    0
    0
    0
    0
    0
    5
   20
   25
    9
    2
    8
   39
    0
    0
    0
    6
    9
    3
    0
    0
    0
    0
    0
    0
    0
    0
    0
    3
   25
   29
    0
   64
    0
   10
   20
   15
   27
   15
    3
   63
    3
    0
    0
    0
    0
    0
    0
   92
    8
    4
    0
    0
    0
    0
    0
    0
    0
    0
    0
    4
   24
    0
    0
    0
   17
   23
    5
    0
  130
   30
   89
    0
    0
    0
   14
   54
    0
    4
   13
   11
    0
   77
   67
   37
  352
  142
    2
   45
   74
   32
    0
   19
   23
   45
    0
    0
    0
    0
    0
   15
    8
    0
    0
    0
    0
   12
    7
    0
    0
    6
    0
    0
    0
    0
    0
    8
    0
   27
    9
    3
    8
    0
    0
    0
    3
    5
  107
   39
    5
    0
    7
    7
  134
   50
  123
  390
   41
    0
  129
   74
    0
    0
    0
    0
    0
   24
    0
    0
    0
    0
  109
  147
   14
    0
    0
   12
    0
    7
    0
    0
    2
    0
    0
    0
    0
    5
    0
    0
    0
    8
   98
   10
   14
   60
   14
    0
    0
    0
    0
    0
    0
    0
   10
   70
    0
    0
   88
    0
    0
   16
    0
    0
    0
    0
   24
  148
    0
    0
   24
   24
    5
   28
  216
   16
    9
    0
    7
    0
    0
    0
   44
    0
    7
   56
   32
    0
    9
    0
   31
    0
   46
    8
    0
    9
   26
    0
    0
    0
    0
   23
    0
    0
    0
    0
    0
   99
   80
    3
   20
   65
   78
    0
    0
    0
    0
    3
   41
    0
   21
    9
   37
   32
    2
    7
    0
    0
    0
  124
    7
    0
   18
    0
    3
   93
    0
   10
    2
    2
   41
   10
    4
    0
    0
    5
    2
    9
   19
   35
   15
   30
   67
   22
   58
    4
    0
    0
    0
    0
    0
    0
    0
    0
    0
   82
    0
    7
    0
   19
   37
  182
   14
    0
    0
    0
    0
    6
    3
    0
    0
    7
    2
    0
    0
    0
    0
   28
    0
    2
    0
    0
    0
    3
    2
    0
    0
    0
    0
    0
    0
   17
   32
   15
    0
   13
   16
   23
    6
    0
    0
   20
    3
    7
    9
    0
    0
    0
    8
   66
    0
    3
    0
    0
    4
   60
   51
   37
    0
   25
    3
    0
   50
    8
    0
   49
    0
    3
    0
   66
   51
    3
    0
    0
    6
    0
    0
    0
    0
    0
    0
    0
    0
    0
    0
    0
    9
   40
  100
    4
   32
  117
    6
   42
    5
   38
    0
    0
   28
   12
   98
   10
    5
    0
    0
    0
   54
    7
  209
    8
    0
    0
    0
    0
   14
    6
   14
   64
    5
    0
    0
   75
    0
    0
    0
    0
    0
    0
   24
   21
   14
   16
  120
    9
    0
    0
    0
   12
   21
   94
    0
   25
   17
    0
    0
    0
    0
    5
    0
    0
    2
    0
    0
   25
   51
  104
   71
    5
    0
    4
   49
   20
    0
    0
    0
    0
    0
    0
    0
    0
    0
    0
    0
    0
    0
    0
    0
  132
   97
    0
    0
    0
   16
    1
   20
   97
    0
   43
   15
    0
   42
   15
    0
    0
   25
    6
    0
    4
   60
    0
    0
    0
    0
    0
    6
    0
    0
    0
    0
    3
   15
   46
  155
  210
  297
   57
    0
    8
    0
   64
   33
    4
    0
   38
    0
  148
   22
    0
    0
    0
    0
    0
    0
    0
    0
    0
    0
    0
    0
    0
   55
    0
    0
   11
   15
    0
    0
    0
    0
   13
    0
    0
    0
  128
   11
    0
    0
    0
    0
   20
    0
   44
   10
    0
    0
    5
    0
    0
  128
   10
    0
    0
    0
    0
    0
    0
    0
    0
    0
    0
    0
    0
    0
    0
    0
   11
    5
    5
   19
    0
    0
    0
    0
    1
   20
  140
   40
   57
   26
   69
   75
   71
    0
    0
    0
    0
   17
    0
    0
    7
    6
   19
    0
    0
    0
    0
    0
    0
    0
    5
    0
    0
    4
    9
    0
   15
    0
    0
    0
    3
    0
    3
   83
    0
    3
    0
    0
    0
   24
    0
    0
    0
    0
    0
    0
   19
    3
    6
   25
  139
   90
   12
    6
   57
   44
    0
    8
   45
   40
   87
   30
   25
    3
    0
    0
   18
    3
   43
    4
    2
    2
   61
   40
    7
   15
    8
   11
    0
    0
    0
    0
   19
   10
   11
   25
   21
    0
    0
    0
    0
    0
    0
    0
    9
   84
    8
    0
   80
   30
   45
   20
    4
   28
    0
    0
    0
   54
    3
   25
    0
    0
   10
    2
    0
    0
    0
    0
    0
    0
    0
    0
    0
    5
    0
    0
   68
    0
    0
    0
    0
    7
   92
    4
   78
    8
    0
    0
   38
    8
    8
   32
   45
    6
  168
   11
   62
    0
    0
    0
    8
    6
    4
   65
  169
   55
   19
    9
    1
    0
   10
    0
    0
    0
    0
    0
    0
    0
    0
    0
   32
   25
    9
    5
    0
    6
   21
   86
    4
    6
   77
   95
    0
    0
    0
    0
    0
    0
    0
    4
   29
    0
    0
    5
    7
    0
    0
    0
    0
    0
    5
   21
    6
    3
    0
    0
    0
    0
    0
    0
    0
    0
    0
    0
    0
    6
    4
    0
    0
    5
   38
    0
    0
    4
   41
    4
    5
    0
    7
   54
    0
   24
  133
    0
    0
    0
    0
   38
    0
    0
   28
   36
  369
    0
    0
    6
  104
   45
    5
    6
    0
  188
   16
   30
   14
    4
    0
    5
    5
    0
   38
    9
    0
   15
   74
   48
    4
    6
  178
   63
   10
   34
   37
   11
   15
    0
   28
    0
    2
    0
    0
   18
    6
   37
    0
    0
    0
  318
  144
   58
   29
    0
    0
   79
    0
    8
    0
    0
    0
    0
    0
    0
    0
   90
   10
    0
    0
    0
    0
    0
    0
    0
   19
   20
   23
   27
    2
  168
   26
   32
   33
    7
   21
    0
    0
   54
    0
  170
    2
    0
    0
    0
   68
   11
  100
    0
  121
  125
  120
   30
   25
    0
    0
    0
    0
    0
    0
    0
    0
    4
    0
    0
    0
  135
   10
   11
    0
    0
    0
   85
   25
    0
   25
   25
   66
   26
   45
    0
    0
   19
   14
    3
   10
    6
    0
   43
   64
    9
   11
   45
  115
   25
   23
  124
  144
   34
   14
   61
    4
    0
    0
   17
   59
   30
   27
    0
    0
   70
    9
   38
   14
    7
    8
    5
    3
    0
    3
    0
    0
    3
    3
    0
    2
    7
    3
    0
    0
   30
   21
   48
    8
    0
    0
    0
    0
   54
   15
   49
   32
    0
    0
   20
    0
    5
    3
    8
    0
    0
    0
    0
    0
    7
    0
    0
    0
    0
    8
   44
    3
    0
    0
   25
   44
   20
    0
   55
    3
   18
    0
    0
    0
    0
    0
    0
    0
    2
   21
    0
    0
   52
    0
   36
   14
   10
   10
   24
    9
    8
   82
   60
   68
    6
   63
   21
    5
    2
    0
    6
   16
    5
    6
   51
    7
   10
  111
    0
   67
   55
   91
  110
   10
    9
    4
    0
   57
  105
    0
    0
   27
    3
    0
    0
   25
   60
    0
    0
    0
    0
    0
    0
    0
    0
   12
   20
    4
    8
   34
    0
    0
   16
   38
    5
    0
    0
    0
    0
    0
    0
    3
    5
   50
   34
   21
    0
    0
   34
    0
   64
    0
    5
   68
   47
    0
    0
    0
    9
    0
    7
    0
    0
   16
   17
    0
    0
    0
    0
    0
    0
    0
    0
    0
   35
  215
    0
    7
   21
  113
   21
   69
    4
    0
    0
    0
    0
   74
   76
    6
    0
    0
    0
    0
    0
   10
    0
  292
    0
    0
   61
    7
    0
    0
    0
    0
  107
    0
  159
   24
    0
    0
    0
    0
    0
  191
  362
    8
   66
    6
    0
    0
    9
    0
    0
    9
    4
    0
   45
    0
    0
    0
   94
  250
  270
   80
    9
   10
    0
    0
  130
   54
  138
    4
    0
    0
    0
    0
    5
   15
   17
   21
    0
    0
    0
    0
    0
    0
    0
    0
    0
    0
    0
    0
    4
    0
    0
    0
    0
   26
    8
    0
    0
   43
    5
   25
    0
   14
    0
   44
    3
    0
    0
    0
    0
    4
    0
    6
    0
    0
   47
    0
    0
    0
    0
    0
    6
    0
    0
    0
    0
    0
    0
    0
    0
    0
    0
    0
    0
    0
   76
    0
    9
    0
    0
    2
   78
    0
    0
   49
   10
    2
    0
   44
    3
    0
   19
    4
   16
  113
    8
   29
    0
    0
   20
    0
    0
    0
    0
    0
    0
    0
    0
   26
    0
   36
   14
    0
    0
    5
   12
    0
   22
  151
    0
    0
    0
    8
   36
  142
   91
   75
    4
    0
   14
   32
    0
    0
    0
   37
   37
    5
   13
    7
    0
    0
    6
    0
    0
    0
    0
    0
   45
    9
   17
    0
    6
   14
   44
    0
    0
    0
   21
    7
   20
   38
    2
    5
    0
    0
   25
    6
    0
    0
    7
    0
    6
   80
   55
   48
    0
    3
    0
   30
    0
    0
   31
    0
   11
    0
    3
    9
    0
    0
    0
    0
    0
    2
   45
   58
   36
    3
   57
   31
   46
    0
    6
    0
    0
   11
    0
   78
   34
   67
   14
   24
    0
   36
    0
    0
    5
   31
    2
   29
    0
   15
   35
   30
   54
   13
    0
   36
   56
   28
    8
   28
    3
  100
   84
    0
    0
   46
    4
   49
   12
   19
   17
    9
    0
   35
  160
  135
   71
   70
   21
   17
  145
   71
  158
   45
    0
    0
    0
    0
    0
    0
   39
    0
   38
   70
    9
   39
   49
   14
    0
    0
    0
   21
    0
    0
   10
    0
    0
    0
   10
   31
    0
   14
  139
    0
    2
    6
    5
    0
    0
    0
    0
   19
    0
    0
    0
    0
    0
    8
    3
    0
    0
    0
    0
    0
    0
    3
    0
    0
    0
    0
    0
    0
    0
    0
   17
   17
   28
   84
   23
  130
    0
    0
    0
    0
    0
    0
   36
   15
    2
    0
    0
    0
    0
    7
    0
   33
    0
    0
    0
    7
    0
    0
    0
   56
    0
    0
    0
    0
    0
    0
    0
    3
   36
   21
    2
    0
    0
    0
    0
   19
   26
   11
   30
   72
    0
  234
   32
    4
    8
    0
    0
   12
   69
    0
    0
    5
    0
   18
    0
    0
   15
    0
    0
    4
   20
   16
   19
   79
    5
    0
    0
    8
    0
    0
    0
    7
   10
    4
    0
   30
    0
    0
    0
    0
    3
    0
   26
    2
   26
  221
   97
    0
    0
    0
    0
    0
    0
  189
    0
   16
    0
  250
   25
  173
    7
    0
   51
    7
    0
    0
    0
    0
    0
    0
    0
    5
   29
    6
    0
    0
    0
   26
    0
    0
    0
    0
    0
    5
    0
    0
    0
  120
    0
    0
    0
   48
   51
  154
    7
    0
    0
    8
    0
    0
    0
    0
    0
    0
    4
    0
    0
    0
    0
    0
    0
    0
   16
   12
    7
    0
    4
   25
    6
    0
   50
    0
    0
    5
    0
    2
    0
    0
    0
    0
   15
   80
    0
    0
   36
    0
   20
    0
   42
    0
    0
    7
   10
    9
    0
   28
    0
    0
    0
    0
    0
    0
    0
    3
    7
   12
    0
   36
   16
    0
    0
    8
   37
    0
    0
    0
    0
    0
    0
    0
    0
   52
   50
    7
    0
    0
    4
   27
    8
   20
    0
    0
   11
   29
    9
    0
    0
    7
    4
    0
    0
    0
    0
    0
    0
    0
    0
    0
    4
    0
   33
    7
   30
   34
    0
    5
    0
    0
    3
   12
   67
   43
   57
   53
    8
    0
    0
    0
    4
    0
    0
   16
    0
    0
    0
    0
    3
    0
    8
    3
    9
  217
   15
    3
    4
    9
    0
    0
    7
    4
   52
   75
    0
    0
    0
   62
    7
   61
    6
   84
   16
    0
    8
    0
  143
   46
   25
   11
   77
   18
   92
   94
  130
    0
    0
    0
   13
   19
    0
    0
    0
    6
   35
   12
   36
    7
    5
    0
   48
    0
    4
   33
    8
   82
    8
    0
    8
    7
   15
    8
   11
    0
    0
   41
    4
    4
    8
    1
    0
    0
    0
    0
    8
  125
   46
    2
    0
    0
    0
    0
    0
    0
    0
    2
   20
   88
    5
    0
    0
    0
    0
    0
    0
    0
    0
    0
   77
    0
    0
   44
   10
   66
  108
   40
    0
    0
   19
   20
   25
   60
    7
    0
    0
    0
   32
   58
   51
   74
    0
    0
   15
   57
    0
    0
    0
    0
    0
   10
    0
   81
    0
    0
    0
    0
    0
    0
  479
   67
   40
    0
   11
    0
   10
   20
  200
   63
    0
    0
    0
    0
    0
    0
    0
    0
    0
    0
    0
    6
    0
    0
   32
    0
    0
    0
  143
   14
   21
   20
   10
    7
   16
   25
    0
   11
    0
    0
   23
    0
    0
  231
   33
   13
    0
    0
    0
    0
    0
   64
    0
    0
   10
    0
   17
    8
   28
   61
   10
   31
  144
   84
  255
   98
   65
   52
  106
    0
    0
   51
    0
    5
   36
   23
   35
    0
    0
   65
   43
    0
   89
   11
    0
   44
   67
    0
   96
   15
    0
    0
   16
    9
    0
    0
    0
    0
    0
    0
    0
    0
    0
    0
    0
    0
   44
   11
    0
   24
   15
    0
    8
    8
   16
    0
   12
   29
   10
    0
    0
    0
    8
  170
  128
    8
    0
    0
   50
    0
    0
    0
    0
    0
   17
   11
    0
   32
   90
   10
   19
   11
   24
   25
   27
   32
    0
    0
    0
    0
   60
   99
   97
   20
    0
    0
   25
   36
   32
    3
    5
    0
   14
   28
   11
   51
    3
   76
   57
    0
   10
    0
   16
   91
   29
  146
   12
   13
   13
   41
    0
    0
    0
   54
    9
    0
    0
    0
    5
   10
    0
    0
    0
    0
    0
    7
    0
   25
   28
    0
    0
    0
   32
    0
   89
   26
    0
    0
    0
    0
    0
    0
    0
    2
    0
   14
   25
   68
   34
   26
   32
   10
    0
    0
    0
    0
    2
   35
    6
    7
   59
   44
   33
   44
   85
   15
    0
    6
    0
    0
    0
    0
   27
   11
    0
    3
    0
    0
    0
   52
   41
    0
    0
    0
   13
   27
   31
   16
   10
   17
    7
    0
    0
    0
    0
    0
    0
    0
    0
    0
    0
    0
    0
    0
    0
    0
    0
    0
    0
    0
   27
  212
   52
    0
    4
    0
    0
    0
    0
    0
    0
    4
    0
   95
   29
    0
    8
    0
    8
    0
   15
   43
   46
   49
    0
    0
    0
    0
   12
    0
    0
    0
    0
    0
    0
    9
   55
    0
    0
    0
  235
    0
   63
   30
   42
   64
    0
    0
    6
    0
    0
    0
    0
   13
   61
   58
   89
    3
    0
    0
    0
   30
   10
   79
    3
    0
    0
    0
  151
    8
    0
    0
    0
    0
    0
    5
    0
    0
    0
   18
   26
    0
    0
    0
    0
    0
    0
    0
  139
    0
    0
    9
    0
    4
  269
  430
   28
   11
    0
   47
    0
   26
   23
    3
   10
    0
    0
    0
    0
    0
   21
    0
    0
  156
    2
   35
  230
  247
    0
   37
  177
  844
   13
    3
    0
    0
   19
    0
    0
    0
    0
    0
    0
    0
    0
    0
    0
    0
    0
    0
   16
    0
    0
    0
    0
    0
    0
    0
    0
    0
  220
    0
    0
    0
  126
    0
   18
    0
    0
    0
    0
    8
   17
   11
    0
   25
  124
    5
    0
    0
    0
    0
    0
   14
    3
   87
   89
   33
    6
    0
    0
    0
    0
    0
    0
   54
   41
   21
   70
   13
    0
   93
   55
    2
    0
   55
   10
   54
   28
   13
    0
    4
   48
   64
  103
    2
    0
    0
   22
  112
   34
   35
   20
    0
    0
    4
    0
    6
    0
   55
  215
    0
    0
  126
    0
    0
   14
    4
    0
    0
  121
  232
    0
    2
    7
   12
    5
    0
    0
    0
    0
    0
    0
    0
    0
    0
    5
   31
   25
   12
    0
    0
    2
  151
    9
    4
    0
   19
    4
    8
  135
  207
    4
