Station: Elsnigk , scaling_factor: 10.0, latitude:  51.7945, longitude:  12.0588, altitude:  71, nodata_value: -9
start: ..1969-01-01  end: ..2001-06-30
  155
   27
    0
    0
    0
    0
    0
    0
    0
    0
    0
    3
    0
    0
    0
    0
    4
   10
    0
    0
    7
   70
    3
   45
   77
    1
    0
    0
    0
    0
   20
    6
   14
    7
    0
    0
    0
    0
    3
    2
   14
    0
    5
   12
    1
  235
   51
    7
    0
    2
   18
    0
    0
    0
    1
   37
    0
    0
    0
    0
    0
    0
    0
    0
    0
    0
    0
    0
    0
   32
   50
  120
   20
   18
    2
    0
    0
    0
    0
    0
    0
   20
    0
    0
    0
    7
    1
    0
    5
   75
    0
    3
    0
    0
    0
    0
    0
    0
    0
    0
   60
   20
    0
    2
   60
   10
   20
   10
    4
    0
    0
   76
   41
   24
    0
    3
   37
   19
   20
   10
    7
    0
  106
  125
    0
   20
   19
    0
   58
    8
    0
    0
    0
    0
    0
   30
    0
   61
   18
   62
   20
    0
    0
    0
    0
   78
    0
   19
    0
   20
    6
   32
   17
   17
   36
    3
   68
    0
    0
    0
    0
    0
    0
    0
   28
    7
    0
    0
    0
    0
    1
    0
    0
    0
  137
    0
    0
   58
   30
   60
    0
    0
    0
    0
    0
    0
    0
    0
    1
   30
   32
   58
    0
    2
    0
    0
    0
   10
    0
    0
    0
    0
    0
    0
    0
    0
    0
    0
    0
    0
    0
    0
    0
    0
    0
    0
    0
    0
    0
    0
    0
    0
    0
    0
    0
   24
   42
   54
  152
    0
    0
   35
   55
   12
   25
    3
   26
   35
   14
    7
  163
   35
    0
    0
    0
    0
    0
    0
    0
    0
    0
    0
    2
    0
    0
    0
    0
    0
   18
    0
    0
    0
    0
    0
    9
    0
    0
    0
    0
    2
    0
    0
    0
   15
   49
    3
    0
    0
    0
    0
    0
    0
    0
    0
    0
    0
    0
    0
    0
    0
    0
    0
    0
    0
    0
   89
   67
    0
    0
    0
    0
    3
    2
    7
    0
    0
    0
   37
    0
    1
   62
   26
   30
    0
    0
    7
   20
    5
    0
    0
    0
    2
    0
    7
    0
   11
   10
   82
    0
    0
   10
    0
   55
    0
    0
   15
  135
    0
    0
    0
    0
    0
    0
    0
    0
    0
    0
    0
   66
   39
    7
   10
    0
    0
    0
    0
    0
    0
    0
    0
    0
    0
    2
    0
   10
    5
   30
   50
   20
   68
    0
    0
    0
    0
    0
    0
    0
    0
    0
    0
   35
    0
    0
    0
    0
    0
    0
    2
    0
    0
   30
  100
    8
    0
    0
    1
    0
  142
    0
    0
   20
    0
    0
    2
   35
   47
   11
    0
   23
    0
    0
    5
    3
    0
   31
   80
   72
  158
   80
   15
    0
   12
   39
    3
   67
   53
    0
   50
  137
    0
    0
    0
    0
    0
    0
    0
    0
    0
   10
   12
   30
    7
    0
   12
    0
    0
    0
   45
    5
    0
    3
   50
    9
    0
    7
    0
    0
    5
    0
   15
    0
    0
    0
  160
    8
    0
    0
   28
    0
    6
   90
    8
    0
   42
   17
    0
    0
    0
   15
   14
    0
    3
    0
   25
   50
   35
    0
    0
    0
    0
    0
    0
    0
    0
    0
   21
   86
    0
    0
    0
    0
    0
    0
   10
   17
   20
   19
    0
    0
   37
   40
   87
  137
   22
   19
   41
   10
    0
    0
    2
    0
    0
    0
    0
    0
  138
    0
    0
    0
    0
    0
    0
    0
    0
    0
    0
    0
  122
   12
    5
    0
    0
    0
  120
  135
    0
  128
   65
   10
    2
    0
    0
    0
    0
    0
    0
    0
    0
    0
   40
   30
    2
   11
    0
   75
   47
    1
    0
    0
   10
   88
    0
    0
    0
  145
    0
   60
   34
    5
    7
    0
    0
    0
   35
   20
   20
   11
    5
    0
    0
   75
    0
   85
    9
    0
    0
  111
  360
  234
    1
    9
   52
    0
   12
   21
    0
    0
    0
   30
    0
   28
    3
    0
    0
    0
   36
    0
   38
   86
    0
    9
    3
    1
    0
    0
    0
    0
    0
    0
    0
    0
    0
    0
    0
    0
    0
    0
  133
   45
  102
   20
   38
    0
    0
    0
    0
    0
    0
    0
    0
    0
    0
    0
    0
    0
    0
   31
    0
   38
    3
   14
   65
    0
   40
    0
   48
    0
    4
  143
    0
  125
   87
    0
   48
   61
    0
    0
   25
   15
   13
   27
    0
   48
    0
    0
   65
   20
    0
    0
   40
   52
    0
    0
    0
    0
    1
    0
   41
    0
   12
   30
   59
   45
    5
    0
    0
    0
    2
    3
    0
    0
    0
   12
    0
    0
    4
    3
    8
    0
   37
   10
   18
    0
    0
    0
    0
   57
    0
   41
    0
    0
    0
    0
    0
    0
    0
    0
    0
    0
    0
    0
    0
    0
    0
   30
   35
    0
    0
    1
    0
    0
    0
   75
    0
    0
   12
   10
   21
    0
    0
    0
    0
    0
   23
    1
    0
    1
    5
   13
    0
    0
    0
   20
    7
    0
    0
    0
    0
    0
    2
    0
   40
   29
   14
   20
    0
   21
   30
   28
    1
    0
    4
    7
    5
    0
    0
    0
    0
   17
   15
    0
    0
    0
    0
    0
    0
    0
   12
    0
    0
    0
    0
   28
    0
    0
    0
    0
    0
    2
   31
    0
    0
   10
    0
    0
    0
    0
    0
    0
    0
    0
    0
    0
    0
    0
    0
    2
    0
    0
    1
    0
    0
    0
  194
   28
    0
   43
    0
    0
    0
    0
    0
    0
    0
    0
    0
    0
    0
   45
    0
    0
    0
  194
   80
   42
    0
    0
   89
    0
   48
    0
    0
   28
   23
    0
   80
    0
    5
    0
    1
    0
    0
    0
    0
    0
   13
    0
   42
    0
   24
   63
    0
    3
    6
    0
   82
    9
   23
   18
   26
   26
    0
   65
    0
    0
    0
   26
   34
   98
   37
   29
    0
    0
    0
    0
    0
    0
    0
    0
    0
  238
    0
    0
    0
   28
    0
    0
    0
    0
    0
    0
    0
    0
    0
   18
    0
    0
    0
  515
    0
    0
    0
    0
   14
    0
    0
    0
    0
   12
    0
    0
    0
    0
    0
    0
   10
    0
    0
    0
    0
    0
    0
  270
  325
   15
    0
    0
   15
   52
    0
    0
   91
    0
    0
    0
    0
    0
    0
    0
    0
    0
   80
    2
    0
    8
    0
   23
    0
    0
   12
   72
    0
    0
    0
    0
    0
    7
   56
    0
    0
   28
    7
    0
    0
    0
    0
    0
    0
    0
    0
    0
    0
    0
    0
    0
   58
   47
    0
    0
    0
    0
   10
   30
    0
    0
    0
    0
    0
    0
    0
    0
    0
    0
    0
    0
    0
    0
    0
    0
    0
    0
   25
    0
    2
    0
    0
    0
   10
    8
   40
   45
   22
    0
    0
   52
    0
    0
    0
   28
    3
    0
    0
    0
    0
    0
    0
    8
    2
    0
    0
    0
    0
   67
   17
    7
  105
    2
    0
    0
    0
    0
    0
   60
   32
   25
   35
   32
    0
    0
    0
    0
    0
    2
   20
    0
    0
    0
   15
    0
    0
    0
    0
    0
    0
    0
    0
    0
    0
    0
    0
    0
    0
    0
    0
    0
    0
    0
    0
    0
    0
    0
    1
    0
    0
    0
    0
    0
    0
    0
    0
    0
    3
    0
    0
    0
   23
    0
    0
    0
    0
    0
    0
    0
    0
    0
    0
    0
    0
    0
    0
    5
   17
    0
    0
    0
    0
    0
    0
    0
    0
    0
   42
    0
    0
  240
    0
    0
    0
    0
    0
    0
    0
    0
    0
    0
    0
    0
    0
    0
    0
   12
   33
    0
    9
    0
  100
    0
   58
    0
    2
   15
   30
   30
    0
    0
    3
    0
    7
    0
    0
   34
    0
    0
   48
   98
    0
   40
    0
    0
    0
    0
    1
   12
   19
    0
    0
    0
    0
   17
   13
    0
    0
    0
    0
   32
   98
    0
    0
   58
    0
    0
  224
    0
    0
    0
    0
  136
    0
    0
   20
   26
    6
   24
   58
   15
    3
    0
   63
    0
    0
    0
    0
  399
   28
    0
    0
    8
   20
  187
    0
    0
    0
    0
    0
    0
   14
    0
    0
   77
    5
    0
    0
    0
    0
    0
    0
  102
    0
    0
   42
    0
    0
    0
    0
    0
   64
   93
    0
    0
    0
    0
    0
    0
    3
    0
    0
    0
    0
    0
    0
    0
    0
    2
    0
    1
  272
  166
    1
    0
    0
    1
    0
    3
    0
    0
    0
  138
   28
   47
    0
  110
    0
  163
    2
   78
  100
    0
    0
    0
    3
    0
    0
    2
    5
    0
    0
    0
    0
    0
   20
    0
    0
    0
    0
    0
    0
    0
    0
   97
    3
    5
    2
   33
    0
   52
  122
   24
    0
    0
    0
   24
   38
    9
    3
   58
   20
    8
    0
    0
    0
    0
    0
    0
    0
    0
    0
    0
    0
    0
    0
    0
    0
    0
    0
    0
    0
    0
    9
   22
    0
  132
    9
    0
    0
   12
    2
  192
    0
    0
    0
    0
    0
    0
    0
    0
   31
    0
    0
    0
   41
   38
   28
    2
    0
    0
    0
   29
    2
   12
    7
    1
   11
    0
    2
    0
    0
    0
    0
    0
    0
    0
    0
   28
    0
    0
    0
    6
    0
    0
    1
    1
    0
    0
    0
    0
    0
    0
    0
    0
    0
    0
    0
    0
    0
    0
    0
    0
    0
    0
    0
    0
    0
    0
    0
    0
    6
   15
    9
    3
    2
    0
    0
    0
    0
    0
   60
   25
    0
    0
    0
    0
    0
    0
    0
    0
    0
   58
   20
    0
   12
    0
   42
    2
    3
    0
    0
    0
    0
    7
   15
    0
   21
    5
   30
    4
    0
    0
    0
    0
   26
    0
    0
    0
   10
   15
   85
    0
    0
    0
    0
    0
   31
   43
    0
    0
    0
   30
   51
    0
    0
    3
    0
    0
    0
    0
    0
    8
    0
    0
    0
    0
    0
    0
    0
    0
    0
    0
    0
    0
    0
    0
   29
   10
   62
    0
   48
   31
    5
    0
    0
    0
    2
    1
    0
    0
    0
    5
   11
   26
    0
    0
    4
   42
    0
    0
    0
    0
    0
    1
   39
    0
   21
  108
    0
    0
  108
    0
   12
    8
    0
    1
    0
    0
    0
   78
    3
    0
    0
    0
    0
   20
    2
    0
   54
  108
    8
    0
    0
    0
    0
    0
   12
    9
   18
    0
    0
    0
    0
    0
    0
    0
    1
    0
    0
   42
    0
    0
    0
    0
   20
    0
    0
    0
    0
   96
    0
    0
    0
    0
   18
  138
    0
    0
    0
    0
    0
    0
    0
    0
    0
    0
    0
    2
   57
   23
    0
  110
    0
    0
   70
    0
    0
    0
   60
    0
   70
    0
   76
  104
   29
    0
    0
    0
    0
    0
    0
   19
    0
   12
   29
   78
    0
    0
    0
    0
    0
    0
    0
    0
    0
   10
   10
    0
    0
    0
    0
    0
    0
    0
    0
    0
    0
   50
   21
    9
    6
    0
    0
    0
    0
    0
    0
    3
    0
    0
    0
    0
    0
    0
   26
    0
    0
   52
   22
   28
    0
   16
  100
    9
    0
    0
   30
    0
    0
    0
    0
    0
    0
    0
    0
    0
    0
   10
    0
   73
    0
    0
    0
   58
   48
   38
    1
   78
   85
   78
   67
   34
    0
    0
    0
    0
    0
    0
    0
    0
    0
    0
    0
    0
   57
    0
    2
    2
    0
   17
    0
   19
   39
   28
   13
    0
    0
    0
    0
    0
    0
    0
    0
   19
    9
   23
    0
    0
   22
    0
   12
    0
    8
   22
    2
   12
   92
    8
    0
    0
    3
    0
    0
    2
    9
   36
    2
    0
    0
    0
   17
    0
    0
    0
    0
    0
    0
    0
    0
    0
    0
    0
    0
    0
    0
    0
   38
   65
    0
    0
    0
   20
    0
    0
   28
   13
   22
   36
   65
    0
    0
    0
    4
    0
   13
    0
    0
    0
    3
    0
    0
   10
    0
    0
    0
    0
   24
  142
    4
   31
    0
    0
    0
    0
    0
    0
    0
    0
    0
    0
   11
    0
   35
  142
   55
    0
    0
    0
    0
    0
    0
    0
    7
    0
   17
    0
    0
    0
    0
    0
    0
    0
    0
    0
    0
    8
   42
   53
   10
    2
    0
    0
    0
    0
    0
    0
    0
    0
    0
    0
    0
    0
    0
    0
    0
    0
    0
    0
    0
    0
    0
    0
    0
    0
    0
   78
   11
    0
    0
    0
    0
    0
    0
    0
   13
    0
    0
    0
   10
    3
    0
    0
    0
    3
   36
   28
   69
   14
    0
    0
    0
   68
   21
    6
   68
    0
    0
    0
    0
    0
   40
  102
   71
    0
    0
    0
    0
    0
  109
    0
    0
    0
    7
    0
    8
    0
    0
   24
   19
   34
   41
    8
   49
    4
    0
   12
   48
    0
   11
   62
    0
  138
    0
    0
   48
   42
   20
   72
   71
   32
    0
   28
  198
    0
  172
   27
    7
   72
    8
    3
   69
   17
   33
    8
    0
    0
    0
    0
    0
    0
    0
   26
    0
    0
    0
   82
    3
    0
    0
    0
    0
    0
    0
    0
    0
    0
    0
    0
    0
    0
    5
    3
   38
  168
   22
    0
    0
    0
    0
   73
   23
   36
  222
    0
    0
    0
    0
    0
    5
   28
    0
    0
    0
    5
   44
    0
   86
    0
    0
   34
    0
    0
   20
    0
    0
    0
    3
    0
    0
    0
    0
   60
    0
    0
    0
    0
    0
    0
    0
    1
    0
   82
    6
    0
    0
  128
    0
    0
    5
    0
   30
    0
   24
    0
    0
    1
    7
   28
   30
   78
    2
    0
   40
   23
  102
  366
    2
   12
   39
   17
   24
   41
    0
   59
   31
  103
    9
    0
    0
    0
    0
    0
    0
   10
    9
    0
    0
    0
    0
    0
    3
   10
    0
    0
   12
    0
   38
    0
    9
   30
    0
   24
   10
    0
    2
   17
   25
   31
   31
   40
   81
   57
   38
   10
    0
   20
   80
    1
   12
    0
   50
   12
   13
    0
    0
    0
    0
    0
    0
   70
   27
    0
   33
   35
    7
   59
   11
    0
    0
    0
    0
   40
   27
    0
    0
    0
    0
    0
    0
    0
    0
    0
    0
   30
    7
    0
    0
   35
    0
    0
   39
    0
   44
   40
    8
   11
   18
   13
    9
    0
    0
    0
    0
    0
    0
    0
    0
    0
   14
    7
   17
    0
    0
    0
   19
    6
    0
    0
    0
    0
    0
    0
    0
    0
    0
    0
    3
    0
    0
    0
    0
    0
    0
    0
    0
    8
    0
    0
   60
   56
   32
    6
    0
   34
    9
    0
    0
    0
   54
   38
   47
   30
    0
    1
    0
    0
    0
   31
   46
   15
   66
   36
    0
    0
    0
    0
   16
   48
   12
  120
   33
   15
    1
    0
    0
    9
    0
    0
    0
    0
    5
    0
    0
    0
    0
    0
    0
   43
   37
    0
    0
    0
    0
   41
  252
    0
  102
   84
    0
    0
    0
    0
    7
    7
    0
    0
    0
    0
    0
    0
    0
    0
    0
    0
    0
    0
    0
    0
    0
   19
    4
    0
    0
    0
    0
   24
   67
    0
    0
    1
   13
   25
    0
    0
    0
    0
    0
  272
  182
    0
   72
    0
    0
    0
    0
    0
    0
    0
    0
    0
    0
    0
    0
    0
    0
   29
    0
   94
    0
    0
    5
    0
    0
    0
    0
    0
    0
   12
    0
    0
    7
    0
    0
    0
    0
    0
    0
    0
    0
    0
    0
    0
    0
    0
    0
    0
    0
    0
    0
    0
    0
    0
  196
    0
    0
    0
    0
    0
    0
  315
   15
    0
    0
    0
    0
    0
    0
    0
    0
    0
    0
    0
    9
    0
    0
    4
    0
    0
    0
   43
   40
    7
    0
    0
    0
    0
    3
    0
    0
    0
    0
    0
    0
    0
   20
   12
   17
    0
    0
    0
   38
    2
   14
   39
    0
   20
    0
   19
    9
    0
    0
   10
    0
    0
    0
   41
    0
   51
    6
   39
   24
    0
    0
    0
    0
    0
    0
    0
    0
    0
    0
    0
    0
    0
    0
    0
    0
    0
    0
    0
    0
    0
    0
   31
    0
    0
    0
    0
   65
   24
   22
    0
    0
    0
    0
    0
    0
    0
    0
    0
    0
    4
    0
   10
    0
    0
    6
    2
    0
   20
    0
    0
   24
    0
    0
    0
    0
    0
    0
    0
    0
    0
    0
    8
   12
   13
    0
    0
    0
    0
    8
   40
   20
   65
    0
    0
    0
    0
    0
   53
   80
    6
   54
   84
   47
    0
    0
    0
    0
   18
   60
  103
   25
   12
    0
    0
    0
    0
    0
    0
    0
    0
    0
    0
    0
    0
    0
    0
    0
    0
    0
   19
    0
   10
   60
    0
    0
    0
    0
    0
    0
    0
    0
    0
    0
   20
    0
    0
    0
    0
    5
    0
    0
    0
    0
    0
    2
    0
   15
    0
    3
    0
    0
    0
    0
    0
    0
    0
   20
    0
    0
    0
    5
    0
    0
   31
   36
    0
    0
    3
    9
    0
    0
    0
    0
    0
    0
    0
    8
    0
    0
    0
    0
    0
    0
    0
    0
    0
    0
    0
    0
    0
    0
    5
    4
   27
    0
    0
    8
    0
    0
    0
    0
    0
   19
   13
    0
    0
    0
    0
    0
    0
   32
    0
   76
    0
    0
    0
    0
    0
    7
   22
   36
    0
    7
   15
    0
   34
  124
    0
   54
   16
    5
    0
    0
    0
    9
    0
    0
    0
    0
    0
    9
    0
    0
    0
    0
   90
    5
    0
    0
    5
   12
    0
    0
    0
    0
    0
    0
    0
    0
    0
    0
    0
    0
    0
    0
    0
    0
    0
    0
   92
    0
    0
    0
   21
   20
    0
    0
   10
    0
    0
    2
   66
    0
    0
    0
    0
    0
    0
    0
    0
    0
  110
   31
   10
   61
   23
    0
    0
    0
    0
    0
    0
    0
    0
    0
    0
    0
    0
    0
    6
    3
    0
    0
    0
    0
    0
    0
    0
   36
   73
    0
    4
    0
    0
   48
    0
   22
    0
    0
    0
    0
   99
   65
    0
    0
    0
    0
    4
    0
    0
    3
    0
    0
    0
    0
    0
   21
    0
   11
   71
    5
    0
    0
    0
    0
   69
   28
    0
   24
    0
    0
    0
    0
    0
    0
   34
    0
    0
   26
   84
    0
    0
    0
    0
    0
    0
    0
    0
    0
    0
    0
    0
    0
    0
    0
    0
   70
    0
    0
    0
   85
    0
    0
    0
   22
    0
    0
   20
    2
    0
    0
    0
    5
    0
   28
    7
    0
   93
    0
    0
    0
    0
    0
    0
    0
    0
    0
    0
    0
    0
    4
    5
    2
    0
   15
    7
    7
    2
    1
   18
    0
    0
    0
    0
    0
    0
    0
    0
    0
    0
    2
    0
    0
    0
    0
   39
    0
    0
    0
    0
   10
    0
   15
   33
    0
   40
  145
    0
    0
    0
    0
    0
    0
    0
    0
    0
   16
   10
    2
   14
    0
    3
    0
    0
    0
    0
    0
    0
   11
    0
   10
    4
   27
   37
    0
   25
    1
    0
    3
    0
    0
    0
   19
    0
    5
   50
    0
    0
    0
    0
   44
   10
   20
    0
    0
   50
    0
   20
    0
    0
    0
    6
    0
    0
    0
  275
  165
   13
    3
    0
    0
   30
   47
    0
    0
    0
    0
    0
    0
    0
   97
   17
    0
    0
    0
   35
    0
   10
    0
    4
    7
    0
    0
    0
   10
   20
   16
   33
   34
   13
    0
    0
    0
    0
    0
   12
    0
   62
    8
    3
    0
   14
    0
    5
  102
   61
    0
    0
    0
  121
    0
    0
    0
    0
    5
    0
   20
    3
    0
    0
   85
    0
    0
  236
   61
    2
    0
    0
    0
    0
    0
    0
    0
    0
    0
    0
    0
   15
   27
    0
    0
    0
   28
   52
    0
   20
    0
    0
    0
  108
    0
    4
    0
    0
  539
    3
    0
    0
    0
    0
  110
    0
    0
    0
   58
    0
    0
    0
    0
    0
    0
    8
    6
   21
   50
   38
    0
    0
    0
    0
    0
    0
    6
  106
    0
    7
    0
    0
    0
  105
  192
    0
   26
    6
    0
    0
   12
   29
    0
    0
  100
    0
   51
  101
    3
   29
   33
  161
    8
  126
    0
    8
    0
   20
   40
   79
    6
    0
    0
    0
    0
    0
  189
   68
    0
    0
    0
  187
    0
    0
    4
    0
    0
    0
    5
  180
    0
   71
    0
    0
    0
    0
    0
    0
    0
    0
    0
    0
   52
   29
    0
    0
    0
    0
    0
    0
    0
    0
   13
   14
    2
   38
   54
    0
    0
    0
    0
   95
    0
    0
    0
    0
    0
    0
    0
    0
    0
    0
    0
    0
    0
    0
    0
    0
    0
    0
    0
    0
   80
   20
  142
    0
   31
    0
    0
    0
   86
  100
    5
    0
   68
    0
   30
    0
   13
   13
    0
    0
    0
    0
   62
    0
    0
   16
    0
   13
    0
    0
    0
    9
    0
    0
    0
    0
    2
    0
    0
    0
    0
   40
  138
    0
    1
    5
    0
    0
    0
    0
    0
    0
    0
   17
    4
    8
   10
   58
    5
   19
   20
   10
    0
    0
    0
   10
   18
    0
    0
    0
    7
    0
    0
    0
    0
    0
    0
    0
   50
    4
    0
    0
    0
    0
    0
    1
    0
   19
    0
    2
   14
    2
    0
    4
   16
   24
    0
    0
    0
    1
    7
    5
    0
    4
    5
    0
   16
    2
    0
    0
    0
    0
    0
    0
   10
    5
    9
    0
    5
    0
    0
    1
    3
    0
   20
    1
    0
    0
  102
    0
    0
    0
    8
   43
    0
    0
    3
    0
    1
  116
    3
   16
    4
   55
    2
   21
    0
   35
    0
    0
    0
    0
    0
    6
   10
    2
    0
    0
    0
    0
    0
    4
    8
    0
    0
   12
    0
    0
    0
    0
    0
    0
   16
    0
    0
    0
    0
    0
    0
    0
    0
    0
   75
  117
    0
    0
    0
    0
   23
    0
    0
   57
    0
   26
    3
    4
   12
   65
  170
    0
    9
   52
   10
   36
   36
    0
    5
    0
    0
    0
    0
    0
    0
    0
    5
    0
    0
    0
    0
    0
    0
    5
    0
    0
    7
   24
  174
    0
    0
    0
    0
    0
    0
    0
    0
   50
    0
    7
   15
   18
    0
    0
  104
    0
   72
    7
    0
    4
    0
   34
  100
   85
    0
    0
    0
    0
    0
    0
    0
    0
   80
   29
    4
    0
    0
    0
    4
    1
    1
    0
    0
    0
    0
    0
   33
    4
   10
    0
    0
   17
  207
  252
    0
    9
    0
    0
    0
    0
   21
    0
    9
    0
    0
    0
    0
   28
    0
    0
    0
    0
    6
   14
   70
   67
    0
    6
    8
    0
    0
    0
   45
  135
    0
   23
    2
  115
   11
    1
    4
    0
    0
    0
    0
  106
   50
    1
  175
   37
    0
    4
    0
    0
    3
   44
    0
    0
    0
   68
  106
   51
    0
    0
    0
    0
    0
    0
    0
    0
    0
    0
   45
   14
    0
    4
   15
   15
   69
    0
   23
   54
    3
    0
    0
    0
    0
    0
    0
    0
    4
    0
    0
    0
    0
    0
    0
    0
    0
    0
   14
    0
    0
    7
    0
    0
    0
    0
    0
    0
    0
    0
   19
    0
    0
    0
    8
   88
   64
    0
    0
    0
    0
    0
    0
  109
    0
    0
    4
   10
    0
   38
   37
    2
    0
    0
    0
    0
    0
    0
    0
   24
   45
   24
   49
   97
   69
  100
   15
    0
    0
    1
    1
    0
    0
    1
   38
   40
    0
   15
   50
    5
    1
    0
   50
    0
    0
    0
    0
    0
    0
   45
    0
    0
    0
   20
    5
    0
    0
   10
   10
   51
    0
    0
    0
    0
   12
    0
    0
    0
    0
   25
   80
   50
    0
    0
   85
    0
    0
    0
    0
    0
    0
    0
    0
    0
    0
    0
    5
    4
    0
   42
    0
    0
    0
    0
   12
    6
   65
   19
    0
   39
    9
   72
    0
   45
    0
   68
    0
   10
    0
    0
   69
   15
    0
    0
   26
  104
    0
    1
   29
   17
  275
   13
    0
   54
    0
    0
    0
    0
    0
    0
    0
    0
   75
   11
    0
    0
    0
    1
   44
    8
    0
   82
    0
    0
    0
   44
   36
   12
    0
   14
    6
    0
   43
    0
    0
    0
    0
   34
    0
    0
    0
    0
    0
   10
   42
    0
    0
    0
    0
    3
   27
   23
    2
   87
    0
    0
    0
    0
    0
    1
   45
    0
  107
    0
  110
  161
   20
    0
    0
   81
   51
    0
    0
   42
    0
    0
    0
    0
    0
   64
    0
    0
    0
    0
    6
    0
   31
   22
    0
    0
    0
    0
    0
    0
   24
   12
   36
   13
    0
    0
    0
    0
   20
    4
    0
   52
    7
    0
   18
    2
   19
   17
   93
   63
    0
    5
  280
    3
    3
   27
    6
    0
  109
    0
    0
    0
    6
   93
   36
    0
    0
    0
    0
    0
    0
    2
    0
    0
    0
   14
    2
    4
    0
    7
   30
    2
    0
    0
    0
    0
    0
   36
   62
   14
    0
    0
    0
    4
   58
    0
    0
    0
    0
    0
    5
    0
    0
    0
    0
   38
    0
   66
   16
    0
    0
    0
    0
    0
    0
    0
    0
    0
    0
    0
    0
    0
    0
    0
    0
    0
    0
    0
    0
    0
   58
   22
    0
   28
    0
    0
    0
    0
    0
    0
    0
    0
    0
    0
    0
    0
   30
   17
   16
    0
  191
   12
   10
   35
  171
    0
    2
    0
    4
    0
   10
  108
    0
    0
   15
    0
    0
    5
    0
    0
    2
    0
   10
    1
    0
    0
    4
   12
    0
    0
    0
    8
    0
   99
    0
  116
   41
  182
    0
   45
   80
   19
    0
   18
    5
    0
    0
    0
    0
    0
    1
    0
    0
    0
    2
   41
   19
   19
   15
   14
    0
   22
    0
    0
   10
    0
    0
    0
    0
    0
    0
    0
    0
    0
    0
    0
    0
    0
    0
    0
    0
    0
   51
   40
    0
    0
    0
    5
   47
    0
    4
   94
   46
   36
    9
    0
    1
    0
    1
    6
    4
    0
    0
    0
    3
    0
    0
    0
    0
    0
    0
    0
    0
    0
    0
    0
   13
    2
    0
    6
   17
    3
    0
   16
    0
   11
   13
    0
    0
    0
    0
    0
    0
    0
    0
    7
    1
    0
    0
    0
    0
    0
    0
    3
   38
   30
    2
    5
    0
   69
  178
   39
    0
    0
    0
   15
    8
    5
   20
    0
    0
    0
    0
    0
    0
    0
    0
   22
    0
    3
    0
   45
  248
    0
  118
  138
    1
    0
    0
    0
    0
    0
    0
    0
    0
    0
  117
    0
    0
    0
    0
    0
    0
    0
    0
    0
    0
    0
    0
    0
    0
    0
    0
    0
    0
    0
    0
    0
   37
    0
    0
    0
    0
    0
   43
    0
    0
    0
    4
    0
  232
    0
    0
  212
    0
    0
   76
   89
   62
   18
    0
   23
    1
    0
   90
   53
  118
   25
   41
   88
    7
   89
    0
    0
   43
    0
    4
    4
    0
   73
  354
    1
  149
   57
   27
    0
    0
    5
   51
   19
  124
    0
    0
    0
    0
    0
    0
    0
    3
  120
   50
    0
    0
    0
    0
    9
    0
    0
   50
    0
    0
   21
   45
    0
    0
    0
    0
    0
    0
   15
    3
   70
    0
    0
   25
    0
    0
    0
    0
   37
   17
   96
    0
    0
    0
    0
   19
   31
    0
    0
   16
   49
   62
    0
    4
   46
    0
    0
   23
    0
    0
    0
    0
    0
    1
    2
   39
    0
    0
    0
    0
   34
    2
    0
    0
    4
    0
    1
   29
    0
    0
    0
    0
    1
  214
    0
    0
    0
    0
    0
   22
   22
    0
    0
   34
    7
    0
    5
   36
    8
    6
    0
    0
    0
    0
    0
    0
    0
   94
   86
    0
    0
    0
    0
    0
    0
   38
   73
   35
    0
    2
    5
    0
    0
   15
    0
    0
   43
    0
    3
    1
   18
    7
    0
   22
   21
   17
  131
    8
    0
    0
    0
    0
    0
    0
    0
   68
    3
    0
    0
   58
    0
    0
    0
    6
   56
    0
    0
    0
    0
    0
    0
    0
   63
    2
   40
  101
    0
   40
   27
    7
    0
    0
   25
    0
   17
    0
    0
   11
   15
   16
   15
   66
    3
    0
    0
    0
    0
    9
    0
    0
    0
    0
    0
    0
    0
    0
    1
   11
   16
   35
   13
    0
    0
   13
    9
    0
    0
    0
    0
    5
    1
    1
    5
    4
    0
   34
   70
    5
    0
    0
    0
    0
   14
   30
   42
    0
    2
    3
   33
   15
   80
  126
  114
   94
    6
   20
    6
   61
   20
   11
    0
    0
    0
    0
   92
    0
   50
  119
    0
    0
    0
    0
    0
    0
    0
    0
   10
   17
    0
    0
    0
    0
    0
    0
    0
    0
    0
    0
    0
    0
    0
    0
    0
    0
   41
    0
    0
    0
    0
  243
    4
   34
   83
    2
    0
    0
    0
    3
    0
    0
    0
    0
    0
    0
    0
    0
   45
   62
    0
   41
    0
    0
    0
    0
   83
    0
   13
    0
   76
   79
   45
    0
    0
    0
    0
    0
  187
   17
    0
   89
    8
    7
   17
    0
   28
   19
    0
    0
    3
    0
    0
   92
    0
   38
    7
    0
    0
   14
    0
    0
    0
    0
  135
   25
    0
    6
   96
    0
    0
    0
    0
    0
    0
    0
    0
    0
    3
    6
    3
    0
    0
   13
    0
   24
  114
    0
    0
   27
    0
  138
   10
   17
    5
    0
    0
  230
   28
    0
    0
    0
    0
    0
    0
    0
  155
   25
    0
    0
    0
    0
   11
    0
    0
   49
  120
   40
   31
    0
    0
    8
    2
    0
    0
    0
    0
    0
    0
    0
    0
    0
    0
    0
    0
    0
   14
    3
    0
    0
    0
   25
    0
  132
    0
   14
    0
   28
    8
   54
   52
    0
    0
    0
    0
  229
   10
    0
    0
    3
    5
    0
    0
    0
    5
    0
    0
    0
    0
   28
   19
    0
   53
    0
   23
  107
   28
    0
    0
    0
    0
    0
    0
    0
  151
    0
   14
   21
    3
    0
    0
    1
    2
   18
    9
    0
    0
    0
    0
   82
   14
   25
    0
    0
    0
    9
   15
    5
   25
   44
    1
   17
    9
    0
   63
  115
    0
    8
   32
   16
   37
  160
   47
    0
   21
   20
  158
    1
    0
   89
    0
    0
   58
    0
    4
    0
   40
    0
    0
    0
    7
    1
    6
    5
    4
    0
    0
    0
    0
    9
    0
   16
    0
   14
   30
    7
    0
    0
    0
    0
    0
    0
    0
    0
    0
    0
    0
    0
    0
    0
    0
    0
    0
    2
    5
    0
    2
   34
   65
   38
    0
    0
    0
    0
    0
    0
    5
    0
   35
    0
    0
    0
    0
    0
    0
    1
    0
    0
    0
    0
    0
    0
    0
    0
    0
    0
    0
    0
    4
   14
    0
   81
    0
    5
    0
    0
    0
    0
    2
   18
    0
    3
    0
    0
    1
   82
    0
   17
    0
    3
    0
    0
    0
    0
    0
    0
    5
    0
    0
    0
    0
    0
    0
    0
    0
   10
   16
    4
    9
    9
   10
   10
   33
    0
    0
    0
    0
    0
    0
    0
    0
    0
    0
    0
    0
    0
    0
    0
   44
    0
   31
    0
    0
    0
   15
   23
   47
    0
    0
   63
   74
    0
    0
    0
    0
    0
    8
    6
    0
    7
    0
  113
   78
   78
    0
    0
    0
   52
    0
    0
    0
    0
    0
    0
    0
    0
    0
    0
    0
    0
    0
   32
   27
    8
    3
    0
  102
    0
   24
   25
    5
    0
    0
    2
   15
    0
    0
   58
    2
    8
  198
    0
    0
  113
    0
    0
   20
    0
    0
    0
    0
    0
    0
    0
    0
   14
    0
    0
    0
    0
    0
    0
    0
    0
    0
    0
    0
    0
    0
    0
    0
    0
    0
    0
    0
    0
    1
  256
   39
    0
   44
    0
    0
    0
    0
    0
   74
    0
   27
    3
    7
    0
    0
    0
    4
    1
    5
   19
    0
    0
    0
    0
   48
    0
   15
    0
    0
   19
   72
    0
    0
    0
    0
    0
    0
    0
    0
    0
    0
    0
    0
    0
    0
    5
    1
    0
    0
    0
    5
    0
    0
    0
    0
    0
    0
    0
    0
    0
  132
   54
    0
    0
    0
   28
   28
   43
    3
    2
    0
    3
    0
   39
    0
    0
    0
    7
   12
    0
    0
    0
    0
    0
    0
    0
    0
    0
    0
    0
    0
    0
    0
    0
    0
    0
    0
    0
    0
    0
    0
   57
   35
   54
    0
   28
    0
   24
    0
    0
    0
    0
    3
    9
    0
    0
    0
    0
    0
    0
   70
   13
   48
    0
    0
   44
   28
    0
    0
    0
   41
    5
    0
    0
    0
   46
    0
    0
    0
   15
    0
    0
   33
   19
    0
    0
    2
    5
    0
   34
    5
    3
    0
    9
    5
   27
    0
    0
    0
    7
   22
    9
   20
    9
   12
    7
   18
    0
    0
    0
    0
   39
    0
   27
   47
   24
   33
   32
   13
    3
    5
    0
    1
    0
    0
    4
    0
   63
    0
    8
    0
    0
    0
    0
    0
    0
    3
    1
    0
    0
    0
    0
    0
   49
    7
   17
    0
    0
    0
    0
    0
    0
    0
    0
    0
    0
    6
    0
    0
    2
    9
    0
   21
   23
   56
   40
   11
    1
    0
    0
   24
   53
    0
   44
    0
    3
    0
  130
  100
   10
   13
   34
    3
    0
  124
    0
   45
  166
  123
    0
   26
   15
    0
    0
    0
  237
    0
    0
    0
    0
    0
    0
   15
    2
    0
   13
    0
  163
    0
    1
    3
    0
    0
   38
    0
    0
   74
    0
    0
   15
   75
    0
  153
   33
    0
    0
    0
   15
   10
   60
    6
   62
    0
   25
    1
    0
    0
    0
    0
    0
    0
    0
  119
    0
    0
    0
    4
    0
    0
    0
   33
    8
    0
    4
    1
    0
    0
    0
    0
    0
    0
    0
    0
    0
   87
   16
    1
    0
    0
    0
    0
    0
    0
    0
    0
    0
    0
    0
    0
    0
    0
    0
    0
    0
    0
  226
  102
    0
    0
    0
    0
    1
    0
    0
    0
    0
    0
    0
    0
   18
    0
    0
  815
  251
    4
    5
    0
    0
    0
   45
    1
    0
    0
    0
    0
    0
    0
    0
    0
    0
    0
   17
    0
    0
    0
    0
    0
    0
    0
    0
    0
    0
    5
    0
    0
    0
    0
    0
    0
   47
    0
    0
    2
  141
  103
    6
    0
    0
   49
    6
   38
    9
    0
    0
    0
    0
    0
    0
    0
    0
    0
    9
    0
    0
    0
   28
    0
   38
   10
    0
    3
    0
    0
    3
   19
    0
    0
    1
   15
    0
    0
    0
    0
    0
    0
    0
    0
    0
    0
    0
    5
    0
    0
    0
    0
    0
    0
    0
    0
    0
    0
    0
    0
    0
    0
   62
   17
    2
   22
    0
    0
    0
    0
    0
    2
   85
  129
   74
    6
    6
    0
    0
    0
    0
    0
    0
   39
    0
   30
  108
    5
    4
    0
    0
    0
    0
    0
    0
    0
   17
    0
    0
   20
    0
   19
   11
    4
    1
   17
    1
    0
    0
    0
    0
    4
    9
   17
    3
   44
    3
   16
    0
   29
    0
   10
   46
    9
    0
    0
    3
    0
    0
    0
   15
   13
    0
    0
    0
    0
   37
   49
    6
   12
    0
    6
   65
    0
   15
   71
   18
   10
    3
   30
    0
    0
    0
    0
    0
    0
    0
    0
    0
    0
    0
   40
    0
   28
   24
    0
    0
    0
    0
    0
    8
    0
    0
    2
    0
    0
    8
    0
    0
    0
    0
    0
    0
    0
    0
    0
    0
    0
    0
    0
    0
    0
    0
    3
    0
   25
    0
   10
    0
   18
   73
  181
   10
   53
    0
    0
    0
    5
    0
   37
    0
    0
    0
    0
    0
   46
    0
    0
    0
    0
    0
    0
    0
    0
    0
    0
    0
    3
    0
  148
    0
    0
   12
    0
    1
   50
   27
   13
    0
   25
    4
   13
    0
    0
    0
   40
   18
    0
    0
    0
   38
    0
    3
   30
    8
    0
   14
   59
  137
    0
   48
    0
    2
    0
  143
   35
   28
   29
    8
    0
    0
    0
    0
   32
   19
    0
    0
    2
    0
    0
    0
   68
  108
    0
    0
   39
    0
    0
    0
    5
   59
    0
   53
  116
    0
    5
    0
    0
    0
    0
    0
    0
    0
   31
   22
  117
   24
   44
  142
   28
    0
    0
    0
    0
    0
    0
    0
   52
   18
    0
    0
    7
   96
    8
    0
  145
   26
    0
    0
    4
   30
   22
    4
    6
    0
    0
    0
    0
    0
    0
    0
    0
    0
    0
    0
    0
    0
   20
    0
    0
    0
    0
    0
   22
    0
    0
   47
   14
  283
    0
   24
   84
    2
   13
    0
    0
    0
   59
    0
    0
    0
    5
    0
    0
    2
    8
   60
   11
   16
   29
    0
    0
   51
    0
   16
    0
    0
    3
    1
   72
    0
   78
    0
   11
   20
    0
    0
    0
    0
    0
    0
    0
   12
    0
  132
   35
    0
   10
   42
    8
    0
    0
    0
    0
    0
    0
    0
    0
    0
    0
    0
    0
    0
    0
    0
    0
    0
    0
    0
    0
   21
    0
    0
    3
   17
  169
    6
    0
    0
    0
    0
    0
    0
    0
    0
    0
    0
    0
    0
    0
    0
    0
   13
    8
    7
    0
    0
   18
    0
    0
   32
   38
   15
   94
   38
    9
    0
    0
    0
    0
    0
    0
   15
    0
   35
    7
   24
    0
   11
    6
    0
    0
    5
    5
    2
   51
   31
    5
   10
    0
    0
    0
    0
    0
    0
   20
   16
    0
    8
   36
    0
    5
    0
   53
    0
    0
   30
    8
    0
    0
    0
   10
    0
   10
    2
    0
    0
    0
    0
    0
    0
    0
    0
    0
    0
    0
   36
    0
   35
    0
    0
    0
    0
    0
   13
    0
    0
    0
    0
    0
    0
    3
    1
    1
    0
    0
    0
    2
    0
   15
   11
   94
    0
   23
    0
    0
    0
    5
    0
   11
   16
   16
   53
   18
   41
   41
   17
    0
    0
    0
   50
   28
    0
    0
   40
    3
   15
   42
   13
    2
   12
    0
    0
    0
    0
    0
    0
    4
   21
    5
    3
   25
   20
   82
   12
    5
   21
    0
    0
    0
    0
    0
   13
   27
    0
    0
    0
    0
    0
    0
    0
    0
    0
    0
    0
    0
    3
   58
    0
    0
    0
    0
  135
    0
    0
    0
    0
    0
    0
    0
   22
   49
    0
    5
    8
   52
    4
  185
   35
   15
    2
    2
   69
    0
    0
   50
    0
    0
    0
    0
   12
   46
    0
   51
    0
    0
   18
    0
    0
    0
    0
    7
    0
   45
   29
    0
    0
    0
    0
    0
   85
    0
    0
   20
    4
   12
   40
   43
    0
    0
    0
   69
    0
    8
   29
    0
    0
   11
    3
    0
    3
    0
    0
    0
    0
    0
    7
    0
   11
    8
    0
    1
   41
   23
   35
   64
    0
   14
  100
    0
   82
    0
    0
    0
    0
    0
    0
    0
    0
    0
   72
    0
   32
   40
    0
   11
    4
    0
    0
    0
    0
    0
   11
    2
   11
    0
    0
    0
    0
    3
    2
    0
    0
    0
    0
    0
    0
    0
    0
    3
    0
    0
   15
    0
    0
    4
    6
    0
    0
    0
    0
   17
    0
    4
    0
    0
    0
    0
    0
    0
    0
    0
    0
    0
    0
    0
    0
    0
    0
    0
    0
    0
    0
   19
   18
   18
    0
    2
    0
    0
    0
   11
    8
    0
    0
    0
    0
   23
   22
   46
   51
   12
    0
    0
    0
    6
    6
    0
    0
    0
    4
    0
    0
   31
    0
   15
    3
    0
   36
   17
    0
   42
    3
    2
   41
   66
   34
    8
    6
    0
    0
    0
    0
    0
   43
   76
   36
    6
    0
    0
    0
    5
   36
    4
    0
    0
    6
    3
    0
   55
    0
   33
   43
   22
    3
    6
    0
  104
   35
    0
    0
    2
    0
    0
   10
    0
    0
    0
    0
    0
    0
   44
    0
    0
    0
    0
    5
    0
    8
   41
    0
    0
    0
    0
    0
    0
    0
    0
   14
   55
    2
    0
    0
    0
    0
    0
    0
    0
    0
    0
    0
    0
   34
   21
  128
    0
    0
   39
    2
    0
    0
    0
    0
    0
    0
    0
    0
    0
    0
   32
    0
   77
   41
    0
    0
    2
    0
    3
    7
  189
    0
    0
   24
   49
    0
    0
    0
    3
    9
   63
    2
   12
    0
    4
    0
    9
    2
    0
    2
    4
    0
   15
    5
   33
   34
    3
    0
    0
    0
    0
    0
    0
    0
   10
    7
   46
  157
    3
   30
   25
   34
    0
   23
   23
   28
    0
    0
   14
    0
    0
   93
    0
    0
   88
    0
    0
    4
   16
  122
  118
   18
    1
   41
  171
   48
  119
  155
   92
    0
    0
    0
   45
    0
    0
    0
    0
    0
    0
    1
    0
    0
    0
    0
    0
    0
    0
    0
    0
    0
    0
    0
    0
    0
    0
    0
   29
   44
    1
    0
    3
   65
    5
    0
    0
    0
    0
    0
    0
    0
    0
    0
    0
   76
   24
    8
   22
    0
    0
    0
    0
    0
    0
    0
    0
    0
    4
    0
    0
    0
    0
    0
    0
    0
  132
    0
    0
   75
    0
    0
    0
  225
   11
    0
    5
   27
    0
    0
   45
    0
    0
    5
    8
    4
    0
    0
   37
    3
    0
   10
    0
    3
    0
    0
    0
    5
    2
   36
  295
   14
   55
   18
    0
    0
    0
    0
    0
    0
    0
    0
    3
    0
    0
    0
    0
    0
    0
    0
    0
    0
   14
    0
    0
    0
    0
    0
    0
    0
    0
    0
    0
    0
   27
   36
   98
  195
    3
    0
    0
    0
    0
    3
   14
    4
    1
    8
    0
    0
    7
   25
    0
    0
    4
    0
    0
    0
    0
    0
    0
    0
    0
    0
    0
   18
    9
    0
    0
    0
    0
    0
    2
    0
    0
    0
    0
    0
    0
    0
    0
    0
    4
    4
    0
    0
    0
    0
    0
    8
    1
   52
    0
   14
   38
   94
   31
   10
   16
   13
    0
   10
   36
    9
   77
  213
  104
   66
  184
   63
    0
   39
   23
    3
    0
  116
   38
    0
    0
   43
    0
    0
   17
    0
    0
    0
    0
    0
    0
   28
   39
    3
    0
   40
    0
   13
    2
    0
    0
    0
    0
    0
    0
    0
    1
    2
   94
    6
   38
    0
    0
   31
    9
   98
    0
    0
   54
    0
    2
   52
    0
    0
    0
    0
    0
   98
   47
    0
   19
    0
    0
    0
    0
    0
    0
    0
    0
    0
    0
    0
    0
   35
    8
   18
    3
   19
   27
    0
    5
   41
    7
   68
   15
    0
    0
    6
    0
    0
    0
    0
    0
    3
   46
    2
    4
    0
    0
    1
    6
    0
    0
    0
    0
    3
    0
    0
   28
   27
    6
    0
    0
    0
    0
    0
    0
    0
    0
   13
   13
    2
  339
    4
    0
    7
    0
    0
    0
   50
    0
  147
    0
    0
    0
    0
    5
    0
    0
    9
    3
   30
    0
    0
    0
    0
   24
    0
    0
    2
   14
   50
    7
   63
  186
   56
    0
    1
    0
    0
   12
   40
   36
  127
   68
  190
   10
   17
   26
    0
    0
    0
   13
   20
   33
   31
    0
    0
    0
    0
    0
    0
    0
    0
    0
    0
    0
    0
   46
    0
    0
    0
    0
    0
    0
    0
   46
   53
   98
    0
   23
    2
    6
  185
   29
   30
   33
   44
   10
    1
  258
   45
   23
   16
   29
    0
   17
   21
    0
    0
   13
   10
    0
   52
   77
    6
    4
   33
    0
   50
    7
    0
    0
    0
    2
    0
    0
    0
    7
   49
   16
    0
    0
    0
    0
    0
   15
    0
    0
   25
    0
   35
    9
   13
    0
   59
   14
    0
    2
    0
   32
    6
    0
    0
   85
  224
   92
    0
    0
    4
    0
    8
    0
    0
    0
    0
    0
    0
    7
    0
    0
    0
    0
    0
    2
    0
    3
    0
   12
   27
    0
    0
    0
   11
   51
   31
   14
    0
    0
    0
    0
    0
    0
    0
    7
    5
    0
    0
    0
    1
    0
    0
    0
   14
   21
   15
   51
    2
   14
   22
    2
   74
  136
   28
   22
    5
    0
    1
  143
    0
    0
    0
    0
    0
    0
    0
    0
    0
    0
    0
    0
    0
    0
   16
    0
    0
    0
    0
    0
   73
  115
   57
    0
   98
   29
   12
    0
    0
    4
   14
    2
    1
    5
    2
    0
   58
    0
    0
   38
    2
    0
    5
    0
    0
    0
   65
    0
    0
    0
   10
   47
    4
    0
    0
    0
    0
   36
   16
   59
    4
    5
    0
   52
    4
    0
    0
   22
   14
   16
    0
    0
    0
    1
    2
   11
    0
    5
   56
    0
    0
    0
    0
   36
   49
   36
    0
    6
    8
   42
   55
   55
    0
   18
   42
    6
   23
    1
    3
   34
    0
   49
    7
    6
    0
   66
   32
    0
   41
    0
   36
    4
    0
   12
    0
   38
   60
   57
   10
   48
   53
   12
   38
   27
    0
    0
  102
   13
    0
    0
    0
    0
    0
    0
    9
    3
    0
    0
    0
    3
    0
    0
    0
    2
    0
    0
   72
    0
    0
    0
    0
    0
    0
    0
    0
    0
    0
    0
    0
    0
    0
    0
    0
    0
    0
    0
    0
    0
    0
    0
    0
    0
    0
    0
    0
    8
    5
    0
    0
    0
    0
    0
    0
    3
    0
   13
    0
   16
    0
    0
    0
   47
    6
  220
    0
   62
  112
    0
    4
    0
    0
    0
    0
    0
    0
    0
    0
    0
    0
  196
    5
    8
    0
    0
    4
    0
   66
   54
   62
    0
   57
    0
    0
    1
    7
   17
    4
    0
   98
    0
  135
    5
   49
    8
   23
   12
    0
    0
    9
    0
    0
   84
    0
   18
   14
    0
    3
    0
    0
    0
   13
   90
    0
    0
    0
    0
    0
    0
    0
    0
    0
    0
    0
    0
    0
    0
    0
    4
   21
    0
    0
    0
   21
    6
   35
    0
    0
   19
    7
    0
    4
    5
    7
    9
   89
    0
    0
    0
    0
    0
    0
   17
   34
    1
    0
    2
    3
    2
    0
    0
    0
    0
    0
  155
    0
    2
    0
   22
    0
    0
    0
    0
    0
    0
    5
   25
    0
    0
   52
    0
   13
   21
    0
    0
    6
    3
    0
    5
    0
   82
   30
    0
    0
   21
    0
    0
    0
    0
    0
    8
    6
   23
    8
    0
    0
    0
    0
    0
    0
    0
    0
    0
    3
   39
   61
   26
    0
    5
   24
   17
    4
    0
    5
   21
   14
    3
    0
    0
   11
   26
  122
   52
    0
   93
  117
    0
   11
    3
   70
   11
   39
   51
    0
    9
    0
    0
    0
   31
   74
   31
    0
    2
    0
   32
   31
    3
    0
    2
    0
    0
    1
    2
   32
    0
    0
   12
   14
    3
   25
    6
    1
   26
    0
    0
    0
    3
    0
    0
    5
    0
    0
    0
    0
    0
    0
    0
    0
    0
    0
    3
    1
    0
    0
    2
    4
    0
    0
   14
    0
    0
    0
    0
    0
    0
   38
   17
    1
    4
    8
    4
   44
  135
   16
    0
    0
    0
    0
   22
    1
    2
    0
    0
   11
    2
    2
    0
    0
    0
    5
    0
    0
   18
    0
    0
    0
    5
   49
   18
    0
    0
    0
    0
   22
    0
   41
    0
    0
    0
    0
    0
    0
    0
    0
    0
    0
    0
   70
    0
    0
   35
    0
    0
    0
    7
    0
    0
    0
   29
    0
   25
   34
    0
   36
   77
    3
    0
    0
    8
   28
   52
    0
    0
    0
    0
    0
    0
    0
    0
    0
    0
    0
   18
   74
   20
    0
    0
    0
    0
    0
    0
    0
    0
    0
    0
    0
    0
    0
    0
    0
    0
    0
  113
    0
    0
   48
   37
   51
    0
    0
    1
    3
    0
    0
   81
    0
    0
    0
    0
    0
    0
    0
    0
    0
    0
    1
    0
    0
    0
   11
   13
   26
   35
    7
  105
  214
    0
    0
    0
    0
    0
    4
   18
    0
    0
    0
   13
    5
   16
    0
   14
   17
    0
    0
    0
    0
    5
    2
   23
   23
    0
    0
    0
   28
    0
    5
    2
   10
    0
    0
    0
   35
   13
    0
    0
    2
    0
    0
    0
    0
    0
    0
    0
    0
    0
    0
   18
    0
    0
    9
    0
  129
  145
    0
    0
    0
    0
    0
   13
    0
    0
    0
    0
    0
    0
    0
    0
    0
    0
   33
   27
    9
    0
    0
    7
    0
    0
    0
    0
    0
    0
   30
    0
    0
    2
    0
    0
    3
    0
    0
    0
   78
  112
   73
   11
    4
    4
   25
    0
    8
    0
    0
    0
    0
    0
   27
    0
    0
    0
    4
    0
    0
    0
    0
   12
  102
    0
  163
   14
   31
    0
    0
  140
   19
   35
    0
    0
    0
    0
    0
    0
    0
    0
    0
    0
    0
    0
   70
   26
    1
   15
   12
   40
    8
    0
    0
    0
    0
    0
    0
    0
    0
   12
    0
    5
    0
    0
    0
   47
   59
   14
   44
   35
    9
    0
    0
   84
    1
  144
    2
    9
    0
    0
    0
    0
    0
    0
    0
    0
    0
    0
   11
   26
    0
    0
    0
    5
    0
    0
    0
    0
    0
    4
    3
   15
    1
    0
    0
    4
    0
    4
    2
   14
    1
    0
    0
    0
    0
    0
    0
    0
    0
    0
    0
    0
    0
    8
    0
   60
    0
    4
   59
   47
   82
    3
    1
    5
    0
    0
    0
    0
    0
    0
   28
   49
   42
  104
    1
    5
    3
    5
    0
    1
    0
    0
   20
   40
    0
    0
    0
    1
    0
    0
    0
    0
    0
    5
    0
   34
    0
    0
    0
    6
    0
    0
    0
    0
    0
    0
    2
   16
    4
    0
    0
    0
    0
    0
   35
  133
    0
    0
   46
    6
    2
    0
    0
   31
    2
    0
    0
   68
   32
   13
   13
   11
    0
    0
    0
    0
    0
    0
    0
    0
    0
    0
   10
    0
    5
    0
    0
    0
    0
    0
   58
    6
    0
    0
    0
    0
    0
    0
    0
    0
    0
    0
    0
    0
    0
    0
    0
   77
   49
   16
    0
    0
   18
  127
  177
  234
    6
    0
   13
    0
    0
    0
    0
    0
    0
    5
    0
    9
    0
    0
    0
    0
   22
   66
   67
   40
    0
    0
   36
    0
   49
    0
    0
    0
   16
    5
    0
    0
    0
    0
    0
    0
    9
    0
    0
    0
    0
    0
    0
    0
    0
    0
    0
    0
    3
    0
    0
    0
    0
    0
    0
    0
    0
    0
    0
   65
   33
    0
   39
    0
   17
    7
   32
    5
   85
   19
   68
   40
    2
    1
    0
    0
    0
    0
    0
    0
    0
  239
   26
   41
   15
   21
   11
   25
    0
   27
   26
   98
   23
    2
    0
    0
    0
    0
   31
   12
    6
    7
   23
    0
   36
   17
    3
    3
    0
    0
   32
   65
    1
    0
    0
   31
    0
    0
    0
    0
    0
    0
    0
    0
    0
    0
    0
    0
    0
    0
    0
    0
    0
    0
    0
    0
    0
    0
    0
   60
   26
   16
    0
    2
    0
    9
    4
   14
    5
    0
    0
    0
    4
    5
   24
    0
   36
    0
   10
  267
   22
   19
   14
    0
    6
   99
    0
    5
    0
    2
    9
   69
    4
    7
    5
    5
   77
    0
    0
    0
    0
    0
   59
  106
   34
    0
    6
    0
    6
    2
    0
    4
    9
    8
    8
    2
    0
    0
    7
    3
    2
   84
    0
   22
    3
   71
    3
    9
    0
    0
    0
    0
    7
   27
    2
    0
    0
    0
    0
    0
    0
    0
    0
   22
    8
    0
    0
    3
    0
    0
    0
    0
    0
    0
    0
    0
    0
    0
    0
    2
    0
    3
   13
   42
   42
    0
    2
    2
    0
   45
    0
    0
    0
    0
    0
    0
   12
   11
    0
    0
    0
    0
    0
    0
    2
    0
    0
    2
    2
    0
    0
    0
    0
    0
    0
    0
    0
   39
    0
    0
    0
  161
   15
  171
   17
    0
   15
    0
    0
    0
    3
    0
    0
    0
   56
   18
    0
   24
    0
    0
    3
    7
    0
    0
    0
    0
    0
    0
    0
    9
   25
    0
   61
    2
    0
    2
    0
    0
   15
   28
    0
    0
    0
   42
    9
    7
    3
    0
    0
   44
    0
    0
    8
   13
   64
    4
    6
   34
   76
   25
   13
    0
    0
    0
    0
    0
   35
    5
   13
    0
    0
    0
    0
    0
    0
    0
    0
   39
   12
    0
    0
   11
   23
    6
   65
    5
   36
   13
    0
    0
    0
  154
   12
    5
    0
    0
   41
   20
    2
    0
   16
   40
  186
    0
    7
    0
    0
    0
    0
    0
    0
    0
    0
   12
    0
    0
    0
    9
   52
    0
    0
   22
    5
    0
    0
    0
    0
    0
   82
    1
    5
    0
    0
    0
    0
    0
   76
  106
    0
    0
    0
    0
    5
   12
    0
    0
   14
    0
    0
    0
    0
    0
   42
    2
    1
   28
    0
    0
   16
    0
    0
    0
    0
    0
    0
    0
    0
    0
    0
    0
    0
    2
    0
   15
   17
    0
    0
    6
    0
    0
    0
    5
   35
    0
    0
    8
    0
    0
   26
    0
    0
    0
    9
    5
    0
    4
   18
    9
   14
    0
    0
    0
    0
    0
    0
    0
    0
    0
   20
    6
    0
    0
    0
   30
    0
    3
    0
    0
    8
    0
   21
    0
    0
    0
    0
    0
    0
    0
    0
   12
   21
    2
    2
   56
   85
  116
    2
    0
   72
    0
    2
    0
    0
    0
    0
    0
    9
    0
    0
   23
   41
    0
    0
    0
    0
    0
    0
    0
    0
    0
    0
    9
    0
    6
    4
    2
    0
    0
    0
    0
    0
    0
    0
    0
   69
   10
  149
    0
   56
   90
   23
   11
    0
   79
    5
    0
    2
    0
    0
    0
    0
    0
    6
  118
   33
    0
   11
    9
    0
    3
    0
    8
   13
    0
    9
    0
   19
  124
    0
    0
    0
    0
    0
    0
    6
    0
    0
    6
    0
    5
    0
    0
   12
    0
   85
    8
    0
    0
    0
    9
    1
    8
   21
    9
   20
    1
    2
    0
    5
    3
    9
   49
    0
    0
    0
    0
    0
    0
    0
    0
    0
    0
    0
    0
   91
    0
    0
    0
   11
    7
   66
  131
   14
    2
    3
    1
    0
    8
   25
   90
   28
    0
   19
   88
    0
    7
   45
    1
    0
    0
   69
    0
   59
    0
    0
    3
    0
    0
    0
    0
    0
   10
    3
    6
   15
   27
   26
   13
    0
    0
    0
    0
    0
    0
    1
   26
    3
   11
    0
    0
    0
   26
    0
    0
    0
    0
   10
   24
   56
   82
   62
    0
    0
    0
    0
    0
    0
    0
    0
    0
    0
    0
    0
    0
    0
    0
    0
    0
    0
    0
    0
    0
    0
  386
    8
    0
    7
    0
   16
    0
    4
   12
    0
    0
    0
    0
    0
    0
   30
    0
    0
    0
    0
    0
    0
    0
    0
    0
    0
    0
    0
   70
    0
    7
  124
  125
   39
    0
    0
    0
    0
   21
    0
   81
   17
    0
    0
   16
    0
    0
    0
  181
    0
    0
    0
  132
    0
   14
    0
    0
    0
    0
    0
    0
    0
    0
    0
    0
    0
    0
    0
    0
    3
   24
   40
   11
    0
    0
   12
    0
    0
   64
    0
    0
   11
   32
    0
   28
    5
   19
    0
    0
  365
    4
   25
    2
   19
   10
    0
   20
    0
    0
    0
    1
    0
   10
   46
    0
    0
    0
    0
    0
    0
    0
    0
    0
   17
    0
    0
    0
    0
    0
    0
    0
    0
    0
   30
  163
   20
   18
    0
    4
    0
    4
    0
    0
    3
    6
    0
    0
    0
    0
    0
    2
   74
   30
    2
  106
   60
   43
   33
    7
    0
    0
    0
   15
    7
   11
   12
    0
    4
    0
    0
    5
   19
    4
    9
   22
   30
    1
    0
   10
   25
    2
   48
   37
   18
   41
   21
    4
   24
    4
    0
    0
    0
   10
    0
   70
    0
    0
   32
    0
    3
    7
  153
    7
   41
    0
    0
    0
    0
    0
   33
   67
   19
    0
    5
    0
    0
    0
    0
    0
    0
    0
    0
    0
    0
    0
    0
   11
   44
   17
    4
    1
    0
   43
  114
    0
    0
    0
    0
    0
    0
    3
   12
    3
   59
    0
   25
   39
   19
    2
    0
    0
    0
    0
    0
    0
    0
    0
   33
   14
   11
    5
    4
    0
    0
    0
    0
    0
    4
   55
    2
   10
   12
   41
   10
    6
    0
    3
    3
    0
    3
    0
    0
    0
    3
    0
   15
   12
    0
    0
    0
    0
    0
    0
    0
   11
    1
    8
    0
    0
    0
    0
    0
   13
    0
    0
    6
    0
    3
    0
    0
    0
    0
    0
    0
    0
    9
   19
   17
   16
    1
    0
    0
    0
    0
    0
    0
    0
    0
    0
   68
   17
    0
    0
    4
    0
    0
    0
    0
    0
    0
    0
    0
    0
    5
    0
    0
    1
    4
    6
    0
    3
    0
    0
    0
   25
    5
   15
    0
    0
    0
    0
    5
  491
   21
    3
    0
    0
  164
   44
   15
    0
   51
   28
    0
   89
  152
    0
    0
    0
    0
    0
    0
   40
  176
   88
   14
    8
    0
   36
    0
   10
   71
    2
    0
    0
    5
   11
    2
   16
   22
    0
    0
    0
    0
    0
    0
    0
  309
    0
    1
    0
    0
   17
    0
    0
    5
   51
   41
   83
   13
    3
  123
    0
    0
   10
   34
    0
    8
    1
   83
   14
    6
   24
   57
    0
    0
    0
    0
   52
    2
    0
   10
   61
  166
    0
    0
    0
    0
    0
    0
    0
    0
    0
    0
    0
   63
    0
    0
    0
    5
    0
    1
    0
   19
   13
    0
   39
   25
   41
    9
    0
    0
   21
    5
    1
   71
   35
  145
    0
   20
   15
    9
    0
    0
    0
   20
    3
    0
    0
    0
    0
    0
    0
    0
    0
    0
   10
    0
    0
    0
    2
    0
   14
    1
   16
    0
    2
    6
   64
   16
    1
    0
    0
    0
   16
    0
    0
   51
    1
    0
    0
    0
    0
    0
    0
    0
    0
    0
    8
    0
    5
   33
   20
    8
    6
    0
   13
    0
    0
   76
   15
    6
    0
    0
    4
    0
    9
   55
    0
    0
    0
    0
    0
   18
    0
    0
    0
   30
    0
   10
    0
    0
   11
   85
    6
   25
    2
   60
   61
    7
    0
    0
    0
    0
   52
   64
   66
    4
    0
    4
  133
   29
    0
    0
   59
    7
   68
    0
  102
   67
    0
    7
    4
    3
    0
    2
    1
   23
   54
   23
    0
    6
    0
    0
    0
   11
    2
    0
    0
   25
    0
   86
   38
   56
    4
    7
   49
    0
    0
    0
    0
    4
    0
    0
    0
    0
    0
   18
   15
    8
    0
    0
    0
    0
    0
    0
    0
    4
   15
   41
    5
    7
    0
    0
    0
   30
   48
   32
   42
    0
   19
   12
   30
    0
    0
    0
    0
   45
   34
   25
  185
   85
   20
   49
   24
   46
    2
   28
   16
    4
   64
   12
    0
    9
    1
    0
    8
    9
    6
    0
   45
    0
    0
    0
    0
    4
   82
  174
  299
   66
    4
    0
    0
    0
    0
    0
    0
    0
    0
    0
    0
    0
    0
    0
    0
    0
    3
    0
    0
    0
   37
  156
    0
    0
    0
    0
    0
    0
    0
    0
    0
   10
   50
    0
  367
  348
   19
   25
    4
  137
   56
    5
  101
    0
    2
    0
    0
    0
    0
   15
    0
   25
   71
    0
    0
    4
   10
   12
    0
    0
    0
    0
    0
   65
    0
    0
    0
    0
    0
    0
    0
    0
    0
    0
    0
    0
   10
    0
    0
    0
    0
  146
    0
    0
  200
    5
    0
    0
    0
    0
    0
    3
    0
    0
    0
    0
    0
    0
    0
    0
    0
    0
    0
    0
    0
    0
    0
    0
    0
  119
    0
    0
    0
   29
    0
   18
   18
    0
   54
  332
    8
  187
    3
    0
    0
   80
  158
    0
    0
    0
    0
   14
    6
   50
    0
   47
   65
    0
    0
    9
    0
   11
    2
    0
   45
   96
    3
  179
    3
   31
    0
   20
    0
   42
  159
    0
    0
    5
    7
    0
    0
    0
    0
    0
    0
    0
    0
    0
    0
    0
   11
    0
  106
    0
   13
    0
    0
    0
   19
    0
    0
    0
    0
    0
    0
    0
    0
    0
    0
    0
    0
   46
    0
    0
    0
    0
   18
    0
   89
   33
   10
    0
    0
    0
    0
    0
    6
   39
    2
    0
    0
    0
    0
   10
   54
    2
    4
   83
    0
   39
    0
    0
    0
    0
    3
   26
   45
    3
    0
    2
    1
    0
    0
   13
    3
    3
    2
    0
   53
   10
   80
    0
   68
   45
    0
    0
   16
    0
    0
    0
    0
    0
    0
    0
    0
    0
   28
   21
    9
   18
    0
   10
   36
    3
    2
    0
    0
    0
    4
   11
   80
    0
   16
    5
    0
    0
   10
    0
    0
   40
   21
   25
    5
    5
    0
    2
   17
   94
   40
    1
   91
    1
    0
   16
    5
    0
    6
    0
    0
   55
   81
    0
   35
    9
    0
   39
    0
   22
   12
    0
    7
   26
    0
   23
    0
    0
    6
   13
    0
    6
    0
    0
   13
    2
    0
    0
    0
    0
    0
   11
    0
    0
    0
    0
    0
    7
    1
   37
    0
    6
    1
    2
    0
    0
    0
    7
   56
   47
   46
   16
    0
   65
   55
    0
    0
   12
    0
    2
   19
    4
   31
  111
   43
   30
    0
    0
   16
    2
   64
   32
   88
    0
    0
    0
    0
    0
   11
    3
    0
    0
    0
    0
    0
    0
    0
    0
    0
    0
    0
    4
   25
   16
    0
   34
   21
    0
    0
    4
   51
  167
    0
    0
    0
    0
    0
    0
    0
    0
    0
    0
   29
  103
   56
  174
  131
    3
    0
    0
    0
   55
    0
    0
    0
    0
    2
   29
    0
    0
   14
   30
    0
    0
    0
    5
   39
    1
   26
    0
    0
    0
    0
    0
    0
    0
   17
    0
    0
    0
    0
    0
    0
    0
    0
    0
    4
    0
  268
   48
   90
    2
   36
    0
    0
    0
    4
    0
    0
    0
    0
   20
    5
    0
    0
    0
    0
    0
    0
    0
    0
    0
    0
    0
    0
    0
    0
    0
   76
    0
    0
    0
    0
    0
    0
    7
    0
    0
    2
   10
   41
    5
    5
   42
    0
    0
  170
  100
    0
    0
   35
    0
    0
   11
   27
    0
    0
    5
   28
    4
    0
    0
    0
    0
    0
  171
  110
    0
    0
    0
    0
    0
  126
   93
    0
    2
   38
   20
    0
    3
    0
    3
    0
    0
    0
    0
    0
    5
    0
    0
    0
    0
    0
    7
    1
    0
    0
    0
    0
    0
    0
    4
    0
    4
    0
    0
    0
    6
   46
   63
   51
   11
    0
   69
   21
   33
    4
    0
    0
    0
    0
    0
   52
    5
    0
   11
   41
    0
    0
    3
    0
    0
    0
    0
    0
    6
    0
    0
    0
    0
    0
    0
    0
    5
    0
    0
    0
    0
   23
    1
    2
    0
    0
    0
    0
   10
    6
   47
    0
   71
   32
    7
    0
    0
    0
    0
    0
    0
    1
    1
    2
    1
    0
    0
    0
    1
    1
    0
    0
    0
    0
    0
    0
    0
    0
    0
    0
    0
    0
    0
    0
    0
    0
    0
   38
    0
    0
    0
    0
    0
    0
    0
    9
    7
    0
    0
    0
    0
    0
    0
    0
   33
   23
    0
   56
   30
    8
   24
    7
    5
   10
    3
    0
    3
    0
    0
    0
    0
    2
    0
    0
    5
    4
    0
   16
    0
    0
    0
    1
    2
    1
    0
    0
    0
    0
    0
    0
    0
    0
    0
    0
   37
    0
    0
    0
    0
    3
   19
   33
    0
    0
    0
    6
    0
    0
    0
    0
    0
    0
    0
   95
    2
    4
    0
    0
    0
    0
    0
    0
    0
    0
    0
   37
   61
    0
    0
    0
   53
    0
    0
    0
   42
    1
    0
    0
    7
   30
  103
   63
    4
    0
   61
    6
    0
   19
    0
   22
    9
   61
    0
   43
   19
   26
   15
  127
    5
   31
    0
    0
    0
    0
   47
   44
    0
    0
    0
    0
    0
    0
   61
    0
    5
   27
    0
    0
    0
    0
    0
    4
    0
    0
    2
    0
    0
    0
    0
    0
    0
    0
   60
   20
   50
   29
    7
   80
   41
   36
   40
  253
    2
    0
   50
    0
    0
    0
    0
    0
    0
    0
    0
    0
    0
    0
    0
  148
   32
    0
    0
    0
  124
    3
    1
    0
    0
    0
    0
    0
    0
  150
    0
    0
    0
   46
    4
  178
    0
   39
   16
    0
    0
    0
    0
    0
    0
    0
    5
   22
    0
    0
   54
    1
    0
   31
    0
    0
    0
    0
   10
   61
    0
    0
   15
    3
    0
   42
   11
    8
    0
    0
    4
    8
    0
    0
   49
    0
    0
    0
   27
    0
   32
    3
   38
    1
  156
    0
    0
    2
    0
    0
    0
    0
    1
    1
    0
    0
    0
    0
    0
   96
    5
    0
    2
    9
   90
    0
    1
    0
    0
    0
   45
    0
    7
    3
   34
    3
    7
    0
    0
    0
    0
   87
    0
   11
    9
    0
   10
   38
    0
   17
    9
    1
  103
   34
    6
    0
    0
    2
    6
   24
   25
   23
   19
   54
   14
    7
   24
   45
    0
    0
    0
    0
    0
    0
    0
    0
    0
   10
    0
   19
    0
    0
   38
   58
    0
    0
    0
    0
    0
    2
    0
    0
    0
    7
    1
    0
    0
    0
    0
    1
    1
    1
    0
    1
    0
    1
    2
    0
    0
    0
    0
    0
    0
    0
   38
    2
    0
    3
    2
    8
   29
    0
    1
    0
    0
    0
    1
    0
    0
    0
   40
   52
    0
    0
    0
    0
    0
   43
   80
   12
    0
    8
    0
    3
   71
    3
    0
   24
    0
    0
    0
  150
   20
    0
    0
    0
    8
    0
    0
    0
    0
    0
    0
    0
    0
    0
    0
    0
    8
   17
   69
    0
   26
   55
   22
    1
    0
   22
    0
    0
   10
    6
   40
    7
    0
    0
    0
    0
   30
    1
   72
    0
    0
    0
    0
    0
   11
    0
   14
    0
    0
    0
    0
    8
    0
    0
    0
    0
    0
    0
    0
    0
    0
   26
   54
    6
    0
    0
    0
    1
    5
  100
    0
    0
    4
    0
    0
    0
    0
   20
    0
    0
    0
    0
    2
    0
   30
    6
    2
    6
    0
   14
   34
    2
    0
    0
    0
    5
    0
    0
    0
    0
    0
    0
    0
    0
    0
    0
    5
   10
   21
    0
    0
    0
    5
    0
   21
   12
    3
    0
   13
    1
   32
   89
    0
    4
   42
    1
    0
    1
   14
    0
    0
    0
    0
    0
    0
    0
    0
    0
    0
   77
   15
    0
  425
   73
  255
  258
    0
    0
    0
    7
    5
    0
    0
    9
    0
   22
   95
    0
    0
    0
    0
    0
    0
    0
    0
    0
    0
    0
    0
    0
   54
    0
    0
    0
    1
    0
    0
    5
    0
    0
    0
   70
    0
  118
    0
    0
    0
    0
    0
    0
    0
   18
    2
    0
    0
    7
    0
    0
   16
    2
    0
    0
    0
    0
    0
    0
    0
    0
    0
    1
    0
    0
    0
    0
    0
   24
   13
   14
   22
    0
    0
    0
    0
    3
   41
   28
  105
   17
    0
   62
   29
   55
    0
    0
    0
    0
    1
    0
    2
    0
   10
   33
    0
    0
    0
    0
    0
    0
    0
    0
    3
    1
   11
   50
    0
    0
    0
    0
    0
    9
    7
    0
   96
    0
    0
    0
    0
    0
    6
    1
    0
    0
    0
    0
    0
   10
    4
   11
   58
  136
  119
    2
    0
   98
   28
    0
   21
   78
   34
   48
   39
   43
    0
    0
    0
    0
    7
   79
   38
    1
    0
   97
   12
    1
   14
    7
   14
    0
    2
    0
    0
   24
    4
   11
   13
   48
   61
    1
    0
    0
    0
    0
    0
    2
   20
    0
    0
   41
   24
    7
    0
    7
    4
    0
    0
    0
   35
    0
    4
    0
    0
   10
    0
    0
    0
    0
    1
    1
    0
    0
    0
    0
    0
    0
    0
   19
    0
    0
    0
    0
    0
    0
   11
   19
    3
    0
    0
   25
    0
   29
   40
   53
    7
   90
   29
   24
    0
    0
    0
    3
    0
    9
   29
   38
    6
   21
   13
    0
    0
   22
    0
    0
    0
    0
    0
    0
    0
    0
    0
   24
   57
   33
    0
    0
   12
   29
   59
    1
    0
   42
    0
    0
    0
    1
    0
    0
    0
    8
    1
   15
    0
    0
    0
   25
   16
    0
   14
   17
    0
    0
  192
    0
   12
   11
    0
    0
    0
    0
    0
    0
    0
    0
    0
    0
    0
    0
    0
    0
    9
   15
    0
    0
    0
    3
   81
   13
    0
    0
    2
   15
   30
   55
    3
    0
    0
    0
   50
    0
    0
   80
    0
  109
    0
    0
    5
   32
   13
    0
    0
    0
   79
    0
   43
   24
  142
    0
    0
    0
   20
   36
    0
    0
    7
   15
   55
    5
    0
  115
   57
    4
   11
   54
  102
    0
    0
    0
    4
    0
    0
    0
   19
    0
   20
    0
    0
   27
   13
    0
   29
   41
    0
   10
    0
    0
    2
    0
    0
    0
    0
    0
    0
    0
    1
    0
    0
    0
    0
    0
    0
    0
    0
   83
   24
  138
   14
    1
  141
    4
   31
    1
    6
    3
    0
    0
   67
    1
  115
    3
    0
    0
  112
    0
   13
  125
    0
   98
   79
   38
   21
   41
    0
    0
    0
    0
    0
    0
    0
    3
    1
    0
    0
    0
   28
    0
    2
    4
    0
    1
  148
    2
    0
   30
   13
   28
    1
   21
    0
    0
   13
    9
    0
    7
    0
    0
   52
  104
    3
   16
   36
  234
   29
   27
  110
  134
   41
    0
    0
    9
   23
    0
   48
   67
   16
    7
    0
    2
   38
    2
   15
    6
    0
    1
    0
    0
    0
    1
    0
    1
    1
    2
    0
    0
    0
    0
    0
    0
   32
   13
   22
    0
    0
    0
    0
    0
   67
    3
   38
   30
    3
    0
   28
    2
    3
    0
    7
    0
    2
    0
    3
    0
    0
    0
    0
    0
    0
    0
   35
    3
    0
    0
    0
   33
    4
    0
   19
    0
   15
    2
   18
    6
    0
    0
    0
    0
   12
    2
    0
    0
   14
   31
   47
   10
    0
    0
   26
    8
    4
   79
   36
   74
   36
   29
    4
    5
    0
    0
    0
    0
    0
    3
   57
   20
    7
   88
    0
   51
   27
   16
    0
   24
    6
    0
    7
   32
   74
   41
    0
   36
    0
    0
    0
    0
    3
    0
    0
    0
    0
    0
    0
    0
    0
    0
    8
   14
   79
   19
    0
    0
    0
  144
    0
    0
    0
    0
    0
    0
    0
   14
    6
   60
   54
    3
    0
    0
    9
    0
   55
   27
    0
   24
   12
    0
    0
    0
   20
    0
   18
   68
   42
    0
    2
    0
    0
    0
    0
    0
    0
    0
    0
    0
    7
   81
    0
   47
  145
   28
   31
   64
    0
    0
    0
    0
    0
    0
    8
   10
    0
    0
    0
    0
    0
   64
    0
    3
  200
    0
  180
    0
    0
   35
   17
    0
   71
    0
    8
   52
    0
    0
    0
    0
    0
  103
   10
    0
   86
    9
    0
    0
   36
    0
    0
    0
    1
    5
    0
    0
    0
    0
    3
  106
   15
    0
    0
    0
    0
    0
    8
   24
   40
   21
    1
    0
    0
    0
  287
    0
   23
    0
    1
    0
    0
    0
    0
    0
    0
    0
    0
    0
    0
    0
    0
    0
    2
    2
    0
   36
    0
    0
    0
  171
    0
   33
    2
    4
    0
    6
    0
    0
    0
    0
    0
   25
    0
    0
    0
   22
   32
    0
    0
    0
    0
    0
   53
    0
    0
    0
    0
    0
    0
    0
    0
    0
    0
    0
    0
    0
   54
    0
    0
    4
    0
    0
   71
    0
    0
   83
   16
   20
    3
    0
    0
    0
   20
   10
    6
   54
    0
   11
    0
    0
    1
    0
    0
    0
    0
    0
    0
    0
    0
    0
    0
    0
    0
    0
    0
    1
   14
    2
   45
   64
    0
    0
    0
    0
   29
   43
  120
   15
    0
    0
    4
   14
    0
    0
    0
   30
   46
    8
    0
    0
    0
    0
    6
    0
    0
    0
    0
    0
   22
    6
   30
    2
    8
   11
   44
    0
    0
    0
    0
   39
    3
    5
    3
    1
   11
    0
    5
    0
    0
    0
   22
   14
   41
  139
   34
    3
   61
    0
    0
   21
    0
    0
   67
    0
    2
    0
   27
    0
    0
    0
    0
    0
    0
    4
   22
   24
   32
    1
   37
   32
   26
    0
    1
    0
    2
    0
    3
   88
   20
    9
    2
   24
    0
    6
    0
    0
    5
   30
    0
   22
    0
   14
   48
    7
    0
   13
    0
   27
    7
    4
    0
   31
    0
  141
   42
    0
    0
   38
    3
    0
    0
   27
   16
    3
    0
   12
   25
   31
   38
   39
   28
   17
  102
   24
  107
   29
    0
    0
    0
    0
    0
    0
   17
    3
    0
    5
   94
    0
   30
    1
    0
    0
    0
    2
    0
    0
    0
    0
    0
    0
    0
    3
    1
    4
    7
    0
    0
    6
   16
    0
    0
    0
    0
    0
    0
    0
    0
    0
    0
    0
   28
    0
    0
    0
    0
    0
    0
   28
    0
    0
    0
    0
    0
    0
    0
    0
    0
    0
   23
   61
    7
    1
    0
    0
   11
    0
   11
    0
    3
   10
    0
    0
    0
   10
    9
   45
    0
   46
    0
    0
   17
   82
    0
    0
   24
   21
    0
    0
    0
    0
    0
    0
    0
    0
   70
    0
    2
    0
    0
    0
    0
    0
    0
    0
    2
   46
    0
   21
    1
    3
   47
    0
    0
   11
   79
    0
    0
    0
    0
    2
    0
    0
    8
    0
    0
    0
    0
   26
   57
   40
    0
    0
    0
   39
    2
    0
    0
   26
    3
    0
    0
   34
    0
    0
    0
    0
  111
    0
    1
    7
   39
  274
   12
    6
    0
    0
    0
    0
    0
    0
    0
   44
    1
   56
   32
  100
    0
    0
   59
    0
    0
    0
    0
    0
   61
   20
    0
   22
   67
    0
    0
    0
    0
    0
    0
    0
    0
    1
    0
    0
    0
    0
    0
  124
    0
    0
    0
   33
   25
  128
    0
   12
    6
    0
    0
    0
    1
    0
    0
    0
    0
    0
    0
    0
    0
    0
    0
    3
    0
   54
   10
    2
    0
    0
    0
    0
   36
    0
    0
    0
    0
    0
    2
    0
    0
    0
    4
   61
    6
    0
   26
    0
   17
    0
    8
    0
    0
    0
    0
    2
    0
   25
    0
    0
    1
    0
    0
    0
    0
    2
   18
   20
    0
   31
   32
   27
    0
   53
   30
    1
    0
    0
    0
    0
    0
    0
    0
   41
   20
   40
   16
    0
    0
    2
    1
   75
    0
    1
    0
   31
    1
    0
    0
    0
    1
    0
    0
    0
    0
    0
    0
    0
    0
    0
    0
    0
   56
   53
   19
   10
    0
   37
    0
    2
    2
    1
   38
   13
   25
   50
    1
    5
    0
    0
    0
    0
    1
    8
    0
    0
    0
   11
    1
    0
    0
    0
    0
   86
   12
    2
    9
   15
    0
    0
    7
    0
    7
   57
    1
    0
    0
   27
    1
   25
    8
  123
    3
    2
    1
    0
   53
   43
   19
    0
    1
    0
  102
   57
  201
    0
    0
    1
   15
   20
    0
    0
    0
    9
    6
   22
   37
    4
    1
    0
    3
    0
    2
    1
    4
   63
    9
    0
    8
   14
    0
    0
    0
    0
    0
   86
    9
   29
    8
    0
    0
    0
    0
   11
    0
   62
   53
   30
    0
    0
    0
    0
    0
    0
    0
    0
   12
   39
   12
    0
    0
    0
    0
    0
    0
    0
    0
    0
   34
    0
    0
  123
   19
   39
   77
   91
    1
    0
   23
   12
   11
   11
    8
    0
    0
    0
    0
    0
    3
    2
    0
    0
   18
   41
    0
    0
    0
    0
   38
    4
    0
   14
