Station: Elstertrebnitz , scaling_factor: 10.0, latitude:  51.1609, longitude:  12.2452, altitude:  132, nodata_value: -9
start: ..1969-01-01  end: ..2002-12-31
  123
   84
    2
    1
    0
    0
    0
    0
    0
    0
    0
    0
    1
    0
    3
    0
    0
    2
    0
    0
    3
  117
   16
    8
   98
    0
    6
    7
    0
    0
   31
    1
   27
    1
    3
    0
    0
   50
    2
    0
    7
    0
    0
   19
    2
  245
   22
    0
    0
    0
   17
    0
    0
    0
    0
   44
    0
    0
    0
    0
    0
    0
    0
    0
    0
    0
    0
    0
    0
   21
   59
   94
    0
   55
   12
    0
    0
    0
    0
    0
    2
    8
    0
   27
    2
    3
   15
    0
    0
   16
   18
    2
    0
    0
    0
    0
    0
    0
    0
    0
  108
   41
    5
    0
   23
    8
    9
   13
    0
    0
    0
   41
   82
   17
    0
    0
    0
   78
   57
    3
    0
    0
  136
   26
    0
    1
   47
    0
   40
    5
    0
    0
    0
    0
    1
    4
    0
    0
    4
    0
    0
    0
    0
    0
    4
  339
    0
    4
    5
   54
   12
   11
   19
   35
    0
   54
  149
    0
    0
    0
    0
    0
    0
    0
    0
    0
    0
    0
    0
  195
   26
    0
    0
    0
   82
   22
    0
    3
   35
   62
    2
    0
    0
    0
    0
    1
    0
    0
    0
    0
   46
   26
    2
    5
    0
    0
    0
    0
    0
    0
    0
    0
    0
    0
    0
    0
    0
    0
    0
    0
    0
    0
    0
    0
    0
    0
    0
    2
    0
    0
    0
    0
    0
    3
  106
   51
    0
   21
    9
    0
    0
  104
    0
    0
    0
    0
    0
   54
   27
    8
  125
   59
    0
    0
    0
    0
    0
    0
    0
    0
    0
    0
    1
    0
    0
    0
    0
    2
   78
  103
    0
    0
    0
   11
    1
    0
    0
    0
    0
   18
    0
    0
    0
   48
   19
    0
    0
    0
    0
    0
    0
    0
    0
    0
    0
    0
    0
    0
    0
    0
    0
    0
    0
    0
    0
  104
    6
   10
    0
    0
    0
    1
    9
    4
    0
    0
    0
   55
    0
    0
   34
   23
    9
    8
    0
    0
    0
    0
    6
    0
    0
    0
    4
    6
    0
    0
    0
   59
   18
   61
    0
    0
    2
    0
    0
    4
   53
    0
    0
    1
    3
    5
    0
    0
    1
    3
    1
    0
   68
    5
    8
   83
    9
    2
    0
    0
    5
    5
    0
    0
    0
    0
   45
    6
    6
    1
    1
    4
   13
  123
    0
    3
    0
    4
    0
    0
    0
    0
    0
    0
   30
    0
    0
    0
    0
    0
    0
    0
    4
    0
   36
   72
   15
   18
    0
    1
    0
  112
    1
    0
   15
   12
    0
   18
   15
   22
    3
    9
   33
    0
    0
    4
    0
   24
    8
   12
   85
  101
  254
   25
    0
   13
   59
    1
   23
   44
    5
   66
  198
    6
    0
    0
    0
    0
    0
    0
    0
    0
    5
    2
    8
    2
    3
   24
    0
    0
    0
    0
    5
    0
    6
    9
   76
    0
   19
    0
    0
    2
    6
    0
    1
    6
    0
  124
   21
    0
    1
  131
    0
    0
   56
    0
    0
   72
    3
    0
    0
   17
   21
   14
    0
   14
    0
   21
   41
   44
    5
   40
    0
    0
    0
    0
    0
    0
    0
   34
  113
    0
    0
    0
   26
    0
    0
   44
    1
   21
   10
   24
    0
    6
   69
  204
   23
    5
   61
   90
    9
    0
    0
   28
    7
    0
    0
    0
    2
    0
    0
    0
    0
    0
    0
   16
    0
    0
    0
    0
    0
   38
   15
   13
    0
    0
    0
  101
   27
    0
   41
   46
   10
    0
    0
    0
    0
    0
    0
    0
    0
    0
    0
    8
    5
   11
    0
    0
    3
   10
    0
    0
    0
   76
   64
   34
    5
    0
   18
    0
  247
  133
   24
    0
    0
   62
    0
    0
    7
    1
   28
    0
    0
    0
   50
    0
   18
   19
    0
    0
  229
  203
   57
    0
   13
   39
    0
    0
    0
    0
    0
    0
   44
    0
   21
    0
    0
    0
    0
  129
    0
   26
   80
    0
    0
    0
    1
    0
    0
    0
    0
    0
    9
    0
    0
    0
    0
    0
    0
    0
    0
   45
   29
  101
   69
   22
    0
    0
    0
    0
    0
    0
    0
    0
   49
    0
    0
    0
    0
    0
   26
   25
   28
   65
   10
   67
    0
   28
    0
   76
    1
    2
    0
    0
  121
   20
    1
    3
   59
    0
    0
   11
    1
   40
    0
    0
   40
    0
   10
    2
   12
    0
    0
  114
   57
    0
    0
    0
    0
    0
    0
   17
    0
    5
    1
   25
   86
    0
    0
    8
    0
    0
    1
    0
    0
    0
    0
    0
    0
    0
    0
   11
   10
   14
    3
    2
    0
    8
    0
    0
   93
    0
  126
    0
    0
    0
    0
    0
    0
    0
    0
    0
    0
    0
    0
    0
    0
    0
    2
   19
    0
    0
    1
    0
    0
    0
   10
    0
    0
    9
    0
   10
    0
    0
    0
    5
    0
   12
    7
    5
    5
    9
   20
    0
    0
    0
   20
   19
    0
    0
    0
    2
    0
   47
    0
   22
   25
   14
   21
   80
    7
    8
   17
    3
    0
    3
   39
    1
    2
    0
    0
    1
    9
    1
    0
    0
    0
    0
    0
    0
    0
    4
    0
    0
    0
    0
    6
   42
    0
    0
    0
    0
    0
    0
    0
    0
    0
    0
   69
    0
    0
    0
    0
    0
    0
    0
    0
    0
    0
   15
   49
    0
    0
   83
    0
    0
    8
  234
   39
   46
    5
    7
    0
    0
    0
    0
    0
    0
    0
    0
    0
    0
   12
    0
    0
    0
    0
    0
    7
    0
    0
   27
    0
  138
    0
    0
   44
   46
    0
    0
    0
    0
    0
    0
    0
   11
    0
    0
    0
    0
  241
  211
  179
   54
  124
    0
   13
    2
    0
   19
   39
   51
   19
   58
   30
    0
    3
    0
    0
    0
   51
    7
   12
   21
   38
   16
   15
    0
    0
    0
    0
    0
    0
    0
    0
    0
    0
    0
    4
    0
    0
    0
    0
    0
    0
    0
    0
    0
   44
    1
    0
    0
   28
    0
    0
    0
    0
    0
    1
    0
    0
    0
   12
    2
    0
    0
    0
    0
    0
   45
    0
    0
    0
    0
    0
    0
  116
  274
  100
    0
    6
   16
    3
    0
    0
    0
   26
    0
    0
    0
    0
    0
    0
    0
    0
   69
   65
    2
    7
    1
    2
    4
    0
    0
   56
    0
    0
    0
    0
   28
    3
   31
    0
    0
   19
   13
    0
    0
    0
    0
    2
    0
    0
    0
    0
    0
    0
    0
    0
  102
  123
    0
    0
    0
    0
    0
   13
    5
    0
    0
    0
    0
    0
    0
    0
    0
    0
    0
    0
    0
    0
    0
    0
    0
    0
    0
    0
   77
    0
    2
   11
    7
    3
    8
   21
  289
   12
    0
   61
    0
   28
   17
    0
    2
    0
    1
    0
    0
    0
    1
    0
    6
   18
   11
   27
    2
   50
   25
    2
   33
    2
    0
    1
    0
    0
    0
   16
   86
    1
   28
   12
    0
    0
    0
    0
   18
    0
   36
    0
    0
    0
   18
    0
    0
    0
    0
   17
    7
    0
    0
    0
    0
    0
    0
    0
    0
    0
    0
    0
    3
    0
    0
    0
    1
    3
   30
    1
   11
    3
    0
    0
    0
    0
    0
    0
    0
    0
    0
    0
   26
    3
    0
    0
    0
    0
    0
    0
    0
    0
    3
    0
    0
    0
    0
    8
    0
    0
    0
    0
    6
    0
    0
    0
    0
    0
   72
    0
    0
  235
    0
    0
    0
    0
    0
    0
    0
    0
    0
    0
    0
    0
    0
    0
    0
    0
   69
    2
    5
    0
   43
   25
   86
   28
   26
    1
   28
    4
    5
    1
    0
   27
    6
    0
    0
   13
    2
    3
   60
   49
    1
   23
   11
    0
    0
    0
    4
   17
    2
    0
    0
    0
    0
   26
    0
    0
    0
    8
   21
   87
  106
   48
   36
    8
    0
   20
  183
    0
   75
    4
    0
   44
    0
    0
   22
    1
   32
    6
   69
   32
    1
   13
    0
    7
    0
    0
    0
  141
   36
    0
    0
    7
   56
  221
    1
    0
    6
    3
    0
    0
    5
    0
    0
    7
   49
    0
    0
    0
    0
    0
    1
   11
    0
    0
   14
    0
    0
    1
    0
    0
   65
  114
    0
    0
    0
    0
    0
    0
    0
    0
    0
    0
    0
  101
    0
    7
    2
    3
    0
    0
  152
   99
    5
    0
    1
   12
    0
    0
    0
    0
    0
   52
    0
  150
    0
   22
    0
  299
   10
   36
   46
    0
    0
    4
   24
    0
    0
    0
    3
    0
    0
    0
    0
    0
   69
    0
    0
    0
    0
    0
    0
   28
    0
  244
    5
    0
    0
    8
    0
   24
   24
    4
    0
    0
    0
   29
   14
   40
    5
    3
   19
   19
    1
    1
    0
    0
    0
    0
    0
    0
    0
    0
    0
    0
    0
    0
    0
    0
    0
    0
    0
    0
   29
   19
    6
   83
    7
    0
    0
    2
    0
  102
    1
    2
    0
    0
    0
    0
    0
    0
    0
    0
   16
    2
    9
   50
   33
    0
    0
   18
    0
  136
    0
   10
    1
    0
    0
    5
   23
    0
    0
    0
    0
    0
    2
    0
    0
    2
    0
    0
    0
   12
    0
    0
    0
    0
    0
    0
    0
    0
    0
    0
    3
    4
    0
    0
    0
    0
    0
    0
    0
    0
    0
    0
    0
    0
    0
    0
   10
    1
    9
    0
    4
    2
    3
    0
    2
    0
    0
    0
   12
   28
    2
    0
    3
    0
   19
    0
    0
    0
    0
   12
   47
    1
    5
   43
   40
    9
    0
    0
    0
    0
    1
    0
   46
    2
    9
    4
    0
    0
    0
    0
    0
    0
   54
   13
   16
    2
    1
    8
   32
    8
    8
    0
    0
    0
   39
   69
    2
    0
    0
    1
   21
    0
    0
   11
    6
    2
    0
    2
    0
    3
   23
   13
    1
    0
    0
    0
    0
    0
    0
    0
    0
    0
    0
    0
   21
   27
   13
    2
    2
    0
    0
    0
   28
  156
   16
   60
    0
    0
    0
   13
   38
   16
   15
    0
   20
    0
    0
    0
    0
    0
    0
    8
    3
    0
   31
   91
   12
   16
   79
   23
    4
   29
   14
    7
   14
    0
    0
   41
    0
    0
    0
    0
    0
    0
   59
    0
    4
   44
    5
    0
    0
    0
   28
    4
    2
  136
    1
    0
    0
    0
   50
   12
   33
    0
   32
    1
    0
  122
    0
    3
    0
   42
   24
    0
    0
    0
    0
   44
    3
    0
    0
    0
    1
    0
    0
    0
    0
    0
    0
    0
    0
    2
    0
    0
    0
   22
    5
    0
    0
  126
    5
    0
    4
   10
   13
    0
   78
   33
   17
   11
  111
   26
   36
    0
    0
    0
    0
    0
    1
   77
    0
    5
   85
   14
    0
    0
    0
    0
    0
    0
    0
    0
    0
    0
  129
    7
   15
    0
    0
    0
    0
    0
    0
    0
    0
  145
    1
    0
   14
    0
    0
    0
    0
    0
    0
   30
    0
    0
    0
    0
    0
    0
   34
   39
    0
   15
    0
    2
    0
   42
   30
    0
    0
    0
    0
    0
    0
    0
    0
    0
    0
    0
    0
    0
    0
    0
   20
   76
    0
    0
   16
   46
   34
   56
    2
   14
   31
   40
    9
   52
    0
    0
    0
    0
    0
    0
   16
    0
    0
    0
    0
    0
   81
    0
    0
    2
    0
    3
    0
    0
   29
   16
   12
    1
    1
    0
    3
    0
    0
    0
    0
    3
    7
   39
    0
    0
   29
    0
    8
    0
   29
   28
    1
    8
   30
   25
    0
    0
    3
    3
   49
   10
   18
    2
    0
    0
    0
    0
    1
    1
    0
    0
   11
    0
    0
    5
    0
   11
    0
    4
    2
    0
    0
    0
   42
   32
    0
    0
    0
    4
    0
    0
    2
    1
    5
   53
   87
    0
    0
    0
   25
   12
    1
    0
    0
    0
    0
    0
    0
    0
    0
    0
    0
    0
    2
   74
   12
    2
   21
    0
    0
    1
    0
    0
    0
    0
    2
    7
   77
    0
    8
  146
   59
    0
    0
    0
    0
    0
    0
    0
    1
    0
   24
    0
    0
    0
    0
    0
    0
    0
    0
   11
    1
    1
   47
   35
    2
    0
    0
    0
    0
    0
    0
    0
    0
    0
    0
    0
    0
   10
    0
    0
    0
    0
    0
    0
    0
    0
    0
    0
    0
    0
    0
   69
    3
   13
    0
    1
    0
    2
    2
    1
    5
    0
    0
    0
   11
    7
    0
    1
    0
    0
  201
   81
   62
   14
    0
    0
    0
  104
   31
    3
   26
    4
    0
    2
    0
    0
    0
   49
  195
   21
   48
    1
    0
    0
    1
    0
    3
   45
    5
    0
   20
    0
    0
   18
    0
    9
   55
    1
   44
  118
   78
    0
   19
    0
   16
   30
    0
   54
    0
   12
    8
    0
    0
   47
  183
   22
    3
   31
   40
    0
   47
    8
    1
   24
    8
    0
   38
    2
  126
    0
    0
   33
    0
    0
   42
    2
    0
   51
    0
    0
    0
   32
   42
    2
    0
    0
    0
    0
    0
    0
    0
    0
    2
   13
    0
    0
    6
   12
   11
  129
    0
    0
    0
    0
    0
  118
   49
    5
   73
    2
    0
    0
    0
    0
   28
   12
    0
    0
    0
   17
   10
    0
   18
    1
    0
    2
    0
    0
  182
    0
    0
    0
    6
    0
    0
    0
    0
   20
    0
    0
    0
    0
    1
    0
    0
   18
    0
  148
    3
    0
    0
   98
   19
    6
    0
    0
    6
    0
   28
    3
   33
    0
    3
    2
   65
  155
    1
    0
    2
   74
   78
  342
   45
    9
   31
   18
   17
    4
    2
   12
   25
   91
   22
    1
    0
    0
    0
    0
    0
    0
    1
    0
    0
    0
    0
    0
    0
    0
    0
    0
    1
    0
   71
    2
   11
   17
    1
    3
    9
   11
   18
   14
    1
    7
    3
   21
  142
  116
   45
   18
   17
   38
   75
   13
    3
   12
    2
   73
    1
    0
    0
    0
    0
    0
    0
   46
    2
   17
   30
   54
   11
   43
   41
    1
    0
    0
    1
    0
   17
    8
    0
    0
    0
    0
    0
    0
    0
    0
    0
    0
    3
    0
    3
    9
    7
    0
    3
    0
   38
   27
    0
   14
   23
   16
   10
    0
    0
    0
    0
    0
    0
    0
    0
    7
    2
    5
   32
    0
    0
    0
    5
   67
    0
    0
    0
    0
    0
    0
    0
    0
    0
    0
    0
    0
    0
    0
    0
    6
    0
    0
    0
    0
   82
    3
   38
   15
   14
    0
    3
   53
  161
    0
    0
    0
   36
   65
    7
    2
    0
    0
    0
    0
    0
   22
   18
   28
   73
   42
    0
   18
    0
    2
    8
   25
   18
  100
   88
   61
    2
    0
    0
   14
    0
    0
    0
    0
    5
    0
    0
    0
    0
    0
    0
   28
  109
    0
    0
    0
    0
  213
   65
    5
   19
   47
    0
    3
    0
    0
   77
   28
    0
    0
    0
    0
    0
    0
    1
    0
    0
    0
    1
   24
    0
    0
    0
    0
    0
    0
    0
    1
    3
   89
   66
    2
    0
    0
    0
  101
    2
   11
  132
   18
   42
  248
  110
    1
    0
    0
    0
    0
    0
   12
   11
   22
    5
    0
    0
    0
    0
    0
    0
    7
    0
    4
    7
    0
    3
    2
    0
    0
   23
    0
    0
    0
    5
    0
    2
    0
    2
    0
    0
    0
    0
    0
    0
    0
    0
    0
    0
    0
    0
    0
    0
    0
    0
    0
    0
    0
   55
    0
    2
  133
    0
    3
    0
  426
    3
   78
   36
    0
    0
    0
    0
    0
    0
    0
    0
    0
    8
    0
    0
    0
    0
    0
    0
   87
   40
    0
   41
    0
    0
    0
    0
    0
    0
    0
    0
    0
    0
    0
    0
    0
   16
    2
    0
    2
    2
    7
    2
   29
    0
    2
   11
   31
    0
    0
   11
   45
    0
    0
    0
   29
   16
   31
   10
    7
   47
    1
    2
    1
    1
    1
    2
    1
    0
    0
    0
    0
    0
    0
    0
    0
    0
    0
    0
    0
    0
    0
    2
    6
    0
    0
    0
    4
  160
   46
   36
    0
    0
    0
    0
    0
    0
    1
   24
    3
    0
    3
    2
    3
    3
    0
    5
    6
    0
    3
    0
    1
   19
    0
    0
    0
    0
    0
    0
    2
    0
    0
    0
    3
    6
    3
    0
    0
    0
    0
   20
   62
   51
   29
    3
   23
   52
    0
    0
   21
   51
   49
    9
  124
   98
   44
    0
    1
    0
    1
   36
   33
    7
   31
   37
    3
    0
    0
    0
    5
   12
    0
    0
    0
    0
    0
    0
    0
    0
    0
    0
   37
    2
    0
   27
   10
    1
    0
    0
    0
    0
    0
    0
    0
    0
   29
    0
    0
    0
    0
    0
    0
    0
    0
    0
    0
    4
    0
    0
    0
    0
    0
    0
    5
    0
    0
    5
   18
   11
   64
    0
    3
    2
    0
    0
   49
   56
    3
    0
    0
    4
    0
    0
    0
    0
   25
   34
    0
    0
    2
    0
    0
    0
    0
    0
    0
    0
    0
    0
    0
    0
    0
    1
    0
   15
   84
   15
    0
    5
    2
    0
    8
    0
    0
    5
    0
    0
    0
    0
    0
    0
    0
   21
    0
    0
    0
    0
    0
    0
    0
    2
   91
   26
    0
    0
   12
    0
    0
   11
    4
   40
    8
  132
  150
   13
    2
    5
    0
    0
    0
    0
    0
    0
    0
    0
    0
    0
   38
   36
    0
    0
    3
    1
    0
    0
    0
    0
    0
    0
    0
    0
    0
    0
    0
    0
    0
    0
    0
    0
    0
    8
    7
    0
    0
    0
  144
    9
    0
    0
   15
    0
    0
  211
   17
    0
    0
    0
   13
    0
    0
    0
    0
    0
  209
    6
   15
   78
    1
    0
    0
    0
    0
    0
    2
    0
    3
    2
    0
    0
    0
    0
    5
    0
   79
    0
    0
    0
    0
    0
    0
    0
   62
    0
    0
    0
    0
   49
    3
    8
    0
    0
    0
    0
  118
    0
    0
    0
    0
   15
    0
    0
    0
    0
    0
    0
    0
    0
    0
    3
    0
    0
    3
   66
   61
    0
    0
    3
   29
   11
    0
    0
    0
    0
    0
    0
    0
    0
   41
    2
    0
   34
   40
    0
    0
    0
    0
    0
    0
    0
    0
    2
    2
    0
    0
   23
    3
    0
    1
   32
    0
    0
    0
   98
    0
    0
    0
    3
    0
   25
   37
   25
    5
    0
    0
    2
    0
    0
   19
    2
   78
   12
    3
    0
    0
    2
   14
   10
   16
    2
    1
    0
    0
    9
    2
    0
    0
   48
    9
   21
   17
   22
   23
    0
    0
    0
    0
    0
    0
    0
    9
    0
    0
    0
    2
    0
    0
    0
   30
    1
    0
    0
    1
    0
    2
   15
   14
    0
   43
  177
    0
    0
    0
    3
    1
    0
    9
    0
    0
    2
    1
    0
   26
    0
    0
    0
   27
    0
    0
    0
    0
   10
    8
   16
    7
   12
   14
    0
   29
    0
    0
    3
    0
    0
    0
    1
    3
   32
   59
    1
    0
    0
    2
   29
   17
    7
    0
    0
   22
    5
    5
    0
    0
    0
   13
    0
    0
    0
  287
   83
    1
   27
    0
    0
   58
   51
    0
    1
    0
    0
    0
    0
   15
   81
   34
    6
    0
    0
    3
    0
   29
    0
    3
   34
   18
    0
    2
    3
    6
    5
   57
    7
   26
    2
    0
    0
    0
    0
    1
   13
   77
   18
    0
    2
   11
    4
  178
  105
   56
    0
    0
    0
   41
    0
    0
   36
    0
    1
    0
   10
    0
    0
    2
    3
    0
    0
   66
   36
    9
    0
    0
    0
    0
    0
    0
    0
    0
    0
    0
    0
    0
   82
   15
   15
   12
   20
   16
    0
   14
    0
    0
    0
    0
   33
   36
    1
  144
  353
    0
    0
    0
    0
    0
   30
  108
    0
    0
    2
    0
    0
    0
    0
    0
    9
   25
    7
   30
    3
   35
    0
    0
   89
    1
    1
    0
    3
    2
   15
    0
    2
    1
    0
  118
  134
   11
    1
   15
    0
    0
    2
   55
    2
    0
   50
    0
    0
    1
    5
   13
   83
  427
    3
   33
    2
    0
    0
    2
   18
   12
    0
    0
   88
    0
    0
    0
   57
    3
    0
    0
    0
    9
    1
    0
  203
    0
    0
    0
    0
   83
    2
   13
    0
    0
    0
    0
    3
    0
    1
    0
    0
    1
   67
  110
    1
    0
    0
    0
    0
    0
    0
    0
   12
   15
    5
    9
   64
    0
    0
    0
    0
  124
    0
    0
    0
    0
    1
    0
    0
    0
    0
    0
    0
    0
    0
  161
    2
    0
    0
   21
    0
    0
   32
   53
   83
  123
   59
    0
    0
    0
    0
  188
    0
    1
   69
    0
    4
    2
    0
   11
   11
    0
    0
    0
    1
    0
    1
   53
    9
    4
    2
    0
   28
    6
    2
    1
    0
    0
    4
    1
    0
    0
    0
   12
   97
   23
    4
    0
    1
    0
    0
    0
    0
    0
    0
   13
    0
    5
    0
   20
    5
    7
    2
   20
    0
    0
    3
   38
    0
    3
    0
    0
    1
    0
    0
    0
    0
    0
    0
    0
   67
   13
    0
    0
    0
    0
    1
    5
   10
    4
    0
    1
   10
    0
    0
    8
   22
   16
    1
    0
    0
    0
    2
    1
    0
   17
    1
    0
    7
   10
    6
    0
    0
    0
    0
    1
    1
    0
   18
    0
    8
    0
    0
    0
    1
    0
    7
   10
    0
    0
   45
    1
    4
    0
    3
   33
    0
    1
    2
    9
   17
   43
   25
    2
   11
   31
    0
   15
    2
    2
    0
    0
    0
    0
    0
    0
    4
    3
    5
    0
    0
    0
    0
    4
   52
    0
    0
    2
    0
    0
    0
    0
    0
    0
  138
    2
    0
    1
    0
    0
    0
    0
    8
    0
   24
   98
    0
    0
    0
    9
   46
  152
    0
   45
    2
   43
   26
    0
   14
   15
   24
    0
   65
   57
    0
   93
   39
    0
    0
    0
    0
   33
    0
    0
    0
    0
    0
    0
    0
   23
    0
    0
    1
    0
    0
    0
   40
   24
  146
    0
    1
    0
    0
    0
    1
    4
    1
    7
    0
    7
   73
   34
    1
    0
   41
    0
   17
   10
    0
    0
    0
   17
   67
   79
   18
    0
   74
    0
    0
    0
    0
    0
   33
    2
   19
    9
    0
    0
    0
    0
    0
    0
    0
    0
    0
    0
   40
    2
    0
    0
    0
    0
  355
  352
   18
   20
    0
    0
    0
    0
    2
   18
   16
    1
    0
    0
    0
    0
    0
    0
    0
    1
    2
    1
   45
   48
   46
   42
   11
    2
    0
    0
   12
   16
    0
   38
   37
   57
    1
    0
    0
    0
    0
    0
    0
   28
   32
    2
  145
   28
    1
    0
   62
    1
   43
   52
    7
    0
    1
   69
  201
   26
    0
    0
    0
    0
    0
    0
    0
    0
    0
    0
   14
   21
    0
    1
    2
    7
   70
    0
    1
   17
    0
    7
   11
    1
    0
    0
    0
    0
    1
    0
    0
    0
    0
    0
    0
    0
    0
    0
    0
    0
    0
    0
    0
    0
    0
    0
    0
    0
    0
    0
   26
    0
    0
   11
   17
  101
   73
    0
    0
    0
    0
    0
    0
   88
    8
    0
    0
    7
    8
   22
   17
   14
    0
    0
    0
    1
    0
    0
    2
   18
    5
    0
    0
   21
   59
  154
   41
    3
    2
    5
   11
    3
    1
   16
   86
    0
    0
    0
   49
    0
   15
   26
   65
    0
    0
    0
    0
    7
    1
   37
    7
    0
    0
   37
    0
    0
    2
   31
    0
   25
    0
    2
    4
    0
   24
    0
    0
    0
   23
   49
   39
   54
    3
   16
   68
    2
    0
    0
    0
    0
    3
    2
    0
    0
    0
    0
    1
    0
    8
   49
    0
    0
    2
    0
   20
    7
  124
    9
   57
   63
    3
   56
    0
   23
   26
   63
    4
    2
    3
    0
   26
   51
    0
    4
   28
  190
   23
    0
    1
    0
  128
    8
    0
   70
    0
    0
    0
    0
    1
    0
    0
    0
  118
    1
    0
    0
   14
    2
   19
   15
    1
    0
    0
    0
    0
    3
   29
    3
    0
    0
    0
   14
   37
    0
    0
    0
    0
   43
    0
    0
    0
    0
    0
    5
   77
    7
    0
    0
    0
    0
   45
    8
    0
  121
    0
    0
    0
    0
    3
    0
    0
    0
   27
    8
   90
   24
    0
    0
    0
   42
    0
    1
    2
   14
    0
    0
    0
    0
    0
    3
    0
    3
    0
    0
   73
   62
    0
    0
    0
    0
    0
    0
    0
    0
  106
    3
   70
    0
    0
    0
    0
   25
    0
    3
   38
    2
   51
    0
    0
    0
    0
   47
  120
   21
   10
    3
  111
    0
    8
   36
   23
    0
   54
    0
    0
    0
    7
  123
    5
    0
    0
    0
    0
    0
    0
    2
    0
    0
    0
   31
    6
   21
    0
    0
   17
    0
    0
    0
    0
    0
    0
    4
   57
   15
    0
    0
    0
    4
   27
    0
    0
    0
    0
    0
   17
    0
    0
    8
    0
   52
   49
  226
   24
    0
    0
    0
    4
    1
    0
    0
    0
    0
    0
    0
    4
    0
    0
    0
    0
    0
    0
    0
    0
    0
    0
    3
    2
   34
    0
    0
    0
    0
    0
    0
    0
    0
    0
    0
    7
    2
   46
   15
    6
    0
    8
   51
   21
   38
  208
    3
    0
    0
   45
   12
    1
   98
    1
    0
   39
    0
    1
    4
    0
    0
    4
    0
    1
    3
    3
    0
    0
    0
    0
    0
    0
    0
    0
   26
    0
   14
  105
   65
    0
   10
   60
   24
    0
   17
    0
    0
   34
    0
    0
    0
    0
    0
    0
    0
    0
   33
   11
    8
   10
   15
    9
   34
   18
   10
   11
    0
    1
    6
    3
    4
    1
    0
    1
    3
    0
    0
    0
    0
    1
    0
   24
    0
   26
   32
    1
    2
    0
    3
   33
   35
   16
   59
   57
   34
   11
    0
    0
    0
    2
    4
   15
    0
    0
    5
    0
    1
    0
    0
    0
    0
    0
    0
    0
    0
    0
    1
    2
   17
    6
   11
    4
   14
    0
    0
   24
   20
   24
    1
    0
    0
    0
    0
    0
    0
    0
   22
  122
    0
    0
    0
    4
    0
    0
    1
    3
    7
    3
    1
    0
   56
   63
  152
   17
    0
    0
   19
   16
   66
   28
    6
    0
    0
    0
    0
    0
    0
    0
   14
    7
    0
    4
  142
  426
    0
   99
   80
   22
    7
    0
    0
    1
    0
    0
    0
    0
    2
  170
    0
    0
    0
    0
    0
    0
    0
    0
    4
    0
    0
    0
    0
    0
    1
    0
    0
    0
    3
  346
    4
   26
    1
    2
    0
    5
    0
   52
    0
    3
    3
    0
    0
   99
    0
    0
   20
   13
   11
   34
   17
   12
    0
   11
   35
   11
   13
    8
    4
   96
   20
   29
  105
   13
   93
   39
    2
   54
    0
   12
   24
    0
    0
  175
    1
   96
    5
   77
    0
    0
    2
   28
    1
  206
    2
    0
    0
    0
    0
    0
   24
    0
   67
    0
    0
    3
    0
    2
   31
    0
    0
    0
    0
    0
    8
   77
    0
    0
    0
    0
    0
    0
    5
    2
   65
    6
    0
   73
    0
    0
    0
    0
   29
    3
  102
   46
    0
    0
    0
  136
   19
    0
    0
   24
   10
   14
   16
    0
    5
   10
    0
   51
    0
    0
    0
    0
    0
    0
    0
  119
    0
    0
    0
    0
   14
   21
    0
    0
    1
    0
    1
   79
    0
    2
    0
    0
  123
  257
    7
    0
    0
    2
   33
    7
    0
    0
    0
    6
   19
    0
    7
    0
    0
   15
    6
    7
    0
    0
   17
    0
    3
   92
   62
    0
    0
    0
    0
    0
    0
    0
   47
   14
    0
    0
    6
    1
    0
    0
    0
    0
   35
    0
    0
   35
   45
   12
    0
   52
   31
   24
   36
   30
    0
    0
    0
    0
    3
    0
   36
    2
   24
    4
    0
   36
    2
    0
    2
   43
   59
    0
    9
   18
    2
    0
    0
    0
   41
   28
   34
   47
   21
   29
   28
   29
    0
    4
   44
    0
    5
    1
    2
    2
    6
    3
   43
   18
   51
   25
    0
    0
    4
    1
    3
    0
    0
    0
    0
    0
    0
    0
    5
    7
    8
   48
    0
    0
    0
    1
    2
    8
    2
    0
    0
    8
    1
    1
    4
    6
    2
    3
   76
   13
    0
    0
    0
    0
   28
    2
   42
   22
    3
    2
    3
    0
  141
  145
   70
   67
   35
    2
    0
    6
    0
   17
    0
    0
    0
    0
   54
    2
    8
   50
    9
    0
    0
    0
    0
    0
    0
    0
    8
    2
    0
    0
    6
    0
    0
    0
    0
    0
    0
    0
    0
    0
    5
    9
    0
    0
   36
    4
    0
    0
    0
  551
    4
   38
  123
    3
    0
    1
    3
    3
    0
    0
    0
    0
    0
    0
    0
    0
   31
   14
   18
   54
    0
    4
    0
    0
   70
    2
   17
    2
   91
   34
    4
   14
    0
    0
    0
    0
   54
    2
    0
    0
    1
   12
    0
    0
    0
    2
    0
   18
    3
    0
   21
  146
    0
   80
    0
    0
    0
    2
    8
    0
    0
    0
   42
   20
    0
    3
   83
    0
    0
    0
    0
    0
    0
    0
    1
    0
   61
   92
    0
    5
    6
   75
   39
    0
   99
   77
   19
   39
   27
   63
   27
   47
    0
    0
    0
    1
   17
    0
    0
    0
    0
   72
    0
   14
  334
   17
    0
    0
    0
    0
    2
   14
    0
   26
   41
    0
    5
   21
    0
    0
    0
    0
    0
    0
    0
    0
    0
    0
    0
    0
    0
    0
    0
    0
   82
    0
    0
    0
    0
    0
    4
   40
    0
    9
    0
    3
    4
   12
   76
    0
    0
    0
   32
  215
  161
    0
    0
    0
   16
    0
   29
    0
    4
    0
   42
    5
   47
   40
    3
    5
  110
    0
   19
   19
    8
    5
   29
    3
   23
    0
    0
    0
  235
    6
    3
    9
    2
    5
   12
    0
   11
   44
   25
    2
    3
   24
    0
   69
   17
   44
    1
    1
    0
   17
    1
   27
    3
   81
    0
    8
    2
    1
  138
   78
    2
    3
   64
   86
   10
  128
  157
    5
    1
   22
  169
    0
    0
  115
    6
    0
   98
   56
    0
    0
   59
    6
    0
    3
    0
    0
   28
    0
   12
    0
    0
    3
   50
    2
    0
    0
   16
   13
   31
    2
    0
    0
   19
   12
    0
    0
    0
    0
    0
    0
    0
    0
    0
    0
    0
   16
    0
    4
    0
    0
    1
    4
   96
   82
    0
    0
    0
    0
    0
    0
    5
    0
   13
    0
    0
    0
    0
    0
    0
    0
    0
    0
    0
    0
    0
    0
    2
    0
    0
    0
    0
    0
   34
   33
    0
   23
    0
    0
    0
    0
    0
    0
    3
   35
    0
    0
    0
    0
    0
   57
    4
    6
    0
    0
    0
    0
    0
    0
    0
    0
    7
    0
    1
    0
    0
    7
    4
    0
    0
    0
   39
   78
   11
    5
    3
    0
   24
    0
    0
    0
    0
    0
    0
    0
    8
    0
    0
    0
    0
   12
    0
   15
   63
   10
   27
    0
    0
    7
  109
   75
   48
    0
    9
  181
  129
    0
    0
    0
    0
    0
    0
    0
   11
    0
    0
   43
   36
   40
    0
    0
    0
   32
    0
    0
    0
    0
    0
    0
    0
    0
    2
    0
    0
    0
    0
   77
   70
    0
    0
    0
  125
    0
   79
   22
    4
   40
    0
   37
    0
   26
    0
    5
   49
    8
   41
    0
    0
  141
   65
    0
   76
    0
    0
    0
    0
    0
    0
    0
    0
   27
   18
   47
    0
    2
    0
    0
    0
    0
    0
   28
   15
   13
    0
    0
    0
    0
    0
    0
    0
    0
    0
   45
    2
  162
    0
    0
    0
   20
    0
    0
    0
    0
    2
    0
   25
    4
    0
    0
    0
    1
    4
    2
   22
    0
    0
    0
    0
    0
    5
    0
    0
    2
   20
    0
    0
    0
    0
    0
    0
    0
    0
    0
    0
    0
    0
    0
    0
   12
    8
    0
    0
    0
    1
    0
    0
    0
    0
    0
    0
    0
    0
    0
  102
   61
    1
    2
    0
   29
   22
   46
    0
   23
    0
    6
    0
    9
    0
    0
    0
    9
   43
    0
    0
    2
    0
    0
    0
    0
    0
    0
    0
    8
    0
    0
    0
    0
    0
    0
    0
    0
    0
    0
    3
   31
   14
    5
    0
    5
    0
   14
    0
    5
    0
    0
    8
    8
    1
    2
    0
    0
    0
    0
    0
   38
   23
    2
    0
   43
   16
   10
    0
    0
   27
    9
    0
    8
    0
   47
    0
    0
    2
    7
    5
    0
   41
    5
    0
    0
    0
    9
    0
   78
   35
   19
    0
   30
    5
    4
    2
    0
    0
    0
    0
   59
   20
    4
   54
   10
   14
    0
    0
    0
    0
   37
    0
    3
   14
    5
   19
    8
   26
   14
   47
    0
   12
    2
    3
    6
   20
   73
   13
   41
    3
    0
    0
    0
    0
    0
    9
    2
    0
    0
    0
    0
    0
   41
    1
    2
    0
    0
    0
    0
    0
    8
    1
    0
    0
    0
   11
    0
    0
    0
   22
    0
   18
   58
   71
    0
   25
    8
    0
   37
    3
   69
    0
    5
    0
    0
    3
  241
   73
   14
    2
    4
   18
    0
  157
    0
    2
  127
  166
   17
   94
   82
    0
    0
  222
    0
    0
    1
    2
    0
    0
    0
    9
    0
    0
    8
    0
   93
    0
   13
    4
    0
    0
   24
    8
    2
   40
   10
    1
   13
   51
    0
   80
    0
    0
    0
    0
    0
    0
   28
   82
   71
    0
   32
    0
    0
    0
    0
    0
    0
    0
    0
   21
    0
    0
    0
   41
    0
    0
    0
   16
   42
    1
    5
    4
    1
    0
    0
    0
    0
    0
    0
   45
    8
  137
    0
    2
    0
   44
    0
    0
    0
    0
    0
    0
    0
    0
    0
    0
    0
    0
    0
    0
   61
    0
   58
   25
   59
    0
    0
    0
   22
    0
    0
    0
    0
    0
    0
    0
   10
    9
   58
  381
  533
   48
   44
    0
    1
  126
    0
    2
    0
    0
    0
    0
    0
    0
    0
    0
    0
    0
    5
    0
    0
    0
    0
    0
    0
    0
    0
    0
    0
   23
    0
    0
    0
    0
    0
    4
   31
    1
    0
    4
   90
   51
    0
    0
    0
  108
   25
    6
    6
    0
   24
    0
    0
    0
    0
    0
    0
    0
    3
   14
    0
    0
    0
    0
   47
   14
   16
    3
    0
    0
    0
    0
    0
    0
    4
    5
    0
    0
    0
    0
    0
    0
    0
    0
    0
    0
    0
    8
    0
    0
    0
    0
    0
    0
    0
    0
    0
    2
    3
    0
    0
    0
   53
    0
    7
    1
    0
    0
    2
    0
    0
    4
   10
   43
   91
   59
   17
    6
    3
    0
    0
    0
    0
   55
    0
    3
   18
    7
   21
    0
    0
    0
    0
    0
    5
    0
    0
    0
   11
   31
   26
   10
   40
   25
    0
    0
    0
    0
    6
    0
    9
   11
    1
    2
    1
   15
    2
   37
    0
    5
    5
   34
  119
   11
   17
    0
    0
    0
    9
    0
   44
   23
    1
    3
    0
    0
    0
   11
   29
    0
    0
    3
   45
    2
   22
  126
   22
   24
   11
   27
    0
    0
    0
    0
    0
    0
    0
    0
    0
    0
    0
   27
    0
   56
   55
    0
    0
    0
    0
    0
    5
    0
    0
    2
    0
    3
   79
    3
    0
    0
    2
    0
    0
    0
    0
    0
    0
    0
    0
    0
    0
    0
    0
    0
    1
    5
    0
   39
    3
   21
   72
  210
   59
   95
    0
    0
    0
    6
    1
   40
    0
    0
    0
    0
    0
   39
    0
    0
    0
    0
    0
    0
    0
    0
    0
    0
    0
    3
    0
  103
    4
    0
    0
    0
    3
   45
    3
   46
    0
    2
    2
   48
   88
   23
    2
   52
   24
    0
    0
    0
   28
    0
    8
   32
    2
    0
   12
   23
   26
    0
   18
    0
    0
    0
  116
   58
   32
    6
   64
    0
    0
    0
    0
    3
   15
    0
    0
    0
    0
    0
    2
   67
    3
   57
    0
   55
    0
   13
    6
    0
   17
    0
   57
  213
    9
    0
    0
    0
    0
    0
    0
    2
    1
   13
   19
  134
   87
   70
   47
   20
    0
    0
    0
    0
    0
    0
    0
   20
   91
   21
    0
    2
  147
    0
    1
  202
   40
    0
    0
    7
   94
   61
   41
    0
    0
    0
    2
    0
    0
    0
    0
    0
    0
    0
    0
    0
   25
    0
    0
    0
    0
    0
    0
    0
    0
    0
   38
   24
  103
    0
   35
  166
    6
   60
   45
    0
    1
   69
    0
    1
    0
    0
    6
   65
   15
   16
   17
    3
   44
   29
    0
    0
   29
    0
   28
    0
    0
    2
    2
   84
    6
   81
   12
    0
    2
    0
    4
    0
    0
    0
    0
    0
   10
    0
   26
    1
    0
    6
   25
    4
    0
    0
    0
    0
    0
    0
    8
    0
    0
    0
    0
    0
    0
    0
    0
    0
    0
    0
    0
    0
   21
    0
    0
    0
    6
  277
   19
    1
    5
   12
    2
    0
    0
    0
    0
    0
    0
    0
    0
    0
    0
    0
   12
    7
    3
    0
    0
   24
    1
   34
    4
   44
    0
   44
    1
    1
    0
    0
    0
    0
    6
    3
   18
    6
   13
   76
   62
   44
   67
   13
    3
   12
   12
    4
    3
   69
   26
   14
   15
    0
    0
    0
    0
    0
    0
   10
   15
    0
    5
   31
   32
    0
    0
   12
    0
   41
   15
   56
    0
    0
    0
    1
    0
   33
   31
    2
    0
    0
    0
    0
    0
    0
    1
    2
    0
    0
   48
    6
   36
    6
    0
    0
    0
    3
    0
    0
    0
    0
    0
    0
    0
   17
    2
    8
    0
    0
    0
   25
    0
    0
   52
  197
    0
   26
    0
    0
    0
    0
    0
    8
   51
    3
   11
    4
    7
   74
   18
    0
    0
   12
    6
    0
    3
   30
    0
   38
    6
   11
    1
   15
    8
    0
    0
    0
    0
    0
    0
   15
    7
   17
   14
   52
   29
   50
   18
    3
   11
   24
    0
    0
    0
   11
    0
    2
    0
    0
    0
    0
    0
    4
    0
    0
    0
    0
    0
    0
   96
   45
    0
    0
    0
    0
    2
    1
    0
   83
    0
    0
    0
    0
   28
   37
    6
   14
    0
    5
   23
   45
   65
   41
   35
    0
   37
    0
    3
   60
    9
    9
    2
    5
    8
   15
    3
    2
    2
    0
   36
    0
    0
    0
    0
   41
    0
   61
   14
    3
    0
    0
    0
    0
    0
    1
    0
    3
    4
   30
    2
   14
    0
    0
    0
   55
    0
  105
  127
    0
    0
   10
    0
    0
    9
    0
   16
    0
    0
    0
   27
    0
   17
    0
    0
   15
  169
   14
    0
   52
    0
    1
   64
    0
  172
    3
    0
    0
    0
    0
    0
    0
   15
    0
  132
   12
   14
   13
   10
    3
    4
    0
    0
    0
    0
    0
   18
   14
   20
    0
    0
    0
    0
   14
    0
    0
    0
    0
    0
    0
    0
    0
    0
    6
    0
    0
    0
    0
    0
   12
    0
    0
   11
    0
    2
   20
    1
    7
    2
   15
    0
    0
    0
    0
    0
    0
    0
    0
    0
    0
    0
    0
    0
    7
   54
    0
    2
   24
    9
    7
    1
   35
   37
    0
    0
   14
   24
    0
    0
    1
    2
   16
   35
   88
   47
   23
   11
    7
    0
    0
    2
    0
   10
    0
    2
    0
    0
    2
   25
    2
    2
    3
   28
   70
    6
   41
    7
    7
    8
  170
   77
   18
   21
    0
    0
    0
    0
   23
   24
   31
   74
   25
    0
    0
    0
    1
   59
   11
    0
    7
    4
    0
    0
   18
   16
    0
   41
   31
   27
   78
   17
   53
   29
    4
    0
    0
    6
   15
   60
   28
    5
    0
    0
    0
    0
   11
    0
    0
    0
    0
    6
   17
    8
   92
    4
    0
    2
    3
    0
    0
    0
    1
   36
   62
    2
    1
    2
    0
    2
    1
    0
    0
    0
    0
    0
    0
   47
   74
   98
   28
   17
   54
    0
    0
    0
    0
    6
    2
    0
    0
    0
    0
    0
   78
    0
   35
   49
    0
    0
    0
    0
    0
    3
  156
    3
    0
  101
   62
    0
    0
    5
    3
   24
  119
    7
    9
    0
    0
    0
   13
   10
   41
   18
    1
    4
   28
   15
   78
   28
   22
    0
    0
    0
    0
    0
    0
    0
    1
    1
    3
  112
   13
   13
    8
    7
    0
   21
   16
   16
    0
    0
    8
    0
    0
   13
    0
    0
   88
    0
    0
    0
   15
  166
  189
   23
    2
    8
   78
   96
   81
   90
   27
    2
    0
    0
   45
   19
    0
    0
    0
    0
    0
    0
    0
    0
    0
    0
    0
    9
    0
    0
    0
    0
    0
    0
    0
    0
    0
    0
   28
   39
   25
    7
   25
   54
    4
    0
    0
    0
    0
    0
    0
    0
    0
    0
    0
   35
   86
   11
   35
   22
    0
    0
    0
    0
   32
    0
    0
    0
   65
    0
    0
    0
    0
    0
   36
   46
   43
    0
    0
   20
    0
    0
   31
  239
   13
    0
    3
   55
   37
    0
   26
    0
    6
    2
   17
    5
    0
    0
   77
   10
    0
   45
    0
    0
    0
    0
    0
   87
    8
    0
   66
   82
  120
   26
    0
    0
    0
    0
    0
    0
    0
    0
    0
    0
    0
    0
    0
    0
    0
    0
    0
    3
   83
    0
    0
    0
    0
    0
    0
    0
    0
    2
    5
    0
   26
   39
   43
  221
   12
    0
   10
    0
    0
   18
   61
    0
    4
    7
    2
    0
    2
   59
   20
    0
    0
    0
    0
    0
    0
    0
    0
    2
    0
   12
    0
   13
    6
    0
    0
    0
    0
    0
    0
    0
    0
    0
    0
    0
    2
    0
    0
    0
   15
    1
    1
    2
   12
    0
    0
    6
    0
   10
    0
   15
   22
   32
   12
   31
    6
   61
    4
    0
   17
   14
   81
  191
  148
    9
  169
  104
   16
   67
   44
   19
   48
   49
   67
    0
   44
   71
    0
    0
   21
   31
    5
    6
    0
    0
    0
   22
   67
   11
   10
   38
    0
   49
   14
    0
    0
    0
    0
    0
    0
    0
    5
   22
  117
    0
    3
    0
    0
   43
    4
   85
    2
    1
   67
    0
   97
    1
   12
    0
    0
    0
    0
   61
   96
   46
   93
   31
    0
    0
    4
    8
    0
    0
    0
    0
    0
    0
    0
   22
   95
   25
   13
   23
    2
    0
    0
   78
   40
    8
    4
   15
    0
    0
    0
    0
    0
    0
    0
   31
   18
    0
    0
    0
   32
   33
   17
    0
    0
    0
    0
    0
    0
    0
   21
   46
   27
    0
    0
    0
    0
    0
    0
    0
    0
   18
    0
  128
  317
   10
   11
    4
    0
    0
    0
  143
    0
   25
    0
    0
   24
    0
    0
    0
    3
   16
   18
  122
    0
    0
    0
    0
    3
    0
   43
   15
   34
   74
   53
   25
    2
   39
    0
    0
    5
    0
   74
   21
   47
   25
   74
  143
   11
   19
    4
    0
    4
    2
   43
   18
   98
    0
   35
    2
    1
    0
    0
    0
    0
    0
    3
    0
    0
    1
  223
    0
    0
    0
    0
    0
    0
    0
    3
   35
  157
    0
    0
   44
    0
    0
    0
    8
    2
   68
    0
   10
  174
    0
  173
   10
   80
    1
    8
    8
    0
    0
  121
   84
    0
   68
   84
   26
    1
   15
    0
  316
    0
    0
    0
    0
    9
    1
    1
    0
    9
   45
   40
    7
    0
    0
    0
    0
    0
   56
    8
  124
    0
    0
    0
    0
    0
    0
   17
    0
    0
    0
  280
    0
    0
    0
   81
  110
   20
    0
    0
    2
    2
    0
    0
    0
    0
    0
    0
    0
    9
    0
   17
    0
    0
    0
    3
    2
    0
    5
    2
   46
    0
    0
    2
    0
   50
   14
    1
    0
    0
    0
    0
    0
    0
    0
   23
   24
    0
    0
    0
    0
    0
    0
    0
   16
   13
    5
   11
    0
    4
   19
    3
   32
  178
   50
   25
   21
    0
    0
   54
    1
    0
    0
    0
    0
    0
    1
    0
    0
    0
    9
    5
    0
    1
    0
    0
    0
    0
    0
    0
   69
   73
  135
   30
  116
   14
   11
    0
    0
    6
   27
    7
    0
    4
    0
    0
    4
    3
    0
   20
    1
    0
    0
   17
    0
    6
   33
    0
    0
    0
    0
    5
   21
    0
    0
    0
    0
   31
    2
   78
   32
    3
    0
   35
    0
    0
    1
   17
   56
    0
    0
    1
    2
    0
    0
    8
    2
    0
   77
    0
    0
    0
    0
   35
   48
   36
    2
    8
    0
   51
   34
  213
   18
   24
  111
   27
   44
    4
    6
    2
    0
   17
   56
    4
    0
   56
    6
   18
   46
    0
   24
    6
   12
    2
    0
   15
   58
   55
    4
   24
   47
   23
   50
   40
    0
    0
   50
   64
    0
    0
    0
   24
    0
    0
    6
   23
    0
    0
    1
   20
    0
    0
    0
    2
    0
    0
   22
    0
    0
    2
    0
    0
    0
    0
    0
    0
    0
    4
   30
   13
    0
    0
    0
    0
    0
    0
    0
    0
    0
    0
    0
    0
    0
    6
   31
    8
    8
    0
    0
    0
    0
    0
    0
    0
  104
  291
    0
    0
    0
    0
    0
  103
   31
  175
    0
    0
    8
   12
   28
    0
    0
    0
    0
    0
    2
    0
    4
    0
    0
   61
    2
    0
    0
    9
    3
    0
    0
   59
   62
    0
   59
    0
    6
    0
  122
  195
    0
    0
   74
    3
   75
   75
    8
   49
   51
   23
    4
    0
    0
    0
    0
   37
    0
   46
   14
    0
   38
    0
    0
    0
    2
   64
    0
    0
    0
    0
    0
    0
    0
    1
    0
    0
    0
    0
    0
    0
    0
   44
    0
    0
    0
    0
    0
  123
   19
    0
    0
    4
   11
    0
   24
   32
    7
   16
  162
    0
    0
    0
    0
    0
   36
    1
    0
   16
    3
   12
   12
    1
    0
    0
    0
    0
   38
   28
   62
    0
    0
    0
    0
    0
    0
    0
    0
    0
    7
   10
    0
    0
   16
    0
   24
   36
    2
    4
    6
    3
    0
    2
    0
   24
    0
    0
    0
    3
    3
    0
    4
    0
    1
    3
   14
    0
   62
    0
    0
    0
    0
    2
    0
    0
    0
    0
    2
   73
  164
   51
    0
    0
   29
   21
    1
    3
    0
    9
   56
    2
    0
    2
    0
    8
  251
   40
   26
   59
   32
    0
   35
    3
  116
    9
   32
   58
    6
    1
    1
    0
    0
   13
   28
  280
    2
   12
    0
   27
   12
    6
    0
    3
    0
    0
    0
    0
   56
    2
    0
    2
   84
   47
   57
    8
    0
   38
    0
    3
    0
    0
    0
    0
    1
    0
    0
    0
    0
    0
    0
    0
    0
    0
    0
    0
    0
    0
    0
    0
    0
    0
    0
    4
    0
    0
    0
    0
    0
    0
   62
    6
    9
   21
    7
    3
   50
    5
   17
    0
   14
    3
    3
   10
    3
    8
   28
    0
   39
    3
    0
    0
    0
    0
   17
    0
    2
   71
    0
    4
    0
   16
   37
   14
    0
    0
    0
    3
   12
    0
   61
    0
    0
    0
    0
    0
    0
    0
    1
    0
    0
    0
   43
    0
    0
   54
    0
    0
    0
   25
    0
   13
    8
   22
    8
    0
    2
    2
   78
  283
    1
    0
    0
   15
   52
   84
    0
    0
    0
    0
    0
    0
    5
    6
    0
    0
    0
  122
   48
   19
    0
    0
    0
    0
    0
    0
    0
    0
    0
    0
    0
    0
    0
    0
    0
    0
    0
   70
    0
    0
   52
   42
   36
    0
    0
   32
    4
    0
    0
   59
    0
    0
    0
    0
    0
    0
    0
    0
    0
    0
   34
    0
   34
    0
    0
   78
    0
   31
   24
   99
  129
   15
    0
    0
    0
    0
    0
    2
    0
    0
    0
    1
    7
    3
    0
    0
   11
    0
    0
    0
    0
  129
    1
   34
   53
   29
    0
    0
    0
   30
    0
   30
   25
    0
    0
   20
    2
    0
    0
    0
   20
   31
    0
    0
    0
    0
    0
    0
    0
    0
    0
   20
    0
    0
   43
    0
   21
  225
   28
    0
    0
    0
    0
    0
    0
    0
    0
    0
    0
    0
    0
    0
    0
    0
  108
   36
    3
    0
    0
    7
    0
    0
    0
    0
    0
    0
   36
    0
    0
    0
   11
    1
   34
    0
    0
    0
   52
   78
   74
   32
   12
    1
    4
    0
    7
   10
    0
    0
    0
    0
   10
    0
    0
    0
    0
    0
    0
    0
    0
    0
   26
   23
  161
   25
   35
   24
    0
  162
   78
    7
    0
    0
    0
    0
    0
    0
    0
    0
    0
    0
    0
    0
   34
   87
    0
    1
    3
   49
   44
    0
    0
    0
    0
    0
    0
    0
    0
   12
    0
   10
   19
    0
    2
    8
   36
   16
   63
   45
    1
    0
    0
   45
    0
  103
   13
   10
    0
    0
    0
    0
    0
    0
    0
    0
    1
    0
    2
    9
    0
    0
    6
    0
    4
    1
    0
    0
    0
    6
    0
    4
    0
    0
    0
    0
    5
    8
   18
   29
    0
    0
    0
    0
    0
    0
    0
    0
    3
    0
    0
    0
    0
    1
    5
   23
    2
    3
   39
   51
   78
    0
    0
    0
    0
    0
    0
    0
    0
    0
    0
   33
   17
   38
   20
    4
    9
    2
    0
    9
    0
    0
   18
   34
    0
    0
    0
    3
    0
    0
    0
    0
    0
    3
    0
   36
    0
   21
    1
    4
    0
    9
    3
    0
    0
    0
    0
  102
    9
    0
    0
    0
    0
    0
   31
  179
    0
    0
   75
    0
    0
   15
    2
   20
    0
   56
    2
   42
   98
   25
    1
   31
    0
    0
    0
    0
    0
    0
    0
    0
    0
    0
   19
    0
    0
    3
    0
    0
    0
    0
   23
    3
    0
    0
    0
    0
    0
   47
    0
    0
    0
    0
    0
    1
    0
    0
    0
   98
   13
    0
    0
    0
   41
  143
   69
  399
    0
    0
    0
    0
    0
    0
    0
    3
    0
   16
    4
   21
   17
    0
    0
    0
   38
    0
  152
  105
    0
    0
   32
    0
   20
    0
    0
    4
   21
    9
    0
    0
    0
    0
    0
   14
    3
    0
    0
    0
    0
    0
    0
    0
    0
    0
    0
    0
    0
    0
    0
    0
    0
    0
    0
   24
   64
    0
    0
    1
    8
    0
    0
    0
   34
    0
   63
    2
   28
    0
   56
  136
    0
    7
    0
    0
    0
    0
    0
    2
   36
  235
   20
  147
   24
  195
    8
    5
    0
   36
   37
  142
    2
    3
    1
    0
    0
    0
   34
   20
    7
    0
   12
   26
   64
    5
   16
    0
    0
    0
    9
   26
   35
    0
    2
   48
    3
    0
    0
    3
    0
    0
    0
    0
    0
    0
    0
    0
    0
   14
    0
    3
    0
    0
    0
    0
    0
    0
    0
    8
   47
    8
    2
    0
   10
   56
  113
    6
    6
    0
    0
    0
   12
   18
    5
    0
    6
    0
    8
  130
   31
   30
   21
    0
   41
   66
    0
   16
    0
    0
    0
   66
    5
    4
    3
   16
   61
    0
    0
    0
    0
    0
   37
   75
   25
    6
    5
    0
   13
    5
    0
   11
    5
    3
    4
    3
    0
    0
   10
   14
    0
   34
    0
    3
    6
   37
   23
   13
    0
    0
    2
    0
    0
   25
    5
    5
    0
    0
    0
    0
    0
    0
    0
   16
    3
    1
    0
    8
    1
    3
    0
    0
    2
    0
    0
    0
    0
    0
    4
    5
    3
    5
   17
   29
   56
    0
   15
   17
    3
   48
    4
    0
    0
    0
    0
    0
    8
   11
    0
    0
    0
    0
    0
    0
    9
    3
    0
    3
    0
    0
    0
    4
    0
    0
    0
    0
    0
    7
    0
    0
    0
   68
    3
   59
   14
    0
    8
    2
    0
    0
    0
    0
    0
    0
   70
   28
    0
    3
    0
    0
    0
   17
    0
    0
    0
    0
    0
    0
    0
   11
   99
    1
   96
    2
    4
    7
   29
    5
    5
    0
    0
    0
   33
   73
    6
   14
   13
    0
    0
   20
    0
    0
   18
   13
   91
    1
    0
   77
   24
    5
    0
    0
    0
    0
    0
    0
   28
    5
   21
    5
    0
    0
    0
    0
    0
    0
    0
    0
    0
    0
    0
    0
   16
    8
    0
    0
    5
   44
    0
    0
   27
  338
   90
    0
   71
    0
   44
   22
    4
    8
   33
  120
  315
    0
    0
    0
    0
    0
    0
    0
    0
    0
    3
    2
    0
    0
    0
    7
   49
    0
    0
    0
    0
    0
    0
    0
    0
    0
  145
    6
   39
    0
    0
    0
    0
    0
   26
  123
    8
    0
    0
    0
   82
   45
   14
   17
   57
   64
    1
    0
    0
    5
   14
    0
    0
   55
    0
    0
    2
    0
    0
    0
    0
    0
    1
    0
    0
    0
    0
    0
    0
    9
    0
    4
   20
    0
    0
    0
    0
    0
    0
    0
   65
    0
    0
    0
    0
    0
   14
    0
    0
    0
   14
    8
    0
    1
   22
   16
    8
    0
    0
    0
    0
    0
    0
    0
    0
    0
   17
    0
    0
    0
    4
   25
    8
    0
    8
    0
   31
    0
   30
    2
    0
    0
    0
    0
    0
    0
    0
    9
   35
    2
    3
   29
    8
   25
   26
    0
   44
    0
    2
    0
    0
    3
   22
    3
    0
    0
    0
    8
    3
    0
    0
    0
    0
    0
    4
    0
    0
    0
    0
   27
    6
   26
   23
    9
    0
    0
    0
    0
    0
    0
    0
    0
   16
   10
  125
    0
   93
   88
   38
   26
    0
  107
    2
    0
    6
    0
    0
    0
    0
    0
    7
   97
   19
    0
    2
   40
    0
    0
   16
    0
   30
    0
    6
    0
   43
  122
    0
    0
    0
    0
    0
    0
   29
    0
    0
    6
    0
    2
    0
    0
    4
    1
  168
   31
    1
    0
    0
    5
    0
    3
   48
    2
   14
    5
    8
    9
   14
    3
   30
   61
   17
    0
    0
    0
    0
    0
    0
    0
   16
    3
    0
    0
   75
    0
    0
    0
   22
   19
   28
  120
   31
   14
   20
    2
    0
    3
   35
   23
   63
    0
  291
   65
    0
   36
    5
   13
    0
    0
   68
   28
   29
    0
    0
    1
    0
    0
    0
    0
    0
    0
    0
    0
    0
   48
   12
   29
    8
    1
    0
    0
   11
    0
    0
    0
   30
    3
    4
    0
    4
   42
    0
    0
    0
    0
   36
    8
   39
   11
  141
    2
    0
    0
    0
    0
    0
    0
    0
    0
    0
    0
    0
    0
    0
    0
    0
    0
    0
    0
    0
    0
    0
  773
    0
    0
   72
  101
   67
   32
    5
    3
    0
    0
    0
    0
   56
    0
   19
   20
    3
    3
    0
   28
    0
    0
    0
    0
    0
    0
    0
    1
    0
    7
   78
  315
   82
    2
    0
    0
   30
   11
    0
    8
   35
    0
    0
    0
    0
    0
    0
  296
   45
    0
    0
   79
    0
   42
    0
    0
    0
   42
    2
    0
    0
    0
    0
    0
    0
    0
    0
    0
    0
    0
   13
    7
    0
    0
   21
    0
   32
   23
    0
    3
   62
    8
    0
    0
    0
    0
    7
    1
  252
   13
    9
   19
   46
    4
    4
    8
    7
    0
    0
    0
    0
    0
   22
    0
    0
    0
    0
    0
    0
    0
    0
   17
   54
    0
    0
    0
    0
    0
    0
    0
    0
    0
   64
   25
    1
   13
    0
    5
    0
   10
    0
    0
    0
   22
    0
    0
    0
    0
    0
    1
   19
   30
    1
   75
   80
   17
   59
    2
    0
    0
    0
   11
    0
    0
    8
    0
    4
    0
    0
    9
   41
    3
   43
   12
   30
    0
   22
    0
   18
    0
   63
   25
   15
    3
    8
    6
   10
    1
    6
    1
    0
    4
    0
    8
    0
    0
   36
    0
    3
    3
   95
   32
   14
    0
    0
    0
    0
    0
   14
   91
   11
    4
    0
    0
    0
    0
    0
    0
    0
    0
    0
    0
    0
    0
    0
    0
   53
   22
    3
    0
    0
   46
   85
    0
    0
    0
    0
    1
    0
    2
    0
    0
  134
    0
    8
   17
    7
   29
   67
    0
    0
    0
    0
    0
    0
    0
   11
   25
    0
    0
    0
    0
    0
    0
    0
    0
    0
   81
   10
    3
   15
   55
   29
    6
   11
   11
    5
    0
   16
    0
    0
    0
    8
    4
   30
   34
    0
    0
    0
    0
    0
    0
    0
    4
    5
   10
   34
   18
    0
    0
    1
   62
    3
    0
    9
   33
    2
    1
   15
    0
    0
    0
    0
    0
    0
    2
   26
   43
   11
    0
    0
    0
    0
    0
   36
    0
    0
    8
   13
   55
    0
    0
    0
    0
    0
    0
    0
    0
    0
    0
    0
    0
    1
    0
    0
    8
    2
    0
    0
    0
    0
    0
    0
   16
   17
    0
    0
    0
    0
    0
    8
  238
    5
    2
    0
    0
  273
   38
    6
    0
   24
   10
    0
   52
   99
    0
    0
   48
    0
    0
    0
  172
   50
   68
    0
    9
    7
   35
    5
    4
    2
    0
    0
    0
   15
    0
    0
    8
  109
   41
    0
    0
    0
    0
    0
    0
  191
    0
    1
    0
    0
   53
   12
    3
    0
   16
   78
  134
    0
  113
   42
    0
    4
    4
   20
    1
   61
    5
   69
   24
    2
   19
  115
    0
    0
   22
    0
   63
    0
    0
    2
   52
   55
    0
   13
    0
    0
    0
    0
    0
    0
    0
    2
    0
   60
    0
    0
    0
    0
    0
    0
    0
   52
    6
    0
   45
   69
   18
   66
    0
    0
   10
    0
    0
  135
  120
  113
    0
    2
   26
    8
    0
    0
    0
    0
    0
    0
    0
    0
    0
    0
    0
    0
    0
    0
    9
    0
    0
    0
    0
    0
   10
    0
   34
    0
    2
    0
   11
   14
    0
    0
    0
    0
    0
    4
   18
   99
   85
    0
    0
    0
    0
    0
    0
    0
    0
    0
    5
    3
    0
  102
   26
   41
    2
    0
   14
    0
    9
  149
  112
    8
    4
    0
   29
   16
    4
   39
    0
    0
    0
    0
    0
   43
    0
    0
    0
   14
    0
    9
    0
    0
    3
   26
    0
   64
    0
   31
   21
   30
    0
    0
   21
   20
   40
  126
  176
    4
    7
    1
   62
   52
    7
    0
   15
    6
   32
    0
   13
   53
    0
    4
    0
    4
    0
    1
    2
   16
   13
   18
    2
    0
    9
    2
    0
    0
    2
    0
    3
   27
    0
   21
   51
   28
   20
    9
    4
    0
    2
    0
    2
    0
    0
    5
   11
   41
    0
   42
   14
    4
    2
    0
    0
    0
    0
    0
    0
    0
   19
   46
   47
    3
    0
    0
    0
   33
    7
    6
   61
    0
    7
    0
   41
    0
    0
    0
    0
   67
   57
  169
  270
   20
    9
   33
   45
   13
   10
   69
    5
  115
   44
    4
    0
    0
   10
    0
    0
    4
    0
    0
   26
    0
    0
    0
    2
    0
   26
  119
  509
   65
   24
    0
   10
   26
    0
    0
    0
    0
    0
    0
    0
    0
    8
    0
    0
    0
   17
    0
    0
    0
   35
   37
    0
    0
    0
    0
    0
    0
    0
    0
    6
    0
    3
    0
    5
  282
   12
   15
   14
   65
   96
  108
   93
    9
    2
    0
    0
    0
    0
   53
    0
    0
   63
    0
    0
   10
    0
    4
    0
    0
    7
    0
    0
   96
    0
    0
    0
    0
    0
    0
    0
    0
    0
    0
    0
    0
   35
    0
    0
    0
    0
  146
    1
    0
  192
    0
    0
    0
    0
    0
    0
    6
    0
    0
    8
    1
    2
    0
    0
    0
    0
    0
   17
   34
    0
    0
    0
    1
    0
   47
    0
    0
    0
    0
    0
   29
    6
    0
   74
   89
  134
    9
    0
    0
    0
   73
   60
    2
    0
    0
   84
  285
   46
   69
    0
   16
   58
    0
    0
   13
    1
   20
    2
    0
   34
   13
    6
  166
    0
   92
    0
    4
    2
  108
   29
    0
    0
    1
   15
    0
    0
    0
    0
    0
    0
    0
    3
    0
    0
    0
   41
    0
   99
    4
   16
    0
    0
    0
   29
    0
    0
    0
    0
    0
    0
    2
    0
    0
    0
    0
    0
   29
    9
    0
    7
    0
    3
    0
   27
    3
   30
    0
    0
    0
    0
    0
   12
   14
    2
    0
    0
    0
    0
    7
   34
   15
   16
   76
    0
   43
    0
    0
    0
    0
    1
   61
   47
    0
    2
    0
    6
    0
    0
    4
   13
    6
    0
    0
   34
    4
   47
    4
   72
  144
    0
    0
   23
    0
    0
    0
    0
    0
    0
    0
    0
    0
    5
    2
   25
   11
   14
    2
    3
   39
    8
    0
    0
    0
    4
   13
   17
    4
    5
   49
    0
    0
    7
    0
    0
   73
   19
    0
   10
   15
    0
    0
   23
   21
   16
    0
   35
   42
    0
   22
   31
    0
   32
    0
    8
    0
  135
    0
    7
    7
    0
   23
    0
   29
    6
   14
    0
    5
    0
   18
    0
    0
   14
   35
    2
   12
    0
   14
   11
    0
    0
    1
    2
    1
    0
    0
    0
    0
    0
    0
    0
   14
   12
   39
    3
    0
   10
    2
    0
    0
    0
    8
    5
   90
   51
   35
    0
   47
   42
    0
    0
    6
    5
    2
   13
   15
   24
   72
   54
   14
    0
    0
   56
   42
  137
   51
  129
    0
    0
    0
    0
    0
    2
   47
    1
    0
    0
    8
    0
    0
    0
    0
    0
    0
    0
    0
   57
   15
    0
   55
  142
    0
    0
    8
   13
  102
    0
    0
    0
    0
    0
    0
    0
    0
    0
    0
    2
   47
   37
  367
   59
    0
    3
   61
   34
   20
    2
    4
   46
   69
    3
   32
   31
   62
    0
   31
    0
    0
    0
   41
   30
    7
   48
    0
    0
    0
    0
    0
    0
    0
  142
   27
    0
    0
    0
    0
    0
    0
    0
    0
    0
    0
   47
    7
   23
   13
   30
    0
    0
    0
  129
    0
    0
    0
    0
   27
  220
    0
    0
    0
    0
    0
    0
    0
    0
    0
    0
    0
    0
    0
    0
    0
  133
  163
    0
    6
    0
    0
   24
   72
    0
    0
    0
   17
   20
    8
   61
   38
   31
   16
  273
  182
    0
    6
    3
    0
   84
   30
   33
    0
    0
    0
    0
   73
    2
    0
    0
    0
    0
  268
  136
    1
    0
    0
    0
    0
   55
   92
    3
   21
   55
    8
    0
    0
    0
    0
    1
    0
    0
    0
    0
    0
    3
    0
    0
    0
    0
    0
    8
    0
   24
    0
    0
    0
    0
    6
    0
   40
   24
    4
    0
    0
  128
  149
   60
   22
    0
   50
   26
   25
   13
    0
    0
    0
    0
    2
   38
   42
   37
    0
   28
    0
    0
    3
    0
    0
    0
    0
    0
    0
    9
    0
    0
    0
    0
    8
    4
    9
    0
    0
    0
    0
   25
    3
    1
    0
    6
    1
    0
   16
   14
  115
    0
   48
   77
   17
    0
    0
    0
    0
    0
    3
    0
    0
    0
    8
    0
    0
    0
    3
    0
    0
    0
    0
    0
    0
    0
    0
    0
    3
   17
    2
    0
   11
    0
    0
    0
    0
   10
    0
    0
    0
    0
    0
    0
   12
   11
   16
    6
    0
    0
    2
    0
    0
    0
    5
   43
   14
   50
   42
    9
   22
    8
   14
   18
    9
    3
    0
    0
    0
    0
    0
    9
   10
    1
    4
    1
    3
   57
    0
    0
    0
    2
    7
    2
    0
    0
    0
    0
    0
    0
    0
    0
    0
    0
   46
   10
    0
   47
    0
    0
    9
   17
   15
    7
    1
   41
    0
    0
    0
    0
    0
    0
    3
   91
    9
    5
    0
    0
    0
    0
    0
    0
    0
    0
    0
   17
    7
    0
    0
    0
   18
    1
    7
    0
   87
   10
    5
    0
    3
    0
   67
   55
    0
    4
    8
    2
    0
  110
   10
   41
  101
   83
    1
    0
   18
    3
    2
    7
   23
   38
    0
    0
    0
    0
    0
   77
    6
    0
    0
    0
    0
   31
    2
    2
    0
    0
    0
    0
    0
    0
    0
    1
    0
   33
    7
   22
    0
    0
    0
    0
    0
    0
  151
   14
    8
   12
    3
   11
   66
   95
   91
  334
   21
    0
  121
   52
    0
    0
    0
    0
    0
    0
    0
    0
    0
    0
   58
   54
   43
    0
    0
   42
    2
    8
    1
    0
    0
    0
    0
    0
    0
  143
    0
    0
    0
   56
   74
    9
   50
   57
    0
    0
    2
    0
    0
    0
    0
    0
    5
    7
    0
    0
   39
    0
    2
    3
    0
    0
    0
    0
    8
   66
    1
    0
    7
    5
    9
   20
  256
    4
   17
    0
    0
    0
    0
    1
   62
    0
    1
   26
    9
    2
   14
    3
    7
    0
   60
    9
    0
   15
   14
    0
    0
    0
   19
   14
    0
    0
    0
    0
    2
   65
   46
    3
    1
  119
   57
    0
    0
    0
    0
    0
   37
    0
   39
    4
   24
    5
    0
    1
    0
    8
    0
   74
    4
    3
   15
    1
    1
  101
    0
   16
    2
    0
   73
   22
    4
    0
    0
   17
    4
   28
   25
   31
   16
   46
   45
   16
   15
    0
    0
    0
    0
    0
    0
    0
    0
    0
    0
   84
    0
    6
    0
   19
   51
  101
   18
    0
    0
    0
    0
   14
    2
    0
    0
   12
    5
    5
    0
    0
    0
   23
    3
   26
   15
    0
    0
    0
    0
    0
    0
    0
    0
    0
    0
   14
   33
    9
    0
    7
   10
   27
   47
    0
    0
    7
    0
    2
   11
    0
    0
    0
    2
   75
    0
    0
    0
    0
    6
   30
   19
   24
    2
   27
    0
    0
   39
    9
    0
   32
    0
    0
    0
   62
   57
    0
    0
    0
    2
    0
    0
    0
    2
    0
    0
    0
    0
    0
    0
    0
   11
   51
  114
    2
    9
   78
   13
   45
    9
   17
    0
    0
   39
    9
   13
    3
    2
    0
    0
    0
   26
    3
   45
   18
    0
    0
    0
    0
   19
    3
    8
    2
    2
    0
    0
   54
    1
    2
    0
    0
    0
    0
   16
    9
   18
    8
   36
    1
    0
    0
    6
    2
   33
   80
    2
    0
    0
    0
    0
    3
    0
   63
    0
    0
    0
   20
    0
    4
   60
   57
   46
    7
    0
    7
   33
    5
    0
    0
    0
    0
    0
    0
    0
    0
    0
    0
    1
    0
    0
    0
    1
   14
   58
    0
    0
    0
   33
    0
   53
  101
    0
   13
   43
    2
   12
    1
    0
   32
   24
    2
    7
   19
   67
   16
    0
    0
    0
    0
    0
    0
    0
    0
    2
   24
   26
   68
  198
   10
  264
   64
    0
   19
    0
   66
    4
    1
    0
    8
   29
   79
   55
    0
    0
    0
    0
    0
    0
    7
    0
    0
    0
    0
    0
    7
   12
    0
    0
   13
    8
    0
    0
    1
    2
    0
    0
    1
    0
   86
   10
    0
    0
    0
    0
    3
    1
   48
   11
    0
    0
    1
    0
    0
   53
   17
    0
    0
    0
    0
    0
    0
    0
    0
    0
    5
    0
    0
    0
    0
    0
    8
    3
    8
   11
    0
    0
    0
    0
    2
    7
   64
   20
   59
   37
   68
   16
   51
    0
    0
    0
    0
   14
    0
    0
    0
    7
   13
    4
    0
    0
    0
    0
    0
    0
    0
    2
    3
   12
   20
    0
   14
    0
    0
    0
    2
    0
    0
   97
    0
    0
    0
    0
    0
    4
    1
    0
    0
    0
    0
    0
   17
    2
    2
   48
  201
  104
    1
    0
   86
   56
    0
    0
   53
   43
   68
   30
   53
    0
    1
    0
    8
   11
   31
   14
    0
    0
   18
   29
    0
    1
    7
    4
    0
    0
    0
    0
   18
   20
    4
    4
   13
    0
    0
    0
    0
    0
    0
    0
    1
   66
    0
    0
   86
   43
   15
   13
    9
   11
    0
    0
    0
   47
    5
    4
    0
    0
    7
    0
    0
    0
    0
    0
    0
    0
    0
    0
    0
    0
    0
    0
   44
    1
    0
    0
    0
    5
   66
    0
   48
    3
    0
    0
   48
   16
    3
   32
   33
   11
   69
    3
   42
    0
    1
    0
    6
    0
    8
   32
  119
   31
    3
   14
    2
    0
   17
    0
    0
    0
    0
    0
    0
    0
    0
    0
   46
    5
   15
    0
    0
    4
   23
   46
  108
   11
   38
    7
    0
    0
    0
    0
    0
    0
    0
    3
  124
    0
    0
    0
   19
   11
    0
    0
    2
    0
    0
   87
    4
    0
    0
    0
    0
    0
    0
    0
    0
    0
    0
    0
    0
    0
    0
    0
    0
    3
   51
    0
    1
    0
    3
    5
   12
    2
  165
   18
   54
   19
   71
    0
    0
    0
    0
  110
    0
    0
    8
   11
  305
    0
    0
    0
   72
   62
    7
    2
    0
    6
    4
   31
    4
    2
    0
    0
    0
    0
    6
    0
    0
   19
   70
   28
    7
    9
  181
   42
    9
   14
   17
  173
    3
    0
    3
    0
    2
    0
    0
   47
    1
   31
    0
    4
    0
   40
   21
    6
    0
    0
   11
   41
    0
   10
    0
    0
    0
    0
    0
    0
    0
  119
    0
    0
    0
    0
    0
    0
    0
    0
   19
   36
   26
   27
    2
  284
    9
    9
   18
    3
   35
    2
    0
  121
    2
  134
    4
    2
    0
    0
   22
   20
  117
    3
  167
  111
  127
   81
   28
    0
    0
    0
    0
    0
    0
    0
    0
    2
    0
    0
    0
  230
   28
   25
    0
    0
    0
   85
   15
    0
    5
   20
   33
   12
   32
    0
    0
   22
   13
    0
    2
    0
    0
   23
  108
    0
    4
   13
   88
    0
    2
   90
  123
   37
    4
   49
    0
    9
    0
   16
   78
   31
    3
    0
    5
   66
   10
   21
    4
    0
    5
    4
    0
    0
   11
    0
    2
    7
    4
    0
    0
    9
    9
    0
    0
   20
    6
   35
    2
    0
    0
    0
    0
   24
    2
   43
   41
    0
    0
   28
    0
    8
    0
    9
    0
    0
    0
    0
    0
   10
    0
    0
    0
    0
    0
   20
    1
    0
    0
   18
   21
    9
    0
   39
    0
   11
    2
    0
    1
    0
    0
    0
    0
   14
   20
    2
    0
   38
    2
   39
   20
   17
   13
   36
   10
    4
   42
   61
   25
   15
   49
    9
    3
    0
    0
    0
   13
    0
    1
   59
    2
   12
   79
    0
   59
    5
   24
   22
   15
   16
    2
    0
   16
   54
    0
    0
   37
    2
    0
    3
   12
   39
    0
    0
    0
    0
    0
    2
    0
    0
   10
    6
    0
    8
    2
    1
    0
    0
   29
    8
    0
    0
    0
    0
    0
    0
  227
   10
   45
   14
   10
    0
    0
   23
    0
   22
    3
   22
   43
   17
    0
    0
    0
   11
    0
    2
   16
    9
    0
    5
    0
    0
    0
    0
    0
    0
    0
    0
    0
    4
   20
    0
   17
   47
   11
   10
   39
    0
    3
    0
    0
    0
   87
   46
    6
    0
    0
    0
    0
    0
   86
    0
  218
    0
    0
   54
   12
    0
    0
   11
    0
   45
    0
   91
   11
    0
    0
    0
    0
    0
   68
  188
   11
   75
   10
   10
    0
    0
    0
    0
    0
   11
    0
   41
    0
    0
    0
   39
  207
  439
   82
   26
    0
    0
    0
   88
   30
   29
    0
    0
    0
    0
    0
    2
    0
   38
   24
    0
    0
    0
    0
    0
    0
    0
    0
    0
    0
    0
    0
    7
    3
    3
    0
    0
    0
    2
    0
    0
   49
    0
   69
   41
   91
    0
    9
    0
    0
    0
    0
    0
   17
    0
    1
    0
    3
   48
    0
    0
    0
    0
    0
    9
    0
    0
    0
    0
    0
    0
    0
    0
    0
    1
    0
    0
    0
  106
    0
   18
    3
    0
   10
   11
    0
    0
   21
   14
    8
    3
   10
    0
    0
    4
    0
   26
   64
   10
    9
    0
    0
   13
    0
    0
    0
    0
    0
    0
    0
    0
   12
    7
    7
    0
    0
    0
    0
    5
    0
    1
  128
    0
    0
    0
    1
   32
   78
  222
   78
    7
    0
    7
    4
    0
    0
    1
   32
   42
   11
   11
    3
    0
    0
    8
    0
    0
    0
    0
    0
   39
    8
   17
    0
    0
   20
   41
    0
    0
    0
   16
    0
   14
    3
    1
    3
    1
    0
    2
    0
    1
    0
    8
    8
    3
  128
    2
    0
   14
    0
    0
   27
    0
    0
   26
    0
    2
    0
    4
    0
    0
    0
    0
    0
    0
    1
   23
   54
   44
    0
   19
   12
   32
    0
    3
    0
    2
    0
    0
   59
   22
   28
   18
   54
   16
   29
    0
    0
    2
   25
    1
   33
    0
   16
   20
   11
   41
   18
    2
   38
   25
    9
    4
   35
    5
  138
   85
    0
    0
   23
    3
   41
    5
   30
    9
    0
    0
   10
   69
   78
   49
   41
   19
   14
  104
   30
  114
   44
    0
    0
    0
    0
    0
    0
   25
    0
    0
   49
   22
   39
   55
   17
    4
    0
    0
   18
    0
    0
    1
    0
    0
    0
    2
   24
    0
    4
    0
    0
    3
    9
    8
    0
    0
    0
    0
    7
    0
    0
    0
    0
    0
  180
   12
    0
    0
    0
    0
    0
    0
   23
    0
    0
    0
    0
    0
    0
    0
    0
   47
    2
   23
    5
   26
   67
    0
    0
    7
    0
    0
    0
   11
    5
    0
    0
    0
  142
    0
    0
    0
   11
    0
    0
  132
  157
    0
    0
    0
   51
    0
    0
    0
    0
    0
    0
    0
    0
   22
   25
    1
    0
    0
    0
    0
    1
   27
   67
   16
   62
    0
  115
    8
    4
    9
    5
    0
   17
   32
    2
    0
    6
    0
    5
    0
    0
   31
    0
    0
    9
    4
   17
    6
    5
    7
    0
    0
   78
    0
    0
    0
    0
   25
    0
    0
   24
    0
    0
    0
    0
   66
    0
  149
    1
   35
  204
   58
    0
    0
    0
    0
    0
  124
   47
    0
    1
    0
  172
   18
  172
    3
    6
   34
   13
    0
    0
    0
    0
    0
   35
    0
    3
   11
    0
    0
    0
    0
   29
    2
    0
    0
    1
    0
   24
    0
    0
    0
   99
    0
    0
    0
   17
   75
  118
    0
    8
    2
   11
    3
    0
    0
    1
    0
    0
    0
    0
    0
    0
    0
    0
    0
    0
    3
   33
   16
    0
    0
    2
    0
    0
   25
    0
    0
    2
    0
    0
    0
    0
    0
    0
   16
   84
    0
    0
   31
    0
   29
    0
    6
    0
    0
    0
    2
    9
    0
   53
    0
    0
    2
    1
    0
    2
    0
    0
    6
    5
    0
   14
    2
    9
    0
   31
   22
    0
    0
    0
    0
    0
    0
    0
    0
   78
   39
   21
    0
    0
    0
    3
   10
   18
    3
    1
    3
   36
    4
    0
    0
    0
   10
    0
    0
    0
    0
    0
    0
    0
    0
    0
    1
    4
   36
    5
   24
   33
    0
    8
    0
    0
    2
    4
   42
   25
   56
   48
    0
    0
    0
    0
    0
    0
    0
   11
    0
    0
    0
    0
   11
    0
    0
    0
    1
   93
    4
    5
    2
   13
    0
    0
    1
    3
   36
   47
    1
    0
    0
   51
    0
   43
    3
   81
    2
    0
    9
    0
  144
   31
   12
    2
   68
   11
  109
   89
  111
    0
    0
    0
   34
   17
    0
    0
    0
    1
   68
    2
   20
    2
    6
    0
   47
    0
   16
   10
    7
   58
   13
    0
    5
    0
   14
   13
    0
    0
    0
   39
   13
    8
   13
    0
    0
    0
    0
   47
   25
  133
  113
    1
    0
    0
    0
    0
    0
    0
    0
    0
   20
  165
   13
    0
    0
    0
    0
    0
    0
    0
    0
    3
   52
    0
    0
   83
    4
   31
  104
   51
    0
    0
   43
   24
   34
   44
    0
    0
    0
    0
    3
  102
    2
   53
    0
    0
    8
   21
    0
    0
    0
    0
    0
    8
    0
   48
    0
    0
    0
    0
    0
    0
  330
   38
   44
    0
    0
    0
    6
   38
  260
   80
    0
    0
    0
    3
    0
    0
    0
    0
    0
    0
    0
    4
    1
    0
   25
    0
    0
    0
   41
   14
   22
    4
    0
    0
    2
   12
    0
    6
    0
    0
    5
    0
    0
    0
   91
    2
    0
    0
    0
    0
    0
   23
    0
    0
    3
    3
    0
    8
   22
    3
   62
   19
   87
   92
   96
   53
   39
   33
   68
    0
    3
   16
    0
    9
   24
   10
    4
    0
    0
   56
    2
    0
   80
    5
   53
   26
   87
    0
   54
    0
    0
    0
   31
   11
    1
    0
    0
    0
    0
    0
    0
    0
    1
    2
    1
    0
   38
   19
    0
   37
   19
    0
    2
   24
    8
    0
   16
   35
    1
    0
    0
    1
    1
   98
   88
   14
    0
    3
   23
    0
    0
    1
    0
    0
    3
    9
    0
    0
   61
    0
   38
   19
   18
   20
    3
   39
    0
   29
    3
    0
   24
   37
   63
   36
    0
    0
    6
   28
   22
    2
    2
    3
   12
   19
    4
   34
    1
   23
   38
    0
    2
    0
    0
    0
   17
  238
    8
    7
    1
   26
    0
    0
    0
   29
    8
    1
    0
    0
    0
    2
    0
    0
    0
    2
    0
    1
    2
    9
    6
    0
    0
    0
    7
    4
   73
   14
    0
    0
    0
    0
    0
    0
    0
    0
    0
   14
   16
   42
    0
    5
   11
   17
    0
    0
    0
    0
    0
   24
   18
    0
   40
   41
   10
   25
   63
   16
    0
    0
    9
    1
    0
    0
    0
    6
    0
    0
    0
    0
    0
  114
   66
    1
    0
    0
   13
   27
   44
   15
   13
    5
    2
    0
    0
    0
    0
    0
    0
    0
    0
    0
    0
    0
    0
    0
    0
    0
    0
    0
    0
    0
   44
  151
   76
    0
    4
    0
    2
    0
    0
    0
    3
   36
    0
   70
    9
    0
   29
    0
   35
    0
   17
  121
   16
   67
    0
    0
    0
    7
    0
    0
    0
    0
    0
    0
    0
    3
   56
    0
    0
    0
   16
    1
   27
    0
   18
  106
    0
    0
    0
    0
    0
    0
    0
   29
   32
   37
   39
    8
    0
    0
    0
    7
   12
   17
    2
    0
    0
    0
   71
   34
    0
    0
    0
    0
    0
    3
    0
    0
    0
    7
    0
    0
    0
    0
    0
    0
    0
    0
  235
    6
    0
   16
   26
    0
  221
  551
   12
   11
    0
    0
    0
    9
   26
   18
    6
    0
    0
    0
    0
    0
    0
    0
    0
  113
    9
    0
  110
  111
    0
   45
  440
  564
    5
    0
    0
    0
   11
    0
    0
    0
  193
    0
    0
    0
    0
    0
    0
    0
    1
    0
    2
    0
    0
    0
    0
    0
    0
    0
    0
    0
  476
    2
    0
    0
   28
    0
    5
    0
    0
    0
    0
    2
   13
   37
    0
   41
   49
    3
    2
    1
    0
    0
    0
   23
    2
   96
   33
   24
    1
    0
    0
    0
    0
    0
    1
   23
   35
    8
   66
    0
    1
   77
   39
   21
    0
   64
   24
   39
   29
   16
    0
    0
   67
   51
  121
   16
    0
    0
   24
   55
   40
   54
   16
    0
    0
    7
    0
   13
    0
   35
  175
    0
    0
   84
    0
    0
   12
   16
    0
    4
  198
  171
    2
    1
    1
   19
    4
    2
    0
    0
    0
    0
    0
    0
    3
    0
    2
   37
   15
    3
    0
    0
    0
  149
    0
   28
    0
   17
    3
    0
  149
  251
    0
