Station: Floeha , scaling_factor: 10.0, latitude:  50.8544, longitude:  13.0714, altitude:  270, nodata_value: -9
start: ..1969-01-01  end: ..1996-12-31
  157
  116
    3
    0
    0
    0
    0
    0
    8
    0
    0
    0
    2
    0
   12
    0
    4
    0
    0
    0
    0
   98
   42
   35
   70
   13
    0
   10
    0
    2
   51
    5
   32
    0
   36
    0
    0
    6
    0
   28
    1
    3
    0
   19
   13
  189
   33
    0
    0
    0
    0
    0
    0
    0
    0
    0
    0
    0
    0
    0
    0
    0
    0
    0
    0
    0
    0
    2
    0
   55
   95
  102
    2
   72
   13
    0
    0
    0
    0
    0
    0
    0
    0
    7
    3
   17
   40
    0
    2
   92
   63
   25
    0
    0
    0
    0
    0
    0
    0
    2
  108
   94
    0
    0
   87
   88
   88
   11
   32
    0
    0
   90
   81
   15
    0
    0
  202
    7
   29
   22
    3
    0
   79
    6
    0
    0
   15
    4
   29
    0
    0
    0
    0
    0
    0
   44
    0
    0
    0
    8
    0
    0
    0
    0
    1
  241
    0
    0
    0
  124
   44
   95
   37
   51
    1
   70
   52
    0
    0
    0
    0
    0
    0
    0
    5
   92
    0
    0
   11
  616
  142
    0
    0
    0
  196
    0
   64
   25
   38
  111
   21
    0
    0
    0
    0
    0
   47
    0
   22
   18
   27
   22
   12
   20
    0
    0
    0
   11
    0
    0
    0
   16
    0
    0
    0
    0
    0
    0
    0
    0
   30
    0
    0
    0
    0
    0
    0
   16
   11
    0
    0
    0
    0
    1
  122
   84
  188
    3
   57
    0
   37
   48
    8
    0
    0
    0
    0
   21
    0
   63
   65
   81
    0
    0
    0
    0
    0
    0
    0
    0
    0
    0
    2
    0
    0
    0
    0
    0
   15
    5
    0
    0
    0
    0
   13
    0
    0
    0
    0
   32
    0
    8
    0
    3
   49
   42
    0
    0
    0
    0
    0
    0
    0
    0
    0
    0
    0
    0
    0
    0
    0
    0
    0
    0
    0
   37
   15
   13
    8
    0
    0
    0
   85
   22
    0
    0
    0
   64
    0
    0
   52
   35
    5
    3
    0
    0
    0
    6
    0
    0
    0
    9
   19
   11
    0
    0
    0
   70
   11
  128
   12
    0
    4
    0
    0
    1
   53
    0
    0
    0
   23
    0
    0
    0
   11
    0
    0
    0
   64
   15
    0
   50
    5
    0
    0
    0
   13
    0
    0
    0
    0
    0
   34
   11
   16
   17
    0
   11
   10
   55
    0
   19
    0
    0
    0
    0
    0
    0
    0
    0
   46
    0
    0
    0
    0
    0
    0
    0
   10
    0
    0
  131
   24
    0
    0
    5
    0
  135
   16
    0
   20
   54
    0
    7
   33
   59
   10
    0
   47
    0
    0
    9
    8
   40
    6
   70
   72
  181
  171
   52
    0
   40
   19
   31
   45
   64
    0
  111
  281
   25
    7
    0
    0
    0
    0
    0
    0
    0
    0
   21
   42
   51
   17
   58
    0
   17
    0
    0
    7
    0
   30
  102
    0
    0
   64
    0
    0
   39
   37
   10
    6
    5
    0
  182
    0
   13
   11
   72
    0
    0
   48
    0
    3
  104
   66
   19
   16
   15
   83
    3
   23
   37
    0
   40
   61
   92
   33
   20
    0
    0
    0
    0
    0
    0
   11
  101
  102
   15
    0
   13
   32
    0
    0
   71
   32
   30
   11
   60
    0
    0
   61
   86
  118
   20
   72
   86
   32
    0
    0
   34
   13
    0
    0
    0
    0
    0
    0
    0
    0
    0
    0
  150
    0
    0
    0
    0
    0
   56
    0
    0
   13
    0
    0
  155
   20
    2
   71
   23
   30
    0
    4
    0
    0
    0
  162
    0
    0
    0
    0
   53
   41
   36
   31
    2
   45
   32
   54
    0
    0
  101
   14
   47
   15
    0
   41
    0
   75
    0
   57
   30
    0
    0
    0
   48
   51
   17
   14
    3
    0
    0
   82
    0
   29
   10
    0
    0
   78
  188
   23
   77
   15
    4
    0
    0
    0
    0
    0
    0
   21
    0
   25
    2
    0
    0
    0
    5
    0
    0
   38
    0
   11
    0
    0
    0
    0
    0
    0
    0
   40
    0
    0
    0
   18
    0
    0
    0
    0
   82
   63
  115
  161
   47
   14
    0
    0
    0
    0
    0
    0
    0
    2
    0
    0
    0
    0
    0
   31
    7
   45
   94
   49
   84
    0
   52
    0
  191
    3
    0
   19
    2
  139
   62
    0
   60
   51
    0
    5
   40
   25
   80
    0
   29
   53
    0
    0
    6
   30
   12
    0
  109
  106
    0
    0
    0
    5
    0
    0
   11
    6
   90
   15
   85
   49
   35
    7
   20
    0
    3
    5
    0
    0
    0
   24
   18
    0
    2
    0
   16
   15
   16
   11
   48
   43
    9
    0
    0
    0
    0
  196
   21
    0
    0
    0
    0
    0
    0
    0
    0
    0
    0
    0
    0
    0
    0
    0
   41
    0
    0
    0
   10
    0
    0
   44
    0
    0
   47
   30
    4
    0
    0
    0
   13
    0
   35
    0
   26
   10
   15
   49
    9
    0
    0
   14
   18
    0
    0
    0
    0
    3
  113
    7
    7
   54
   55
   52
   87
   25
   21
   87
   26
    3
    6
   25
   10
    9
   11
    0
    7
   50
    9
    6
    0
    0
    0
   25
    0
    0
    3
    0
    0
   61
    9
    0
   33
    5
    0
    0
    0
    3
   28
    0
    0
    0
    0
   10
    0
    0
    0
    0
    0
    0
    0
    0
    0
    0
    0
   47
    0
    0
   41
    0
    0
   38
  168
   53
   38
   30
   20
    0
    0
    0
   44
    0
    0
    0
    9
    0
    0
   24
    0
    0
    0
    0
    0
   41
    0
    0
   33
    0
   21
   24
    0
   57
    2
    0
  278
    0
   23
   46
   13
    5
    0
   14
   35
    0
   65
   37
  156
    0
  102
  198
  143
   35
   50
    0
   55
   38
    6
  165
   60
   39
    0
   37
    0
    0
    0
  224
   25
  102
   72
  164
   45
   80
    7
    0
    0
    0
    0
    0
    0
    0
    0
    0
    0
    3
    0
    0
    0
    0
    0
    0
    0
    0
    0
    0
    0
    0
    0
    0
    0
    0
    0
    0
    0
   17
    0
    0
    0
    0
    0
    0
    0
   20
    0
    0
  112
    0
    0
    0
    0
    0
    0
  223
  135
   60
    0
    0
   24
   36
    0
    0
    9
    9
    0
    0
    0
    0
    0
    0
    0
    0
  207
   90
    5
   17
    0
   19
   18
   13
    0
   98
    0
    0
    0
    0
   33
   30
   19
    0
    0
  117
   31
    0
    0
    0
    0
   12
    5
    0
    0
    0
    0
    0
    0
    0
   14
  218
    4
    0
    0
    0
    0
   20
   51
    0
    0
    0
    0
    0
    0
    0
    0
    0
    0
    6
    0
    0
    0
    0
    0
    0
    6
    7
  111
    5
    4
    0
   46
   39
   34
   29
  296
   13
    0
   62
    0
   49
   31
    0
    0
    0
    0
    0
    0
    0
    0
    0
   31
   12
   14
   30
    2
    6
   86
   35
   21
    0
    0
    0
    0
    0
    0
   31
   86
    0
   25
   30
    0
    0
    0
    0
   21
   25
    0
    0
    0
    0
    0
    0
   24
    0
    0
    4
   20
    0
    0
    0
    0
    0
    0
    0
    0
    0
    0
    0
   40
    6
    0
    0
    0
   12
   36
   11
   12
    0
    8
    0
    0
    0
    0
    0
    0
    0
    0
    0
   26
    0
    0
    0
    6
    0
    0
    0
    0
    0
    0
    0
    0
    0
    0
    0
    0
    0
    5
    0
    0
    0
    0
    0
    0
    0
    0
    0
    0
  111
    0
    0
    0
    0
    0
    0
    0
    0
    0
    0
    0
    0
    0
    0
    0
   22
  116
   38
   24
    0
   85
   34
   50
   39
   15
    3
   20
   25
    2
    0
    0
   14
    1
    0
    0
   12
    0
   14
   18
   34
    0
   44
    0
    0
   16
    0
   22
   21
    2
    0
    0
    0
    0
   15
    0
    0
    0
   11
   50
    4
   42
  113
   66
    0
   15
   60
  127
    0
   63
   93
    0
   65
    0
    0
   12
    0
   34
   70
  184
   44
   21
    0
   12
    0
    0
    0
    0
  105
   72
    0
    0
   64
  133
  202
    0
    0
    5
    0
    0
    0
   12
    0
    0
    0
   10
    0
    0
    0
    0
   12
    5
   74
    0
    0
   22
    0
    0
    1
    0
    0
   25
  195
    0
    0
    0
    0
    0
    0
    0
    0
    0
    0
    0
  259
    0
    0
   56
    0
    0
   18
   16
  210
    0
   30
   20
   85
    1
   15
    0
    0
    0
    0
    2
  155
    0
    0
    0
  411
   24
    8
   34
    0
    0
   21
    0
    0
    0
   13
    0
    0
    0
    0
    0
    0
  120
    0
    0
    0
    0
    0
    0
    9
    0
   56
   17
    5
    0
   15
    0
    7
   27
    0
    0
    0
    0
   48
   45
   32
    4
   12
   19
   38
    0
    0
    0
    0
    0
    0
    0
    0
    0
    0
    0
    0
    0
    0
    0
    0
    0
    0
    0
    0
   19
   43
   29
  127
   50
    0
    0
    0
    0
  195
   29
    0
    0
    0
    0
    0
    0
    0
    2
    0
    8
    7
   46
   47
   46
   24
   10
    6
    0
  147
   18
   10
    0
    0
    0
   19
   60
    0
    0
    0
    0
    0
    0
    0
    0
    0
    0
    0
    0
    3
   25
    0
    0
    0
    0
    0
    0
    0
    0
    0
    7
    0
    0
    0
    0
    0
    0
    0
    0
    0
    0
    0
    0
    0
    0
    0
    0
   13
    6
    0
    0
    0
   15
    0
    0
    0
    0
    0
   53
    9
    0
    0
    0
    0
    0
    0
    0
    0
    0
   30
  126
   37
   22
   42
    5
   60
    0
    0
    0
    7
    0
    6
   39
   30
    0
   18
    8
    0
    0
    0
    5
    5
   58
    4
   55
   60
   32
  135
   84
   10
   46
    8
    9
    0
   30
   81
    3
    0
    0
   23
   26
    1
    0
   13
    2
    0
    0
    0
    0
   54
  125
   25
    5
    0
    0
    0
    0
    0
    0
    0
    9
    0
    0
    0
   25
   26
   53
    0
   10
   13
    0
    2
   51
  317
   26
   81
    0
    0
    0
   29
  102
   60
   25
    3
   74
    2
    0
    0
    0
    0
    0
   24
    2
    0
    3
  277
   25
    0
    0
   20
   15
   76
   47
   21
    0
    0
    0
   46
    5
    0
    0
    0
    0
    0
  154
    0
    0
   53
   41
    0
    0
    0
    0
   35
    6
  229
    0
    0
    0
    0
    7
   43
  428
    0
   50
    0
    0
   40
    0
   14
    0
   75
    6
    0
    0
    0
    0
    0
    4
    0
    0
    0
   26
   40
    0
    0
    0
    0
    0
    0
    0
   65
    0
    0
    0
   19
  260
   21
    0
  153
   26
   20
   18
   12
  208
    0
   40
   21
   10
   60
  456
   54
  178
    0
    0
    0
    0
    0
    0
   27
    0
    0
   47
    0
    0
    0
    5
    0
    0
    0
    0
    0
    0
    0
  150
   16
    5
    0
    0
    0
    0
    0
    0
    0
    0
  194
   15
    0
   23
    0
    0
    0
    0
    0
    0
   28
    8
    0
    5
    0
    0
    0
   59
  131
    0
   11
    0
    0
    0
    0
   45
    0
    0
    0
    0
   20
    0
    0
    0
    0
    0
    0
    0
    0
    2
    4
    0
  133
    0
    9
   27
   27
   87
   33
    0
  105
  126
  121
   29
   97
    0
    0
    0
    0
    0
    0
   39
    0
    0
    0
    0
    0
   40
    0
    3
   53
    0
    0
    0
   10
   57
   44
   24
   15
   10
    0
   22
    5
    0
    0
    1
   46
    3
  117
   49
   13
   39
    0
   11
    0
   55
   82
    3
   34
   60
   60
    5
    0
   23
    6
   69
   79
   70
   57
    0
    4
    0
    0
    0
    8
    0
    0
    7
    0
    5
   14
    0
    0
    0
    0
    0
    0
    0
    0
   44
   31
    0
    0
    0
   24
    0
    0
   11
   15
    5
   83
  177
   19
    0
    0
   33
   24
   42
    0
    0
    6
    0
    1
    0
    0
    0
    0
    7
    0
    2
   89
   50
   41
   14
    0
    0
    2
    0
    2
    0
    0
    3
    4
   89
    0
   10
  109
  138
   11
   33
    0
    0
    0
    0
    0
    0
    0
   16
    1
    0
    0
    0
    0
    0
    0
    1
   22
    0
    9
   55
   47
    2
    0
    0
    0
    0
    0
    0
    0
    0
    0
   24
    0
    0
    0
    0
    0
    0
    0
    0
    0
    0
    0
    0
    0
    0
    0
    0
   79
   60
   27
    1
    0
    0
    0
    0
    1
   38
    0
    2
    0
    4
    0
    0
   16
    0
    0
   85
   62
  117
   43
    0
    8
    0
  216
    4
   37
  113
   12
   16
    4
    0
    0
    0
   87
  132
   12
    0
    0
    0
    0
    0
    0
    0
   46
   40
    0
  148
    0
    0
   12
   21
   48
   12
    4
   52
  129
  220
   94
    0
    5
    0
   40
    0
   13
    0
    0
    0
    0
    0
    8
  171
   19
   78
  201
   75
    0
   55
    2
    0
  122
    5
    0
  101
    0
  150
    1
   29
   35
    0
    0
   11
   86
    0
   81
    0
    0
    3
  119
   42
    0
    0
    0
    0
    0
    0
  122
   90
    0
   25
   51
    0
    0
    3
   67
  159
   28
   29
    0
    0
    0
    0
  184
   78
   32
   73
    0
    0
    0
    0
    0
    0
   47
    0
    0
    0
   19
    0
    0
   61
    0
    0
   50
    0
    0
  102
    0
    0
    0
    6
    0
    0
    0
    0
   28
    0
    0
    0
    0
    1
    0
   24
   84
    0
  131
   15
    0
    3
    0
   38
    0
   38
    0
    8
    3
   55
    8
    1
    0
    0
    0
   10
  263
    3
    0
   11
  178
  136
  458
   45
   71
  103
   20
   41
   31
   11
   23
   41
  322
  131
   18
    1
    2
    0
    0
    0
    4
    5
    0
    0
    0
    0
    0
    0
    0
    0
   25
    0
    1
  114
    2
   14
   15
   10
   58
   40
   79
   36
   18
   16
   68
   16
   35
  226
  341
  111
   17
   48
   32
   54
   30
   20
   48
   37
   93
   30
   35
    0
    0
    0
    0
    0
   27
   50
    5
   50
   65
  182
   69
   89
    4
    0
    0
   13
    0
   82
   15
    0
    0
    0
    0
   10
    0
    0
    0
    0
    0
    0
    0
   10
   51
    8
    0
   30
    0
   39
   51
   15
   16
   28
   13
   50
    4
    0
    0
    0
    0
    0
    0
    0
    0
    0
   14
   34
    0
    0
    2
   17
   73
    0
    0
    0
    0
    0
    0
    0
    0
    0
    0
    0
    0
    0
    0
    0
    0
    0
    0
    0
    0
   70
    0
   59
   10
   21
    0
    9
   14
   12
    0
    0
    0
   83
  207
   82
   15
    0
    0
    0
   10
    0
    0
    0
   34
    4
   36
    0
    0
    0
    0
   24
   46
   10
  110
  243
   69
    9
    0
    0
    4
    0
    0
    0
    0
   44
    0
    0
    0
    0
    0
    0
   39
  110
    0
    0
    0
    0
  217
   10
    5
   78
   32
    0
    0
    0
    0
    0
   55
    3
    0
    0
    0
    0
    0
   19
    0
    0
    0
    3
   21
    0
    0
    0
    0
    0
    0
    0
    0
   35
  103
  161
    0
    0
    0
    0
    7
   30
   14
  161
    0
   90
    0
   34
    0
   64
    0
    0
    0
    0
    0
   15
   46
   16
    0
    0
    0
    0
    0
    0
    4
   17
    6
    0
    0
   15
    0
    4
    0
  165
  100
    0
    0
  120
    0
    3
   52
    0
    0
    0
    0
    0
    0
    0
    0
    0
    0
    0
    0
    0
    0
    0
    0
    0
    0
    0
    0
   10
    0
   11
   90
    0
    0
    0
  693
   54
  120
  203
    0
    0
    0
    0
   22
    0
    0
    0
    0
   35
    4
    0
    0
    0
    0
    0
  447
   70
    0
    0
    0
    0
    0
    0
   11
    0
    0
    0
    0
    0
    0
   25
    0
    8
    0
    0
    0
    0
   47
   12
   62
    0
   41
   52
   66
    0
    0
    0
   33
    0
    0
    0
   33
   43
   12
   22
   54
   13
    0
    0
    0
    0
    0
    0
    0
    0
    0
    0
    0
    0
    0
    0
    0
    0
    0
    0
    0
    0
    0
    2
   34
    0
    0
    0
   76
   95
  145
  128
    0
    0
    0
    0
    0
    0
    0
   44
   15
    4
    0
   15
    2
   18
    8
   17
   10
    0
   26
    0
    0
   22
    0
    0
    0
   10
    0
    0
    0
    7
    0
    0
    0
  102
  101
    0
    0
    0
    0
   40
  128
   30
   38
   26
   93
   35
    0
    0
    4
  173
  124
   72
  147
  184
   28
   20
    0
    0
    2
    6
   33
   80
  120
   55
   23
    0
    0
    0
    0
    0
    0
    0
    0
    0
    0
    0
    0
    0
    0
    0
   30
    0
    1
   13
   29
    0
    0
    0
    0
    0
    0
    0
    0
    0
   12
    0
    0
    0
    0
    0
    0
    0
    0
    0
    0
    0
    0
   11
    7
    0
    0
    0
    0
    0
    0
   12
   47
   27
   35
   21
    7
    6
    0
    0
   57
   83
   18
    0
    0
    0
    0
    0
    0
    0
    0
   37
    0
    0
   11
    0
    0
    0
    0
    0
    0
   28
    0
    0
    0
    0
    0
    0
    0
   47
   14
    5
    0
    7
    4
    0
    0
    0
    0
   20
    0
    0
    0
    0
    0
    0
    0
    0
    0
   29
    0
    0
    0
    0
    0
   23
  177
   65
    4
    0
    0
    0
   11
    4
   17
   23
   27
   96
   51
   60
    0
  152
    0
    0
    0
    0
    0
    0
    0
    0
    0
    0
  131
   47
    0
    0
    0
    0
    0
    0
    0
    0
    0
    0
    0
    0
    0
    0
    0
    0
    0
    0
    0
    0
    0
   37
   17
    0
    0
    0
   84
   40
   64
    0
    0
    0
   12
   56
   38
    0
    0
    0
   13
   37
    0
    0
    0
    0
   71
   12
   13
  103
    9
    0
    0
    0
    0
    0
    0
    0
    0
    0
    0
    0
    0
   37
   31
   22
   37
    0
    0
    0
    0
    0
    4
   12
    0
    0
    0
   16
    0
   55
    0
   15
    0
    0
    0
    0
   31
    8
    0
    0
    0
   76
    0
    0
    0
    5
    0
    0
    0
    0
    0
    3
    0
    0
    9
   44
   34
    0
    0
    0
   30
   26
    0
    9
    0
    0
    0
    0
    0
    0
   12
    0
   12
   85
   82
    0
    0
    0
    0
    0
    0
    0
    0
    0
    0
    0
    0
   44
    0
    0
    0
    7
    0
    0
    0
   44
    0
    0
    0
    0
    0
   22
   68
   40
   38
    0
    0
   24
    0
    0
   32
   23
   74
   48
    0
   49
   15
    0
   13
    6
   10
    0
    0
    0
    0
   41
    0
    0
    0
    6
  103
   91
   93
   14
    6
    0
    0
    0
    0
    0
    0
    0
    9
   87
    0
    9
   29
    0
    0
    0
   36
    0
    0
    0
    0
    0
    7
   20
    2
    0
    9
    0
    0
    4
    0
    3
    1
    0
   21
    0
    0
    3
    0
    0
   83
    0
    0
    0
   86
    0
    0
    0
    0
    0
    0
   21
    0
   24
   55
    8
   37
    5
    0
    0
    0
    0
    0
    0
   11
   54
   33
   10
    0
    0
    0
    0
   14
   29
   19
    6
   40
   15
   11
    0
    0
    0
   54
    0
    0
    0
   96
    3
    0
    0
    0
    0
   63
   96
    0
    4
    0
    0
    0
    0
   50
   13
   86
    0
    0
    0
   11
    0
   14
    0
    0
   16
    0
   20
   22
   25
   32
   23
  100
   62
   85
    5
    0
    0
    0
    0
   14
   16
   50
   23
    0
    0
   10
   18
  106
   15
   10
    4
    0
    0
  104
    0
    0
   63
    0
    0
    0
  114
    0
   68
    0
    0
    0
    0
   27
   41
    8
    0
    0
    0
    0
    0
    0
    0
    0
   47
    0
    0
    0
   97
    8
   17
   35
   16
    0
    0
   25
   13
    0
    0
  195
  183
    0
    8
  232
  496
    8
    0
    0
    0
    0
    0
   59
    0
    0
   80
    0
    0
    0
    0
    0
    0
  189
   12
   20
   14
  121
    0
    0
   50
   30
   34
    0
   15
   20
   37
    0
   26
    0
    0
  204
  210
   45
   10
    0
    0
    0
  181
   54
    0
    0
    0
    0
    0
    0
    0
   38
  412
  172
   25
    3
    0
    0
    0
    0
    0
  120
    0
   38
  220
    0
    0
    0
    7
   29
    0
    0
    0
    0
  583
    0
  201
    0
    0
    0
  108
   89
   32
   50
    0
    4
    0
    0
   11
    0
    0
    0
   18
    0
   30
   71
    0
    0
    0
    0
    0
    0
   23
    0
    0
   50
   42
    8
   21
    0
    0
    0
    0
   35
    0
    0
    0
    0
    0
    0
    0
    0
    0
    0
    0
    0
    6
    0
    0
    0
    0
    0
  113
    0
   57
    0
  126
   90
   11
    0
    0
    0
    0
  356
    0
    0
  101
    0
   63
    0
    0
   46
   35
    0
    0
    0
   24
    0
    0
   48
   64
   40
    0
    0
   38
    2
   50
    0
    0
    0
    0
    0
    0
    0
    0
    0
   81
    0
   45
   11
    0
    0
    0
    0
    0
    0
    0
   10
   10
   75
   23
   40
    0
   27
   44
   23
    0
    0
   20
  100
    0
    0
    0
    0
    0
   15
    0
    0
    0
    0
    0
    0
    0
   12
    0
    0
    0
    0
    0
   61
   38
   14
    0
    0
    0
    0
   11
    0
   20
    2
   10
    0
    0
    5
   16
    9
    4
   63
    0
    0
    6
    8
    0
    0
    0
    0
    0
   20
    0
    0
    0
    0
    0
    0
    0
    0
    0
    0
    0
   40
    0
    0
    0
   92
   10
    0
    0
   20
    0
    3
    0
   40
   23
   52
   81
   20
   11
   12
   15
   43
    0
   18
    0
    0
    0
    0
    0
    0
   19
   27
    0
    0
    0
    0
    0
    0
   53
    0
    0
    0
    0
    0
    0
    0
    0
    0
   35
    0
    5
    0
    0
    0
    0
    0
    0
    0
   40
  117
    0
    0
    0
  130
  603
  202
   10
   21
   19
   22
   44
    0
   58
   57
    0
    0
   73
    0
    0
   31
  151
   31
   17
    0
    0
    0
    0
    0
    0
    0
    0
   40
   27
   40
    0
  138
    0
    0
    0
    0
   50
  101
   56
    0
   10
    0
    0
    0
   19
    0
    3
    0
   11
    0
   10
   59
    0
    0
    0
    0
    0
   42
   13
   67
   25
   17
  102
   75
    3
    0
   20
    0
    0
    0
    0
    0
  133
    0
   31
    0
    0
    0
    0
    0
    0
    0
    0
    0
    0
    0
    0
    0
   34
    0
    0
    0
  479
  342
  133
   94
    8
    0
    0
    0
   10
   11
  102
    0
    0
    0
    0
    0
   13
    0
    0
   12
    5
    0
   30
  114
   73
   27
   68
    5
    0
    0
    0
    0
    0
   43
    3
  155
  141
    0
    7
    0
    0
    0
    0
   81
   50
   13
  170
   31
    0
   18
  152
    8
   74
   52
   10
    0
   22
   71
  147
   50
    0
    0
    0
    0
    0
    0
    0
    0
    0
    0
   42
   23
    0
    0
   18
   23
   76
    0
   35
   55
    0
   11
    4
    7
    5
    0
    0
    0
    0
    0
    0
    0
    0
    0
    0
    0
    0
    0
    0
    0
    0
    0
    0
    0
    0
    0
    0
    0
    0
    0
   69
    7
    2
   18
   83
  153
   44
    0
    0
    0
    0
    0
    0
   70
   73
    0
    0
   11
   21
   25
   15
    0
    8
    0
    0
    0
    0
    0
    0
   19
    6
    8
   10
   48
  194
  175
   50
   15
   24
   48
   13
    9
    0
   13
    0
    7
    0
    0
  113
   21
   34
   75
  131
    0
    0
    0
    0
    0
    0
   23
    8
    0
    0
   30
    0
    0
    0
   43
   48
   43
    0
    9
    0
    0
   45
   18
    0
    0
   40
   41
   20
   15
    0
    5
    0
    0
    0
    0
    0
    0
    0
    5
    0
    0
    0
    0
   11
    9
    0
   48
    0
    0
    0
    0
   29
   13
  101
   22
   66
   13
    0
   77
    0
   19
    6
   36
    0
    0
    0
    0
    6
   34
    0
   10
  120
  152
   11
    0
    0
    0
  222
    0
   70
  121
    0
    0
    0
    0
    0
    0
    0
    0
   10
   12
    0
    0
    0
   11
   21
   22
   10
    0
   11
  114
    0
    0
   34
    5
    0
    0
    0
   24
    0
    0
    0
    0
    0
   56
    3
    0
    0
    0
    0
   89
   36
    0
    0
    0
    0
    0
    5
    7
    0
  131
    0
    0
    0
    0
    0
    0
    0
    0
    0
   13
   91
   38
    0
    0
    0
   90
    0
    0
  133
   63
    0
    0
    0
    0
    0
    0
    0
   50
    0
    0
  107
  155
   15
    0
    0
    0
    0
    0
    0
    0
  122
   51
  166
    0
    0
    0
    0
   29
    0
   20
   44
    0
   13
    0
    0
   74
    5
   17
   10
    7
   19
    9
  385
    0
    0
   49
   13
    0
    0
    0
    0
    0
   28
  163
   40
    0
    0
    0
    0
    0
    0
    0
    0
    0
    0
    0
   49
   93
    0
    0
    0
    0
    0
    0
    0
    0
    0
    0
  110
   88
    0
    0
    0
    8
   30
    0
    0
    0
    0
    0
   14
    0
    0
    0
    0
  158
  209
  236
   75
  131
    0
    0
   15
    0
    0
    0
    0
    0
    0
    0
    0
    0
    0
    0
    0
    0
    0
    0
    0
    0
    0
   40
   32
   31
    0
    0
    0
    0
    0
    0
    0
    0
    0
    0
    0
    0
    0
   79
   82
    0
   68
   81
   50
   45
  116
    0
    0
    0
   14
    8
    0
   62
    0
    0
   61
   71
   52
   15
    0
    0
    0
    0
   18
    0
    0
    0
    0
   20
    0
    0
    0
   12
    0
   76
    8
   25
  135
   88
    5
   32
   30
   39
   44
   62
    0
   15
   49
    0
    0
    0
    0
    0
    0
    0
    0
   37
   21
   25
   42
   40
    5
   22
   31
    0
   25
    0
    0
    0
    0
    0
    0
    0
    0
    0
    0
    0
    0
    0
    0
   33
   30
    0
   58
   41
   10
   21
    0
   39
   48
   43
   50
   62
   30
  132
   53
   10
    0
    0
   60
   22
   24
    0
    0
   11
   21
    5
    0
    0
    0
    0
    0
    0
    0
    0
    0
    0
   31
   29
    7
   20
   10
    5
    0
    0
    0
  128
   62
    6
    0
    0
    0
    0
    0
    0
    0
    0
   52
    0
    0
    0
    0
    0
    0
    0
    0
   18
   13
   52
    0
   81
  128
  102
    8
    0
    0
    0
   20
   40
   25
    0
    0
    0
    0
    0
    0
    0
   15
   22
   42
    0
   52
  352
  183
    0
   23
    6
    0
    0
    0
    0
    0
    0
    0
    0
    0
    0
   98
   20
    0
    0
    0
    0
    0
    0
    0
   17
    0
    0
    0
    0
    0
    0
    0
    0
    0
    9
   61
    4
    0
    0
    0
    0
   55
    0
    0
    0
    0
   83
    0
    0
   41
    0
    0
    0
   35
    0
   33
   29
   21
    0
   24
   39
    7
    4
    9
   29
   27
   31
   24
   60
   42
  228
   65
    0
    6
    5
   35
  155
   60
    4
    5
   32
   61
   26
   64
   32
    0
   32
   34
   11
   87
    0
    0
    0
    0
    0
    0
   38
    0
   13
    0
    0
    0
    7
   26
    0
    0
    0
    0
    0
    0
    0
  126
    0
    0
    0
    0
    0
    0
  125
    4
   73
   45
    0
   70
    0
    0
    0
    0
   20
   45
  151
   30
    0
    0
    0
  452
   12
    0
    0
    0
   62
   47
  110
   41
   58
   37
    0
   20
    0
    0
    0
    0
    0
    0
    0
  100
    0
    0
    0
    5
   10
   50
   15
    0
    0
    0
    0
   72
    0
    0
    0
    0
  252
  233
   31
    0
    0
    0
  130
    9
    0
    0
    0
   20
   33
    7
    0
   24
    0
    8
   24
    0
    0
    0
    0
    0
    0
  101
   28
   14
    0
    0
    0
   13
    0
    0
   71
   39
    0
    0
   32
    0
    0
    0
    0
    0
  102
    0
    0
    0
   83
    0
    0
   25
   32
   33
   31
  142
   32
    0
    0
    0
    0
   25
   52
   12
   22
    0
    0
   23
    8
    0
    0
    5
   52
    0
    0
    0
   18
    0
    0
    0
    0
   40
  192
  101
   59
   61
   18
   19
   22
    0
   61
    0
    0
   23
    0
   61
   19
    5
   38
  132
   56
    0
    0
    0
    0
    0
    0
    0
    0
    0
    0
    0
    0
    0
   35
   68
   28
   35
   19
    0
    5
    8
    6
   18
   19
    0
    0
    0
   16
    0
    0
    5
    8
    5
    6
    0
    0
    0
    0
    0
   25
    0
   43
   31
   18
    0
   57
    5
  187
  168
  152
   79
   20
    0
    0
    0
    0
   23
    0
    0
    0
    0
   84
   12
   20
  137
    0
    0
    0
    0
    0
    0
    0
    0
   13
   15
    0
    0
    0
    0
    0
    0
    0
    0
    0
    0
    0
    0
    0
    0
    0
    0
   40
    0
    0
    0
    0
  310
   23
   32
  260
   45
    0
    0
    0
   30
    0
    0
    0
    0
    0
    0
    0
    0
   41
    0
   12
   73
    0
    0
    0
    0
  462
   22
   12
   61
   42
    5
    0
    0
    0
    0
   34
    0
    0
    0
    0
    0
    0
   45
    0
    0
    0
   19
    0
   57
   21
    0
    0
  118
   24
   65
   16
    0
    0
    0
   22
    0
    0
    0
    0
    0
    0
    0
  134
    0
    0
    0
    0
    0
    0
    0
    0
  134
    8
   37
    0
    0
   19
  289
  369
   21
   82
    0
  272
   72
   92
  152
   68
   26
    9
    0
    0
    0
  186
    0
    0
    0
    0
    0
    0
  133
   61
   34
    0
    0
    0
    0
   14
   15
    0
    0
  143
    7
   57
  112
    5
    7
   16
    0
    0
    0
    0
    0
    0
    0
    0
    0
    0
    0
    0
    0
   92
    0
    0
    0
    0
   54
    0
   99
    0
    0
   48
   17
    0
    0
   95
    0
    0
    0
    0
  392
   92
    0
    0
    0
    0
   15
    0
    0
    0
    0
   80
   79
   92
   33
   37
    0
  203
    0
    8
  178
    0
   37
  103
  113
   42
    0
    0
    0
  203
   29
   19
   60
    0
   -9
   -9
   -9
   -9
   -9
   -9
   -9
   -9
   -9
   -9
   -9
   -9
   -9
   -9
   -9
   -9
   -9
   -9
   -9
   -9
   -9
   -9
   -9
   -9
   -9
   -9
   -9
   -9
   -9
   -9
   -9
   -9
   -9
   -9
   -9
   -9
   -9
   -9
   -9
   -9
   -9
   -9
   -9
   -9
   -9
   -9
   -9
   -9
   -9
   -9
   -9
   -9
   -9
   -9
   -9
   -9
   -9
   -9
   -9
   -9
   -9
   -9
   -9
   -9
   -9
   -9
   -9
   -9
   -9
   -9
   -9
   -9
   -9
   -9
   -9
   -9
   -9
   -9
   -9
   -9
   -9
   -9
   -9
   -9
   -9
   -9
   -9
   -9
   -9
   -9
   -9
   -9
    0
    0
    0
    0
    0
    0
    0
  111
    0
    0
    0
    0
    0
    0
    0
    0
    0
    0
    0
    0
    0
    0
    0
    0
    0
    0
    0
   22
   13
    5
   42
    0
    8
    0
    0
    0
    0
   12
   11
   13
    0
    0
    0
    0
    0
   31
   85
    0
    0
    4
    0
    0
    0
    0
    0
    0
    0
    0
    0
    0
    3
   10
    0
    0
    0
   60
   71
   12
   48
   22
   19
    0
    0
    0
   11
    0
    0
    0
    0
    0
    0
    0
    0
    0
   22
    0
   12
   93
   12
   35
    0
    0
   15
  203
  201
    0
    0
    9
    8
  225
    0
    0
    0
    0
    0
   28
   20
    0
    0
   62
   17
    5
    0
    0
    0
    0
    9
    0
    0
    0
    0
    0
    0
    0
    0
   46
    0
   55
    0
    0
   37
   31
  117
   37
   34
  116
    5
    9
   52
   29
    0
   11
   14
   28
   22
  117
   36
   42
   76
   96
    0
    0
  226
   47
   43
  110
    9
    0
    0
    0
    0
    0
    0
   22
   20
    0
    0
    0
    0
    0
    0
    0
    0
    9
   75
   68
    0
    0
    0
    0
    0
    0
    0
    0
    0
   42
  688
  103
   92
   12
    0
    0
    0
    0
    0
    0
    2
   62
    0
   39
   47
    0
    0
    0
    0
    0
   13
    0
    0
    0
    0
    2
    0
   23
    0
    0
    0
    0
   23
    0
    0
    0
    0
    0
    0
    0
    0
    0
    0
    0
    0
    0
    0
   22
    0
    0
    0
   19
    0
    0
    0
    0
    0
    0
    0
    0
    0
   25
   94
    0
    0
    0
    0
   21
   25
    5
   32
    0
    0
    0
   15
    0
    0
    0
    0
   13
    0
    0
    0
    0
    0
    0
    0
    0
    0
    0
   31
    0
    0
    0
    0
    0
    0
    0
    0
    6
    2
    0
   39
   63
   16
   32
   15
    0
   21
    0
   33
    0
    0
    0
   46
   13
    0
    0
    0
    0
    0
    0
   69
   35
    0
   13
   14
   49
   13
    0
    0
   54
   28
   56
   13
    0
   32
    0
    6
    0
    0
   30
    0
   12
   48
    0
    0
    0
    3
    2
  162
   31
   29
    0
    0
    0
   17
   10
    0
    0
    5
   42
   47
  108
    5
   17
   22
   25
   41
    5
    0
    0
   82
    0
    6
   75
    0
   15
   48
   16
   63
   61
    8
   45
   28
    0
    2
   16
   83
   78
   89
   13
    0
    0
    0
   14
    0
   24
   13
    0
    0
    0
    0
    0
   17
    0
    9
   -9
   -9
   -9
   -9
   -9
   -9
   -9
   -9
   -9
   -9
   -9
   -9
   -9
   -9
   -9
   -9
   -9
   -9
   -9
   -9
   -9
   -9
   -9
   -9
   -9
   -9
   -9
   -9
   -9
   -9
   -9
  199
   31
    0
    0
   23
   34
   13
  123
    0
   15
  149
  165
   15
  100
   81
    0
    0
    0
   36
    0
    0
    0
    0
    0
    0
    0
    0
    0
    0
    0
   10
    0
    0
   25
    0
    0
   32
   33
    0
  100
    0
   11
   13
    0
   22
    8
    0
    0
   81
    0
   11
    0
   59
  113
   13
    0
    9
    0
   69
    0
    0
    0
    0
    0
    0
   79
    0
    0
    0
   28
    0
    0
    0
   43
   73
   33
   15
    0
    0
    0
    0
    0
    0
    0
    0
    0
   73
  113
    0
    0
    0
    0
    0
    0
    0
    0
    0
    0
    0
    0
    0
    0
    0
    0
    0
    0
  177
    0
   80
   40
   20
    0
    0
    0
   20
    0
    0
    0
    0
    0
    0
    0
  128
  232
  443
  718
  550
   18
    0
    0
   18
    0
    0
   20
    0
    0
    0
   52
    0
    0
    0
    0
    0
    0
    0
    0
    0
    0
    0
    0
    0
    0
    0
    0
    7
    3
    2
    0
    0
    0
    0
   18
  125
    2
    0
    0
   22
   54
    0
    0
    0
   15
   72
    5
    0
    0
   82
    0
    0
    0
    0
    0
    0
    0
   25
   16
    0
    0
    0
    0
   36
    0
   12
    9
    0
    0
    8
    0
    0
    0
    0
   11
    1
    0
    0
    0
    0
    0
    0
    0
    0
    0
    0
   17
    0
    0
    0
    0
    1
    0
    0
    0
    0
    0
    7
    0
    0
    0
   21
    9
   15
   14
    0
    3
    8
    0
    0
    0
   34
   76
   97
   76
   35
    6
    6
    0
    0
    0
    0
   27
   15
    0
    9
   40
   16
    0
    0
    0
    0
    0
    0
    0
    0
    0
    0
   35
   25
    3
   52
  128
    0
    0
    0
    0
    9
    0
    0
   10
   42
    4
    0
    6
   47
   56
    0
    0
    0
    8
  114
    6
    0
    0
    0
    0
    0
    0
   39
    0
    7
    0
    0
    0
    0
    0
   38
    0
    0
    0
   72
    2
   48
  232
   46
   83
   33
    3
    0
    0
    0
    0
    0
    0
    0
    0
    0
    0
    0
    0
   11
   66
    7
    0
    0
    0
    0
    0
    0
    0
    5
    0
    5
    0
   21
    4
    0
    6
    0
    0
    0
    0
    0
    0
    0
    0
    0
    0
    0
    0
    0
    0
    2
    6
    0
   50
    0
    0
   75
  193
   75
   51
    2
    0
    0
    0
    2
    8
   56
    0
    0
    0
    0
  102
    0
    0
    0
    0
    0
    0
    0
    0
    0
    0
    0
   26
    0
   32
    0
    0
    6
   16
    6
    0
   10
   16
    0
    4
    0
   41
   45
   11
    0
   61
    0
    0
    0
    3
   12
    0
  165
   60
   27
   10
   44
   20
    0
    0
    0
    0
    0
    0
   68
  178
   88
    0
   77
    0
    0
    0
    0
    0
   56
    0
    0
    0
    0
    0
    0
   46
    0
   36
    0
   58
    0
    0
    2
    0
    0
    0
   61
  107
   27
   10
    0
    0
    0
    0
    0
    0
    0
   74
   63
   67
  146
   94
   25
  137
    0
    0
    0
    0
    0
    0
    2
   52
   21
   71
    0
    0
  128
    0
    0
    4
   48
    0
    0
    0
  346
   38
  357
    0
    0
    0
    0
   45
    0
    0
    0
    0
    0
    0
    0
    0
   26
    0
    0
    0
    0
    0
    0
   13
    0
    0
    0
   68
   81
    0
   40
   40
   26
  267
   17
    0
    0
   35
    9
    0
    0
    0
   24
   80
   20
   32
    0
    2
   70
   80
    0
    0
   12
    0
   82
    0
    0
    0
    0
  126
    0
   58
   12
    0
    0
    0
   15
    0
    0
    0
    0
    0
    0
    0
    7
   38
    0
    0
   23
    0
    0
    0
    0
    0
   -9
   -9
   -9
   -9
   -9
   -9
   -9
   -9
   -9
   -9
   -9
   -9
   -9
   -9
   -9
   -9
   -9
   -9
   -9
   -9
   -9
   -9
   -9
   -9
   -9
   -9
   -9
   -9
   -9
   -9
    0
    0
    0
    0
    0
    0
    0
    0
   26
   35
   14
    0
    0
   26
    0
   15
   64
    0
    0
   87
    0
    0
    0
    0
    0
    0
    3
    3
   20
   10
    3
   37
   38
   60
   39
   10
    3
    0
    0
    4
    9
   22
   36
    6
    2
    0
    0
    0
    0
    0
    0
    4
    8
    5
    3
    4
   36
    4
    0
   34
   24
   46
  114
   16
    0
    0
    4
    8
    1
   26
    8
    0
    0
    0
    0
    5
   13
    0
   13
    9
    0
    0
   78
    0
    0
   38
   10
    0
    0
    0
    8
    0
    0
    0
    0
    0
    2
   18
   14
    1
    0
    0
    0
    8
    0
    0
   68
  300
    0
   12
    0
    0
    0
    3
    0
    2
   78
   44
    6
    5
   43
   37
   13
    0
    0
    8
    0
    0
    0
    0
   16
   21
   34
   40
    0
   20
   26
    0
    0
    0
    0
    0
    0
   41
    0
   43
   23
   45
   34
  144
   54
   34
   31
   89
    0
    0
    0
   36
    0
   11
    0
    0
    0
    0
    5
   30
    0
    0
    0
    0
    0
    0
  135
  121
    0
    0
    0
    0
    0
   27
    0
   20
    0
    0
    0
    0
   28
   81
   22
   20
    0
   80
   62
   35
  184
   30
   61
    0
   75
    0
    0
   55
   21
   20
   15
    0
   40
    0
    0
   20
    0
    0
  102
    0
    0
    0
    0
   55
    0
   33
   15
   15
    0
    0
    0
    0
   12
   68
    0
    0
    0
   27
    1
   15
    0
    0
    0
   52
    0
   65
   15
    0
   41
   20
    0
    0
   18
    0
   60
   23
    0
    0
   28
    0
   65
    0
    0
  292
  198
    0
    9
  135
    0
    0
  165
    0
   68
   47
    0
    0
    0
    0
    0
    0
    0
    0
   78
   47
    0
   36
   11
    0
    0
    0
    0
    0
    0
    0
   30
   42
   63
    0
    0
    0
    0
    0
    0
    0
    0
    0
    0
    0
    0
    0
    0
    0
    0
    0
    0
    0
    0
   23
    0
    7
   21
    0
    0
   75
    0
    0
    6
   30
    0
    0
    0
    0
    0
    0
    0
    0
    0
    0
    0
    0
    0
    0
    0
    0
    0
   38
    8
   38
    3
   35
   23
    0
    0
   24
   25
    0
    0
    0
    0
    0
    0
   20
   43
   22
    0
   31
   18
    0
    0
    0
    0
    0
   13
    0
    0
    0
    0
   28
    0
    0
   10
   22
   48
   17
   33
   12
   36
  164
   65
   18
   40
    0
    0
    0
    0
   21
    6
   27
   95
    8
    5
    0
    0
    0
   25
   30
    0
   10
    5
    0
    0
   30
   20
   32
   39
  104
   71
   82
   61
  169
    0
   70
    0
    0
    0
   16
   43
   12
    0
    0
    0
    0
    0
    0
    0
    0
    0
    0
    5
    5
    6
   70
    0
    0
    0
    0
    0
    0
    0
    0
   31
   30
    7
    0
    0
    0
    0
    0
    0
    0
    0
    0
    0
    0
    0
   61
  118
   36
   22
    9
    0
    0
    0
    0
    0
    0
    0
    0
    0
    0
    0
  127
    0
   66
   37
    0
    0
    0
    0
    3
    6
   81
    0
    0
   64
   21
    0
    0
    0
    0
   50
  122
   15
   20
    0
    0
    0
    0
   43
    5
    0
   13
    0
    5
    0
   63
   23
    0
    0
    0
    0
    0
    0
    0
    0
    0
    0
    0
   40
   21
   38
   20
   30
    0
   38
   35
    0
    0
    0
   72
   21
    0
    0
    0
    0
   31
    0
    0
   97
   48
  312
  194
   71
    6
   10
   36
  122
   66
   38
   32
    0
    0
    0
   64
   42
   55
    0
    0
    0
    9
    9
    0
    0
    0
    0
    0
    0
    0
    0
    0
    0
    0
    0
    0
    0
    0
    7
   32
   22
  142
    3
   32
  116
    0
    0
    0
    0
    0
    0
    0
   11
    0
    0
    0
    0
   81
   56
   84
   11
    0
    0
    0
    0
   92
   25
    0
    0
   34
   12
    0
    0
    0
    0
    0
  194
  136
    0
    0
    0
    0
   14
  273
   65
   19
    0
   16
   34
   79
    0
   14
    0
   31
   19
   22
   32
    0
    5
   45
   25
    0
   64
    0
   16
    0
    0
    0
  174
    2
    0
    8
  101
   99
   18
    0
    0
    0
    0
    0
    0
    0
    0
    0
    0
    0
    0
    0
    0
    0
    0
    0
    0
   51
    1
    0
    0
    0
    0
    0
    0
    0
    0
    0
    0
   27
   66
   97
  429
   27
    0
    0
    3
    0
    3
  124
    0
    1
   24
   19
    0
   11
   25
   27
    0
    1
    0
    0
    0
    0
    0
    0
   18
    0
   17
    0
   18
    2
    0
   25
    0
    0
    0
    1
    0
    0
    0
    0
    0
    3
    0
    0
    0
   37
    0
    0
    0
   13
    0
    0
    5
    0
   15
   41
   40
   42
   32
   48
   50
   74
   81
   79
    4
   66
   83
  337
  256
  158
   50
  173
   64
    6
   44
   91
   39
    3
  120
   68
    3
   12
   65
    0
    0
   28
    0
    0
    0
    0
    3
    0
    0
  137
    1
   37
   87
    4
   59
   50
    0
    0
    0
    0
    0
    0
    0
    0
    0
  149
    1
   28
    0
    0
    0
   24
   66
    0
    5
   58
    7
   63
    0
    7
    0
    0
    0
    0
  112
   79
   23
   78
    0
    0
    0
    1
   11
    0
    0
    0
    0
    0
    0
    0
   36
   81
   57
    8
    7
    1
    0
    8
  107
   27
   18
   16
   41
   28
    0
    0
    0
    2
    2
    0
   28
   67
    4
    0
    0
  235
  118
   39
    4
    0
    0
    0
    6
    0
    0
    6
   55
   50
    0
    0
    0
    0
    0
    0
    0
    0
    0
    0
   46
  224
    2
   44
   27
   22
    0
    0
   72
    0
   12
    2
    0
    9
    0
    0
    0
    5
   35
   20
  204
    3
    0
    0
    0
   52
    4
   69
   12
   20
   30
  164
   27
   64
   53
    3
    3
    1
    0
   12
    3
   58
   86
   49
  113
    7
   25
   27
    0
   25
    0
    1
   25
  114
    3
   45
    5
    0
    0
    0
    0
    0
    9
    0
    0
    0
    0
  115
    0
    0
    0
   35
    0
    0
   65
   32
   73
  203
   57
   23
    0
  129
   14
    1
   19
   31
   91
    1
    0
   51
    2
  106
    6
  124
    2
   44
   92
    1
    0
  114
   25
    0
   98
   18
   28
    2
   27
    0
  253
   24
    0
    0
    0
    5
    0
   13
    0
    3
   32
   63
    0
    0
    0
    0
    0
  152
    0
    0
  202
    0
    0
    7
    0
    0
    0
   35
    0
    0
    0
   79
    0
    0
    0
    0
   79
   35
    0
    0
    1
    7
   18
    0
    0
    0
    0
    0
    0
    6
    0
    0
    1
    0
    0
    0
    0
    1
    0
    0
  165
    0
    0
    0
    0
   40
    1
    0
    0
    0
    0
    0
    0
    0
    0
   32
   39
    1
    0
    0
    1
    0
    0
    0
   13
   12
    0
    3
    9
    0
   22
   82
   30
  230
  110
    7
    2
    0
    0
   34
    0
   16
    0
    0
    0
   13
    0
    0
    0
    0
    2
   13
    0
    0
   24
    0
    0
    0
    0
    0
   98
   79
  251
   51
   98
    7
   18
    0
    0
    2
   14
    1
   12
    2
    7
    1
   67
   14
    1
   33
    1
    0
    0
    9
    0
    0
   69
    0
    0
    0
    9
    4
   42
    0
    0
    0
    0
   14
   78
   65
   12
    2
    0
   23
    0
    0
    3
    0
   13
    3
    0
    2
    0
    0
    7
   11
    0
   23
   92
    1
    0
    0
    0
   64
  114
  121
    0
    9
   14
   74
   37
  137
   38
   31
  106
   53
   84
   11
    7
    1
   13
   29
   68
   58
    0
   45
  115
   43
   89
    0
   44
   24
   10
   10
    1
   39
   45
   72
   17
   50
   58
   56
   62
   19
    0
    0
   17
   52
    0
    0
   23
   42
    0
    0
   18
   16
    0
    0
    0
   52
    0
    0
    0
    0
    2
    0
   25
    0
    2
    2
    0
    0
    0
    0
    0
    0
    0
    0
   77
   47
    6
    0
    0
    0
    0
    0
    0
    0
    0
    0
    0
    0
    0
   13
   90
    0
   45
    0
    0
    0
    0
    0
    0
    0
    0
  120
   55
    0
    0
    1
    0
   56
   61
  188
    0
    0
    0
    0
   43
    0
    0
    0
    0
    0
    0
    0
    1
    0
    0
   49
    6
    4
    1
    4
    2
    3
    7
   62
    1
    0
   40
   24
   21
   26
    1
    0
   39
    0
    3
   46
   14
    0
   63
   35
    0
   47
   14
    0
    3
    0
   33
   55
    0
    0
   58
    0
   39
    0
    0
    0
    0
   62
    0
    0
    0
    0
    0
    0
    0
   20
    7
    0
    0
    0
    0
    0
    0
   47
    0
    3
    0
    0
    4
   55
   60
    0
    0
   80
   32
    0
   11
  107
   13
    2
  382
    2
    0
    0
    0
    0
   16
   36
    2
    0
    0
   26
   20
    2
    0
    0
    0
    0
   55
    4
    9
    0
    0
    0
   41
    5
    0
    0
    0
    0
    1
   31
    1
    0
   14
    0
    5
   23
   41
    1
    1
    0
    0
    0
    0
   28
   42
    0
    0
    4
    1
    0
    0
    0
    0
    1
   38
    1
   93
    7
    0
    0
    0
    8
    0
    0
    0
    0
    1
  144
  152
   30
    2
    0
   52
   61
   32
   15
    1
   13
  101
   16
    7
   16
   17
   20
  134
   36
   42
   24
   92
    0
  100
    3
   54
    0
   81
   31
   88
   14
    0
    1
    0
   36
  152
  385
   17
    7
    5
   65
   60
    1
    0
    3
    0
    0
    0
    3
   54
    0
    0
    0
   47
   57
  105
   63
    0
   52
    0
    6
    0
    1
    0
    0
    1
    0
    0
    0
    0
    0
    0
    0
    0
    0
    0
    0
    0
    0
    0
    0
    0
    0
    0
   17
    0
    0
    0
    0
    0
    0
   86
   31
   43
   29
    8
    0
   78
   18
   51
    0
    1
   21
    0
   19
    9
    4
    3
    1
   39
   31
    3
    0
    0
    0
   26
    3
    0
   40
   23
    2
    0
   48
   24
   23
    0
    0
    0
    9
   30
    5
   86
    0
    0
    0
    0
    0
    0
    0
    0
    0
    0
    0
  112
    0
    0
   42
   11
    0
    0
    0
    0
   14
   15
   19
    0
    0
   15
    1
   85
   63
    0
    0
    0
   46
   72
  152
    1
    0
    0
    0
    0
    0
    0
   28
    0
    0
    0
  101
   52
    1
    0
    0
    0
    0
    0
    0
    0
    0
    0
    0
    0
    0
    0
    0
    0
    0
   11
   67
    7
    0
   74
   15
   17
   36
    0
    3
   38
    0
    0
   38
    3
    0
    1
    0
    0
    0
    0
    0
    0
    0
    0
   69
    0
    0
   99
  367
   35
    0
   10
   10
   46
    6
    0
    0
    0
    0
    0
  277
    0
    0
    0
   57
   18
   15
   15
    0
   18
    0
    0
    0
    0
  166
    0
    0
   60
  192
    0
    0
    2
   54
    8
   12
   32
    0
    0
    1
  212
   11
    0
    0
    2
    9
    0
    0
    0
    0
   25
    3
    0
    0
    0
    0
    0
    0
   53
    0
   22
  202
  118
    0
    0
    0
    9
    0
  175
    1
    0
    0
    0
    0
    0
    0
    0
    0
   39
  213
    6
    0
    6
    0
    0
    0
    0
    0
    1
   56
   63
    1
    1
    0
    4
    0
   51
    0
    0
    0
   48
   67
   24
    9
    9
   20
    2
    0
   11
    9
    0
    0
    0
    0
    0
    0
    0
    0
    0
    0
    0
    0
    0
   15
  245
   20
  212
    1
    5
   49
    0
  149
  159
   21
    0
    0
    0
    0
    0
    0
    0
    0
    0
    0
    0
    0
   20
  121
   14
   21
   30
  227
   41
    0
    0
    0
    0
    0
    1
    0
    0
   17
    0
    0
   25
    0
   12
   32
   39
   29
   86
   10
    0
    0
    1
   62
    0
  126
    0
    0
    0
    0
    0
    0
    0
    0
    0
    0
   16
    0
    0
   17
    0
    0
    0
    0
    0
    8
    0
    0
    0
    0
    0
   16
    0
    0
    4
   11
    0
    1
   19
   21
    1
    0
    0
    0
    0
    0
    0
    1
    0
    0
    0
    0
    0
   11
    6
   31
    9
    6
   69
   48
  148
    1
    2
   10
    0
    0
    0
    0
    0
    0
    0
   84
   26
  120
   49
   16
   38
    3
   24
   27
    6
    0
   15
   75
    0
    0
    0
    0
    0
    0
    0
    0
    0
    4
    0
   52
    0
    9
   25
    1
    0
   17
    3
    0
    0
    0
    0
   83
    1
    0
    0
    0
    0
    0
   10
  115
    4
    0
   66
    2
    0
    0
    3
    3
    0
   44
    0
   94
  163
  128
    1
   58
    1
    0
    0
    0
    0
    0
    0
    0
    0
    0
    0
    1
  101
   14
    0
    0
    0
    0
   62
   14
    0
    0
    0
    0
    0
   22
    0
    0
    0
    0
    0
    2
    0
    0
    0
   74
    4
   23
    0
    0
   11
  322
   26
  223
   36
    0
    3
    0
    0
    0
    0
    1
    0
  487
   30
   23
    6
    0
    0
    0
    5
   22
   62
   75
    0
    0
   67
    0
    7
   27
    0
    0
   97
   24
    0
    0
    0
    0
    0
    0
   40
    0
    0
    0
    0
    0
    0
    0
    0
    0
    0
    0
    9
    0
    0
    0
    0
    0
    0
    5
   58
    0
    0
    0
   13
    0
    0
    0
   10
    0
   28
   68
   16
    0
  112
  173
   33
    3
    0
    0
    0
    0
    0
    0
   27
   90
   16
   40
   35
  153
   54
   49
    9
   35
   24
  152
  164
    1
    0
    0
    0
    0
   15
   57
    0
    0
   49
   27
    1
   21
   15
    0
    3
    0
    3
   38
   60
    0
    0
   60
    0
    0
    1
    6
    0
    0
    0
    0
    0
    0
    0
    0
    0
   45
    0
    2
    0
    0
    0
    0
    0
    0
    1
    0
  105
   82
   11
    0
   30
   32
   70
   28
    2
    3
    0
    0
    0
    2
   38
    0
   13
    3
    0
  110
   52
   33
   21
    0
   37
   30
    0
    2
   49
    0
    2
   61
    4
    0
    0
    0
  121
   23
    0
    0
    0
    0
   32
  106
   20
   34
   30
    0
   10
    0
    0
    0
   19
   20
    0
    0
    0
    0
    9
   41
    0
   30
    0
   11
   30
    7
  171
   41
    0
    0
   14
    0
    2
   17
   13
   35
    0
    0
    0
    0
    0
    0
    0
    0
   18
    0
    0
    7
    0
    0
    0
    0
    0
    0
    0
    0
    0
    0
    7
    5
    0
    0
    9
    0
   43
    0
   11
    9
   10
   43
   23
    0
    0
    0
    0
    0
    0
    0
    0
    0
    0
    0
    0
    0
    0
    0
    0
    0
    0
    0
    0
   26
    0
    0
    0
    0
    0
   11
    0
    0
    0
  132
   35
    5
   43
    0
    0
    0
    0
    0
    9
    0
    0
    0
   60
    0
    0
   45
    0
    0
    0
    0
    0
    0
    0
    0
    0
    9
    0
   22
   62
    0
   81
   21
    9
    5
   21
    1
   20
    0
    0
   21
   53
   10
   36
    9
   13
   21
    0
    3
    0
    0
    0
   13
  210
   21
    0
  101
   83
    0
    9
    0
    0
    0
    0
    0
   24
   43
   69
    0
    0
    1
    0
    0
    0
    0
    0
   22
    3
    7
   30
    9
   79
   34
    8
   16
    2
   10
    3
   11
    0
  413
   28
    0
    9
    0
    3
    0
   43
    0
   13
    0
  310
    0
    0
    0
    0
    0
    0
    0
    0
    0
    0
    0
    0
    0
    0
  173
   41
    0
    0
    0
    0
    0
    0
    0
    0
    0
  225
   26
   58
    0
    0
    0
    0
    0
   94
  188
  199
   47
    0
    0
    0
   24
    0
    1
    0
   93
    0
    0
    0
   16
   22
    0
    0
   30
    0
    0
    0
    0
    0
    0
    0
    3
   30
    0
    0
    0
    0
    0
    0
    6
    0
   10
   72
    0
    0
    3
    0
    0
    0
    0
   74
   13
    0
    0
   34
    0
   20
    0
    0
    0
    7
    0
    0
    0
    0
   39
   16
    0
    0
    0
    0
    0
    0
    0
    0
    0
    0
    0
    0
    0
    0
   70
    0
    2
    0
    2
   50
    5
   80
    0
    0
    0
    0
    0
    0
    0
    0
    5
   43
  105
   54
   25
  113
    9
    2
    7
   64
    2
    0
    0
    0
   12
  102
    0
    0
    0
    0
    0
    0
    0
    0
    0
   11
    0
    0
    0
    0
    0
    2
   24
   23
   54
   56
    0
    0
    0
    0
    0
    0
    0
    0
    0
   23
   44
  174
    1
   73
  101
   31
   19
    2
  238
   39
    0
    0
    0
    0
    0
    0
    0
   63
   24
   35
    0
    2
   12
    0
    0
   15
    3
   40
    0
    5
    0
   63
  104
    0
    0
    0
    0
    0
    0
    4
    0
    0
    0
    2
    2
    0
    0
   13
    0
  109
   50
    5
    0
    0
    2
    3
    0
   66
   20
   10
   34
   24
   30
   32
   20
   31
   29
   12
    0
    0
    0
    0
    0
    0
    0
   21
    2
    0
    0
   83
    0
    0
    0
    7
   61
   11
  239
  109
   22
   24
    2
    0
   19
   34
   16
   62
    0
  132
   20
   20
  121
   36
    5
    0
    0
   19
    0
    6
    0
    2
    0
    0
    0
    0
    0
    0
    0
   12
    0
    5
   50
   10
   10
   15
    0
    0
   15
    5
    0
    0
   18
   32
  162
    0
    0
    0
   42
    0
    0
    0
    0
    4
   34
   84
    4
  168
    0
    0
    0
    0
    0
    0
    0
    0
    0
    0
    0
    0
    0
    0
    0
    0
    0
    0
    0
    0
    5
    7
  153
    0
    0
   53
    0
  153
  164
    5
    0
    0
    0
    0
   15
    0
    0
   16
    0
    0
  112
    0
   42
    0
    0
    0
    0
    0
    0
    0
    0
   51
   74
  175
  255
  180
   75
    0
    0
  193
  234
   37
    0
   33
    0
    0
   53
    0
    0
    0
  193
   68
    0
    0
   42
    0
   24
    0
    0
    0
   54
   11
   41
   42
    0
    0
    0
    0
    0
    0
    0
    0
    0
   78
    9
    0
    0
    7
    0
   59
  148
    0
    0
  178
    7
    0
    1
    0
    0
   56
   74
  207
   58
   24
   10
   32
   88
    0
    0
    0
    0
    0
    0
    0
    0
   52
    0
    0
    0
    0
    0
    0
    0
    0
    0
  112
    0
    0
    0
    0
    0
    0
    1
    0
    0
   27
   10
    5
   21
    0
   30
    0
   12
    0
    0
    0
   50
    0
    0
    7
    0
    0
    2
   21
   32
   39
   41
   54
    5
   52
    2
    0
    0
    0
   30
    5
    0
    9
    0
   24
    0
    0
   21
   70
   15
   74
   73
   14
    1
   63
    1
   63
    2
   63
   23
   61
   10
   27
   22
   11
    0
    0
    0
    0
    7
    6
    1
    0
    0
    0
    0
    4
    5
  148
  142
   35
    4
    0
    0
    0
    0
    0
   47
    4
    0
    0
    0
    0
    0
    5
    0
    0
    0
    0
    0
    0
    0
    0
    2
   50
   79
   11
    5
    0
   58
   89
   26
    0
    0
    0
    0
   12
    1
   33
    3
   91
    7
   46
   92
   82
   28
   60
   17
    0
    0
    0
    0
    0
    0
    5
   20
    0
    0
    0
    0
    0
    0
    0
    0
    0
   24
   92
    0
   81
   92
   72
   45
   36
  104
   18
    5
    5
    0
    0
    0
    9
    0
   24
   10
    0
    0
    0
    3
    0
    0
    0
    2
    7
   20
   25
   14
    0
    0
    1
    9
   24
    0
   26
    8
    8
    8
   12
    0
    0
    0
    0
    0
    7
   17
    1
  123
   13
    0
    0
    0
    0
    0
    9
    5
    0
   19
   94
  112
    0
    0
    0
    0
    0
    0
    0
    0
    0
    0
    0
    0
    0
    0
    0
   12
    0
    0
    0
    0
    0
    0
    0
    0
    0
   49
    0
    0
    0
   11
    0
  314
   52
   10
    0
    0
   18
   82
   18
    0
    4
    4
    0
  185
   40
   49
    0
   34
    3
    0
    0
  125
   34
   80
    0
   33
   15
   31
   34
    0
  202
    0
    0
    2
   36
    0
    0
    3
  103
  102
    0
    0
    0
    0
    0
    0
  245
    0
    0
    0
    0
  142
  173
   11
    0
    3
   81
  125
    0
    2
   89
    0
    0
    3
   12
    3
   83
    4
   13
   40
    0
    0
   56
    0
    0
   15
   14
  128
   12
    0
   13
    8
  148
    0
    0
    0
    0
    0
    0
    0
    0
    0
    0
    0
   21
   31
    0
    0
    0
    8
    8
    0
  118
   63
   38
   82
   19
   53
   38
    0
    0
    7
    3
    2
   41
   19
    2
    0
   24
    0
    0
    0
    0
    0
    0
    0
    0
    0
    0
    0
    0
    0
    0
    0
    0
    0
    0
    0
    0
   33
    0
   24
   33
   28
    3
    0
    0
    0
   29
    0
    0
    0
    0
    0
    0
   57
   99
  118
    0
    0
    0
    0
    0
    0
    0
    0
    0
    0
    0
    0
   53
   60
   40
   32
    5
   37
   16
    0
   82
  107
    7
    3
    0
   27
    0
    4
   91
    1
    0
    0
    0
    0
   39
    0
    0
    0
   45
    0
    7
    0
    0
    7
   47
   27
  150
    1
   23
  177
  107
   10
    0
    5
   24
   45
  147
  122
   23
    0
    0
   69
   27
    0
    0
   23
   17
   36
    0
   55
   52
    3
    6
    0
    0
    0
    0
    0
   23
   24
   29
   49
    0
    9
    3
    0
    0
    0
    5
   28
   67
    0
   28
   33
   54
   41
   18
   13
    4
    5
    6
    1
    0
    0
    0
   16
   78
   33
   42
   13
    5
    0
    0
    0
    0
    0
    0
    0
    0
   11
   12
  108
   59
    7
    0
    0
    0
   78
   19
   72
    0
   25
    0
   23
    2
    0
    0
    0
   63
   60
  112
  375
   31
   21
    7
   75
   80
    0
   20
   28
   32
   40
   42
   14
    0
   21
    8
    1
    0
    0
    3
   54
    0
    0
    0
    0
    0
   19
   83
  328
   84
   40
    0
    0
   97
    0
    0
    0
    0
    0
    0
    0
    0
    0
    0
    0
    0
   19
    0
    0
    0
   40
   64
    0
    0
    0
    0
    0
    0
    0
    0
   17
    2
    0
    0
    0
  360
    9
   21
    0
   16
   96
  100
  105
   46
   15
    0
    0
    0
    0
   60
   21
   14
   74
    0
    0
    0
    5
    1
    9
    0
    0
    0
    0
  167
   19
    0
    0
    0
    0
    0
    0
    0
    0
    0
    0
    0
   97
    0
    0
    0
    0
   85
   28
    0
  205
   28
    0
    0
    0
    0
    0
    0
    0
    0
    0
  198
   35
    0
    0
    0
    0
    0
    0
    0
    0
    0
    0
    0
    0
    0
    0
    0
    0
    0
    0
    5
  111
    0
   64
  183
  132
    0
    3
    0
    0
   69
  108
   40
    0
    0
    0
  111
   98
  206
    0
    0
   91
    0
    0
   13
    0
   31
    0
    0
   63
    0
    0
  168
    0
   73
    0
    0
   24
    1
   18
    0
    0
   20
    0
    0
    0
    0
    0
    0
    0
    0
    0
    0
    0
    0
    2
   32
  161
    0
   62
    0
    0
    0
   21
    0
    0
    0
    0
    0
    0
    2
    0
    0
    0
    0
    0
    1
   17
    0
    0
    8
    0
    2
    7
   23
    8
    0
    0
    0
    0
    0
    0
    0
    9
    0
    0
    0
    0
    0
   82
   93
    0
  121
   30
   22
    0
    0
    0
    0
    9
   72
   52
    9
    8
    3
    0
    0
    0
   12
   30
   21
    0
    0
   20
    0
   80
    0
  109
  279
    0
    0
   18
    0
    0
    0
   17
    2
    1
    1
    0
    0
    9
   36
   31
   12
   38
    7
   39
  124
    7
    0
    0
    0
    1
    0
   97
   23
   20
   70
   16
    0
    0
    0
    0
    0
   60
   42
    0
   26
   64
    4
   23
   31
   34
   15
   72
   65
    0
    0
   12
    0
   47
    0
   13
    0
  151
    0
    0
   14
    0
   41
    0
   14
    0
    0
    0
   23
    0
   43
    0
    0
   22
   42
   28
   14
    1
    0
    2
    0
    0
    0
    0
    0
    0
   21
    0
    0
    0
    0
   12
   17
   13
    0
   24
   23
   22
   34
    0
    8
    0
   18
   14
  121
   16
   51
    0
   84
  112
    0
    0
    0
    0
    7
   26
    7
   30
   82
  153
   30
   17
    8
   66
   79
  146
   29
   38
    0
    0
    0
    0
   21
    9
   62
   74
    6
    0
   34
    0
    0
    0
    0
    0
    0
    0
   93
   67
   31
    0
    8
  301
    3
    0
    0
   30
   79
    0
    0
    0
    0
    0
    0
    0
    0
    0
    0
  113
  267
   60
  405
  105
    0
   22
   17
  171
   18
   33
   37
    0
   42
   72
   92
  141
   19
   12
   45
    7
    0
    0
   71
   42
    0
    7
    0
    0
    0
    0
    0
    0
    0
  102
    9
   49
    0
    0
    0
    0
    0
    0
    0
    0
    5
    0
   15
   47
    6
   37
    0
    0
    0
  187
    0
    0
    0
    0
    5
  405
    0
    0
    0
    0
    0
    0
    0
    0
    0
    0
    0
    0
    0
    0
    0
   18
   48
    2
   22
    0
    0
   18
    6
    0
    0
    5
    0
    0
   72
  155
  156
   73
   18
  554
  375
    0
   32
    9
    0
    0
    0
   36
    0
    0
    5
    0
    0
    0
    0
    0
    0
    0
   64
  164
   52
    0
    0
    0
    0
  124
   63
   82
   56
   84
   49
    0
    0
    0
    0
    0
    0
    0
    0
    0
    0
    0
    0
    0
    0
    0
    0
    0
    0
   31
    0
    0
    0
    0
    4
    0
    8
  161
   13
    8
    0
  121
  130
  234
   50
    0
  215
   24
   12
    0
    0
    0
    0
    0
   25
    8
   58
   74
  193
  102
    0
    0
    0
    0
    0
    0
    0
    0
    0
    0
    0
    0
    0
    0
    9
   18
    9
    0
    0
    0
    3
   42
   30
    0
    0
    0
    0
    0
   21
   13
  122
   13
   32
   74
   67
    0
    0
    0
    0
    0
    2
    0
    0
    0
    3
    0
    0
    0
    0
    3
    0
    0
    0
    0
    0
    0
    0
    0
    0
    0
    0
    0
    0
    0
    0
    0
    0
    2
    0
    0
    0
    0
    0
    0
   20
   18
    0
    0
    0
    2
    0
    0
    0
    4
    3
   42
   41
   28
   92
   34
   42
    0
   19
   18
    6
    0
    0
    0
    0
    0
    1
    3
   14
    9
   12
   10
   19
    0
    0
    0
    0
    0
    3
    8
    3
    0
    0
    0
    0
    0
    0
    0
    0
   14
   23
   16
    0
   81
    0
    2
   96
   34
   29
    0
    0
   64
    3
    1
    0
    0
    0
    0
    0
    0
   66
    0
    0
    0
    0
    0
    0
    0
    0
    0
    0
    0
   17
    0
    0
    0
    9
   51
    0
    0
   61
   24
    5
    0
    0
    0
   17
  104
    0
    0
   23
    7
   14
   12
   48
   14
  162
  234
    9
    2
   10
    0
    0
   15
   15
  113
    0
    0
    0
    0
    9
  300
   21
    0
    0
    0
    0
   34
   15
   23
    0
    0
    0
    0
    0
    0
    0
   23
    0
   32
   34
   50
   20
    0
    0
    0
    0
    0
   87
   11
   43
    4
    0
   43
    0
    0
   50
  524
   56
    0
  193
   13
    0
    0
    0
    0
    0
    0
    0
    0
    0
    0
    0
    0
    0
    0
    0
    0
    0
    0
    0
    0
    0
    0
    0
    0
    0
    0
    0
    0
   10
   55
   31
   31
    0
   61
  181
   23
    0
    0
    0
    0
    0
    0
  333
   43
   10
    0
   40
    0
    0
    0
    0
    0
    0
    0
   92
  151
   25
   20
   38
   21
    9
   43
  129
   53
   25
    0
   10
    0
    0
   10
   21
    2
   12
   66
   42
    0
    9
    8
   31
    0
   10
    0
    0
    5
   49
    0
    0
    0
    0
    9
    0
    0
    0
    0
    2
   84
   42
    9
   32
   31
  119
   12
    0
    0
    0
    0
   20
    0
   14
   23
   42
   15
    0
    4
    0
    0
    0
   43
   53
    2
    0
    6
    0
    4
    1
   10
    2
    0
   23
    3
    5
    0
    0
    0
   13
   10
    9
    9
   11
   35
   57
   24
   78
    0
    0
    0
    0
    0
    0
    0
    0
    0
    0
   76
   21
    3
    0
   24
   22
  172
   21
    0
    0
    0
    1
    1
    2
    0
    0
    0
    0
    0
