Station: Floessberg , scaling_factor: 10.0, latitude:  51.1231, longitude:  12.5862, altitude:  164, nodata_value: -9
start: ..1969-01-01  end: ..1992-08-31
  181
   46
    2
    0
    0
    0
    0
    0
    1
    0
    0
    0
   18
    0
    7
    0
    0
   12
    0
    0
    0
  125
   22
   40
   57
    0
    0
    8
    0
    0
    8
    0
   42
    0
    0
    0
    0
   55
    0
   10
   11
    0
    6
    7
   25
  273
    2
    0
    0
    0
    0
    0
    0
    0
    0
    2
    0
    0
    0
    0
    0
    0
    0
    0
    0
    0
    0
    0
    0
   58
   64
   98
    3
  150
    1
    0
    0
    0
    0
    0
    0
    7
    0
   16
    4
   20
   25
    0
    0
   20
   50
   65
    0
    0
    0
    0
    0
    0
    0
    0
   40
  100
    0
   38
   94
   12
   53
   20
   12
    0
    0
   84
   72
   20
    0
    0
   41
    7
   62
    6
    0
    0
   88
   56
    0
    2
   33
    2
   32
    2
   17
    0
    0
    0
    4
    9
    0
    0
   10
    0
    0
    0
    0
    0
    1
  152
    0
  100
    0
   78
    5
    9
   76
  124
    1
   71
   40
    1
    0
    0
    0
    0
    0
    0
    0
    1
    0
    0
    0
  304
   52
    0
    0
    0
   57
    3
   27
   25
   39
   63
    0
    0
    0
    0
    0
    0
   22
    0
    0
   13
    6
   87
    3
    8
    0
    0
    0
    0
    0
    0
    0
    2
    0
    0
    0
    0
    0
    0
    0
    0
    0
    0
    0
    0
    0
    0
    0
    0
   10
    0
    0
    0
    0
   12
   86
   84
    0
    6
    1
    0
    0
   26
    0
    0
    0
    0
   17
   15
    3
   68
  118
  110
    0
    0
    0
    0
    0
    0
    0
    0
    0
    0
   28
    0
    0
    0
    0
    0
   33
   40
    0
    0
    0
   12
   13
    5
    0
    0
    0
    0
    0
    0
    0
    1
  103
   46
    0
    0
    0
    0
    0
    0
    0
    0
    0
    0
    0
    0
    0
    0
    0
    0
    0
    0
    0
   43
   17
   16
    0
    0
    0
    3
   40
    4
    0
    0
    0
   62
    0
    0
   42
   12
   15
    2
    0
    0
    0
    0
    0
    0
    0
    4
    1
    4
    0
    0
    0
    2
   55
   49
    0
    0
    2
   13
    0
   11
   58
    0
    0
    1
   10
    0
    0
    0
    0
    0
    0
    0
   75
    3
    0
  101
    3
    0
    0
    0
   33
    0
    0
    0
    0
    0
   50
   18
    5
    0
    3
   14
   25
   85
    0
   10
    0
    0
    0
    0
    0
    0
    0
    0
   29
    0
    0
    0
    0
    0
    0
    4
    0
    0
    3
  148
   18
    0
    0
    2
    0
  128
    6
    2
   25
    7
    0
   35
    7
   33
    3
    5
   58
    0
    0
    0
    4
   25
   30
    3
   25
  224
   85
    0
    6
   50
   47
    4
   74
   68
    4
  165
  125
   21
   21
    0
    0
    0
    0
    0
    0
    0
   22
    2
   40
    2
    3
   42
    0
    0
    0
    0
   21
    0
   20
  101
    5
    3
   40
    1
    1
    2
    1
   17
    2
    3
    0
  142
   17
   12
    5
  129
    0
    5
   57
    0
    0
  116
   22
   13
    5
   15
   28
   30
   13
    6
    0
   47
   66
  112
   20
   36
    0
    0
    0
    0
    0
    0
    0
  120
   76
    2
    0
    2
    4
    0
    0
   55
    7
   38
   33
   14
    0
   11
   75
  107
  147
   52
   38
    6
    4
    0
    0
   70
    0
    0
    0
    0
    8
    1
    6
    0
    0
    0
    0
   30
    0
    0
    0
    0
    0
    0
   20
    5
    0
    0
    0
  204
   20
    0
   32
   59
   14
    0
    0
    0
    0
    0
   24
    0
    0
    0
    0
   32
   13
   14
    0
    0
   20
   19
    8
    0
    0
   68
   51
   44
    1
   16
  166
    0
  168
  958
    1
    0
    0
  115
    0
    4
   49
    1
   27
    0
    0
    0
   74
    0
   15
   34
    0
    0
   96
  246
  100
    2
    0
   28
    0
    0
    0
    0
    0
    0
   42
    0
   31
    8
    0
    0
    0
    3
    0
    9
   80
   15
    1
    0
    2
    1
    8
    0
    0
    0
   15
    0
    0
    0
    0
   11
    0
    0
    0
   73
   58
   66
   57
   33
    0
    0
    0
    0
    0
    0
    0
    0
    0
    5
    0
    0
    0
    0
   18
   40
   90
   72
    0
  114
    4
   57
   12
  112
    0
    2
   12
    0
  153
   13
    8
   62
   47
    0
    0
   10
   37
   75
    7
    0
   42
    0
   24
   20
   18
    2
    0
  115
   80
    0
    0
    0
    0
    0
    0
   28
   14
   38
    2
   48
   75
    3
    0
    5
    0
    1
    8
    0
    0
    1
   10
    0
    0
    5
   11
    0
   34
   11
    8
   10
    5
    2
    0
    0
   52
    0
  105
    0
    0
    0
    0
    0
    0
    0
    0
    0
    0
    0
    0
    0
    0
    0
   28
    9
    0
    0
    0
    0
    0
    0
   29
    0
    3
   20
    8
   11
    0
    0
    0
   10
    0
   45
   11
    7
    5
   20
   38
    0
    0
    0
   10
   20
    0
    0
    0
    0
    1
   42
    0
   10
   40
   40
   47
   67
   12
    9
   34
   16
    0
   12
   16
    3
    0
    0
    0
    0
    2
    0
   12
    0
    0
    1
    3
    0
    0
    2
    0
    0
   23
    2
   22
   18
    1
    0
    0
    0
    0
    9
    0
    2
    0
    0
    2
    0
    0
    0
    0
    0
    0
    0
    0
    0
    0
    5
   75
    0
    0
   62
    0
    0
   65
  180
   60
   41
    3
   33
    1
    0
    0
    0
    0
    0
    0
    0
    0
    0
   24
    0
    0
    0
    0
    0
    1
    0
    0
   89
    0
   91
    0
    0
   14
  101
    0
   28
    0
    0
   83
   15
   13
    0
    0
    0
    1
    5
   76
   28
   26
   35
   84
    1
   10
   55
    0
   20
   59
   13
   13
   56
   41
    0
   12
    1
    0
    0
   83
   20
   69
   22
   69
    0
   61
    1
    0
    0
    0
    0
    0
    0
    0
    0
    0
    0
   12
    0
    0
    0
    0
    0
    0
    0
    0
    0
    1
    0
    0
    0
   24
    3
    0
    0
    0
    0
   10
    0
    0
    0
   10
    1
    0
    0
    0
    0
    0
  104
    0
    0
    0
    0
    0
    0
  309
  182
   70
    0
    8
   18
   31
    0
    0
    0
  114
    0
    0
    0
    0
    0
    0
    0
    0
  128
   77
    2
   23
    0
   19
    9
    2
    0
   75
    0
    0
    0
    0
   38
    7
   61
    0
    0
   72
    4
    0
    0
    0
    0
    3
    0
    0
    0
    0
    0
    0
    0
    0
  123
  118
    0
    0
    0
    0
    0
   13
   28
    0
    0
    0
    0
    0
    0
    0
    0
    0
    0
    1
    0
    0
    0
    0
    0
    0
    0
    5
   64
    0
    3
    9
    7
   26
   21
   20
  191
    8
    0
   34
    0
   50
    3
    0
    0
    0
    0
    0
    0
    0
    0
    2
    8
   17
   10
   16
    2
   83
   97
   12
   32
    5
    0
    2
    1
    1
    0
   61
   87
    0
   31
   30
    0
    0
    0
    2
   25
    1
   36
    0
    0
    1
   12
    0
    0
    0
    0
    5
    5
    4
    0
    0
    0
    0
    0
    0
    0
    0
    0
    0
    3
    0
    0
    0
    5
    3
   14
    0
    3
    0
    2
    0
    0
    0
    0
    0
    0
    0
    0
    0
   36
    6
    0
    0
    9
    0
    0
    0
    0
    0
    0
    0
    0
    0
    0
    7
    0
    0
    0
    0
    0
    0
    0
    0
    0
    0
   47
    0
    0
  193
    6
    0
    0
    0
    0
    0
    0
    0
    0
    0
    0
    0
    0
    0
    0
    1
   81
    9
    6
    0
   68
   13
   77
   38
   65
    0
   53
    6
   14
    0
    1
   28
    8
    0
    0
   55
    3
    0
   35
   20
    0
   24
    3
    0
    4
    2
   10
    9
    3
    2
    0
    0
    0
   20
    0
    0
    0
    0
   11
   19
  110
   37
   45
    3
    0
   20
  157
    0
   60
   24
    1
   13
    0
    0
   32
   16
   30
   43
   92
   60
    1
    0
    0
    0
    0
    0
    0
   76
   54
    0
    0
   34
  174
  173
    0
    0
    2
    0
    0
    0
   38
    0
    0
   21
   43
    0
    0
    0
    0
    0
    2
   18
    0
    0
   26
    0
    0
    0
   45
    0
   58
   73
    0
    0
    0
    0
    0
    0
    0
    0
    0
    0
    0
   42
  110
   17
   12
    1
    1
    0
  170
  352
    1
    0
    0
   57
    1
   60
    0
    0
    0
    8
    0
  103
    0
    0
    0
  201
   10
    2
   75
    1
    0
    6
   43
    0
    2
    9
    4
    0
    0
    0
    0
    0
   56
    1
    0
    0
    0
    0
    0
   37
    0
   84
    0
    0
    3
    0
    0
   25
   37
    2
    0
    0
    0
   45
   31
   32
   14
   26
   18
   21
    2
    0
    0
    0
    0
    0
    0
    0
    0
    1
    0
    0
    0
    0
    0
    0
    0
    0
    0
    0
   31
   47
    5
  200
   49
    0
    0
    0
    0
  162
   30
    0
    0
    0
    0
    0
    0
    0
    0
    0
   39
    6
   40
   35
   34
    2
    0
   27
    0
  130
    8
   22
    4
    0
    0
   10
   35
    0
    0
    0
    0
    0
   10
    0
    0
    0
    0
    0
    0
   35
    5
    0
    0
    0
    0
    0
    0
    0
    0
    0
    8
    3
    0
    0
    0
    0
    0
    0
    0
    0
    0
    0
    0
    0
    0
    0
    0
   11
    0
    0
    8
    6
   15
    0
    0
    0
    0
    0
   35
   25
    0
    0
    5
    0
    0
    0
    0
    0
    0
   25
   99
    5
   30
   20
   49
   20
    0
    0
    0
   18
    4
   12
   48
   13
    5
    4
   16
    0
    0
    0
    0
    2
   64
    8
   50
   11
    3
   22
   92
   18
    3
    0
    0
    0
   30
   95
    1
    0
    0
   15
   25
    1
    0
   21
   43
    0
    0
    4
    0
   24
   45
   41
    5
    0
    0
    0
    0
    0
    0
    0
    0
    0
    0
    0
   25
   32
   27
    3
    1
    0
    0
    0
   38
  155
    7
   70
    0
    0
    0
   24
   37
   40
   36
    1
   25
    1
    0
    0
    0
    0
    0
   24
    0
    0
   51
  151
   14
  122
   51
   20
    9
   18
   19
   11
    3
    0
    0
   51
    2
    0
    0
    0
    0
    0
  130
    0
    0
   51
   18
    0
    0
    0
    0
    6
    0
  137
    0
    0
    0
    0
    8
    2
   50
    0
   25
    0
    0
   83
    0
    5
    0
  104
    0
    0
    0
    0
    0
   27
    0
    0
    0
    0
    6
    7
    0
    0
    0
    0
    0
    0
    0
  349
    0
    0
    0
   26
  190
   22
    0
  119
   39
    0
   30
    1
   56
    0
   22
   34
    0
  120
  128
   31
   95
    3
    0
    0
    0
    0
    0
   13
    0
    0
   91
   26
    0
    0
    3
    0
    0
    0
    0
    0
    0
    0
   78
   24
    1
    0
    0
    0
    0
    0
    0
    0
    0
  110
   27
    0
   31
    1
    0
    0
    0
    0
    0
   37
    1
    0
    0
    0
    0
    0
   27
    7
    0
   30
    1
   31
    0
    6
   67
    0
    0
    0
    8
    1
    0
   -9
   -9
   -9
   -9
   -9
   -9
   -9
   -9
   -9
   -9
   -9
   -9
   -9
   -9
   -9
   -9
   -9
   -9
   -9
   -9
   -9
   -9
   -9
   -9
   -9
   -9
   -9
   -9
   -9
   -9
   -9
    0
    0
    0
    0
   90
    0
    0
   26
    0
    6
    1
   13
   23
   22
   11
    9
    0
    1
   12
    0
    0
    0
    0
   20
    1
   60
    0
   15
   10
    0
    5
    0
    0
   12
    1
    8
   57
   30
    0
    0
    2
    7
   28
   50
   50
   27
    1
    0
    0
    0
    0
    1
    0
    0
    6
    0
    1
    2
    0
    0
    0
    1
    0
    0
    0
    0
   52
   40
    1
    0
    0
    5
    1
    0
   15
    7
    3
   43
  120
    1
    0
    1
   33
   17
   11
    1
    0
    5
    0
    0
    0
    2
    0
    0
    1
    0
    3
   97
   37
   33
    5
    0
    0
    8
    1
    0
    0
    0
    3
    3
  101
    0
   19
  136
   87
    3
    1
    0
    0
    0
    0
    0
    0
    0
   45
    0
    0
    0
    0
    0
    0
    0
    1
   10
    1
    1
   59
   68
    0
    0
    0
    0
    0
    0
    0
    0
    0
    0
    0
    0
   35
    0
    0
    0
    0
    0
    0
    0
    0
    0
    0
    0
    0
    0
    0
  103
   17
    3
    0
    0
    0
    0
    0
    2
    6
    0
    0
    0
   27
    1
    1
    0
    0
    0
   83
   60
  203
    6
    1
    1
    0
  165
   12
    2
   80
    0
    7
    2
    0
    0
    0
   67
  148
   40
   19
   18
    0
    0
    0
    0
    7
   40
   17
    0
   17
    0
    0
   27
    0
    0
   76
   79
   40
   48
   89
   65
    1
    0
    7
   98
    1
   30
    0
    5
   17
    0
    0
   24
  275
    8
   13
   88
   38
    0
   49
   19
    2
   98
    2
    5
   15
    9
   87
    0
    4
   25
    0
    0
   55
   38
    0
   79
    0
    0
    1
   69
   26
    7
    0
    0
    0
    0
    0
    0
    0
    0
   32
   28
    0
    0
   13
    3
   42
    0
    0
    0
    0
    0
    0
  111
  219
   13
   64
    0
    0
    0
    0
    0
   25
    9
    0
    0
    0
    2
    1
    0
   24
    3
    0
   10
    0
    0
   76
    0
    0
    0
    0
    0
    0
    0
    0
  156
    0
    0
    0
    2
    4
    0
    5
   55
    1
  150
    6
    0
    6
    0
   68
    2
    0
    2
   12
    1
   23
   33
    1
    0
    5
   15
   49
  153
    1
    1
    5
  129
  242
  354
   59
   28
   30
   17
   15
   40
   10
   32
   41
  146
   13
    7
    0
    0
    0
    0
    0
    2
    2
    0
    0
    0
    0
    0
    0
    0
   25
    0
    1
    0
  102
    2
   23
   15
   18
   36
   15
   29
   20
   13
    7
    1
    5
   21
  155
  167
   74
   35
   23
   34
   35
    1
   10
   77
   15
   50
    1
    1
    0
    0
    0
    0
    0
   15
   24
   15
   58
   15
   75
   78
   45
    1
    0
    0
    1
    0
   29
    5
    1
    0
    0
    0
    0
    0
    0
    0
    0
    0
    1
    0
   18
    8
   10
    0
   11
    0
   42
   62
    2
   20
   26
    1
   35
    0
    0
    0
    0
    0
    0
    0
    0
    6
    1
   34
   37
    0
    0
    0
   20
   71
    0
    0
    0
    0
    0
    0
    0
    0
    0
    0
    0
    0
    0
    0
    0
    0
    2
    0
    0
    0
   44
    1
   50
   13
   17
    0
    1
   33
  125
    0
    0
    0
   35
   98
   22
   22
    1
    0
    0
    0
    0
   21
    2
   25
   86
   39
    0
    0
    0
    1
    7
   30
   17
  142
  128
   60
    2
    0
    0
    4
    0
    0
    0
    0
    1
    0
    0
    0
    0
    0
    0
    9
   63
    0
    0
    0
    0
  108
   84
    0
   28
    8
    0
    0
    0
    0
   25
   31
    0
    0
    0
    0
    0
    0
   12
    0
    0
    0
    0
   22
    0
    0
    0
    1
    3
    0
    0
    0
   29
   80
   61
    0
    0
    0
    0
   35
   11
    3
  192
    1
   36
  112
  157
    0
    3
    0
    0
    0
    0
    0
    0
   45
    1
    0
    0
    0
    0
    0
    0
    1
    1
   19
    2
    0
    0
    0
    0
    0
    0
   25
   23
    0
    0
    0
    0
   51
    0
    0
    0
    0
    0
    0
    0
    0
    0
    0
    0
    0
    0
    0
    0
    0
    0
    0
    0
    0
   50
    0
   45
   42
    0
    3
    0
  403
   34
   91
   74
    0
    0
    0
    0
    1
    0
    0
    0
    0
   33
    0
    0
    0
    0
    0
    0
  197
   37
   21
    3
    0
    0
    0
    0
    0
    0
    0
    0
    0
    0
    0
    3
    0
   21
    0
    0
    0
    0
   10
   10
   40
    0
   19
   20
   70
    1
    0
    0
   36
    0
    0
    0
   26
   11
   30
    9
   45
   28
    1
    1
    0
    1
    1
    1
    0
    0
    0
    0
    0
    0
    0
    0
    0
    0
    0
    0
    0
    0
    0
    0
   15
    0
    0
    0
   11
  124
   77
   41
    0
    0
    0
    0
    0
    0
   24
   21
    9
    0
    1
    4
   20
    5
    2
   15
    0
    0
   19
    0
    0
    4
    0
    0
    0
    0
    0
    0
    0
    3
    0
    0
   13
   52
   23
    0
    0
    0
    0
    3
   77
   25
   24
    4
   51
   37
    0
    0
   10
   78
   86
   49
  164
   77
   22
    9
    0
    6
   31
   22
   10
   29
  115
    9
   10
    0
    0
    1
    0
    0
    0
    0
    0
    0
    0
    0
    0
    0
    0
    0
   34
    1
    0
   30
   10
    1
    0
    0
    0
    0
    0
    0
    0
    0
    0
    0
    0
    0
    0
    0
    0
    0
    0
    0
    0
    2
    0
    0
    0
    0
    0
    0
    2
    0
    0
   12
    7
   27
   42
    0
    0
    0
    0
    0
   60
   37
   15
    0
    0
    9
    0
    0
    0
    0
   37
    5
    0
    0
    5
    0
    0
    0
    0
    0
    0
    0
    6
    0
    0
    0
    0
    0
    0
   24
   47
   19
    0
    1
    0
    0
    0
    0
    0
    0
    0
    0
    0
    0
    0
    0
    0
    2
    0
    0
    0
    0
    0
    0
    0
    2
   95
   47
    0
    0
   17
    0
    0
   25
   56
   55
   57
   59
   60
   20
    3
    0
    0
    0
    0
    0
    0
    0
    0
    0
    0
    0
   76
   25
    0
    0
    0
    0
    0
    0
    0
    0
    0
    0
    0
    0
    0
    0
    0
    0
    0
    0
    0
    0
    0
   17
    0
    0
    0
    0
   95
    2
    0
    0
   59
    0
   56
   34
    4
    0
    0
    1
   17
    0
    0
    0
    0
    0
  111
   48
   32
  129
   14
    0
    0
    0
    0
    0
    0
   15
   38
    0
    3
    0
    0
    0
   58
    0
   11
    0
    0
    0
    0
    0
    0
   24
    0
    0
    0
    6
    0
   22
    0
   38
    0
    0
    0
    0
    0
   55
    0
    0
    0
    0
   38
    0
    0
    1
    0
    0
    0
    0
    0
    9
    0
    0
   23
   40
   29
    0
    0
    0
   28
   19
    5
    0
    0
    0
    0
    0
    0
    0
   18
    0
    0
   57
   89
    0
    0
    0
    0
    0
    0
    0
    0
    0
    0
    0
    0
   21
   14
    0
    0
   41
    1
    0
    0
  152
    0
    0
    7
    0
    0
   19
   30
   21
    7
    1
    0
    5
    1
    0
   80
   29
  131
   18
    0
    0
    0
    0
   10
   20
    3
    0
    0
    0
    1
    0
    0
   13
    0
   58
   18
   33
   23
    5
    2
    0
    0
    0
    0
    0
    0
    0
   13
    1
    1
    0
    6
    0
    0
    0
   29
    0
    0
    0
    0
    1
    9
   34
    3
    1
   38
   25
    1
    1
    0
    0
    0
    0
   19
    0
    0
    2
    1
    1
   54
    0
    0
    0
   44
    0
    1
    1
    0
    2
    3
   21
   14
   42
   16
    0
   41
    0
    1
    0
    0
    0
    0
    0
    5
   42
   61
    3
    0
    0
    1
   33
   12
    9
    1
    1
   43
    0
    0
    0
    0
    0
   25
    0
    0
    0
  243
   47
    0
    0
    0
    0
   41
   28
    0
    0
    0
    0
    0
    0
   23
   76
   51
    0
    0
    0
    1
    0
    9
    0
    1
   39
    0
    3
    0
    3
    7
    5
  133
   17
   67
    1
    0
    0
    0
    0
   26
    4
   63
    4
    0
   28
    1
    2
  100
   33
   20
    0
    0
    0
   90
    0
    1
   42
    0
    0
    0
   54
    3
    0
   12
    0
    0
    0
   54
   39
    1
    0
    0
    0
    0
    0
    0
    0
    0
    7
    0
    0
    0
  107
    5
    0
    0
    7
    5
    3
    0
    0
    0
    0
   17
   44
   11
    3
   91
  283
    1
    0
    0
    0
    0
    0
  135
    0
    0
    0
    0
    0
    0
    0
    0
    0
   43
    9
   31
    3
    6
    0
    0
  203
    1
    2
    4
   23
   22
   11
    1
    0
    0
    1
  181
  144
    8
    1
    0
    0
    0
  103
   25
    0
    0
   54
    0
    0
    0
    0
   28
  152
  231
   11
  286
    0
    0
   16
    0
    2
  160
    0
   12
   34
    1
    0
    0
   97
   26
    0
   23
    0
    3
   10
    0
   85
    1
    0
    0
    0
  110
   34
   51
    0
    0
    0
    0
   19
    0
   14
    0
    0
    0
   51
   60
    1
    0
    0
    0
    0
    0
    0
    0
   32
   20
   10
   10
   50
    0
    0
    0
    0
  108
    0
    0
    0
    0
    0
    0
    0
    0
    0
    0
    0
    0
    0
  133
    0
    1
    0
   17
    1
    0
   64
   42
   76
  136
   40
    0
    0
    0
    0
  298
    0
    0
   73
   10
    0
    0
    0
   17
   15
    0
    0
    0
    4
    0
    1
   90
    9
    3
    0
    1
   30
    3
    8
    0
    1
    3
    1
    0
    0
    0
    0
   15
   98
    0
   32
    3
    0
    0
    0
    0
    0
    0
   13
    0
   10
   27
   29
   32
    9
   11
   18
   14
    0
    6
    8
   21
    8
    8
    0
    0
    0
    0
    0
    0
    0
    0
    0
    0
   20
    9
    0
    0
    1
    0
    5
   17
    9
    0
    1
    3
    2
    0
    1
   15
   46
    1
    6
    0
    0
    0
    7
    3
    0
   26
    0
    0
   23
    2
    0
    0
    0
    0
    0
    0
   13
    1
   21
    0
    0
    0
    2
    0
    0
    0
    0
   18
    0
    0
   70
    0
    0
    0
    0
   56
    0
    0
   52
   24
   15
  101
    1
   10
    2
    0
   10
   15
    1
    0
    0
    0
    0
    0
    0
    0
    4
    3
    0
    0
    0
    0
    0
    2
   61
    0
    0
    0
    2
    0
    0
    0
    0
    0
   26
    0
    0
    0
    0
    0
    0
    0
   10
    0
   37
   76
    0
    0
    0
   11
  132
  180
    6
   44
   11
   49
   34
    0
   42
   14
    2
    0
    0
   26
    0
   28
   45
    0
    0
    0
    0
    0
    0
    0
    0
    0
    0
    0
    0
   22
    0
    5
    0
    0
    0
    0
   31
   40
    1
    0
    0
    0
    0
    0
    2
   30
    3
    9
    0
    0
   71
   57
    2
    0
   44
    0
   43
   20
    0
    2
    1
   31
   82
   89
   21
    0
   16
    0
    0
    0
    0
    0
   62
   54
   49
    1
    0
    0
    0
    0
    0
    0
    0
    0
    0
    0
    0
    5
    0
    0
    0
    0
  463
  445
   30
   16
    1
    0
    0
    0
    2
    7
   74
   12
    0
    0
    0
    0
   11
    0
    0
    0
    0
    0
  103
  149
   14
   97
   28
    0
    0
    0
   10
    0
   10
   54
   14
  131
   40
    2
    0
    0
    0
    0
    0
   70
   50
    5
  197
   20
    1
    0
   91
    5
   51
    0
    0
    0
   74
   75
  243
   67
    0
    0
    0
    0
    0
    0
    0
    0
    0
    0
   10
   40
    2
    0
    8
    9
    0
   87
   10
   61
    1
    4
    5
    0
    0
    0
    1
    1
    0
    0
    0
    0
    0
    0
    0
    0
    0
    0
    0
    0
    0
    0
    0
    0
    0
    1
    0
    0
    0
    0
   49
    0
    0
    9
   20
  120
   74
    4
    0
    0
    0
    0
    0
   78
   32
    1
    0
   24
    7
   14
   22
    5
    0
    0
    0
    0
    0
    0
    0
   21
    9
    6
   15
   24
   87
  159
   45
    3
    5
   10
   11
   14
    0
   49
   54
   13
    0
    0
   34
    3
   10
   18
   72
    2
    0
    0
    0
    0
    0
   55
   10
    0
    1
   24
    3
    0
   27
   13
   11
   21
    0
    9
    2
    1
   10
    0
    2
    0
   10
   60
   40
   14
   25
   14
   29
    0
    0
    0
    0
    3
    4
    0
    0
    0
    0
    6
    0
    0
    0
   72
    0
    0
    5
    1
    0
   10
   94
   17
   60
   30
    1
   95
    0
   56
    5
   69
    0
    0
   11
    0
   18
   29
    0
   10
   64
  222
   24
    2
    1
    0
  210
   23
   10
  103
    0
    0
    0
    0
    0
    0
    0
    0
   63
    9
    0
    0
    0
    0
   50
    0
   10
   10
    0
    0
    0
   21
   31
    5
    0
    0
   13
    0
   76
    0
    0
    0
    0
   34
    0
    0
    0
    0
    0
    2
   30
    0
    0
    0
    0
    0
   15
    3
    0
  123
    0
    0
    0
    0
    0
    0
    0
    0
   10
  339
   96
   10
    0
    0
    0
   13
    0
    0
   20
   44
    0
    0
    0
    0
    0
    0
    0
   12
    0
    0
  149
   55
    0
    0
    0
    0
    0
    0
    0
    0
  124
   49
   91
    0
    0
    0
    0
   12
   34
   23
   98
   32
   32
   34
    3
    4
    1
    0
   74
   98
   21
   84
    6
    2
   31
   74
    1
    0
    9
    2
    0
    0
   46
  127
   17
    0
    0
    0
    0
    0
    0
    0
    0
    0
    0
   26
   29
   33
    0
    0
   60
    0
    0
    0
    0
    0
    0
   47
   62
   23
    0
    0
    0
   22
   60
    0
    0
    0
    0
    0
   30
    0
    0
   21
    0
  172
    0
  234
   49
    0
    3
    0
    5
    0
    0
    0
    0
    0
    0
    0
    0
    0
    0
    0
    0
    0
    0
    0
    0
    0
    0
    4
    0
    0
    0
   24
    0
    0
    0
    0
    0
    0
    0
    0
    0
    0
   30
   25
   13
    0
   78
   50
   13
   30
  150
    1
    0
    0
   48
   23
    2
    0
   93
    1
   60
    3
    0
    4
    0
    0
    0
    0
   22
    0
    0
    1
    9
    0
    0
    0
    0
   14
    1
   53
    1
   20
  101
   40
    1
   20
   40
   25
   13
   23
    1
    0
   52
    0
    0
   14
    0
    1
    0
    0
    0
   24
   20
   36
   17
   23
    5
   29
    9
   19
   18
    2
    1
    0
    0
    1
    0
    0
    1
    3
    0
    0
    0
    0
    0
    0
   19
    3
   22
   51
    0
    2
    0
    6
    2
   53
   13
   93
   31
   75
   30
    2
    0
    0
   27
   10
   24
    1
    0
    0
   12
    0
    0
    1
    0
    0
    0
    0
    0
    0
    0
    0
   28
   10
    0
    1
    0
   17
    0
    1
    1
   34
   30
    1
    1
    0
    0
    0
    0
    0
    0
    5
  110
    0
    0
    0
    0
    0
    0
    6
    3
    0
    9
    0
    0
  110
  293
  120
    2
    0
    0
   22
   12
   37
   28
    0
    0
    0
    0
    0
    0
    0
   13
   21
   11
    0
   13
  309
  370
    2
   22
   96
    0
    0
    0
    0
    0
    0
    0
    0
    0
    0
  135
    0
    0
    0
    0
    0
    0
    0
    0
    0
    0
    0
    0
    0
    0
    9
    0
    0
    0
    0
  114
    2
   41
    0
    0
    0
    0
    0
   75
    0
    0
    2
    0
    0
  134
    0
    0
   11
    0
   14
   64
   22
   40
    1
   11
   18
   39
   12
   28
   10
   68
   34
   37
  125
   42
  196
  102
    0
   20
    0
   30
   15
    9
    0
   95
    1
  114
   12
  188
    3
    0
    0
   52
    1
  203
   94
    0
    0
    0
    0
    0
   16
   45
    1
    0
    0
   16
    1
    0
   43
    2
    0
    0
    0
    0
   20
   75
    0
    0
    0
    0
    0
    0
   20
   23
   44
    9
    1
   71
    0
    0
    0
    0
   45
    7
  247
   20
    0
    0
    0
  121
   14
    0
    0
   11
   10
   24
   18
    4
   10
   39
    0
   80
    0
    0
    0
    0
    0
    0
    0
  133
    0
    0
    0
    0
   30
   30
    0
    0
    0
    0
    2
   94
    1
    0
    0
    0
  196
  308
    0
    0
    0
    0
   58
   19
    0
    0
    0
   28
   25
    1
    4
   23
    4
   43
    1
   14
    0
    0
    4
    0
    0
  185
   63
    0
    0
    0
    0
    1
    2
    0
   60
   29
    0
    0
   14
    0
    0
    1
    0
    0
   75
    0
    0
    9
   50
   14
    1
   18
   13
   38
   37
   26
    2
    0
    0
    1
    1
    0
   42
   20
   11
    0
    0
    7
    3
    1
    2
   12
   60
    0
    4
    0
    0
    0
    0
    0
    1
   52
   92
   55
   40
   34
   19
   24
    0
    5
   40
    0
    9
    1
    6
    0
    7
   11
   37
   67
   33
    2
    2
    0
    9
    5
    0
    0
    0
    0
    0
    0
    0
    0
    4
   41
   22
   48
   10
    0
    0
    3
   16
    2
   14
    0
    0
    0
    1
    1
    5
   17
    5
    1
   83
    0
    0
    0
    0
    0
   10
    5
   48
    6
    7
    4
   19
    2
  155
  176
   60
  175
   36
    4
    0
   16
    2
   10
    0
    0
    0
    0
   76
   14
   31
   85
    0
    0
    0
    0
    0
    0
    0
    0
   30
   54
    0
    0
   20
    0
    0
    0
    0
    0
    0
    0
    0
    0
    0
    2
    0
    0
   20
   12
    0
    0
    0
  479
   10
   79
  129
    0
    6
    0
   20
   57
    0
    0
    0
    0
    0
    0
    0
    0
   25
   88
    4
   34
    0
    6
    0
    0
  140
    0
   55
   16
   73
    3
    0
    0
    0
    0
    0
    0
   63
    1
    0
    0
   27
   21
    0
    0
    0
    0
    0
   35
    3
   14
    0
   88
    8
  122
    0
   17
    0
    8
    0
    3
    0
    0
   30
   10
    0
    0
  117
    1
    0
    0
    0
    0
    0
    0
    0
    0
    1
   18
    0
    4
    5
   14
   43
    0
   83
    7
    0
  164
   17
  155
   18
   22
    1
    0
    0
    0
   14
    0
    0
    0
    0
   24
    0
    8
  285
    0
    0
    0
    0
    0
    5
   22
    0
   52
   57
    5
   15
   52
    5
    4
    9
    4
    0
    0
    0
    0
    0
    0
    0
    0
    0
    0
    0
    3
   34
    0
    0
    0
    0
    8
   14
  106
    1
    3
    0
    7
    0
   60
   64
    0
    0
    0
   26
  356
   98
    0
    0
   10
    7
    3
    0
    0
    7
    0
   57
   15
   37
   46
    4
    3
  121
    0
   17
   25
    0
   16
   38
   31
   61
    0
    0
    0
  216
   13
    3
    5
    3
   20
   10
    5
   15
   47
   19
    5
   15
    3
    2
   23
   57
   91
    0
   10
    0
   12
    7
   40
    4
  153
    0
    6
    0
    0
  147
   98
    4
    0
   64
   34
    9
  122
   77
   10
    1
   25
  175
    3
    0
  175
    3
    0
   84
    4
    0
    3
   47
    9
    0
    3
    0
    0
    7
    8
    7
    0
    0
    3
   38
    1
    7
    0
    0
   21
   38
    1
    3
    0
    9
    0
    1
    0
    0
    0
    0
    0
    0
    0
    0
    0
    1
   17
    0
    5
    1
    0
    7
   12
   90
  100
    0
    0
    0
    0
    0
    0
   11
    1
   49
    0
    0
    0
    0
    0
    0
    0
    0
    0
    0
    0
    0
    0
    1
    0
    0
    0
    0
    0
   35
   13
    3
   30
    0
    0
    0
    0
    0
    0
    0
   21
   10
    0
    0
    0
    0
   24
    2
   26
    0
    0
    0
    0
    0
    0
    0
    0
    8
    1
    0
    0
    0
    0
    0
    0
    0
    0
   68
   66
   10
    3
    1
    2
   15
    0
    0
    0
    0
    0
    0
    0
    0
    0
    0
    0
    0
    6
    0
    6
   87
   10
   45
    0
    0
   67
  134
  128
    1
    0
    2
  343
  124
    0
    0
    0
    0
    0
    1
    0
   23
    0
    0
   82
   12
    8
    0
    0
    0
    6
    0
    0
    0
    0
    0
    0
    0
    0
    0
    0
    0
    0
    0
   31
   20
    0
   59
    0
  127
    0
   14
   14
   10
   42
    0
   25
    5
   32
   10
    1
   25
   33
    0
    0
    0
  153
   21
    0
   74
    0
    0
    0
    0
    0
    0
    0
    0
    0
    0
   13
    1
    0
    0
    0
    0
    0
    0
  111
   43
    5
    0
    0
    0
    0
    0
    0
    0
    0
    2
   79
    3
   17
    5
    0
    0
    0
    0
    0
    0
    0
    3
    1
   24
   16
    0
    0
    0
    0
    0
    2
   10
    0
    0
    0
    0
    0
    9
    0
    0
   13
   21
    0
    0
    0
    0
    0
    0
    0
    0
    0
    0
    0
    0
    8
    0
   28
    4
    0
    0
    0
    2
    0
    0
    0
    0
    0
    0
    0
    0
    4
   38
   89
    0
    0
    1
   22
   42
   74
    1
   24
    0
    1
    0
    8
    0
    0
    0
    4
   28
    0
    0
    1
    0
    0
    0
    0
    0
    0
    0
   22
    0
    0
    0
    0
    0
    0
    0
    0
    0
    0
    0
   43
   23
    6
    0
    0
    0
   26
    0
    0
    0
    0
   14
   10
    2
    0
    0
    0
    0
    1
    0
   51
   53
    7
    0
   93
   24
    5
    0
    1
   52
    0
   11
    9
    0
   23
    0
    0
    0
   17
    1
    0
   31
    7
    0
    0
    0
    5
    0
  154
   46
   10
    0
   22
    9
    9
   20
    3
    0
    7
    1
   44
   43
   10
    7
   10
   20
    1
    0
    0
    0
   68
    0
   19
   25
    4
   35
    8
   24
    1
   38
    0
    7
    0
   11
    1
   27
   61
   13
   46
    0
    0
    0
    0
    0
    1
   20
   13
    5
    1
    1
    0
    2
   45
    6
    5
    0
    0
    0
    0
    6
   10
    0
    0
    0
    0
    4
    0
    0
    0
    0
    0
   51
   37
  114
    7
   11
    5
    0
   47
    0
   47
    1
   14
    0
    0
    1
  227
   40
   24
    5
   19
    4
    3
  192
    5
    7
  141
  150
   26
   94
   43
    0
    0
    0
  199
    0
    0
    0
    0
    0
    0
   14
    0
    0
    5
    3
   47
    0
   14
    8
    0
    0
   22
    0
    0
   84
   32
    0
    7
   10
    0
   44
    0
    0
    9
    0
   41
   10
   45
   88
    9
    0
   66
    0
    0
    0
    0
    0
    0
    0
    0
   42
    0
    0
    0
   20
    6
    0
    0
   39
  107
    0
   10
    1
    0
    0
    0
    0
    0
    0
    0
    1
    0
  123
    3
    0
    0
    0
    0
    0
    0
    0
    0
    0
    0
    0
    0
    0
    0
    0
    0
    0
   47
    0
  119
   40
   22
    0
    0
    0
    0
    0
    0
    0
    0
    0
    0
    0
   45
   60
  298
  704
  393
   10
   32
    0
    0
   12
    0
   13
    0
    0
    0
    0
    0
    0
    0
    0
    0
    3
    0
    0
    0
    0
    0
    0
    0
    0
    0
    0
    0
   12
    0
    0
    0
    0
    0
   10
   40
    1
    0
    9
   46
   78
    0
    0
    0
   34
   39
    4
    0
    0
   27
    0
    0
    0
    0
    0
    0
    0
    9
   16
    0
    0
    0
    0
   27
    4
   20
    2
    0
    0
    1
    0
    0
    0
    0
    4
    0
    0
    0
    0
    0
    0
    0
    0
    0
    0
    0
    3
    0
    0
    0
    0
    0
    0
    0
    0
    0
    1
    0
    0
    0
    0
   55
    4
   20
    0
    0
    3
    0
    0
    0
   15
    8
   98
   35
   61
   12
    8
    2
    0
    0
    0
    0
   53
    0
    6
   47
    6
    9
    2
    1
    0
    2
    0
    9
    0
    0
    0
    1
   30
   33
    5
   96
   32
    0
    0
    2
    0
    0
    0
   11
   10
    4
    0
    0
    7
    4
   49
    2
   18
    4
   25
   86
    9
   13
    0
    0
    0
   10
    0
   28
   30
    9
    7
    0
    0
    0
   26
   34
    5
    1
    0
   40
    0
   21
  103
    3
   40
   22
   27
    0
    0
    0
    0
    0
    0
    0
    0
    0
    0
    0
   20
    4
   60
   12
    0
    0
    0
    0
    0
    2
    0
    0
    2
    1
    1
   23
    3
    0
    0
    1
    0
    0
    0
    0
    0
    0
    0
    0
    0
    0
    0
    0
    0
   18
    2
    0
   27
    0
    7
   86
  184
   29
   72
    0
    0
    0
    4
    7
   17
    6
    0
    0
    0
    0
   25
    0
    0
    0
    0
    0
    0
    0
    0
    0
    0
    0
    6
    0
   60
    0
    0
   21
    1
   18
   10
    5
    0
    0
    0
   15
   44
   54
   18
    0
   82
    0
    0
    0
    0
   65
    0
    3
   24
  140
    0
   17
   11
    4
    0
   24
    0
    0
    0
   70
   84
   54
    9
   59
    0
    0
    0
    0
    1
   21
    0
    0
    0
    0
    0
    0
   60
   40
   26
    0
   52
    0
    0
    3
    0
   14
    0
   72
   86
    6
    0
    0
    0
    0
    0
    0
    0
    0
   11
   40
   94
  100
   80
   40
   30
    0
    0
    0
    0
    0
    0
    0
   48
   82
   21
    0
    0
  222
    0
    0
   99
  127
    0
    0
    0
   84
   73
  234
    0
    0
    0
    0
   22
    0
    0
    0
    0
    0
    0
    0
    0
   40
    0
    0
    0
    0
    0
    0
    6
    0
    0
   28
   18
  104
    0
   50
   73
    5
  157
   36
    0
    0
  104
    0
    0
    0
    0
    3
   89
   21
   19
    7
    1
   50
   51
    0
    0
   17
    1
   40
    1
    0
    0
    0
  105
    0
   52
    8
    1
    0
    0
    4
    0
    0
    0
    0
    0
    7
    0
   27
   12
    0
    6
   32
    9
    0
    0
    0
    0
    0
    0
    4
    0
    0
    0
    0
    0
    0
    0
    0
    0
    0
    0
    0
    0
   23
    0
    0
    0
   10
  342
    9
    0
    1
   28
    0
    0
    0
    0
    0
    0
    0
    0
    0
    0
    0
    0
   19
   31
    7
    0
    0
   20
    0
   32
   17
   50
    0
   52
    0
    5
    1
    0
    0
    0
    2
    0
   16
    6
   10
   43
   25
   21
   30
    6
   11
    5
    8
    3
    6
   48
   32
    5
    2
    2
    1
    0
    0
    0
    0
   16
   15
    0
    5
   10
   50
    0
    0
   19
   23
   39
   30
   61
    0
    0
    0
   13
    0
   23
   18
    1
    0
    0
    0
    0
    2
    0
    0
    0
    0
    0
   64
    3
   40
    6
    0
    0
    3
    1
    0
    0
    0
    0
    0
    0
    0
   20
    7
    2
    0
    0
    0
   23
    0
    0
   55
  194
    3
    0
    0
    0
    0
    0
    0
    4
   29
    0
    0
   17
   28
   41
   15
    0
    0
    0
    6
    0
    0
    0
   24
    0
    9
   31
    4
   13
    0
    0
    0
    0
    0
    0
    0
   22
    3
   15
    3
   52
   20
  129
   19
    5
   32
    8
    0
    0
    0
   21
    0
   10
    0
    0
    0
    0
    3
    7
    0
    0
    0
    0
    0
    0
  133
   50
    0
    0
    0
    0
    5
    5
    3
   26
    4
    0
    0
    0
   27
    9
    0
    4
    0
   24
   74
   49
   85
   40
   60
    0
   64
    0
    4
   60
   18
    0
   10
   10
    0
   52
    0
    3
    0
    0
   46
    0
    0
    0
    0
   90
    0
   57
   48
    0
    0
    0
    0
    1
    0
   25
    0
    0
    6
   78
   64
   20
    0
    0
    0
   54
    0
   55
   65
    0
   12
    8
    0
    0
    0
    0
   12
    0
    0
    0
   53
    0
   23
    0
    0
   58
  222
   94
    3
   44
    0
    2
   51
    0
   67
    1
    0
    0
    0
    0
    0
    0
   91
    0
   95
   13
    2
   19
   14
    6
    7
    0
    0
    0
    0
    0
   28
   35
   40
    0
    0
    0
    0
    7
    0
    0
    0
    0
    0
    0
    0
    0
    0
    0
    0
    0
    0
    0
    0
   12
    0
    0
    2
    0
    6
   57
    0
    8
    0
   34
    0
    0
    0
    0
    0
    0
    0
    2
    2
    2
    0
    0
    0
    0
   28
    0
    0
   25
    0
   19
    0
   46
   20
    0
    0
   20
   23
    0
    0
    0
    7
    2
   34
   77
   26
   14
    3
    8
    0
    1
    0
    0
    3
    0
    2
    0
    0
    4
    5
    6
    0
   10
   20
   91
   24
   49
   14
    1
   30
  171
   67
    8
   18
    0
    0
    0
    0
   26
   19
   21
   61
   19
    0
    0
    0
    2
   47
   14
    0
   10
    0
    0
    0
   37
   31
    1
   83
   15
   41
   47
    2
   72
   42
    2
    0
    0
    2
    3
   39
    0
    0
    0
    0
    0
    0
    9
    0
    0
    0
    0
    6
   11
    9
   77
    5
    2
    2
    0
    0
    0
    0
    0
   44
   35
    5
    2
    1
    1
    0
    0
    0
    0
    0
    0
    0
    0
   22
   64
  108
    2
   37
   15
    0
    4
    0
    2
    0
    1
    0
    0
    0
    0
    0
   99
    0
   64
   57
    0
    0
    0
    0
    0
   16
  161
    0
    0
   84
   35
    0
    0
    4
    8
   27
   81
    5
    3
    0
    0
    0
    1
   11
    0
   14
    1
    0
   28
    3
   36
   22
   21
    0
    0
    0
    0
    0
    0
    0
    0
    2
    0
   91
   12
   20
   16
    0
    0
   30
    4
    8
    0
    0
   63
    0
    0
  111
    0
    0
   49
    0
    0
   13
   35
  269
  211
   52
   23
   44
  109
   70
   92
   97
   62
    4
    0
    0
   51
   16
    0
    0
    0
    0
    0
    0
    0
    0
    0
    0
    0
    0
    0
    0
    0
    0
    0
    0
    0
    0
    0
    0
   32
   50
   70
    3
   28
   69
   20
    0
    0
    0
    0
    0
    0
    0
    0
    0
    0
   28
  100
   39
   66
   23
    0
    0
    0
    0
   47
   14
    0
    0
  130
    0
    0
    0
    0
    0
   20
   41
   48
    0
    0
   77
    0
    0
   20
  140
    0
    0
   13
   47
   36
    0
   18
    0
   10
    3
    3
   20
    3
    6
   73
   23
    0
   60
    0
    0
    0
    1
    0
  116
    5
    0
   31
   86
  125
   12
    0
    0
    0
    0
    0
    0
    0
    0
    0
    0
    0
    0
    0
    0
    0
    0
    0
    0
   70
    0
    0
    0
    0
    0
    0
    0
    0
    0
    3
    0
   20
   31
   63
  348
   27
    0
    6
    0
    0
   14
   73
    1
    0
    0
    0
    0
    0
   63
   18
    0
    1
    0
    0
    0
    0
    0
    0
   11
    0
   18
    0
   57
   10
    0
    2
    3
    0
    0
    0
    0
    0
    0
    0
    0
    0
    0
    0
    0
   25
    0
    0
   10
   14
    0
    0
   14
   25
   12
   25
   39
   25
   26
   15
   27
    5
   35
    5
    0
   40
   32
  180
  130
  130
    6
  164
   80
    8
   20
   18
   38
    7
   67
   45
    2
   14
   49
    1
    0
   11
    1
    1
    1
    1
    0
    4
   21
   60
    0
   31
   60
    0
   34
   18
    0
    0
    1
    0
    0
    0
    0
    0
   10
  100
    0
   20
    0
    3
   35
    2
   77
    1
    1
   59
    0
  106
    0
    1
    0
    0
    0
    0
   86
  100
    2
   86
    5
    1
    1
    0
    0
    0
    0
    0
    0
    0
    0
    0
   18
   42
   20
   10
    8
    0
    0
    0
  116
   22
   16
   15
    3
    0
    0
    0
    0
    0
    0
    0
   63
   14
    0
    0
    0
  181
   45
   10
    0
    0
    0
    0
   10
    0
    0
   10
   32
   13
    0
    0
    0
    0
    0
    0
    0
    0
    0
    0
   82
  220
   10
    2
   50
    0
    0
    0
  130
    0
   10
    0
    0
   51
    0
    0
    0
    1
   20
    3
  109
    4
    0
    0
    0
   20
    0
   30
    9
   19
   53
   49
   13
    0
   29
    0
    5
    2
    0
    0
    3
   60
   35
  119
   40
    9
   20
    4
    0
   15
  103
   31
    7
   66
    0
   26
   12
    0
    0
    0
    0
    0
    0
    0
    0
    0
    0
   84
    3
    0
    0
    0
    0
    0
    0
    0
  274
  182
    0
    0
   11
   21
    5
    0
   20
    6
  103
    1
    3
  131
   10
  200
    4
   95
   45
   28
   54
    0
    0
   48
   90
    0
   97
  124
    0
   21
   30
    0
  235
    0
    0
    0
    0
   32
    0
    0
    0
   28
   24
   20
    0
    0
    0
    0
    0
    0
   73
    0
  145
    0
    0
    0
    3
    0
    0
   25
    0
    0
    1
  224
    0
    0
    0
   15
  148
   54
    0
    0
    0
   14
    0
    0
    0
    0
    0
    0
    0
   43
    0
    1
    0
    0
    0
    0
    0
    0
    0
    0
   64
    0
    0
    0
    0
   54
    4
    3
    0
    0
    0
    0
    0
    0
    0
   28
   10
    0
    0
    0
    0
    0
    0
    0
   12
    0
    0
   19
    0
    0
   22
   23
   47
  212
   61
   10
   20
    0
    0
   11
    0
    0
    0
   15
    0
    0
    0
    0
    0
    0
    7
    5
    1
    2
    9
    0
    0
    0
    0
    0
  107
  133
  193
   53
  113
    6
    3
    0
    0
    4
   10
    2
   10
    6
    1
    3
    0
   51
    0
   28
    0
    0
    0
    0
    0
    0
    0
    0
    0
    0
    0
    3
   25
    0
    0
    0
    0
   38
   19
   43
   19
    0
    0
   21
    0
    0
    1
    5
   20
    0
    0
    0
    0
    0
    0
    5
    0
    7
   78
    0
    0
    0
    0
   20
   75
   55
    0
   10
    5
   77
   29
  105
   11
   20
   60
   39
   27
   17
    0
    8
    6
   12
   35
   15
    0
   38
   30
   20
   38
    1
   25
    3
   26
    5
    0
    5
   67
   36
    5
   20
   42
   27
   32
   15
    0
    0
   37
   30
    0
    0
    4
   15
    0
    0
    6
   20
    0
    0
    0
    3
    0
    0
    0
    0
    6
    0
   40
    0
    0
    0
    0
    0
    0
    0
    8
    0
    0
    0
    8
   25
    5
    0
    0
    0
    0
    0
    0
    0
    0
    0
    0
    0
    0
    4
   41
   21
    1
    0
    0
    0
    0
    0
    0
    0
    0
   61
    0
    1
    0
    0
    0
   92
   56
  190
    0
    5
    9
   10
   75
    0
    0
    0
    0
    0
    0
    0
    0
    0
    0
   65
    8
    1
    0
   40
   60
   13
    5
    8
    0
    0
   34
    0
   32
    0
    9
   16
    1
    0
   25
    0
   28
    0
  106
   58
   41
   85
    0
    0
    0
    0
    0
   34
    0
   15
   28
    0
   32
    0
    0
    0
    2
   73
    0
    0
    0
    0
    0
    0
    0
    0
    0
    0
    0
    0
    0
    0
    0
   70
    0
    0
    0
    0
    3
   50
   23
    0
    0
   19
    0
    0
   16
   39
   15
    7
  130
    0
    0
    0
    0
    0
   33
    5
    0
    0
    0
   11
    0
    1
    0
    0
    0
    0
   50
   13
   83
    0
    0
    0
    0
    0
    0
    0
    0
    0
    8
   19
    0
    0
   16
    0
   16
   38
    0
    0
    9
    1
    0
    4
    0
   33
    0
    0
    0
    6
    6
    0
    0
    0
    1
    2
   30
   55
    0
    0
    0
    0
    0
    0
    0
    0
    0
    0
    0
   84
  130
   27
    1
    0
   50
   28
   16
    5
    0
   31
   70
    0
    0
    8
    3
   10
  148
   20
    7
   49
   49
    0
   51
    0
  105
    0
   52
   78
    7
    0
    3
    0
    0
   20
   79
  353
    2
    6
    0
   38
   50
    9
    0
    0
    0
    0
    0
    0
   67
    0
    0
    0
   72
   30
   70
   10
    0
   35
    0
    0
    0
    0
    0
    0
   20
    0
    0
    0
    0
    0
    0
    0
    0
    0
    0
    0
    0
    0
    0
    0
    0
    0
    0
    0
    0
    0
    0
    0
    0
    0
   98
    7
   10
   13
    3
    0
   88
    0
   42
    0
    0
    9
    0
   25
    0
    5
   28
    0
   29
    0
    0
    0
    0
    0
   39
    0
    0
   56
    4
    0
    0
   15
   20
   27
    0
    0
    0
    0
   24
    0
   81
    0
    0
    0
    0
    0
    0
    0
    0
    0
    0
    0
   61
    0
    0
   30
    0
    0
    0
    0
    0
   10
   16
   15
    4
    0
    8
    2
  134
  246
    0
    0
    0
   10
   51
   85
    0
    0
    0
    0
    0
    0
   10
    1
    0
    0
    0
  132
   30
   19
    0
    0
    0
    0
    0
    0
    0
    0
    0
    0
    0
    0
    0
    0
    0
    0
    5
   44
    0
    0
   39
   29
    1
   18
    0
    0
    0
    0
    0
   90
    0
    0
    0
    0
    0
    0
    0
    0
    0
    0
    0
    0
    0
    0
    6
  131
    0
    0
   17
   80
  142
    5
    0
    0
    0
    0
   22
   20
    0
    0
    0
    0
    0
    0
    0
    0
    5
    0
    0
    0
    0
  230
    0
    6
   17
    6
    0
    0
    8
   10
    8
    8
   28
    0
    0
   10
  100
    0
    0
    0
   10
    0
    0
    0
    0
    0
    0
    0
    0
    0
    0
    5
    0
    0
   47
    0
   38
  205
   17
    0
    0
    0
    1
   16
    0
    0
    0
    0
    0
    0
    0
    0
    0
    0
  124
  128
    4
    0
    0
    5
    0
    0
    0
    0
    0
   37
   35
    1
    1
    0
    9
    0
    1
    0
    0
    0
   80
   90
   12
   25
   55
    0
    0
    3
    0
   10
   10
    0
    0
    0
    9
    0
    0
    0
    0
    0
    0
    0
    0
    4
   57
   11
  210
    5
   26
   10
    0
  160
  130
   10
    0
    0
    0
    0
    0
    0
    0
    0
    0
    0
    0
    0
   38
   68
   10
   13
   15
   78
   30
    0
    0
    0
    0
    0
    0
    0
    0
   29
    0
    7
   10
    0
    8
   40
   30
    3
   67
   27
    3
    0
    0
   46
    0
   95
   15
    4
    0
    0
    0
    0
    0
    0
    0
    0
    3
    0
    0
   15
    0
    0
    0
    0
    5
    3
    4
    0
    0
    0
    0
   15
    0
    0
    0
    0
    0
    0
   14
   13
    0
    0
    0
    0
    0
    0
    0
    0
    0
    0
    0
    0
    0
    0
    3
   27
    0
    0
   66
   20
  132
    0
    0
    0
    0
    0
    0
    0
    0
    0
    0
   28
    5
   73
    8
    5
   30
    0
    0
    6
    0
    0
    7
   50
    0
    0
    0
    0
    0
    0
    0
    0
    0
    3
    0
   49
    0
   16
    0
    0
    6
   18
    0
    0
    0
    0
    0
  123
    5
    0
    0
    0
    0
    0
   35
   77
    0
    0
   22
    0
    1
    0
    3
    0
    0
   36
    0
   31
   70
   82
    0
   30
    0
    0
    0
    0
    0
    0
    0
    0
    0
    0
   30
    0
    3
    0
    0
    0
    0
    0
    5
    5
    0
    0
    0
    0
    0
    2
    0
    0
    0
    0
    0
   20
    0
    0
    0
  120
   11
    0
    0
    0
   20
  271
   32
  377
    3
    0
   47
    0
    0
    0
    0
    0
    0
  110
    0
   27
    7
    0
    0
    0
    7
    0
   56
  110
    0
    0
   70
    0
   27
    0
    0
    7
   38
   12
    0
    0
    0
    0
    0
    2
   13
    0
    0
    0
    0
    0
    0
    0
    0
    0
    0
    0
    0
    0
    0
    0
    0
    0
    0
   14
   58
    0
    0
    0
    0
    0
    0
    0
   10
    0
   20
    0
   25
    0
   50
  250
   15
    0
    0
    0
    0
    0
    0
    0
   20
  154
   25
  239
   20
  100
   16
   12
    3
   54
   40
   90
   20
    0
    0
    0
    0
    0
   35
    5
    0
    0
   39
   14
   39
   13
   10
    0
    4
    0
    8
   19
   50
    0
    0
   46
    0
    0
    0
    0
    0
    0
    0
    0
    0
    0
    0
    0
    0
   85
    0
    3
    0
    0
    0
    0
    0
    0
    0
    0
   36
   37
    6
    0
   28
   42
   81
    0
    8
   11
    0
    0
    9
   21
    8
    2
   21
    0
   24
  161
   25
   34
   41
    0
   57
   52
    0
   11
    0
    0
    1
   68
    1
    0
    5
   20
   76
    0
    0
    0
    0
    0
   15
   74
   30
    2
    7
    0
    9
    5
    0
    4
    1
    9
    0
    0
    0
    0
   10
   12
    0
   41
    0
    0
    3
   18
    0
   64
    0
    0
    8
    0
    0
   25
    0
   25
    0
    0
    0
    0
    0
    0
    0
    8
   14
    0
    0
    8
   10
    0
    5
    2
    0
    0
    0
    0
    0
    0
    2
    7
    2
    3
   14
    0
   65
    2
   15
    8
    5
   43
    0
    0
    0
    0
    0
    0
   15
    7
    0
    0
    0
    0
    0
    0
    0
    0
    0
    0
    0
    0
    0
    8
    0
    0
    0
    0
    0
    8
    0
    0
    0
  128
   12
   38
    0
   12
    5
    0
    0
    0
    0
    0
    0
    0
   78
    0
    0
    0
    0
    0
    0
   27
    0
    0
    0
    0
    0
    0
    0
    0
   33
    0
   53
   27
   10
   36
    0
    0
    0
    0
    0
    8
    7
   50
    8
   11
    3
    0
    0
   17
    0
    2
   37
   11
   99
    4
    0
   83
   44
    3
    0
    0
    0
    0
    0
    0
   34
   38
   31
   14
    0
    0
    0
    0
    0
    0
    0
   11
    0
    0
    0
    0
   52
    8
    5
    5
    8
   12
    0
   18
   32
  338
   18
   41
   24
   16
  168
    6
   56
   39
   45
   32
  339
    0
    0
    0
    0
    0
    0
    0
    0
    0
    0
    0
    0
    0
    0
    8
   90
    0
    0
    0
    6
    0
    0
    0
    0
    0
   86
    0
    0
   94
    0
    0
    0
    0
   40
  200
    8
    0
    0
    0
    0
    8
    1
   26
    4
   72
    0
    0
    0
   14
   27
    0
    0
   42
    0
    0
    0
    0
    0
    0
    0
    0
    0
    0
    0
    0
    0
    0
    0
    0
    0
    0
   33
    0
    0
    0
    0
    0
    0
    0
   55
    0
    0
    0
    0
    0
   56
    0
    0
    0
    6
    0
    0
    0
    5
    8
    0
    0
    0
    0
    0
    0
    0
    0
    0
    0
   12
    0
    0
    0
    6
   34
    0
    5
    0
   17
    0
    0
   20
    0
    0
    0
    0
    0
    0
    0
    0
   10
   41
   10
    5
   41
   80
   30
   15
   41
   45
    0
   43
    0
    5
   10
   20
    0
    0
    0
    0
    9
   14
    0
    0
    0
    0
    3
    0
    0
    0
    0
    0
   30
   16
    3
    6
    0
    0
    0
    0
    0
    0
    0
    0
    0
   33
   26
  168
    3
   81
   80
   39
    3
    0
  133
    0
    0
    0
    0
    0
    0
    0
    0
   58
  168
   20
    0
    0
   42
    3
    0
   20
   11
   32
    0
   11
    0
   52
  153
    0
    0
    0
    0
    0
    2
   20
    0
    0
    5
    5
    2
    0
    0
    2
    3
  192
   22
    0
    0
    0
    0
    8
    0
   55
    2
   10
   14
   30
    8
   21
    3
   33
   30
   20
    0
    0
    0
    0
    0
    0
    0
   54
    0
    0
    0
   70
    0
    0
    0
   22
   23
   37
  102
   30
   20
   21
    0
    0
    5
   41
   35
   69
    0
  192
   39
    2
   10
   19
    3
    2
    0
   53
   18
   10
    0
    0
    0
    0
    0
    0
    0
    0
    0
    3
    0
    5
   45
   10
    0
   11
    0
    0
    0
   10
    0
    0
    7
   48
   30
    6
    0
    2
   17
    0
    0
    0
    0
   10
   20
   28
    8
  111
    0
    0
    0
    0
    0
    0
    0
    0
    0
    0
    0
    0
    0
    0
    0
    0
    0
    0
    0
    0
    7
    0
  203
    0
    0
  164
  174
   27
    7
    0
    0
    0
    0
    0
    0
    0
    0
   14
   11
    0
    3
    0
    0
    0
    0
    0
    0
    0
    0
    0
    0
    0
    0
   70
  280
  128
    0
    0
    0
    0
   26
   18
   10
   48
    0
    0
    0
    0
    0
    0
  561
   24
    0
    0
   64
    0
   84
    0
    0
    0
   24
    0
    0
    2
    0
    0
    0
    0
    0
    0
    0
    0
    0
    0
   24
    0
    0
   30
    0
   47
   28
    0
    0
    0
   16
    0
    0
    0
    0
    0
   24
  175
