Station: Glauzig , scaling_factor: 10.0, latitude:  51.6520, longitude:  11.9879, altitude:  81, nodata_value: -9
start: ..1969-01-01  end: ..2002-12-31
  183
   64
    0
    2
    0
    0
    0
    0
    0
    0
    0
    0
    2
    0
    1
    0
    0
    0
    5
    0
    9
   81
    5
   53
   62
    2
   16
    5
    0
    0
    9
    0
   14
    5
    0
    0
    0
    0
    5
    8
    6
    0
   12
   14
    2
  255
   31
    5
    0
    0
   19
    0
    0
    0
    8
   39
    0
    0
    0
    0
    0
    0
    0
    0
    0
    0
    0
    0
    0
   29
   77
  136
   30
   98
    8
    0
    0
    0
    0
    0
    0
   33
    0
    3
    0
   10
    5
    0
    3
   58
    0
    3
    0
    0
    0
    0
    0
    0
    0
    0
   78
   29
    2
    8
   54
   15
   16
    2
    3
    0
   10
   35
   26
   60
    0
   21
   47
   19
   39
   12
   12
    1
   71
   79
    0
   24
   48
    0
   15
    6
    0
    0
    0
    0
    0
   36
    0
   12
   11
   30
   14
    3
    0
    0
    0
   75
    0
   20
    0
   43
   21
  116
   14
   40
   42
   24
   52
    0
    0
    0
    0
    2
    0
    0
    2
    0
    0
    0
    0
    8
   14
    0
    0
    0
  260
    0
    6
   52
   18
   94
    0
    0
    0
    0
    0
    0
    0
    0
   12
   63
   23
   38
    0
    0
    0
    0
    0
   63
    0
    0
    0
    1
    0
    0
    0
    0
    0
    0
    0
    0
    0
    2
    0
    0
    0
    0
    0
   11
    0
    0
    0
    0
    0
   12
   49
   75
    0
   26
    0
    0
    0
   43
    9
    6
    0
    0
   14
   16
   28
   75
  145
   33
    0
    0
    0
    0
    0
    0
    0
    0
    0
   31
    0
    0
    0
    0
    0
    0
    3
    5
    0
    0
    0
    4
   16
    0
    0
    0
    0
   11
    0
    0
    3
    6
   73
   22
    0
    0
    0
    0
    0
    0
    0
    0
    3
    0
    0
    0
    2
    1
    0
    0
    0
    0
    2
  143
   14
   16
    0
    0
    0
   23
    5
   23
    0
    0
    0
   24
    2
    0
   27
   28
   34
    0
    0
    0
    3
    2
    0
    0
    0
    3
   10
    9
    0
   11
   16
   81
    0
    0
    3
    0
   54
    0
    0
   14
   56
    0
    1
    6
    3
   10
    0
    0
    0
    0
    0
    0
   60
   16
    6
   69
    6
    3
    0
    0
   11
    0
    0
    0
    2
    0
   18
   16
   11
    3
    4
    3
   43
   98
    0
    3
    0
    3
    0
    0
    0
    0
    0
    0
   37
    0
    0
    0
    2
    0
    0
    1
    0
    0
   62
   86
    0
    2
    0
    3
    0
  108
    2
    0
   19
    6
    0
   16
   12
   11
   14
   37
   16
    0
    3
   11
    0
    2
   16
    6
    3
  210
  109
   22
    0
   32
   47
    3
   16
   47
    2
   84
  149
    5
    0
    0
    0
    0
    0
    0
   21
    0
   14
    6
    5
   12
    3
   15
    0
    0
    0
   25
    9
    0
    2
   84
    6
    0
   22
    0
    2
   23
    6
    9
    0
    3
    0
  137
    1
    0
    0
   36
    0
    8
   60
    3
    0
   31
   21
    0
    3
    0
   19
   11
    0
    6
    0
   23
   79
   39
    2
    6
    0
    0
    0
    0
    0
    0
    0
   31
  112
    2
    0
    0
    0
    0
    0
   51
   26
   21
    7
   21
    0
   46
   51
  166
   82
   28
   44
   34
    3
    0
    0
   15
   11
    0
    0
    0
    3
   70
    5
    0
    0
    0
    0
    0
    0
    0
    0
    0
    0
   44
    8
    2
   13
    0
    0
  140
   65
    0
   52
   15
   10
   10
    0
    0
    0
    0
   36
    0
    2
    0
    0
   25
   65
    6
    2
    0
   23
   26
    0
    0
    0
   18
   52
   18
    3
    0
   71
    0
  180
   51
    0
    0
    0
    0
    0
   31
   61
    0
   28
    5
    0
    0
   25
    0
   49
    9
    0
    0
  148
  375
  337
    0
    4
    0
    0
   19
   23
    0
    0
    0
   88
    0
   18
   64
    2
    2
    0
   41
    0
   42
   92
    0
    2
    0
    3
    3
    0
    0
    0
    0
    0
    0
    0
    6
    0
    0
    0
    0
    0
   92
   49
   55
  245
   32
    0
    0
    0
    0
    0
    0
    0
    0
    0
   23
    0
    0
    0
    0
   49
   26
   23
   58
    0
   34
    0
   44
   18
   85
    3
    5
   46
    0
  136
   29
    0
   39
   63
    0
    0
   36
   37
   31
   24
    0
   56
    0
    0
    5
    7
    0
    0
    8
   31
    0
    0
    0
    0
    2
    2
    0
    0
   27
    0
   28
   53
    0
    0
    0
    0
    4
    3
    0
    0
    0
    2
    0
    0
    0
    0
    0
    6
    2
   26
    3
    2
    0
    2
    0
   79
    0
   71
    0
    0
    0
    0
    0
    0
    0
    0
    0
    0
    0
    0
    0
    0
    0
    8
   30
    0
    0
    3
    0
    0
    0
   48
    0
    2
    3
    4
   22
    0
    0
    0
    2
    0
   15
   13
    2
    1
    5
    0
    0
    0
    0
    4
    2
    0
    0
    9
    4
    2
    3
    0
   36
   28
    9
   18
   20
    3
    9
   48
    8
    0
    0
   14
    0
    0
    0
    0
    0
   28
    0
    2
    0
    0
    0
    0
    0
    0
   22
    0
    0
    0
    0
   23
    0
    3
    0
    0
    0
    2
    3
    0
    0
   81
    0
    0
    0
    0
    0
    0
    0
    0
    0
    0
    0
    0
    0
   25
    0
    0
   10
    0
    0
    0
  224
   32
   45
    6
    0
    0
    0
    0
    0
    0
    0
    0
    0
    0
    0
   27
    0
    0
    0
  136
   23
   10
    0
    0
   83
    0
   50
    0
    0
   35
    6
    0
   64
    0
   34
    0
    6
    2
    0
    0
   63
    0
    0
    0
   31
   19
   38
  136
    8
    2
    6
    0
   53
   42
    0
   62
   54
   63
    0
   33
    0
    0
    0
   25
    2
  103
   28
    3
    0
    0
    0
    0
    0
    0
    0
    0
    0
    0
    0
    0
    0
   31
    0
    0
    0
    0
    0
    0
    0
    0
    0
   70
    0
    0
    0
  325
    6
    0
    0
    0
   11
    1
    0
    0
    0
    1
   26
    0
    0
    2
    0
    0
    2
    0
    0
    0
    0
    0
    0
  200
  357
   21
    0
    0
   10
   39
    0
    0
   38
   16
    0
    0
    0
    0
    0
    0
    0
    0
   82
    4
    0
    4
    3
    0
    0
    2
    0
   55
    0
    0
    0
    0
    0
   10
   51
    0
    0
   32
    0
    0
    0
    0
    0
    0
    0
    0
    0
    0
    0
    0
    0
    0
   50
   60
    0
    0
    0
    0
    4
   10
   32
    0
    0
    0
    0
    0
    0
    0
    0
    0
    0
    0
    0
    0
    0
    0
    0
    0
    0
    0
   14
    0
    2
    0
    8
    2
   34
   26
   55
    0
    0
   14
    0
   26
    4
    6
    0
    2
    0
    0
    0
    2
    0
    0
   16
    0
   11
   12
    2
   33
   20
   10
   75
    0
    0
    0
    0
    0
    0
   54
   42
   20
   29
   25
    0
    0
    0
    3
    2
    4
   26
    0
    0
    0
   16
    0
    0
    0
    0
    4
    2
    0
    0
    0
    0
    0
    0
    0
    0
    3
    0
    0
    0
    0
    0
    0
    0
    0
    5
    0
    0
    3
    0
    0
    0
    0
    3
    0
    0
    0
    0
    0
   36
    0
    0
    0
    0
    0
    0
    0
    0
    0
    0
    0
    0
    0
    0
   21
    9
    0
    0
    0
    2
    0
    0
    0
    0
    0
   49
    0
    0
  310
    0
    0
    0
    0
    0
    0
    0
    0
    0
    0
    0
    0
    0
    0
    0
   10
   28
   22
   11
    0
   60
    0
   34
    2
    0
    9
   40
    3
    0
    0
    0
    0
   20
    0
    0
   31
    0
    0
  100
   43
    0
   45
    2
    0
    0
    0
    6
   12
   21
    0
    0
    0
    0
   20
    5
    0
    0
    0
    0
   28
  146
    0
   10
   55
    0
    0
  235
    0
    5
   40
    0
    0
    0
    0
    0
   45
   62
   20
   20
   25
   19
    0
   30
    0
    0
    0
    0
  252
   38
    0
    0
    8
  125
  130
    0
    0
    0
    0
    0
    0
   10
    0
    0
   14
   30
    0
    0
    0
    0
    0
    0
   69
    0
    0
   33
    0
    0
    0
    0
    0
   65
  100
    0
    0
    0
    0
    0
    0
    5
    0
    0
    0
    0
    0
    0
    0
    0
    0
    0
   20
  175
  160
    2
    0
   10
    2
    0
    0
    0
    0
    0
  180
    0
   82
    0
  116
    0
  183
   12
   48
   78
    0
    0
    2
   20
    0
    0
   25
    2
    0
    0
    0
    0
    0
   20
    0
    0
    0
    0
    0
    0
    0
    2
  116
    2
    0
   16
   26
    0
   45
   75
   35
    0
    0
    0
   20
   36
    2
    2
   60
   24
    4
    0
    6
    0
    0
    0
    0
    0
    0
    0
    0
    0
    0
    0
    0
    0
    0
    0
    0
    0
    0
   20
   25
    0
   92
   11
    0
    0
   18
    0
  162
    0
    0
    0
    0
    0
    0
    0
    0
    2
    0
    1
    0
   25
    9
   49
    0
    1
    0
    0
   46
    2
    3
   26
    2
    8
    0
    6
    0
    0
    0
    0
    0
    0
    0
    0
   11
    4
    0
    0
    0
    0
    0
   19
    3
    0
    0
    0
    0
    0
    0
    0
    0
    0
    0
    0
    0
    0
    0
    0
    0
    0
    0
    0
    0
    0
    0
   11
    0
    6
    2
   11
    2
   16
    0
    0
    0
    0
    0
   57
   35
    0
    0
   20
    0
   18
    0
    0
    0
    0
   15
   24
    2
    3
   41
   32
    6
    0
    0
    0
    0
    0
    2
   10
    0
   18
    0
   22
    2
    0
    0
    0
    1
   48
    4
    0
    0
    3
   33
  142
   10
    5
    0
    0
    0
   17
   31
   16
    0
    0
   20
   19
    0
    0
    1
   16
    0
    0
    0
    0
    4
   45
   16
    1
    0
    0
    0
    0
    0
    0
    0
    0
    0
    0
    0
   24
   32
    6
    0
    4
   26
   23
    1
    0
    6
   16
   53
    0
    0
    0
    9
   20
   33
    6
    0
   10
   21
    0
    0
    0
    0
    0
   33
    3
    0
   19
   77
    0
    0
  123
    0
   21
   35
    0
    7
    2
    0
    0
   66
   23
    0
    0
    0
    0
    0
   18
    0
   61
    8
    6
    0
    0
    0
    0
    5
   32
   13
    4
    0
    0
    0
    0
    0
    0
    0
    9
    0
    0
  112
    0
    0
    0
  113
    0
    0
    0
    0
    0
  101
    0
    0
    0
    0
    7
    0
    0
    0
    0
    0
    0
    0
    0
    0
    0
    0
    6
   30
   15
    0
    0
   66
    0
    0
   11
    5
    5
    0
    0
   27
   31
    0
   22
  108
   40
    0
    0
    0
    0
    0
    2
   11
    0
    5
   57
   17
    0
    0
    0
    0
    0
    0
    0
    0
    0
    0
    9
    0
    2
    0
    0
    0
    0
    0
    0
    0
    0
  204
   30
    2
   32
    0
    0
    0
    4
    0
    0
  119
    0
    0
    0
    0
    0
    0
   35
    0
    0
   62
   82
   32
    0
   41
   54
    3
    0
    2
   17
    5
    0
    0
    0
    0
    0
    0
    0
    0
    0
    7
   99
    0
    0
    0
    6
   60
  130
    9
    2
   15
   70
   30
   31
   74
    0
    0
    0
    0
    0
    0
    2
    2
    0
    0
    0
    0
   51
    1
    2
   16
    0
   11
    6
   31
   29
   15
   11
   20
    4
    0
   10
    0
    0
    0
    0
   21
    2
   12
    2
    0
   21
    0
   14
    0
    6
   16
    0
   33
  111
   18
    0
    0
    2
    0
   15
    0
    5
    3
    2
    0
    0
    0
    0
    0
    0
    0
    6
    0
    0
    0
    0
    0
    0
    0
    0
    0
    0
    0
   56
   45
    0
    0
    0
    2
    5
    0
    3
    0
   15
   42
   69
    0
    0
    0
    0
    3
   13
    0
    0
    3
    2
    0
    0
    5
    0
    0
    0
    0
   16
  116
   25
   37
    0
    0
    0
    0
    0
    0
    0
    0
    0
    4
   17
    0
   27
  120
   27
    0
    1
    0
    0
    0
    0
    0
    0
    0
   33
    0
    2
    0
    0
    0
    0
    0
    0
    0
    0
    3
   23
   95
   17
    0
    0
    0
    0
    0
    0
    0
    0
    0
    0
    0
    0
    0
    0
    0
    0
    0
    0
    0
    0
    0
    0
    0
    0
    0
    0
   82
    2
    0
    0
    0
    0
    0
    0
    0
   34
    0
    0
    0
   11
    2
    0
    0
    0
   34
   46
   32
   45
    2
    0
    0
    0
   72
    0
   11
   79
    0
    0
    0
    0
    0
    2
  125
   40
    5
    5
    0
    0
    0
   21
    2
    5
   38
    2
    0
   43
    0
    0
   13
   32
   52
   20
   12
   50
   34
    6
    4
   16
    0
    2
   52
    0
   50
    0
    0
    0
    2
    0
    3
   77
  110
    0
    8
   64
    0
  105
   25
    5
   77
    2
    0
    2
   12
   25
    0
   14
    0
    0
    0
    0
    0
    0
   54
    0
    0
    2
  127
   22
    0
   25
    0
    0
    0
    0
    0
   10
    0
    0
   31
    0
    0
    8
   20
   14
   75
   20
    0
    0
    0
    0
  110
   35
   57
  276
    0
    0
    0
    0
    0
   18
    0
    0
    0
    0
   43
   15
    0
   93
   25
    0
   27
    0
    0
   61
    0
    0
    0
    0
    0
    0
    0
    0
   58
    0
    0
    0
    0
    0
    8
    4
   14
    2
   94
    2
    0
   10
    8
   15
    0
    3
    0
   34
    0
    9
    0
    0
    0
   11
   19
   91
   84
    6
    8
    2
   46
  111
  330
    2
   14
   60
    7
   46
   48
    3
   23
   40
  170
   11
    0
    2
    0
    1
    0
    0
    5
    6
    0
    0
    0
    0
    0
    1
    0
    0
    0
    3
    2
   55
    0
    0
    0
    3
   14
   11
   25
    7
   13
   16
    0
   34
   31
   75
   74
   32
    0
    0
   34
   35
    0
   16
    6
   43
   14
   11
    0
    0
    0
    0
    0
    0
   71
   11
    9
   18
   20
    2
    6
   22
    0
    0
    0
    0
   11
   26
    0
    0
    0
    0
    0
    0
    0
    0
    0
    0
   26
   12
    0
   12
    6
    0
    0
    9
    0
   28
   40
    5
   11
   32
   22
   12
    0
    0
    0
    0
    0
    0
    0
    0
    0
   19
   10
   13
    0
    0
    0
   29
    3
    0
    0
    0
    0
    0
    0
    0
    0
    0
    0
    4
    0
    0
    0
    0
   29
    0
    0
    0
    0
   21
    0
   55
    2
   43
    0
    0
  102
   35
    0
    0
    0
   22
   38
   19
   21
    0
    0
    0
    0
    0
   21
   46
   25
   52
   33
    0
    2
    0
    0
    4
   18
   12
   63
   68
   14
    3
    0
    0
   18
    0
    0
    0
    0
    9
    0
    0
    0
    0
    0
    0
   28
   33
    0
    0
    0
    0
   62
  133
    0
  178
   26
    0
    0
    0
    0
    0
   21
    0
    0
    0
    0
    0
    0
    0
    0
    0
    0
    0
    0
    0
    0
    0
   10
    0
    0
    0
    0
    2
   23
   67
    0
    0
    6
   20
   63
    2
   28
   13
    0
    0
  289
   47
    0
   48
    0
    0
    0
    0
    0
    0
    0
    0
    0
    0
    0
    0
    0
    0
    0
    0
   89
    0
    0
   12
    0
    0
    0
    4
    0
  133
    0
    0
    0
    2
   14
    0
    0
    0
    0
    0
    0
    0
    0
    0
    0
    0
    0
    0
    0
    0
    0
    0
    0
    0
    0
  168
   11
    5
    0
    0
    2
    0
  378
   15
  150
    0
    0
    0
    0
    0
    0
    0
    0
    0
    4
    0
    0
    0
    0
    0
    0
    0
   50
   62
   26
    2
    0
    0
    0
    0
    0
    0
    0
    0
    0
    0
    0
    2
    3
   16
    0
    0
    0
   49
    0
    3
   20
    0
   10
    0
   15
    2
    0
    0
   14
    0
    0
    0
   50
   24
   44
    8
   39
   35
    1
    0
    0
    0
    0
    0
    0
    0
    0
    0
    0
    0
    6
    0
    0
    0
    0
    0
    0
    0
    0
    0
   14
    0
    0
    0
    0
   56
   40
   28
    0
    0
    0
    0
    0
   14
    1
    0
   14
    0
    0
    0
    0
    2
    0
    0
    0
    0
   51
    2
    0
   17
    0
    0
    3
    0
    0
    4
    2
    0
    0
    0
    4
   17
    3
    0
    0
    0
    0
    0
   75
   26
    0
   11
    0
   23
    0
    0
   11
   70
    4
   61
   98
   45
   22
    4
    3
    0
    0
   42
   26
   21
   22
    2
    0
    0
    0
   16
    0
    2
    0
    0
    0
    0
    0
    0
    0
    0
    0
    0
   20
    0
   10
   70
    2
    0
    0
    0
    0
    0
    0
    0
    0
    0
   20
    0
    0
    0
    0
    0
    0
    0
    0
    0
    0
    0
    0
    8
    0
    2
    0
    0
    3
    0
    0
    0
    8
   38
   20
    0
    2
    3
    2
    2
   16
   35
    2
    0
    2
   20
    0
    0
    0
    0
    0
    0
    0
    1
    0
    0
    0
    0
    0
    0
    0
    0
    0
    0
    0
    0
    0
    0
    0
   11
   56
    0
    0
    0
    0
    0
    3
    0
    0
    8
    0
    0
    0
    0
    0
    0
    0
   39
    0
    0
    0
    0
    0
    0
    0
    3
   27
    0
    0
    0
   66
    0
   14
   46
    6
    0
   45
   52
   36
    0
    0
   10
    0
    0
    0
    0
    0
    0
    0
    0
    0
    0
   60
   57
    0
    0
   11
   15
    0
    0
    0
    0
    0
    0
    0
    0
    0
    0
    0
    0
    0
    0
    0
    0
    0
   11
    0
    0
    0
    0
   29
   18
    0
    0
   11
    2
    0
   11
   61
    0
    0
    0
   29
    0
    0
    0
    0
    0
  125
    0
   16
   47
   22
    0
    0
    0
    0
    0
    0
    0
   15
    9
    0
    0
    0
    0
    0
   31
    0
    0
    0
    0
    0
    0
    0
   93
   24
    0
    0
    0
    7
   42
    0
   18
    0
    0
    0
    0
   62
    0
    0
    0
    0
   32
    3
    2
    0
    0
    0
    0
    0
    0
    0
   26
    0
   33
   78
    0
  170
    0
    0
    0
   64
   24
    0
   34
    6
    0
    0
    0
    0
    0
   36
    0
    2
    0
   82
    0
    0
    0
    0
    0
    0
    0
    0
    0
    0
    0
    0
    8
    3
    0
    0
   60
    0
    0
    0
   81
    0
    0
    2
   20
    0
    8
   18
   10
    0
    0
    0
    0
    0
   20
   76
   18
   76
   11
    0
    0
    0
    0
   10
    0
    8
    2
    0
    0
    0
    0
    0
    0
    0
   15
   15
   19
   21
    2
    4
    0
    0
    2
    0
    0
    0
    0
    8
    4
    0
    0
    0
    0
    0
    0
    0
    0
    0
    0
    0
    0
    0
   10
   11
    0
   46
  210
    0
    0
    0
    0
    0
    0
    2
    0
    0
    8
    2
    0
   58
    0
    0
    0
    0
    0
    0
    0
    0
   11
    0
   21
   12
   20
   33
    0
   38
    0
    0
    2
    0
    0
    0
    2
    3
    0
   62
    0
    0
    0
    0
   34
    6
    9
    0
    0
   30
    2
   26
    0
    0
    0
   11
    0
    0
    0
  225
  145
   15
    0
    0
    2
   31
   32
    0
    0
    0
    0
    0
    0
   23
   73
   29
    0
    0
    0
   50
    0
   12
    0
    0
   18
    2
    0
   13
    2
   12
   15
   21
   13
   55
    0
    0
    0
    0
    0
    5
    0
   61
   26
    0
    0
    0
    0
   15
   96
   63
    0
    0
    0
   81
    0
    0
   94
    0
    2
    0
   11
    0
    0
   44
   63
    0
    0
  182
   86
   11
    0
    0
    0
    0
    0
    0
    0
    0
   30
    0
    0
   12
    8
   14
    4
    0
    0
   42
    0
   15
    0
    0
    0
  182
    6
    5
    0
    0
  350
    2
    0
    0
    0
    0
  136
    2
    0
   36
   41
    0
    0
    2
    0
    0
    0
   16
   12
   30
    5
   37
    0
    0
    0
    0
    2
    0
   20
   52
    0
   14
    0
    0
    0
   95
  110
   15
   23
    4
    0
    0
    2
    2
    0
    0
   31
    0
  155
   75
   15
    0
   29
  186
   11
   21
    0
   13
    0
   41
   16
   17
    0
    0
    0
    0
    0
    0
  260
  102
    4
    0
    0
  221
    0
    0
   12
    0
    0
    4
    0
  172
    0
   38
    0
    0
    0
    0
    0
    0
    0
    0
    0
    0
   83
   23
    0
    0
    0
    0
    0
    2
    2
    0
   42
   12
    3
   26
   47
    0
    0
    0
    0
   98
    0
    0
    0
    0
    0
    0
    0
    0
    0
    0
    0
    0
    0
    0
    0
    0
    0
    0
    0
    0
   73
   20
  165
    6
   26
    0
    0
    0
   78
  110
    2
    0
   56
    0
   55
    0
    0
   10
    2
    0
    0
    0
   25
    3
    2
   13
   15
   18
    0
    1
   13
    2
    0
    0
    0
    0
   14
    0
    0
    0
    0
   49
  109
    0
    0
    5
    3
    0
    0
    0
    0
    0
    0
    3
   15
    0
    3
   19
    0
   21
    2
   27
    0
    0
    3
   27
    3
    0
    0
    0
    0
    0
    0
    0
    0
    9
    0
    0
   65
    3
    0
    0
    0
    0
    2
    0
   11
    0
    0
    2
    0
   13
    0
   10
   25
    3
   23
    0
    0
    0
   15
    2
    0
    0
    0
    0
   21
    0
    0
    0
    0
    0
    0
    6
    5
    0
    0
    0
   18
    0
    0
    0
    0
    0
   16
    2
    0
    3
   62
    0
    2
    0
   28
    2
    0
   27
    0
   14
    0
   82
    8
   10
   28
    2
    0
   10
    3
    0
    2
    0
    0
    0
    2
    2
    5
   21
    0
    0
    0
    0
    0
    0
    0
    0
    0
    4
    0
    0
    0
    0
    0
    0
    9
    0
    0
    0
    0
    0
    0
    0
   12
    0
  110
  129
    0
    0
    0
    0
  120
   22
    0
   36
    3
   52
   18
    0
   29
   83
  155
    0
   11
   55
    9
   97
  222
    1
    0
    0
    0
    0
    0
    0
    0
    0
    0
    0
    0
    0
    0
    4
    0
    0
    0
    0
    0
   50
  151
    0
    0
    0
    0
    0
    0
    0
    0
   16
    0
   14
    2
   19
    0
    0
   98
    0
   82
    8
    0
    0
    4
   32
  102
  105
    0
    0
    0
    0
    0
    0
    5
    0
    0
   32
   14
    0
    0
    0
    0
    0
   18
    0
    0
    0
    0
    0
  160
    4
    0
    0
    0
   31
  246
  178
    0
    0
    0
    0
   11
    0
    7
   35
   16
    0
    0
    0
    0
    0
   86
    0
    0
    0
   20
   15
   72
   64
   25
   31
   11
    0
    0
    0
   97
   80
    0
   26
    4
  127
   19
    0
    2
    0
    0
    0
    0
   85
   45
    2
   91
   26
    2
    0
    3
    2
   25
   65
    4
    0
    0
   76
  116
    0
    0
    0
    0
    0
    0
    0
    0
    0
    0
    0
    4
   10
    0
    0
    3
   10
   40
    0
    0
   40
    5
    1
    1
    0
    0
    0
    0
    0
    2
    0
    0
    0
    0
    0
    0
    0
    0
    0
    6
    0
    0
    2
    0
    0
    0
    0
    0
    0
    0
    0
    8
    0
    2
    0
   12
   57
   70
    6
    0
    0
    0
    0
    0
  138
    0
    0
    0
    5
    0
    4
   46
   24
    0
    0
    0
    0
    0
    0
    0
    0
    0
    2
    0
   72
   49
  127
   48
    2
    0
    0
    4
    2
    0
   25
   36
   14
    0
   14
   31
    4
    1
    3
   72
    0
    0
    0
    0
    0
    0
   43
    4
    0
    0
   29
    0
    0
    0
   14
    6
    0
    0
    0
    0
   20
   23
    0
    0
    0
   11
   23
   71
   57
    2
    0
  102
    0
    0
    0
    0
    0
    2
    0
    1
    0
    0
    0
    7
    2
    0
    2
    0
   34
    0
    0
   32
    0
   54
   32
   53
    8
    0
   46
    2
   37
    4
   67
    0
   11
    0
    0
   15
   10
    0
   32
   12
    3
    0
  125
    2
    3
  250
    2
    0
   51
    0
    0
    0
    0
    0
    0
    0
    0
  102
   20
    0
    0
    0
    0
   32
    0
    0
   71
    0
    0
    0
    9
   54
   12
    0
    2
    2
    0
   62
    0
    0
    0
    0
   27
    0
    0
    0
    0
    0
    8
   76
    0
    0
    0
    0
    0
   21
   16
    0
   90
    0
    0
    0
    0
    0
    0
    0
    0
   14
   22
  113
   82
    7
    0
    0
   45
    5
    0
    3
   29
    0
    0
    0
    0
    0
   34
    1
    2
    0
    0
   36
    0
   42
   10
    0
    0
    0
    0
    0
    0
   32
   19
   32
    0
    0
    0
    0
    0
    3
   40
    0
   50
    2
    0
    6
    2
   13
   47
   63
  156
    0
    5
  228
    0
   16
   -9
   -9
   -9
   -9
   -9
   -9
   -9
   -9
   -9
   -9
   -9
   -9
   -9
   -9
   -9
   -9
   -9
   -9
   -9
   -9
   -9
   -9
   -9
   -9
   -9
   -9
   -9
   -9
   -9
   -9
   -9
   -9
   -9
   -9
   -9
   -9
   -9
   -9
   -9
   -9
   -9
   -9
   -9
   -9
   -9
   -9
   -9
   -9
   -9
   -9
   -9
   -9
   -9
   -9
   -9
   -9
   -9
   -9
   -9
   -9
   -9
   -9
   -9
   -9
   -9
   -9
   -9
   -9
   -9
   -9
   -9
   -9
   -9
   -9
   -9
   -9
   -9
   -9
   -9
   -9
   -9
   -9
   -9
   -9
   -9
   -9
   -9
   -9
   -9
   -9
   -9
   -9
   -9
   -9
   -9
   -9
   -9
   -9
   -9
   -9
   -9
   -9
   -9
   -9
   -9
   -9
   -9
   -9
   -9
   -9
   -9
   -9
   -9
   -9
   -9
   -9
   -9
   -9
   -9
   -9
   -9
   -9
   21
    0
    0
    0
    8
    0
   62
    0
   94
  114
   85
    0
   15
   76
    8
    2
    2
    0
    0
    0
    0
    0
    0
    0
    0
    0
    0
    7
   43
    5
   11
   12
   11
    0
   21
    0
    0
    0
    9
    5
    2
    0
    0
    0
    0
    0
    2
    0
    0
    0
    0
   21
    0
    0
    0
   21
   36
    0
    0
    0
    0
   31
    0
   15
   65
   35
   45
    7
    2
    0
    0
    0
    0
    0
    0
    0
    0
    6
    0
    0
    0
    0
    0
    0
    0
    0
    0
    0
    3
    6
    9
    2
   11
    0
   16
    0
   28
    2
    8
   28
    0
    0
    0
    0
    0
    0
    0
    0
    3
    0
    0
    0
    0
    0
    2
    0
   15
   44
   36
   18
    2
    0
   78
  102
   23
    0
    0
    0
   19
   32
   13
    8
    0
    0
    0
    0
    0
    0
    0
    0
    5
    2
    0
    0
  112
  321
    0
  121
  174
    0
    0
    0
    0
    0
    0
    0
    0
    0
    0
  128
    0
    0
    0
    0
    0
    0
    0
    0
    0
    0
    0
    0
    0
    0
    0
    0
    0
    0
    0
    0
    0
    0
    0
    0
    0
    0
    0
   16
    0
    0
    6
    0
   98
   47
    0
    0
  138
   52
    0
   14
    0
   26
   86
    0
    0
    0
    0
    0
   21
    0
   27
   64
   87
    0
  118
    6
    0
   25
    0
   19
    7
    0
  144
  361
    0
   44
   51
   56
    0
    0
   11
   86
   46
  124
    0
    0
    0
    0
    0
   15
    0
    0
   24
    0
    0
    0
    0
    0
    0
    0
    0
    7
    0
    0
   41
   56
    0
    0
    0
    0
    0
    0
    9
    4
   69
    0
    0
    0
    0
    0
    0
    0
    0
    0
   94
    0
    0
    0
    0
    7
   21
    0
    0
   17
   25
   17
   14
    9
   26
    2
    0
   56
    0
    0
    0
    0
    0
    0
   20
   26
    0
    0
    0
    0
    7
    0
    0
    0
    0
    0
    0
   56
    2
    0
    0
    0
    5
  227
    0
    0
    2
    0
    0
    9
    0
    0
    0
   21
   12
    2
    5
   38
    5
    0
    0
    0
    0
    0
    0
    0
    0
  143
   68
    0
    0
    0
    0
    0
    0
   72
  100
   17
    0
    3
    4
    2
    0
   16
    0
    0
   48
    0
    5
    0
   11
   10
    5
   33
    8
   51
    0
    0
    7
    0
    0
    0
    0
    0
    3
   43
    0
    5
    0
   29
    0
    0
    4
   36
   42
    0
    0
    0
    0
    0
    0
    0
   50
   32
   43
   48
   11
    9
   26
   37
    0
   12
   31
    0
   19
    0
    0
    0
   16
    0
   18
   42
    6
    0
    4
    0
    0
   21
    0
    0
    0
    0
    0
    0
    0
    0
    3
   12
    6
   15
   31
    0
    0
    7
    0
   12
    0
    0
    0
   13
    0
    7
   26
    5
    0
   16
   70
    0
    0
    0
    0
    0
   26
   36
    0
    0
    0
    6
   14
    4
   92
   96
  129
   81
   15
    0
   11
   92
   27
    3
    0
    0
    0
    0
   37
    0
   41
   97
    0
    0
    0
    0
    0
    0
    0
    0
    6
    4
    0
    0
    0
    0
    0
    0
    0
    0
    0
    0
    0
    6
   14
    3
    0
    0
    4
    0
    0
    0
    0
  311
    4
   16
   68
    0
    0
    0
    0
    3
    0
    0
    0
    0
    0
    0
    0
    0
    0
    6
    0
   40
    0
    0
    0
    0
  102
    6
   26
    0
   44
   27
    0
    0
    0
    0
    0
    0
  134
    4
    0
   18
    2
    0
    9
    0
   80
    0
    0
    0
    6
    0
    7
  118
    0
   36
   15
    5
    0
   22
    3
    0
    0
    0
   78
   21
    5
   11
   84
    0
    0
    0
    0
    0
    0
    0
    0
    2
   32
   48
    0
   11
    3
   16
    0
   16
    4
    0
    0
   34
   17
  127
    4
   18
   14
    0
    0
    0
   13
    0
    0
    0
    0
    5
    0
    0
   61
    0
    0
    0
    0
    0
   11
    0
    0
   36
  105
   27
   98
    5
    4
    0
    0
    0
    0
    0
    0
    0
    0
    0
    0
    0
    0
    0
    0
    3
  123
    0
    0
    0
    0
    0
    3
  134
    0
    8
    5
    8
    0
   79
   58
    0
    0
    0
    2
  254
   19
    2
    0
    0
    4
   15
    0
    0
    2
    0
    0
    0
    0
   30
   26
    2
   71
    0
   36
   70
   18
    2
    0
    3
    0
    0
    0
    0
  188
   11
   20
   11
    0
    3
    2
    4
    0
   15
    0
    0
    2
    3
    2
   46
    8
   76
    2
    0
    0
   11
   50
   15
   22
   30
    0
   16
    8
    0
   74
  110
    0
    4
   41
   25
    3
  171
   41
    8
   26
   13
  153
    0
    0
   79
    0
    0
   31
    0
    3
    0
   46
    5
    0
    5
    3
    0
    0
    0
    0
    4
    0
    2
    0
    3
    0
   48
    3
   11
   42
    0
    0
    0
    0
    0
    0
    0
    0
    0
    0
    0
    0
    0
    0
    2
    0
    0
    0
    0
   24
    0
    0
   29
   50
   46
    0
    0
    0
    0
    0
    0
   18
    0
   35
    0
    0
    0
    0
    0
    0
    0
    0
    0
    0
    0
    0
    0
    0
    0
    0
    0
    0
    0
    0
   11
    0
   36
    0
    0
    0
    0
    0
    0
   13
   46
    2
    0
    0
    0
    0
   69
    0
    0
    0
    0
    0
    0
    0
    0
    0
    0
    6
    0
    0
    0
    0
    0
    0
    0
    0
    8
   31
    8
    3
    4
    5
   16
   34
    0
    0
    0
    0
    0
    0
    0
    0
    0
    0
    0
    0
    0
    0
    2
   20
    2
   22
    8
    0
    0
   10
   24
   55
    0
    0
   24
   25
    0
    0
    0
    0
    0
   11
   30
    0
   14
    0
   55
   89
   54
    0
    0
    0
   94
    0
    0
    0
    0
    0
    0
    0
    0
    0
    0
    0
    0
    0
   28
    2
    5
    7
    0
   67
    0
   31
   58
    4
    0
    0
    0
   26
   16
    0
   18
   13
   47
   48
    0
    0
  101
    0
    0
   23
    0
    0
    0
    0
    0
    0
    0
    0
   13
    0
    0
    0
    0
    0
    0
    0
    0
    0
    0
    5
    0
    0
    0
    0
    0
    0
    0
    0
    0
    0
   41
   34
    0
    5
    0
    0
    0
    0
    0
   26
    0
    0
    0
    8
    0
    0
    0
    8
    7
    8
   20
    4
    0
    0
    0
    0
    0
   28
    0
    0
    3
   11
    0
    0
    0
    0
    0
    0
    0
    0
    0
    0
    0
    0
    0
    0
    0
    9
    0
    0
    0
    4
    0
    0
    0
    0
    0
    0
    0
    9
    0
  151
   39
    7
    0
    0
   13
   35
   21
    0
    0
    0
    6
    0
   29
    0
    0
    0
   11
   13
    0
    0
    3
    0
    0
    0
    0
    0
    0
    3
    0
    0
    0
    0
    0
    0
    0
    0
    3
    0
    0
    0
   60
   16
   11
   14
    7
    0
    9
    0
    0
    0
    0
    9
    6
    0
    0
    0
    0
    0
    0
   11
   20
   38
    2
    2
   45
    3
    4
    2
    0
   35
    2
    0
    0
    0
   41
    0
    0
    0
   26
    0
    0
    5
   22
    0
    0
    0
    2
    0
   35
   19
    5
    0
   19
    0
   22
    0
    0
    0
    0
   11
   19
   46
    3
    8
    0
   20
    0
    0
    0
    0
   56
    2
   18
   27
   35
    8
   10
   63
   17
    0
    0
    2
    0
    0
    2
   13
   85
   10
   25
    0
    0
    0
    0
    0
    0
    8
    0
    0
    0
    0
    0
    0
   29
    2
    0
    6
    0
    0
    0
    0
    0
    0
    0
    0
    0
    8
    0
    0
    0
   12
    0
   22
   15
   51
   24
    7
    6
    4
    0
    7
   50
    0
   41
    0
    0
    0
  164
  144
    0
   18
   33
    0
    0
   95
    0
    4
   92
   74
    5
   43
   18
    0
    0
    0
  202
    0
    0
    0
    0
    3
    0
    5
    0
    0
   21
    0
  139
    0
    5
    0
    0
    0
   35
    8
    0
   20
    2
    5
   25
   88
    0
  147
   32
    0
    0
    0
    7
   20
   61
   16
   73
    0
   26
    0
    5
    0
    0
    0
    0
    0
    0
   79
    0
    0
    0
   35
    0
    0
    0
   24
    7
    0
    5
    0
    0
    0
    0
    0
    0
    0
    0
    0
    3
   36
    0
    0
    0
    0
    0
    0
    0
    0
    0
    0
    0
    0
    0
    0
    0
    0
    0
    0
    0
    0
  184
  133
    0
    0
    0
    0
    0
    0
    0
    0
    0
    0
    0
    0
    0
    0
   20
  486
  250
    0
    0
    0
    7
    0
   42
    0
    0
    0
    0
    0
    4
    0
    0
    0
    0
    0
   34
    0
    0
    0
    0
    0
    0
    0
    0
    5
    0
    8
    0
    0
    0
    0
    0
    5
   54
    2
    0
    0
  175
  198
    0
    0
    0
   70
   13
   11
    0
    0
    0
    0
    0
    0
    0
    0
    0
    0
   11
    8
    0
    0
    3
    0
   55
    3
    0
    0
    0
    0
    0
   15
    0
    0
    0
    7
    0
    0
    0
    0
    0
    0
    0
    0
    0
    0
    0
    0
    0
    0
    0
    0
    0
    0
    0
    0
    0
    3
    0
    0
    0
    0
   58
   15
    0
    0
    0
    0
    0
    0
    0
   36
   71
   55
   70
   15
   18
    0
    0
    0
    0
    0
    0
   38
    0
   50
  111
    0
    0
    0
    0
    0
    0
    0
    0
    0
    9
    0
    0
   26
   50
    9
   20
    5
    0
    4
   30
    0
    0
    0
    0
    0
    0
    9
    0
   33
    5
    5
    0
   11
    0
   12
   58
    6
   26
    0
    0
    0
    0
    0
   30
   24
    0
    0
    0
    9
   30
   10
    2
   18
    0
    9
   40
    0
    4
   49
    0
   23
    0
   57
    0
    0
    0
    0
    0
    0
    0
    0
    0
    0
    0
   45
    0
   31
   31
    0
    0
    0
    0
    0
    3
    0
    0
    0
    2
    0
   18
    2
    0
    0
    0
    0
    0
    0
    0
    0
    0
    0
    0
    0
    0
    0
    0
    1
   11
   12
    0
    8
    0
    0
   80
  205
   23
   60
    0
    0
    0
    0
    0
   43
    4
    0
    0
    0
    0
   33
    0
    0
    0
    0
    0
    0
    0
    0
    0
    0
    0
    0
    0
  135
    2
    0
   15
    0
   38
   33
   25
   28
    0
    0
    0
   20
    0
    0
    0
   65
   25
    0
    0
    0
    6
    0
   30
    0
    0
    0
   10
   14
  120
    0
    7
    0
    0
    0
   61
   42
   15
   27
    0
    0
    0
    0
    0
   22
    2
    0
    0
    0
    0
    0
    0
   36
   88
    0
    0
   22
    0
    0
    0
    0
    8
    0
   36
  221
    0
    0
    0
    0
    0
    0
    0
    0
    0
   20
   28
  211
   43
   11
   91
    5
    0
    0
    0
    0
    0
    0
    0
  161
   22
    0
    0
    0
   85
    2
    0
  170
   25
    0
    0
    0
   30
   11
   40
   20
   15
    0
    0
   12
    0
    0
    0
    0
    0
    0
    0
    0
    0
    0
    0
    0
    0
    0
    0
    7
    0
    0
    6
    0
  240
    0
   18
   61
    8
   15
    0
    0
    0
   48
    0
    0
    0
    0
    0
    0
    9
   15
    3
   11
   38
   18
    0
   27
   30
    0
   15
    3
    0
    8
    0
   61
    3
   75
    5
    0
    0
    0
    3
    0
    0
    0
   25
    0
   10
    0
  166
   18
    0
   11
   64
    7
    0
    0
    0
    0
    0
    0
    0
    0
    0
    0
    0
    0
    0
    0
    0
    0
    0
    0
    0
    0
   34
    0
    0
    5
   15
  160
    5
    0
    0
    0
    0
    0
    0
    0
    0
    0
    0
    0
    0
    0
    0
    0
   21
    9
    2
    0
    0
   22
    0
    8
   28
   23
    2
  120
    6
    0
    0
    0
    0
    0
   18
    7
    0
   13
   15
   20
   30
   27
    6
   10
    1
    0
    2
   10
    0
   38
    1
    1
    2
    0
    0
    2
    0
    0
    0
   21
    0
    2
    2
   22
    5
    0
    0
   75
    0
    0
   15
    0
    0
    0
    0
   21
    0
   11
   13
    0
    0
    0
    0
    0
    0
    0
    0
    0
    0
    0
   44
    0
   22
    4
    0
    0
    0
    2
    2
    0
    0
    0
    0
    0
    0
   18
    0
    0
    0
    0
    0
   13
    0
   15
    4
  181
    0
   43
    0
    0
    0
    0
    0
    5
   20
   25
   35
   22
    4
   35
   19
    0
    0
    0
   46
   19
    0
    3
   46
    0
    5
   49
   16
    0
   16
    0
    0
    0
    0
    0
    0
    0
   15
    0
    4
   20
   25
   91
    9
    7
   31
    0
    0
    0
    0
    0
    0
  149
    0
    0
    0
    0
    0
    0
    0
    0
    0
    0
    0
    0
   50
   21
    0
    0
    0
    0
   43
    0
    0
    0
    0
    0
    0
    0
   21
   79
    8
   12
    0
   29
   35
   61
   26
   46
   11
   12
   25
    0
    0
   27
    0
    3
    0
    0
  129
   41
    3
   36
    2
    0
   64
    0
    0
    0
    0
    5
    0
   46
   18
    0
    0
    0
    0
    0
   55
    0
    0
   28
    4
   15
    2
   59
    0
    0
    0
   53
    0
   26
   37
    0
    0
    8
    0
    3
    1
    0
    0
    0
    0
    0
   16
    0
    5
    4
    0
   38
   37
   44
   14
   52
    0
   18
   15
    0
   74
    0
    0
    0
    0
    0
    0
    0
   15
    0
   58
    2
   10
    0
   15
   28
    9
    0
    0
    0
    0
    0
   10
    5
    2
    0
    0
    0
    0
    0
    0
    0
    0
    0
    0
    0
    0
    0
    0
    2
    0
    0
   13
    0
    0
    0
   20
    0
    0
    0
    2
    6
    0
    7
    0
    0
    0
    0
    0
    0
    0
    0
    0
    0
    0
    0
    0
    0
    0
    2
    0
    0
    0
   23
   28
   15
    0
   10
   16
    0
    0
    6
    4
    0
    0
    0
    0
   29
   32
   65
   35
    9
    0
    0
    0
    0
    0
    0
    0
    8
    3
    0
    0
   11
    0
   16
    5
    2
   16
    8
    0
   73
    4
    3
   15
   74
   57
    5
   11
    0
    0
    0
    0
    4
   23
   85
   44
    6
    0
    0
    0
    0
   58
    3
    0
    0
    0
    0
    0
   70
    0
   35
   50
   28
    5
   30
    2
   61
   28
    2
    0
    0
    0
    0
    0
    0
    0
    0
    0
    0
    0
   34
    2
    0
    0
    0
   15
   13
   10
   69
    0
    0
    0
    0
    0
    0
    0
    0
   22
   90
    0
    0
    0
    0
    0
    0
    0
    0
    0
    0
    0
    0
   55
   30
  130
    0
    6
   41
    3
    0
    0
    0
    0
    0
    0
    0
    0
    0
    0
   40
    0
   46
   57
    0
    0
    0
    0
    5
    9
  134
   76
    0
   43
   90
    2
    0
    7
    5
   25
  129
    0
    0
    0
    3
    0
    4
    0
   30
   14
   10
    0
   10
   38
   30
   31
   29
    0
    0
    0
    0
    0
    0
    0
   11
    0
   15
  175
   22
   41
   35
    0
    0
   45
   34
   44
    0
    0
   30
    0
    0
  158
    0
    0
  122
    0
    0
    0
   24
  112
  142
   32
    3
   23
  150
   53
   95
  155
   54
   11
    0
    0
   50
    0
    0
    0
    0
    0
    0
    0
    0
    0
    0
    0
    0
    0
    0
    0
    0
    0
    0
    0
    0
    0
    0
    0
   19
   90
    2
    0
   10
   60
    0
    0
    0
    0
    0
    0
    0
    0
    0
    0
    0
  285
   30
   10
   33
    0
    0
    0
    0
    0
    0
    0
    0
    0
    3
    0
    0
    0
    0
    0
    0
   13
   79
    0
    0
   60
    0
    0
    0
  200
   45
    0
    7
    6
    0
    0
   45
    0
    0
    5
    5
    0
    0
    0
   29
    8
    0
   10
    0
    0
    0
    0
    0
    8
    2
   20
  244
   19
   60
   11
    0
    0
    0
    0
    0
    0
    0
    0
    6
    0
    0
    0
    0
    0
    0
    0
    0
    0
   16
    0
    0
    0
    0
    0
    0
    0
    0
    5
    0
    0
   56
   51
   53
  252
    0
    0
    0
    0
    0
    5
    9
    0
   15
    6
    0
    0
    7
   21
    9
    0
    0
    0
    0
    0
    0
    0
    0
    3
    0
    2
    0
   32
    3
    0
    0
    0
    0
    0
    9
    0
    0
    0
    0
    0
    0
    0
    0
    0
    0
    0
    0
    0
    0
    0
    0
   24
    7
   32
    0
    8
   25
   57
   35
   20
   10
   11
    0
    0
   15
   22
   54
  197
  106
   24
  222
   83
    0
   25
   33
    0
    0
  127
   51
    0
    0
   79
    0
    0
   33
    0
    0
    0
    0
    0
    0
   23
   30
    2
    0
   66
    0
   64
    0
    0
    0
    0
    0
    0
    0
    5
    0
    6
   68
    3
   14
    0
    0
   20
   15
   95
    0
    0
   57
    0
   60
   45
    0
    0
    0
    0
    0
   98
   65
    0
   45
    0
    0
    0
    0
    0
    0
    0
    0
    0
    0
    0
    0
   23
   20
   13
    0
    0
    0
    0
    0
   61
   11
   38
    0
   20
    5
    0
    2
    0
    0
    0
    0
    4
   38
    2
    0
    0
    0
    0
    7
    0
    0
    0
    0
    0
    0
    0
   17
   21
    6
    0
    0
    0
    0
    0
    0
    0
    0
    2
    0
   12
  355
    8
    0
    0
    0
    0
    0
   70
    0
   13
    0
    0
    0
    0
    0
    0
    0
   13
    0
   64
    0
    0
    0
    0
   33
    0
    0
   14
   10
   83
    9
   50
   65
   21
    0
    2
    0
    0
    0
   28
   26
   91
   75
  180
    0
    7
   36
    2
    0
    0
    6
   15
   52
    0
    0
    2
    0
    0
    0
    0
    0
    0
    0
    0
    0
    0
   13
    0
    0
    0
    0
    0
    0
    0
    2
   56
   77
    0
    8
    5
   35
  152
   11
   41
   10
   70
    5
    3
  150
   28
   44
   40
   10
   12
   45
   23
   12
    0
   30
    3
    0
   40
   64
    7
    0
   24
    2
   70
    0
    0
    0
    0
    8
    0
    0
    0
    0
   32
   24
    0
    0
    0
    0
    0
    0
    7
    2
   23
    0
   15
    0
   13
    0
   16
   45
    0
    0
    0
   61
    0
    0
    0
   75
  193
   40
    7
    0
    0
    0
    2
    0
    0
    0
    0
    0
    0
    0
    0
    0
    0
    0
    0
    0
    0
    6
    2
   16
   17
    0
    0
    0
    0
   45
   31
    1
    0
    0
    0
    0
    0
    0
    0
   12
    7
    0
    0
    0
    0
    0
    0
    0
   13
   11
    0
   45
    0
    0
   22
    5
   40
  130
   14
   16
   19
    0
    6
  131
    0
    0
    0
    0
    0
    0
    0
    0
    0
    0
    0
    0
    0
    0
   15
    0
    0
    0
    0
    0
   76
  111
   42
   10
   63
   10
   11
    0
    0
    0
   12
    4
    2
    3
    0
    0
   66
    7
    0
   63
    0
    0
    2
   29
    0
    0
   40
    0
    0
    0
    8
   22
    9
    0
    0
    0
    0
   35
    8
   96
    9
    0
    0
   41
    0
    0
    2
   31
    9
    5
    0
    0
    0
    0
    3
    7
    2
    0
   57
    0
    0
    0
    0
   21
   36
   35
    0
   10
    2
   28
   60
  116
    0
    9
   53
   20
   15
    0
    0
   24
    0
   30
   25
   13
    0
   61
   25
    0
   24
    0
   45
    3
    0
    5
    0
   32
   33
   48
    8
   18
   75
   12
   15
   15
    2
    0
   70
   29
    0
    0
    0
    0
    0
    0
    2
    2
    0
    0
    7
   12
    0
    0
    0
    0
   18
    0
    8
    0
    0
    0
    0
    0
    0
    0
    2
    0
    0
    7
    0
    0
    0
    0
    0
    0
    0
    0
    0
    0
    0
    0
    0
    0
    0
    0
    0
   18
    5
    0
    0
    0
    0
    0
    0
    0
   18
   15
    0
    0
   20
    0
    0
   40
    4
  215
    0
    2
  111
    0
   48
    0
    0
    0
    0
    0
    0
    0
    0
    0
    0
  145
   24
    6
    0
    0
   31
    0
    0
   22
   14
    0
   32
    0
    0
    0
    6
    0
    0
    0
   21
    0
  133
    8
   26
   18
   25
   13
    0
    0
    2
    0
    0
   50
    0
   20
    0
    0
   13
    0
    0
    0
    6
   61
    0
    0
    0
    0
    0
    0
    0
   22
    0
    0
    0
    0
    0
    0
    0
    0
    0
    0
    0
    0
   14
   39
   15
    0
    0
   25
    0
    0
   16
    2
   19
    0
  109
    0
    0
    0
    0
    0
    0
   15
   20
    0
    0
    0
    0
    0
    0
    0
    0
    0
    0
  175
    0
    0
    0
    5
    0
    0
    0
    0
    0
    0
   19
    2
    0
    0
    0
    0
   16
   24
    0
    3
    5
    4
    0
    8
    0
   14
    0
    0
    0
   10
   12
    0
    0
    0
    0
    0
   15
   14
   25
    0
    0
    0
    0
    0
    0
    0
    0
    0
    3
   42
  114
   29
    0
   11
    5
   37
    2
    0
    0
   11
   33
    0
    0
    0
    0
   12
  184
   60
   14
   85
   16
    0
   23
    4
   60
   11
   35
   90
    0
    2
    0
    0
    0
   13
   44
   84
    0
    0
    3
   12
    0
    6
    0
    7
    0
    0
    0
    0
   27
    0
    0
   10
   31
    9
   22
    7
    0
   15
    0
    0
    0
    6
    0
    0
    3
    0
    0
    0
    0
    0
    0
    0
    0
    0
    0
    0
    0
    0
    2
    4
    0
    0
    0
   18
    0
    0
    0
    0
    0
    0
   65
    3
   10
    3
    5
   11
   49
   50
   27
    0
    0
    0
    0
   20
    0
    3
    4
    0
   25
   17
   10
    0
    0
    0
   15
    0
    3
   20
    0
    0
    0
    0
   56
   35
    0
    0
    0
    0
   10
    0
   71
    0
    0
    0
    0
    0
    0
    2
    0
    0
    0
    0
   25
    0
    0
   33
    0
    0
    0
    8
    0
    0
   10
   44
    0
   16
   16
   21
   17
  129
    4
    0
    0
    7
   30
   60
    0
    0
    0
    0
    0
    0
    0
    0
    0
    0
    0
   30
   61
   12
    0
    0
    0
    0
    0
    0
    0
   18
    0
    0
    0
    0
    0
    0
    0
    0
    0
  359
    0
    0
   55
   29
   94
    0
    0
   27
    0
    0
    0
   85
    0
    0
    0
    0
    0
    0
    0
    0
    0
    0
    0
    0
    0
    0
    0
   14
    8
   32
    4
   86
   27
    0
    0
    0
    0
    0
  101
   23
   11
    0
    0
   24
    0
    4
    0
    0
    0
    0
    0
    0
    0
   86
  106
    0
   26
    0
    0
    0
    4
    0
    4
    2
   16
    0
    0
    0
   23
    0
    0
    0
    0
    2
    0
    0
    0
    0
    0
    0
    0
    0
    0
   10
    0
    0
   32
    0
  192
  112
   12
    0
    0
    0
    0
   15
    0
    0
    0
    0
    0
    0
    0
    0
    0
    0
   62
   26
    7
    0
    0
    5
    0
    0
    0
    0
    0
    0
   35
    0
    0
    0
   10
    5
   15
    0
    0
    0
   83
   50
   79
    6
    8
    7
   10
    8
   45
    0
    0
    0
    0
    0
   12
    0
    0
    0
    0
    0
    0
    0
    0
   18
  122
    3
  154
   10
   43
    2
    0
  131
   13
   21
    0
    0
    0
    0
    0
    0
    0
    0
    0
    0
    0
    0
   70
   20
    0
    0
    0
   44
    4
    0
    0
    0
    0
    0
    0
    2
    2
   15
    0
    7
    0
    0
    0
   27
   28
   11
   11
   70
   16
    3
    0
   64
    0
  103
    0
    8
    0
    0
    0
    0
    0
    0
    0
    0
    0
    0
   10
    9
    0
    0
    0
   16
    0
    7
    0
    0
    0
    6
    0
    8
    0
    0
    0
    0
    2
    5
    0
   52
    4
    0
    0
    0
    0
    0
    0
    0
    0
    0
    0
    0
    0
    0
    2
   44
    0
    4
   55
   34
   92
    0
    0
   10
    0
    0
    0
    0
    0
    0
    0
   31
   12
   70
    7
    0
    0
    0
    0
    5
    2
    0
   14
   25
    0
    0
    0
    0
    0
    0
    0
    0
    0
    0
    0
   40
    0
    0
    9
    2
    0
    0
    0
    0
    0
    0
    0
   27
    0
    0
    0
    0
    0
    0
   25
  165
    0
    0
   40
    3
    2
    0
    0
    7
    0
   31
    3
   73
   49
    5
    8
   30
    0
    0
    0
    0
    0
    0
    0
    0
    0
    0
    2
    0
   48
    2
    0
    0
    0
    0
    0
    0
    0
    0
    0
    0
    0
    0
    0
    0
    0
    0
    0
    3
    0
    0
    0
   91
   11
    7
    0
    0
   15
  102
  151
  271
    0
    0
    9
    0
    0
    0
    0
   10
    0
    2
    0
    3
    0
    0
    0
    0
   11
   30
   45
   64
    0
    0
   40
    0
   22
    0
    0
    0
   33
   40
    0
    0
    0
    0
    0
   10
    6
    0
    0
    0
    0
    0
    0
    0
    0
    0
    0
    0
    0
    0
    0
    0
    0
    0
    0
   33
    0
    0
    0
   32
   20
    0
    0
    0
   25
    0
   25
    8
   91
   17
   80
   58
    0
    0
    0
    0
    0
    0
    0
    0
   56
  336
   36
   43
   20
   51
    4
   16
    0
   20
   24
   75
   51
    2
    0
    0
    0
    0
   39
   10
   13
    5
   30
    0
   26
   10
    5
    6
    2
    0
   26
   75
   22
    0
    0
   28
    0
    0
    0
    0
    0
    0
    0
    0
    0
    0
    0
    0
    0
    0
    0
    0
    0
    0
    0
    0
    0
    2
    0
   50
   31
   29
    5
    0
    0
    8
   47
   17
   11
    0
    0
    0
    3
   19
   25
    0
   13
    3
    5
  334
   15
   17
    7
    0
   30
   55
    0
   12
    2
    0
    0
   63
    0
   13
    5
    3
   40
    0
    0
    0
    0
    0
   24
   95
   34
    0
   10
    0
    2
    3
    0
    1
    5
    4
    9
    0
    0
    0
   36
    4
    0
   80
    0
   11
    5
   85
   22
    0
    0
    0
    0
    0
    1
    4
    5
    6
    0
    0
    0
    0
    0
    0
    0
   12
    8
    3
    0
    4
    0
    0
    0
    0
    0
    0
    0
    0
    0
    0
    0
    0
    0
    9
   21
   40
   34
    0
    7
    6
    0
   37
    0
    0
    0
    0
    0
    0
   21
    5
    0
    0
    0
    0
    0
    0
    2
    2
    0
    0
    0
    0
    0
    0
    0
    0
    0
    0
    0
   76
    0
    0
    0
  156
   46
  131
   20
    0
   15
    0
    0
    0
    0
    0
    0
    3
   74
   16
    0
   32
    0
    0
    0
    6
    0
    0
    0
    0
    0
    0
    0
    5
  103
    0
   86
    0
    0
    0
    0
    0
   11
   22
    0
    0
    4
   56
   10
    1
    0
    0
    0
   36
    0
    0
    5
   14
   53
    0
    6
   34
   71
   14
    0
    0
    0
    0
    0
    0
   52
   22
   14
    2
    0
    0
    0
    0
    0
    0
    0
   47
    0
    0
    0
    5
    0
    3
   10
    8
   22
   15
    0
    0
    2
  167
    9
   10
    0
    0
   62
    5
    4
    1
   20
   30
  144
    0
    8
    0
    0
    0
    0
    0
    0
    0
   37
    0
    0
    0
    0
   24
    4
    0
    0
   11
    8
    0
    2
    2
    0
    0
   52
   65
    4
    0
    0
    0
    0
    0
    0
  112
    0
    0
    0
    0
    3
    9
    0
   15
    0
    0
    0
    0
    0
    0
   18
    0
    0
   46
    0
    0
   30
    0
    0
    0
    0
    0
    0
    0
    0
    0
    0
    0
    0
    0
    0
   41
    2
    0
    0
    0
    0
    0
    0
   10
   33
    0
    0
    0
    0
    0
   36
    2
    0
    0
    0
    0
    0
    0
   10
   28
    5
    0
    0
    0
    0
    0
    0
    0
    0
    0
   11
    4
    0
    2
   10
   22
    2
    0
    0
    0
   15
    0
   26
    0
    0
    0
    0
    0
    0
    0
    5
    0
   22
   11
    0
  119
   29
   78
    0
    0
   50
    2
    0
    0
    0
    0
    0
    0
   22
    0
    0
   20
   19
    0
    0
    0
    2
    0
    0
    0
    0
    0
    2
   13
    0
    8
    0
    5
    0
    0
    0
    0
    0
    0
    0
    0
   70
   35
  138
    0
   50
   73
    8
    3
    2
   43
    0
    0
    0
    0
    0
    0
    0
    0
    2
  112
   10
    2
    0
    0
    0
    0
    2
    6
   19
    0
    4
    0
   17
   62
    0
    0
    0
    0
    0
    3
    2
    4
    0
    9
    0
    0
    0
    0
   10
    2
   98
   10
    0
    0
    0
   10
    2
    8
   20
   16
   22
    2
    4
    2
    5
   14
   11
   33
    0
    0
    0
    0
    0
    0
    0
    0
    0
    0
    0
    0
   67
    0
    0
    0
   18
    0
   38
  121
   95
    0
    0
    0
    0
   29
   16
   46
   26
    0
   63
   94
    0
   18
   31
    0
    0
    0
   98
    0
   28
    0
    0
    0
    0
    0
    0
    0
    0
    0
    0
   17
    9
   20
   16
   32
    0
    0
    0
    0
   18
    0
    2
   35
    0
    5
    0
    0
    0
    3
    0
    0
    0
    0
   10
   14
   39
   55
   70
    0
    0
    0
    0
    0
    0
    0
    0
    0
    0
    0
    0
    0
    0
    0
    0
    0
    0
    0
    0
    0
    0
  501
   64
    0
   27
    2
   33
    0
    3
  101
    0
    0
    0
    0
    0
    0
   38
    0
    0
    0
    0
    0
    0
    0
    0
    0
    0
    0
    0
    0
   20
   44
   22
  141
   96
    0
    0
    0
    6
   17
    0
   81
    2
    0
    0
  119
    0
    0
    0
  465
    0
    0
    0
  129
    0
   35
    0
    0
    0
    0
   -9
   -9
   -9
   -9
   -9
   -9
   -9
   -9
   -9
   -9
   -9
   -9
   -9
   -9
   -9
   -9
   -9
   -9
   -9
   -9
   -9
   -9
   -9
   -9
   -9
   -9
   -9
   -9
   -9
   -9
   -9
   -9
   -9
   -9
   -9
   -9
   -9
   -9
   -9
   -9
   -9
   -9
   -9
   -9
   -9
   -9
   -9
   -9
   -9
   -9
   -9
   -9
   -9
   -9
   -9
   -9
   -9
   -9
   -9
   -9
   -9
   -9
   -9
   -9
   -9
   -9
   -9
   -9
   -9
   -9
   -9
   -9
   -9
   -9
   -9
   -9
   -9
   -9
   -9
   -9
   -9
   -9
   -9
   -9
   -9
   -9
   -9
   -9
   -9
   -9
   -9
   -9
   -9
   -9
   -9
   -9
   -9
   -9
   -9
   -9
   -9
   -9
   -9
   -9
   -9
   -9
   -9
   -9
   -9
   -9
   -9
   -9
   -9
   -9
   -9
   -9
   -9
   -9
   -9
   -9
   -9
   -9
   -9
   -9
   -9
   -9
   -9
   -9
   -9
   -9
   -9
   -9
   -9
   -9
   -9
   -9
   -9
   -9
   -9
   -9
   -9
   -9
   -9
   -9
   -9
   -9
   -9
   -9
   -9
   -9
   -9
   -9
   -9
   -9
   -9
   -9
   -9
   -9
   -9
   -9
   -9
   -9
   -9
   -9
   -9
   -9
   -9
   -9
   -9
   -9
   -9
   -9
   -9
   -9
   -9
   -9
   -9
   -9
   -9
   -9
   -9
   -9
   -9
   -9
   -9
   -9
   -9
   -9
   -9
   -9
   -9
   -9
   -9
   -9
   -9
   -9
   -9
   -9
   -9
   -9
   -9
   -9
   -9
   -9
   -9
   -9
   -9
   -9
   -9
   -9
   -9
   -9
   -9
   -9
   -9
   -9
   -9
   -9
   -9
   -9
   -9
   -9
   -9
   -9
   -9
   -9
   -9
   -9
   -9
   -9
   -9
   -9
   -9
   -9
   -9
   -9
   -9
   -9
   -9
   -9
   -9
   -9
   -9
   -9
   -9
   -9
   -9
   -9
   -9
   -9
   -9
   -9
   -9
   -9
   -9
   -9
   -9
   -9
   -9
   -9
   -9
   -9
   -9
   -9
   -9
   -9
   -9
   -9
   -9
   -9
   -9
   -9
   -9
   -9
   -9
   -9
   -9
   -9
   -9
   -9
   -9
   -9
   -9
   -9
   -9
   -9
   -9
   -9
   -9
   -9
   -9
   -9
   -9
   -9
   -9
   -9
   -9
   -9
   -9
   -9
   -9
   -9
   -9
   -9
    0
  111
  152
    0
    0
    3
    0
    0
    0
   68
  122
   60
    4
   15
    0
   39
    0
    5
    0
    0
    0
    0
   25
    0
    0
   16
   40
    0
    0
    0
    0
    0
    0
    0
  319
    0
    0
    0
    0
   21
    0
   33
    0
   76
   88
   54
   49
    6
  107
    0
   50
   91
   37
    0
   11
   30
  127
   79
    0
   23
   60
    0
    0
    1
    0
   18
    0
    0
   11
   72
   78
    0
    0
    0
    0
    0
    0
    0
    0
    0
    0
    2
   51
    0
    0
    0
    0
    0
    5
    0
    0
   31
    0
   34
   38
   26
    6
    0
    0
   15
    3
   11
  126
   31
  156
    0
   11
   18
   10
    0
    0
    0
   60
    0
    0
    0
    0
    0
    0
    0
    0
    0
    0
   11
    1
    0
    0
    0
    0
   14
    0
   18
    0
    1
    7
   59
    9
    8
    0
    0
    0
   16
    0
    0
   67
    0
    0
    0
    0
    0
    0
    0
    0
    0
    0
    0
    0
    5
   46
   49
    8
    2
    0
    6
    0
    0
   98
   16
    0
    0
    0
    2
    6
   10
   30
    0
    0
    0
    0
    0
   30
    0
    0
    0
   61
    0
    0
    0
    0
    8
   69
    6
   48
    8
   49
    9
   25
    1
    0
    0
    0
   46
   45
   98
    5
    0
    0
  119
   61
    0
    0
   59
    2
   45
   -9
   -9
   -9
   -9
   -9
   -9
   -9
   -9
   -9
   -9
   -9
   -9
   -9
   -9
   -9
   -9
   -9
   -9
   -9
   -9
   -9
   -9
   -9
   -9
   -9
   -9
   -9
   -9
   -9
   -9
   -9
   -9
   -9
   -9
   -9
   -9
   -9
   -9
   -9
   -9
   -9
   -9
   -9
   -9
   -9
   -9
   -9
   -9
   -9
   -9
   -9
   -9
   -9
   -9
   -9
   -9
   -9
   -9
   -9
   30
   22
   50
    0
   10
    4
   20
    0
    0
    0
    0
   65
   39
   29
  200
   68
   21
   20
   54
    9
   11
   23
   19
    1
   52
    2
    0
    5
    9
    0
    9
    0
    0
   23
   38
    0
    0
    0
    0
    1
   76
  216
  391
   61
    9
    0
    0
    0
    0
    0
    0
    0
    0
    0
    0
    0
    0
    0
    0
    0
    0
    0
    0
    0
   36
  159
    0
    0
    0
    0
    0
    0
    0
    0
    2
   16
   67
    0
  221
  281
    9
   11
   14
   98
   52
   28
  111
    0
    5
    0
    0
    0
    0
   72
    0
    5
   87
    0
    0
    0
    0
   24
    0
    0
    0
    0
    0
   41
    0
    0
    0
    0
    0
    0
    0
    0
    0
    0
    0
    0
    0
    0
    0
    0
    0
  173
    0
    0
  166
    6
    0
    0
    0
    0
    0
    9
    0
    0
    0
    0
    0
    0
    0
    0
    0
    0
    0
    0
    0
    0
    0
    0
    0
  242
    0
    0
    0
   45
    0
   22
   26
    0
   66
   84
  102
  134
   19
    0
    0
   49
  128
    5
    0
    0
    0
   11
    0
   41
    0
   26
   31
    0
    0
   17
    0
    1
    0
    1
   53
  149
    0
  169
    0
   96
    0
    0
    0
   56
   89
    1
    0
   70
   12
    0
    0
    0
    0
    0
    0
    0
    0
    0
    0
    0
    7
    0
   84
   11
    8
    0
    0
    0
   29
    0
    0
    0
    0
    0
    0
    0
    0
    0
    0
    0
    0
   33
    0
    0
    0
    0
   13
    0
   78
    7
    0
    0
    0
    0
    0
    0
   10
   32
    2
    0
    0
    0
    9
    3
   27
    1
    0
   87
    0
   31
    0
    0
    0
    0
    3
   24
   36
    1
    0
    1
    0
    0
    0
    1
    3
    0
    0
    0
   21
    1
   53
    0
  101
   39
    0
    0
    1
    0
    0
    0
    0
    0
    0
    0
    0
    0
   23
    5
    9
   25
    0
   10
    9
    4
    6
    0
    0
    0
    5
   15
   39
    5
   21
    0
    0
    0
    1
    0
    0
   54
   10
   30
   11
   28
    0
    0
   19
   59
   56
    1
   88
    5
    0
   19
   10
    0
   10
    0
    2
   30
   89
    0
   24
    1
    0
   17
    0
    0
    3
    0
    5
   28
    0
   24
    0
    0
    8
   20
    0
    9
    0
    0
    6
    1
    0
    0
    0
    0
    0
   10
    0
    0
    0
    0
    0
    5
    5
   14
    0
    0
    6
    1
    0
    0
    0
   16
   36
   41
   47
   17
    0
   66
   74
    0
    0
    0
    0
    1
   16
    6
   29
   51
    6
    1
    0
    0
   23
    0
   93
   29
   84
    0
    0
    0
    0
    0
   35
   29
    0
    0
    0
    0
    0
    0
    0
    0
    0
    0
    0
    0
   49
    2
    0
   61
   15
    2
    0
    3
   33
  167
    0
    0
    0
    0
    0
    0
    0
    1
    0
    0
   13
  108
   12
  171
  109
    6
    0
    0
    0
   19
    0
    0
    0
    2
    4
   18
    0
    0
   22
   31
    0
    0
    0
    6
   14
    3
   15
    0
    0
    0
    0
    0
    0
    0
   15
    0
    0
    0
    0
    0
    0
    0
    0
    0
    9
    0
  119
   44
    8
   26
   27
    0
    0
    0
   20
    0
    0
    0
    0
    0
    0
    0
    0
    0
    0
    0
    0
    0
    0
    0
    0
    0
    0
    0
    0
    0
   16
    0
    0
    0
    0
    0
    0
    1
    0
    0
    8
   26
   43
   16
    1
   27
    7
    0
  178
  100
    0
   26
   16
    0
    0
    9
   38
    0
    0
    5
   11
    0
    0
    0
    0
    0
    0
  182
  137
    0
    0
    0
    0
    0
  103
   81
    0
   16
   50
   15
    0
    4
    0
    4
    0
    0
    0
    0
    0
    5
    0
    0
    0
    0
    0
    5
    6
    0
    3
    0
    0
    0
    0
   12
    0
   10
    3
    0
    0
    5
   56
   72
    1
    8
    0
   21
   89
   26
    3
    0
    0
    0
    0
    0
   38
    3
    0
    3
   78
    0
    0
    0
    0
    0
    0
    0
    0
    7
    2
    0
    0
    0
    0
    0
    0
    3
    0
    0
    0
    0
   36
    1
    0
    0
    0
    0
    0
    3
    0
   13
    0
  110
   35
   11
    0
    0
    0
    0
    0
    0
    0
    6
    1
    1
    0
    0
    0
    0
    0
    0
    0
    0
    0
    0
    0
    0
    0
    0
    0
    0
    0
    0
    0
    0
    0
    0
   64
   10
    0
    0
    0
    0
    0
   64
   11
    2
    0
    0
    0
    0
    0
    0
    0
   44
   18
    0
   52
   13
    0
    8
    0
   31
   13
    0
    0
    0
    0
    0
    0
    0
    0
    8
    9
    4
    0
    0
    0
   20
    0
    0
    0
    0
    0
    8
    6
    7
    2
    3
    0
    0
    0
    0
    0
   42
    0
    0
    0
    0
    0
   18
   20
    5
    8
    0
    0
    0
    0
    0
    0
    0
    0
    0
   86
    8
    3
    0
    0
    0
    0
    0
    0
    0
    0
    0
   42
   18
    0
    0
    0
   55
    0
    0
    0
    0
    0
    0
    0
   38
   86
   84
   38
    3
    0
    0
   23
    0
   48
    0
   53
    0
   92
    0
   30
   32
   28
    0
   49
   65
   20
    0
    0
    0
    0
   35
   45
    3
    0
    0
    0
    0
    5
  112
    0
   10
    8
    0
    0
    0
    0
    0
    5
    0
    5
    0
    5
    0
    0
    0
    0
    0
    0
   37
   19
   37
    0
    0
   22
   56
   21
   83
  264
    5
    0
   55
   15
    0
    0
    0
    0
    0
    0
    0
    0
    0
    0
    6
  273
   45
    0
    0
    0
   23
    0
    0
    0
    0
    0
    0
    0
    0
    5
    0
    0
    0
   82
   13
   78
   17
   26
    0
    0
    0
    0
    0
    0
    0
    3
    0
    0
    0
    0
   40
    0
    0
   18
    0
    0
    0
    0
    9
   61
    0
    0
    6
    0
    0
   47
   57
   22
    0
    0
    0
    0
    0
    0
  103
    0
    0
   11
   28
    0
   20
   15
   35
    0
  168
    0
    0
   13
    2
    0
    0
    0
    0
    0
    0
    0
    0
    0
    0
   96
   16
    1
    0
   31
   48
    0
    0
    0
    0
    0
   46
   13
    1
    2
   72
    4
    0
    0
    0
    0
    2
   78
    0
    0
    7
    0
    8
    0
    0
   62
    4
    8
   89
   22
    0
    0
    0
    0
    0
   28
  103
    8
    3
   85
   30
    5
   20
   25
    0
    0
    0
    0
    0
    0
    0
    0
    0
   10
    0
   20
    0
    0
   65
  133
    0
    0
    0
    0
    0
    5
    0
    0
    0
    4
    2
    0
    0
    0
    0
    3
    0
    1
    0
    0
    0
    8
    0
    0
    0
    0
    0
    0
    2
    9
   34
    2
    0
    3
    1
   32
   10
    0
    1
    1
    0
    0
    0
    0
    0
    0
   34
   60
    0
    0
    3
    0
    0
   73
   58
   37
    0
    6
    0
    5
   85
    3
    1
    0
    0
    0
    3
   76
   19
    0
    0
    0
    0
    0
    0
    0
    0
    0
    0
    0
    0
    0
    0
    9
    2
   21
   78
    2
   16
   63
   24
    3
    0
   42
    0
    0
   11
    0
   79
   15
    0
    0
    0
    0
   31
    0
   68
    5
    0
    0
    0
    0
   10
    0
   21
    2
    0
    0
    0
    9
    0
    0
    0
    0
    0
    0
    8
    1
    0
   21
   26
    0
    0
    0
    0
    0
   28
   93
    5
    0
    0
    0
    0
    0
    0
   69
    0
    0
    0
    0
    0
   35
   45
   56
    0
    0
    0
   37
   10
    0
    0
    0
    0
    0
    0
    0
    0
    0
    0
    0
    0
    0
    0
    0
    0
   12
   27
    3
    0
    1
    0
    7
   66
   12
    0
    0
   15
    0
    0
   79
    0
    0
   49
    0
    9
    0
   20
    0
    0
    0
    0
    0
    0
    0
    0
    0
    0
  202
   48
   51
  222
  297
  203
   93
    0
    0
    0
   18
   29
    0
    0
   18
   21
   14
   20
    0
    0
    0
    0
    0
    0
    0
    0
    0
    0
    0
    0
   45
    0
    0
    0
    0
    0
    0
    0
    0
    0
    0
    0
   57
    0
  102
   16
    0
    0
    0
    0
    0
    0
   29
    3
    0
    0
    1
    0
    0
   46
   16
    0
    0
    0
    0
    0
    0
    0
    0
    0
    0
    0
    0
    0
    0
    0
   23
    0
    8
   21
    0
    0
    0
    0
    0
   11
   14
   45
   29
    2
   36
   21
   33
    0
    0
    0
    0
    0
    0
    0
    0
    9
   21
    2
    0
    0
    0
    0
    0
    0
    0
    0
    0
   11
   34
    0
   12
    0
    0
    1
    0
    0
    0
   95
    0
    0
    0
    0
    0
    0
    0
    0
    0
    0
    0
    0
   16
    2
    0
   61
  121
  105
    0
    0
  107
    5
    0
    8
   61
   42
   39
   20
   21
    0
    0
    0
    0
   19
   87
   21
    0
    0
   76
   28
    0
    9
   21
    3
    0
    0
    0
    0
   18
    0
    8
   49
   21
   38
    0
    0
    0
    0
    0
    0
    0
   34
    1
    1
   45
   32
   10
   13
   10
    0
    0
   18
    0
    0
    0
    8
    0
    0
   15
    0
    0
    0
    0
    0
    0
    0
    0
    0
    0
    0
    0
    0
   24
    5
    0
    0
    0
    0
   14
    5
   11
    7
    0
    0
   29
    0
   30
   45
   80
   10
   61
   14
  108
    0
    0
    0
    6
    0
   24
   14
   17
   14
    0
    8
    0
    0
   20
    0
    0
    0
    0
    0
    0
    0
    0
    0
   32
   41
   22
    0
    0
    8
   49
   61
    4
    3
   83
    0
    0
    0
    0
    0
    0
    0
    1
    1
   21
    0
    0
    0
    3
   11
    0
   10
   16
    0
    0
  161
    0
    0
    9
    0
    0
    0
    0
    0
    0
    0
    0
    0
    0
    0
    0
    0
    0
   43
   15
    0
    0
    0
    0
   11
    0
    0
    0
   48
    2
   41
   62
    0
    0
    0
    0
   39
    0
    0
   69
    0
  139
    0
    0
   11
   21
   30
    0
    0
    0
  172
    0
   49
    0
  131
    0
    9
    0
    0
   40
    0
    0
    9
   29
   32
    1
    1
  342
   64
    9
    6
   13
  186
    0
    0
    0
    0
    0
    0
    0
   18
    0
   12
    0
   28
    0
   82
    8
   42
    0
    0
   11
    0
    0
   10
    0
    0
    0
    0
    0
    0
    0
    0
    0
    0
    0
    0
    0
    0
    0
    0
   42
   39
   52
   31
   26
  145
   11
   14
    1
    1
    5
    0
    0
   61
    0
   86
    0
    0
    0
   77
    0
   12
  107
    3
  174
   56
   89
   91
   11
    0
    0
    0
    0
    0
    0
    0
    2
    0
    0
    0
    0
   85
   11
    4
    0
    5
    6
  174
    6
    4
   31
   36
   27
   12
    6
    0
    0
   67
    0
    0
    0
    0
    0
   83
   75
   10
   14
   45
  175
   35
   10
   70
   61
   29
    3
    0
   12
    0
    0
   31
   69
   36
   43
    1
    2
   48
    0
    0
    0
    0
    0
    0
    0
    0
    0
    0
    0
    0
    2
    3
    0
    0
    0
    0
    2
    1
   40
   25
    0
    0
    0
    0
    0
    3
   36
   49
    1
    0
   22
    0
   10
    0
    0
    0
    0
    6
    5
    0
    0
    0
    0
    0
    0
    0
    2
   31
    9
    0
    0
   12
   22
    1
    0
   16
    0
    2
    1
    6
    0
    0
    0
    0
    0
   15
    0
    0
    0
   11
   19
   21
    2
    0
    0
   25
    4
    2
   64
    6
   61
   11
   28
    9
    0
    0
    0
    0
    0
    0
    6
   44
   20
    5
   60
    0
   30
   28
   50
    1
   20
   11
    0
    0
   11
   51
    3
   31
   32
    0
    0
    0
    0
    9
    0
    0
    0
    0
    0
    0
    0
    0
    0
    0
   18
   13
   14
    0
    0
    0
   98
    0
    0
    0
    0
    0
    0
    0
   14
   19
   44
   14
    0
    0
   13
    0
    0
   78
   18
    0
   19
   24
    0
    0
    0
   25
    0
   50
   19
   13
    3
    0
    0
    0
    0
    0
    0
    0
    0
    0
    9
    0
  173
    0
   43
   68
  104
   37
  124
    0
    0
    0
    0
    0
    0
   37
    7
    0
    0
    0
    0
    0
  151
    0
    3
    0
    0
  146
    0
    0
   36
   26
    0
   31
    0
   11
   41
    0
    0
    0
    0
    0
  119
   21
    0
   94
   11
    0
    0
    0
    0
    0
    0
    0
    0
    2
    0
    0
    0
    5
  142
   22
    0
    0
    0
    0
    0
   14
   26
   16
   36
    0
    0
    0
    0
   87
    0
   18
    0
    0
    0
    0
    0
    0
    0
    0
    0
    0
    0
    0
    0
    0
    0
   14
    2
    0
   32
    0
    0
    7
  112
    2
   12
    0
   21
    0
    0
    0
    0
    0
    0
    0
   18
    0
    0
    0
   21
   15
    0
    0
    0
    0
    0
   47
   27
    0
    0
    0
    0
    0
    0
    0
    0
    0
    0
    0
    0
   66
    2
    4
    0
    0
    0
   34
    0
    0
   48
    5
    0
    0
    0
   11
   14
    4
    8
    2
   52
    2
    6
    0
    0
    0
    0
    0
    0
    0
    0
    0
    0
    0
    0
    0
    0
    9
    0
    0
    0
    0
    0
   48
   89
    0
    0
    0
    0
   34
   38
  132
    0
    0
   21
    0
    0
    2
    0
    0
   34
   62
    2
    0
    0
    0
    0
    9
    0
    0
    0
    0
    2
    2
    1
    0
   30
   10
    0
   18
    0
   21
    3
    0
   28
    0
    0
    0
   11
    0
    0
   11
    0
    0
    0
   14
   10
    5
  168
   29
    0
   20
    0
    0
   12
    0
    0
   75
    0
    0
    0
   15
    0
    0
    0
    0
    0
    0
    3
   23
   13
   46
    0
   58
   29
   40
    0
    0
    0
    5
    0
    0
  103
   21
   25
    0
   14
    9
    0
    0
    0
    0
   28
    3
    2
    0
    0
   78
    4
    8
   21
    4
   32
    0
   31
    0
   23
    0
  142
   58
    0
    0
    3
    7
    1
    0
   32
    0
    7
    0
   11
   46
   24
   34
   41
   32
   18
   82
   17
   94
   46
    0
    0
    0
    0
    0
    0
   21
   16
   24
    3
   71
    2
   36
    2
    0
    0
    0
    8
    0
    6
    1
    0
    0
    0
    0
   10
    0
   10
   36
    0
    0
   31
    2
    0
    0
    0
    0
    0
    0
    0
    0
    0
    0
    1
   43
    0
    0
    0
    0
    0
    0
  128
    0
    0
    0
    0
    0
    0
    0
    0
    0
    1
   28
   41
    4
   18
    0
    5
    0
    0
    2
    0
   16
    3
    0
    0
    0
   47
    0
  247
    0
   10
    0
    0
   17
   86
    0
    3
    0
   25
    0
    0
    0
    0
    0
    0
    0
    5
   43
    2
    5
    3
    0
    0
    0
    0
    0
    0
    1
  189
    0
   17
    2
    0
   29
    0
    0
    9
   69
    0
    0
    2
    1
    0
    0
    0
    5
   33
    0
    0
    0
   42
   41
   17
    0
    0
    0
   21
    0
    0
    0
   22
   13
    0
    0
   51
    0
    0
    0
    0
   52
    0
   35
    0
   92
  218
   26
    0
    0
    0
    0
    0
    5
    0
    0
    0
    0
   49
   14
  133
    0
    0
   39
    8
    0
    0
    0
    0
   53
    1
    0
   21
    0
    0
    0
    0
    0
    0
    0
    0
    0
    0
    0
    0
    0
    0
    0
   84
    0
    0
    0
   24
   31
  113
   13
    4
    0
    5
    2
    1
    0
    0
    0
    3
    0
    1
    0
    0
    0
    0
    0
    4
    0
   56
   14
    0
    0
    0
    0
    0
   18
    0
    0
    0
    0
    0
    0
    0
    0
   19
    4
   59
    0
    0
   18
    0
   19
    0
   11
    1
    2
    0
    0
    0
    0
   23
    0
    0
    0
    0
    0
    9
    3
    1
    0
    2
    3
    2
   35
   23
    0
   33
   32
    0
    0
    0
    0
    0
    0
    0
    0
   57
   24
   48
    0
    0
    0
    6
    0
   58
    0
    3
    2
   72
    0
    0
    0
    0
    0
    0
    0
    0
    0
    0
    0
    0
    0
    0
    0
    0
   69
   23
   12
   16
    8
   11
    3
    0
    0
    2
   16
    4
   39
   56
    0
    0
    0
    0
    0
    0
    0
    0
    0
    0
    0
   16
    0
    0
    0
    0
    0
  131
   21
    3
    0
    0
    0
    0
    0
    0
    2
   98
    4
    1
    3
    2
    0
    1
    2
  164
    0
    0
    0
    0
  131
   43
   11
    9
    1
    0
  112
   68
  209
    0
    3
    2
   19
    2
    0
    0
    0
   14
    5
   19
   31
    0
    0
    0
    1
    2
    1
    4
    2
   53
   16
    0
    0
    0
    0
    0
    0
    0
    0
   64
    6
   23
    2
    0
    0
    0
    0
   64
    0
  171
  113
    0
    0
    0
    0
    0
    0
    0
    0
    0
   19
    9
   14
    0
    0
    0
    0
    0
    0
    0
    0
    0
   17
    0
    0
   20
   16
   45
  102
   23
    0
    0
   32
    3
   13
    2
   24
    0
    0
   13
    0
    0
    0
   11
    0
    0
   21
   63
    0
    0
    0
    0
   85
    4
    0
    0
    0
    0
    0
    0
    0
    0
  294
  131
  306
    3
    2
    0
   39
   28
  153
   79
    0
    0
   19
    0
    0
    0
    0
    0
    0
    0
    0
    0
   28
    0
   15
    0
    0
   16
   52
    9
    6
    0
    0
    5
   39
    0
    6
    0
    0
    0
    0
    0
    0
    0
   51
    9
    0
    0
    0
   27
    0
    7
    0
    0
    0
   27
   18
   81
   72
   46
   17
    4
  116
   36
  125
   31
   76
   18
   53
   24
    0
   16
    0
    0
   21
   61
    3
    8
    0
   45
    0
    0
  113
    7
    4
   25
    0
    0
   13
   11
    0
    0
   38
    4
    0
    0
    0
    0
    0
    0
    0
    0
    0
    0
    0
    0
   43
    7
    0
   24
    1
    0
    9
    4
    0
    0
    1
   21
    4
    2
   61
    2
    4
   19
   64
    2
    1
    2
   37
    0
    0
    0
    0
    0
    0
    1
    3
    2
    9
   27
   21
   13
   12
   34
    1
   13
    0
   43
    5
    1
   43
   54
   47
    0
    0
    0
    1
   16
    0
    0
    6
    2
    4
    2
   13
   32
    2
   22
   49
   12
    1
    0
   16
    0
    8
   19
   11
    2
    4
    1
   19
    9
    0
    3
    0
    0
    0
    5
    0
    0
    1
    4
   11
    6
    3
    0
    0
   37
    7
    3
    0
    6
    0
    4
   46
   32
    0
    0
    0
    0
    0
    0
    2
    3
    5
    1
   16
  116
    9
   17
   29
    0
    0
    0
    0
    0
    0
   19
   14
    0
    8
    9
   10
   59
   35
    5
    0
    0
    8
    0
    0
    0
   25
   45
    0
    0
    0
    0
    1
  124
   26
    2
    0
    0
   37
    2
   35
   22
    0
    0
    0
    0
    0
    0
    0
    0
    0
    0
    0
    0
    0
    0
    0
    0
    0
    0
    0
    0
    0
    0
    5
   96
  106
    0
   27
    0
    0
    0
    0
    0
    0
    4
    5
   28
    6
    4
   46
    0
   42
    0
   47
  131
   21
   12
    0
    0
    0
    0
   26
    0
    0
    0
    0
    0
    9
    0
    4
    0
    0
    0
   33
    0
    0
    7
   23
   84
    0
    0
    0
    0
    0
    0
    0
    0
   19
   13
   52
    0
  243
    4
   21
   12
   14
   46
    4
    0
    2
    0
    8
   23
    0
    0
    0
    0
    0
    0
    1
    0
    0
    4
    0
    0
    0
    0
    2
   50
    0
    0
   98
   10
    0
   19
    3
    0
    1
  511
   75
   15
    0
    0
    0
   39
    1
    2
    7
    0
    0
    0
    0
    0
    2
    0
    0
   46
    0
    0
   42
   48
    2
  226
  151
  159
    9
    0
    0
    0
    0
    0
    0
    0
  122
    0
    0
    0
    0
    0
    0
    0
    0
    0
    0
    0
    0
    0
   19
    3
   26
    0
    0
    0
    0
    0
    0
    9
    0
    0
    5
    0
    0
    0
    0
    5
  145
   40
    0
   14
    8
    0
    0
    0
    0
    0
    0
   26
   24
   78
    4
    9
    0
    0
    0
    0
    0
    1
    3
    7
    3
   58
   39
   13
   14
   43
   63
    2
    1
   19
   41
   17
   42
   11
    0
    0
   64
   82
   96
    4
    0
    0
   18
  107
   18
    8
   37
    0
    0
    0
   18
   25
    0
    5
   56
    0
    0
  124
    0
    0
   14
    0
    2
    1
  232
  144
    0
    0
    0
    8
    9
    0
    0
    0
    0
    0
    0
    0
    0
    2
    0
   38
   16
   21
   34
    9
    4
    0
    4
   68
    0
    0
    0
    0
   49
  241
    0
