Station: Gossa , scaling_factor: 10.0, latitude:  51.6693, longitude:  12.4412, altitude:  98, nodata_value: -9
start: ..1969-01-01  end: ..2002-12-31
  215
   52
    0
    0
    0
    0
    0
    0
    0
    0
    0
    0
    5
    0
    0
    0
    0
   11
    0
    0
   18
  113
   14
   25
   64
    3
   16
   17
    0
    0
   13
    0
   21
    9
    0
    0
    0
   20
    0
   17
   10
    0
    5
   23
    0
  171
   46
    0
    0
    0
    3
    0
    0
    0
    0
   42
    0
    0
    0
    0
    0
    0
    0
    0
    0
    0
    0
    0
    0
   48
   36
  108
    0
   35
    6
    0
    0
    0
    0
    0
    0
    7
    0
    0
    6
   21
    3
    0
    4
   55
    0
    3
    0
    0
    0
    0
    0
    0
    0
    3
   67
   35
   14
    4
   87
   26
   56
   18
    8
    0
    5
   90
   42
   46
    0
    3
   52
   49
   56
   20
    5
    0
  265
  106
    0
    0
   40
    0
    0
    5
    0
    0
    0
    0
    0
   18
    0
    0
   17
  152
   35
    3
    0
    0
    5
  108
    0
    6
    0
   26
    8
   61
   14
   80
   14
   23
   35
    0
    0
    0
    0
    0
    0
    0
    0
    0
    0
    0
    0
   17
   11
    0
    0
    0
   64
   16
    8
    0
   26
   75
    0
    0
    0
    0
    0
    0
    0
    0
    0
   12
   25
   58
    0
    0
    0
    0
    0
    0
    0
    0
    0
    0
    0
    0
    0
    0
    0
    0
    0
    0
    0
   24
    0
    0
    0
    0
    0
    0
    0
    0
    0
    0
    0
    6
   38
   75
   14
    0
    9
    0
    0
  102
    0
    7
    8
    0
    7
   15
   32
    0
  181
   82
    0
    0
    0
    0
    0
    0
    0
    0
    0
    0
    0
    0
    0
    0
    0
    0
   13
    6
    0
    0
    0
    2
   11
    0
    0
    0
    0
   18
    0
    0
   14
    0
   85
   12
    0
    0
    0
    0
    0
    0
    0
    2
    0
    0
    0
    0
    0
    0
    0
    0
    0
    0
    0
  132
   16
   20
    0
    0
    0
   11
   34
   25
    0
    0
    0
   33
    0
    0
   37
   35
   33
    0
    0
    6
    0
    0
    0
    0
    0
   10
    4
   15
    0
    0
    3
   62
    0
   15
   24
    0
   47
    0
    0
   41
  114
    0
    0
    0
    8
   22
    0
    0
    0
    0
    0
    3
   61
    0
    0
   44
   15
   15
    0
    0
   26
    5
    0
    0
    0
    0
   20
    0
   21
    4
   41
   61
   49
   73
    0
    0
    0
    8
    0
    0
    0
    0
    0
    0
   39
    0
    0
    0
    0
    0
    0
    0
    0
    0
   34
   82
    0
    0
    0
    0
    0
  193
    0
    0
    0
   33
    0
   35
   38
   26
   38
   37
   26
    0
    0
    7
    8
   11
   55
    7
   45
  172
   75
    4
    0
   45
   41
    0
   82
   77
    5
   75
  158
    5
    0
    0
    0
    0
    0
    0
    0
    0
    3
    5
   30
   12
   13
   54
    0
    0
    0
   26
    5
    0
    0
   55
    4
    0
   18
    9
    3
    8
    0
   21
    7
    5
    0
  145
    0
    0
    0
   34
    0
   12
   62
    6
    0
   40
    7
    0
    0
    0
    9
   13
   11
    6
    0
   56
  103
   88
    0
    0
    0
    0
    6
    0
    0
    0
    0
   29
  115
    0
    0
    0
    0
    0
    0
   35
   26
   24
   11
    0
    0
   16
   60
  161
  119
   28
   40
   46
    6
    0
    0
    0
    0
    0
    0
    0
    5
   43
    0
    0
    0
    0
    0
    0
    0
    0
    0
    0
    0
   96
    7
   20
   15
    0
    0
   88
   50
    0
   58
   20
   27
    8
    4
    0
    0
    0
   56
    0
    0
    0
    0
   50
   31
   29
    8
    0
   55
   28
    0
    0
    0
   24
   44
   26
    0
    0
    9
    0
   91
  262
    0
    5
    0
    0
    0
    0
  268
    0
    7
   15
    0
    0
   15
    0
   36
    9
    0
    0
   16
  369
  248
    0
    0
    6
    0
    0
    0
    0
    0
    0
   73
    0
   18
    3
    0
   16
    0
   55
    0
   57
  114
    0
   11
    0
    9
   12
    0
    0
    0
    5
    0
    0
    0
    0
   14
    0
    0
    0
    0
   95
   53
   74
   68
    0
    3
    0
    0
    0
    0
    0
    0
    0
    0
    0
    0
   13
    0
    0
   60
   11
   62
   47
   76
   21
    0
   20
   22
  103
    0
   36
   80
    0
  174
   75
    0
   79
   81
    0
    0
   64
   12
   30
   22
    0
   65
    0
    0
   25
   23
    0
    0
   73
   51
    0
    0
    0
    0
    3
    0
   58
    0
   41
   75
   36
   42
   17
    0
   18
    0
    9
    0
    0
    0
    0
    5
    0
    0
    4
    0
    0
    0
   34
   12
    5
    0
    0
    2
   20
   75
    0
   72
    0
   27
    0
    0
    0
    0
    0
    0
    0
    0
    0
    0
    0
    0
    0
   29
   27
    0
    0
   18
    5
    0
    0
  112
    0
    0
    0
   25
   33
   20
    0
    0
   11
    0
   28
    8
    0
    0
    8
   12
    0
    0
    0
   25
    6
    0
    0
    0
    5
   12
    0
    0
   46
   42
    9
   24
    8
   11
    7
   29
    8
    0
    5
   15
    0
    0
    0
    0
   28
   27
    0
   15
    0
    0
    0
    0
    5
    0
   29
    0
    0
    0
    0
   21
   29
    4
    0
    0
    0
    0
   26
    0
    0
    0
    0
    0
    0
    0
    0
    0
    0
    0
    0
    0
    0
    0
    0
   13
    0
    0
   48
    0
    0
    0
  185
   18
   62
   14
    0
    0
    0
    0
    0
    0
    0
    0
    0
    0
    0
    9
    0
    0
    0
  243
  121
   17
    0
    0
  185
    0
   77
    0
    0
   21
   56
    0
   58
    0
   13
    0
    6
    3
    0
    0
    0
  165
    0
    0
   48
   32
   30
   15
    0
   22
    3
    0
   64
   29
   15
   59
   28
   31
    5
   66
    0
    0
    0
  104
    3
  165
   33
   56
    0
   65
    0
    0
    0
    0
    0
    0
    0
    0
    0
    0
    0
   52
    0
    0
    0
    0
    0
    0
    0
    0
    0
   16
    0
    0
    0
   17
    0
    0
    0
    0
    0
    0
    0
    0
    0
    3
    0
    0
    0
    0
    0
    0
   12
    0
    0
    0
    0
    0
    0
  180
  143
   34
    0
    5
   13
   64
    0
    0
  135
    0
    0
    0
    0
    0
    0
    0
    0
    0
  112
    0
    0
   16
    0
    2
    0
    0
   14
   88
    0
    0
    0
    0
   15
   14
   52
    0
    0
   76
    0
    0
    0
    0
    0
    0
    0
    0
    0
    0
    0
    0
    0
    4
   68
   45
    0
    0
    6
    0
   18
   30
    0
    0
    0
    0
    0
    0
    0
    0
    0
    0
    0
   15
    0
    0
    0
    0
    0
    0
   11
    0
    0
    0
    3
   15
    4
    9
   40
   62
   97
    0
    0
   48
    0
   37
    8
    6
   23
    0
    0
    0
    0
    0
    0
    0
   15
   11
   10
   16
    4
   78
   32
   84
  113
    0
    0
    0
    0
    0
    0
   66
   65
   41
   40
   52
    0
    0
    0
    0
    0
    7
   28
    0
    0
    0
   12
    0
    0
    0
    0
    2
    0
    0
    0
    0
    0
    0
    0
    0
    0
    0
    0
    0
    0
    0
    0
    0
    0
    0
    3
    0
    0
    4
    0
    0
    0
    0
    3
    0
    0
    0
    0
    0
   45
    0
    0
    0
    0
    0
    0
    0
    0
    0
    0
    0
    0
    0
    0
   16
    4
    0
    0
    0
    0
    0
    0
    0
    0
    0
   45
    0
    0
  291
    0
    0
    0
    0
    0
    0
    0
    0
    0
    0
    0
    0
    0
    0
    0
    2
   38
   17
   37
    0
  142
    0
   32
    0
   25
    0
   54
   23
    0
    0
    0
   40
    3
    0
    0
    0
    0
    2
   72
   53
    0
   46
    0
    0
   12
    0
   18
   17
    9
    0
    0
    0
    0
   25
    0
    0
    0
    0
    0
   16
  152
   13
    0
   45
    0
    0
  153
    0
  156
    0
    0
    0
    0
    0
   36
   57
   18
   55
   47
   26
    0
    0
   17
   46
    0
    0
    0
   72
  432
    0
    0
   45
   42
  176
    0
    0
    0
    0
    0
    0
   15
    6
    0
   66
   45
    0
    0
    0
    0
    0
    0
   43
    0
    0
   15
    0
    0
    0
    0
    0
   82
   96
    0
    0
    0
    0
   47
    0
    0
    0
    0
    0
    0
    0
   16
    0
    0
    0
    0
   90
  452
  184
   13
    3
    0
    0
    0
    0
    0
    0
    0
   64
    0
  138
    0
  283
    0
  245
   44
   47
   54
    0
    0
    3
    0
    0
    0
    0
    4
    0
    0
    0
    0
    0
   64
    0
    0
    0
    0
    0
    0
    0
    0
   85
   14
    0
    0
    0
    0
   40
   71
    0
    0
    0
    0
   41
   25
   23
    8
   55
   22
   48
    0
    0
    0
    0
    0
    0
    0
    0
    0
    0
    0
    0
    0
    0
    0
    0
    0
    0
    0
    0
   24
   35
   33
   73
   20
    0
    0
   13
    0
  152
    0
    0
    0
    0
    0
    0
    0
    0
   10
    0
    0
    0
   76
   34
   45
    0
    0
    0
    0
   58
   10
   17
   48
    6
    0
    0
    0
    0
    0
    0
    0
    0
    0
    0
    0
   15
    0
    0
    0
   26
    0
    0
    1
    0
    0
    0
    0
    0
    0
    0
    0
    4
    0
    0
    0
    0
    0
    0
    0
    0
    0
    0
    0
    0
    0
    0
   15
    0
    2
    3
    0
    4
    3
   10
    3
    0
    0
    0
   52
   22
    0
    0
   12
    3
    5
    0
    0
    0
    0
   72
   64
    3
   42
    0
   53
   20
    0
    0
    0
    0
    0
    0
   36
   40
   58
   20
   45
    0
    0
    0
    0
    0
   64
   24
   25
   24
   21
   25
   25
   62
   62
   11
    0
    0
   11
   55
    9
    0
    0
    4
   37
    0
    3
    2
    3
    0
    0
    0
    0
    5
   15
   17
    0
    0
    0
    0
    0
    0
    0
    0
    0
    0
    0
    0
   42
   45
   24
    0
   36
    0
   14
    0
   15
   38
   32
   34
    0
    0
    0
   16
   34
   32
   41
    0
    6
   18
    0
    0
    0
    0
    0
   13
    0
    0
   35
   36
    0
    0
   76
   46
   42
   33
    0
    9
    0
    0
    0
   55
    0
    0
    0
    0
    0
    0
   67
    0
   52
   64
   13
    0
    0
    0
    0
    0
   48
  108
   70
    0
    0
    0
   17
    9
   11
    0
   27
    0
    0
   52
    0
    0
    0
   40
    0
    0
    0
    0
    0
   76
    0
   23
    0
    0
   19
   35
    0
    0
    0
    0
    0
    0
    0
   65
    0
    0
    0
   27
   26
   70
    0
  271
   11
    0
   15
   16
   28
    0
   17
    8
   14
   18
   80
   56
   17
    0
    0
    0
    0
    0
    0
   43
    0
    0
   93
   20
    0
    0
    0
    0
    0
    0
    0
    0
    0
    2
    3
    0
    0
    0
    0
    0
    0
    0
    0
    0
    0
  162
    8
    0
   23
    0
    0
    0
    0
    0
    0
   99
    0
    0
    0
    0
    0
    0
    0
    0
    0
   45
   53
   40
    0
    0
   45
   24
    0
    0
   44
    0
    0
    0
    0
    0
    0
    0
    0
    0
    0
   34
    2
   75
    5
    0
   34
   75
  201
    0
    3
  104
  110
   36
   64
   43
    0
    0
    0
    0
    0
    0
    4
    0
    0
    0
    0
    0
   74
    0
    5
    3
    2
   54
    2
   36
   34
   45
   17
   55
    0
    0
   18
    0
    0
    0
    0
   30
    4
   36
   25
   24
   35
    0
    0
    4
   36
   32
   27
   27
  113
   24
    8
    0
   32
   14
   21
    0
   27
   40
    0
    0
    0
    0
   15
    0
    0
    0
   33
    8
    3
    0
    0
    0
    0
    0
    3
    0
    0
    0
   63
   60
    0
    0
    0
   17
    0
    0
   64
   13
   28
   34
  123
    0
    0
    0
    3
   20
    0
    0
    7
    0
    0
    0
    0
   10
    0
    0
    0
    0
   33
  134
   12
   35
   14
    0
    0
    0
    0
    0
    0
    0
    0
   11
   34
    0
   36
  210
   55
    4
    0
    0
    0
    0
    0
    0
    0
    0
   25
    0
    7
    0
    0
    0
    0
    0
    0
    0
    0
   16
   32
   78
   14
    0
    0
    0
    0
    0
    0
    0
    0
    0
    0
    0
    4
    0
    0
    0
    0
    0
    0
    0
    0
    0
    0
    0
    0
    0
    0
   72
    2
    0
    0
    0
    0
    0
    0
   25
   36
    0
    0
    0
   15
    0
    0
    0
    0
    0
   27
   33
   45
   16
    0
    0
    0
   98
   34
   12
   54
    0
    0
    0
    0
    0
    4
  125
   37
    0
    0
    0
    0
    0
    0
   65
    0
    6
   32
    0
    5
   72
    0
   18
   31
   74
   15
   11
   47
    3
    8
   12
    0
    5
   68
   36
    0
    0
    0
   85
   42
    8
    0
    7
   84
   82
    0
   55
  104
    0
  125
   45
   36
   15
    0
    0
   51
   36
   85
    0
    7
   20
    0
    0
    0
    0
    0
   45
    0
    0
    0
  156
   30
    0
    0
    0
    0
    0
    0
    0
   63
    0
  103
   42
    0
    0
   55
    0
   30
   44
   31
    0
    0
    0
    0
   97
   24
   41
  223
    0
    0
    0
    0
    0
    0
  134
    0
    0
    0
   54
   20
    0
   88
   15
   13
   32
    0
    0
  218
    0
    0
    0
    0
    0
    0
    0
    0
   38
    0
    0
    0
   12
    0
    0
    0
   15
   12
  144
   21
    0
    0
    0
    0
    6
    0
    0
   14
    0
   25
    0
    0
    0
    0
   20
  114
  212
    0
    0
   52
   83
  136
  343
   19
   90
   31
    0
    7
   52
    2
   30
   45
  294
   46
    0
    0
    0
    0
    0
    0
    0
   34
    0
    0
    0
    0
    0
    0
    0
   14
    0
    0
    0
   62
   12
    8
   20
    0
    0
   35
   24
   32
   35
   35
   15
   45
   60
  100
   95
   65
    0
    0
   90
   65
    0
    0
   30
   50
   55
    5
    0
    0
    0
    0
    0
    0
  150
   20
   15
   75
   20
   90
   85
   70
    0
    0
    0
    0
   40
   50
    5
    0
    0
    0
    0
    0
    0
    0
    0
    0
   10
   10
    0
   30
   30
    0
    0
   45
    0
   15
   55
    5
   15
    5
    4
   15
    0
    0
    0
    0
    0
    0
    0
    0
    0
    7
   26
    5
    0
    0
    0
   14
    6
    0
    0
    0
    0
    0
    0
    0
    0
    0
    0
    6
    0
    0
    0
    0
   24
    0
    0
   59
    2
   12
    1
   59
   31
   10
    0
    0
   25
    2
    0
    0
    0
   48
   42
   42
   31
    3
    6
    0
    0
    4
   28
   22
   29
   70
   66
    0
   31
    0
    2
    0
   26
    9
  150
   48
   32
    4
    0
    0
   12
    0
    0
    0
    0
    0
    0
    0
    0
    0
    0
    0
   45
   27
    0
    0
    0
    0
   37
  147
    0
   60
   26
    0
    0
    0
    0
    0
   22
    0
    0
    0
    0
    0
    0
    0
    0
    0
    0
    0
    0
    0
    0
    0
    0
    0
    0
    0
    0
    0
   31
   84
    0
    0
    6
   15
  216
   20
    0
   46
    0
    0
  454
    6
    0
    0
    0
    0
    0
    0
    7
    0
    7
    0
    0
    0
    0
    0
    0
    0
  228
    0
   94
    0
    0
   36
    0
    0
    0
    7
   10
    0
    0
    0
    0
   19
    0
    0
    0
    0
    0
    0
    0
    0
    0
    0
    0
    0
    0
    0
    0
    0
    0
    0
    0
    0
    0
   20
    6
   27
    0
    0
    0
    0
  302
   12
   88
   28
    0
    0
    0
    0
    0
    0
    0
    0
    0
    0
    0
    0
    0
    0
    0
    0
   63
   29
   17
    7
    0
    0
    0
    0
    0
    0
    0
    0
    0
    0
    0
   13
   16
    9
    0
    6
    0
   13
   52
    6
   28
    0
   16
    7
   37
   17
    0
    8
   38
    0
    0
    0
   37
   18
   11
    5
   50
   17
    0
    0
    0
    0
    0
    0
    0
    0
    0
    0
    0
    0
    0
    0
    0
    0
    0
    0
    0
    0
    0
    0
   30
    0
    0
    0
    0
  130
   38
   60
    0
    0
    0
    0
    0
    6
    0
   24
    0
    0
    0
    0
    6
    0
    0
    8
    0
    0
   19
    0
    0
    6
    0
    0
    0
    0
    0
    0
    7
    0
    0
    0
   31
   26
   36
    0
    0
    0
    0
    0
  120
   32
    6
    0
   18
   20
    0
    0
   36
  120
   26
   71
   93
   50
    9
    5
    6
    6
   66
   45
   68
   26
    0
    8
    0
    0
    0
    0
    0
    0
    0
    0
    0
    0
    0
    0
    0
    0
    0
    0
   28
    0
   34
   36
    0
    0
    0
    0
    0
    0
    0
    0
    0
    0
   13
    0
    0
    0
    0
   10
    0
    0
    0
    0
    0
    0
    0
    0
    0
    0
    0
    0
    0
    0
    0
   10
    0
   26
    6
    0
    0
    0
    0
    0
   46
   30
    0
    0
    0
    8
    0
    0
    0
    0
    0
    0
    0
    0
    0
    0
    0
    0
    0
    0
    0
    0
    0
    0
    0
    0
    0
    0
    0
   11
    7
    0
    0
    0
    0
    0
    8
    0
    0
   17
    0
    0
    0
    0
    0
    0
    0
    7
    0
    0
    0
    0
    0
    0
    0
    0
   42
  105
    0
   29
    9
    0
   62
   31
   28
   35
   59
   16
    0
    0
    0
   63
    0
    0
    0
    0
    0
    0
    0
    0
    0
    0
   78
   44
    0
    0
    0
   25
    0
    0
    0
    0
    0
    0
    0
    0
    0
    0
    0
    0
    0
    0
    0
    0
    0
   20
   69
    0
    0
    0
    9
   25
    0
    0
    6
    0
    0
    8
   65
    0
    0
    0
   14
    0
    0
    7
    0
    0
  156
   35
   15
   35
    8
    0
    0
    0
    0
    0
    0
    0
    0
    6
    0
    0
    0
    0
    0
    0
    0
    0
    0
    0
    0
    0
    0
   45
   18
    0
    0
    0
    0
   34
    0
    0
    0
    0
    0
    0
   41
    0
    0
    0
    0
    9
    0
    0
    0
   10
    0
    0
    0
    0
    0
   39
    0
   17
   86
   10
   21
    0
    0
    0
   41
   19
    0
   34
    0
    0
    0
    0
    0
    0
   15
    0
    0
   48
   93
    0
    0
    0
    0
    0
    0
    0
    0
    0
    0
    0
    0
    5
    0
    0
   10
   18
    0
    0
    0
  111
    0
    0
    0
    9
    0
    6
   21
   26
    0
    0
    0
    0
    0
    0
    8
   11
  115
   22
    0
    0
    0
    0
   11
    0
    0
    0
    0
    0
    0
    0
    0
   11
    0
   21
    0
   18
   19
    0
   40
    0
    0
    0
    0
    0
    0
    0
   16
   15
    0
    6
    0
    0
    0
    0
   40
    0
    0
    0
    0
    6
   11
   14
   21
    0
   25
  109
    0
    0
    0
    7
    0
    0
   11
    0
    0
   22
   12
    5
    5
    0
    0
    0
    0
    0
    0
    0
    0
    6
    0
   12
    8
   38
   35
    0
   35
    0
    0
    8
    0
    0
    0
    0
   18
   13
   90
    0
    0
    0
    0
   40
    9
    5
    0
    0
   32
    0
   24
    0
    0
    0
   19
    0
    0
    0
  143
   80
   21
    8
    0
    0
   56
   65
    0
    0
    0
    0
    0
    0
   20
   65
   14
    0
    0
    0
   34
    0
   35
    0
   24
   18
    0
    0
    0
   24
    8
    5
   45
   44
   40
    0
    0
    0
    0
    0
   42
    0
   71
   14
    0
    0
    0
    0
   28
  100
   48
    0
    0
    0
  103
    0
    0
    0
    0
    0
    0
   31
    0
    0
   20
   11
    0
    0
  116
   22
    0
    0
    0
    0
    0
    0
    0
    0
    0
    0
    0
    0
   15
   44
    0
   10
    0
    0
   71
    0
    0
    0
    0
    0
  220
   56
    0
    0
    0
  188
    0
    0
    0
    0
    0
   28
    0
    0
    0
  108
    0
    0
    0
    0
    0
    0
   17
    0
   10
   31
   38
    0
    0
    0
    0
   80
    0
   15
   62
    0
    0
    0
    0
    0
  148
  118
    0
    0
    8
    0
    0
   14
   45
    0
    0
    0
    0
    0
   12
   16
    0
   64
  232
   42
   32
   31
    0
    0
   31
   30
  455
    0
    0
   19
    0
    0
    0
   72
   12
    0
    0
    0
   56
   62
    0
   20
    0
    0
    0
    0
  142
    0
   71
   21
    0
    0
    0
    0
    0
    0
    0
    0
    0
   45
   36
   64
    0
    0
    0
    0
    0
    0
    0
   62
    0
    6
   32
   64
    0
    0
    0
    0
   74
    0
    0
    0
    0
    0
    0
    0
    0
    0
    0
    0
    0
    0
    0
    0
    0
    0
    0
    0
    0
   91
   34
  178
   50
   31
    0
    0
    0
   96
  136
   21
    0
   62
    0
   60
    0
    0
    0
   32
    0
    0
    0
   38
    0
    0
   36
    8
   15
    0
    5
    0
    0
    8
    0
    0
    0
    0
    0
    0
    0
    0
   35
   96
    0
    6
    0
    0
    0
    0
    0
    0
    0
    0
   17
    0
   25
    0
   34
    0
   50
   16
    6
    0
    0
    6
    5
   11
   24
    0
    0
    0
    0
    0
    0
    0
    0
    0
    0
   36
    7
    0
    0
    0
    0
    0
    9
    6
    6
    0
    0
    0
    0
    6
    0
   19
    0
    0
    0
    0
    0
   12
    0
    0
   12
   10
    0
   31
    0
    0
    0
    0
    0
    0
    0
    6
    0
   18
    0
    0
    0
    0
    0
    0
    6
    0
   14
    0
    5
  124
    0
    0
    0
    7
   58
    0
    0
    0
    0
   18
  145
    8
    0
    0
   48
    0
   18
    0
   15
    0
    0
    0
    0
    0
    0
    9
    0
    0
    0
    0
    0
    0
    0
   25
    0
    0
    0
    0
    0
    0
    0
    0
    0
    0
    0
    0
    0
    0
    0
    0
    0
    0
    0
   74
  162
    0
    0
    0
    0
  244
   25
    0
   30
    0
   31
    9
    0
    0
   20
   21
    0
   25
   42
    0
   14
   41
    0
    0
    0
    0
    0
    0
    0
    0
    0
    0
    0
    0
    0
    0
   17
    0
    0
    0
    0
   40
   66
   21
    0
    0
    0
    0
    0
    0
    0
    0
   23
    0
    0
   50
   56
    0
    0
   20
    0
   97
   47
    8
    0
    0
  130
  150
  234
    0
    0
    0
    0
    0
    0
    0
    0
   30
   21
    0
    0
    0
    0
    0
    0
    0
    0
    0
    0
    0
    0
   26
    0
    0
    0
    0
    0
  341
  475
   19
    9
    0
    0
    0
    0
   10
   32
   20
    0
    0
    0
    0
  104
   10
    0
    0
    0
    0
    7
   55
   75
   26
   17
   12
    0
    0
    0
   28
   47
    0
   23
   18
  109
    6
    0
    0
    0
    0
    0
    0
   98
   44
    9
  166
   44
    0
    6
    0
    0
   35
   55
   22
    0
    0
   87
  141
  130
   12
    0
    0
    0
    0
    0
    0
    0
    0
    0
   15
   70
    0
    0
   12
    8
  113
    0
   11
   66
    0
   20
    0
    0
    0
    0
    0
    0
    0
    0
    0
    0
    0
    0
    0
    0
    0
    0
    8
    0
    0
    0
    0
    0
    0
    0
    0
    0
    0
    0
   10
    0
    0
    0
    9
   98
   74
    0
    0
    0
    0
    0
    0
   68
   20
    0
    0
   13
   20
   26
   71
    6
    0
    0
    0
    0
    0
    0
   15
    0
   31
    8
   15
  125
   49
   88
   25
    0
    0
    0
    0
    0
    0
   23
   49
   30
    0
   18
   68
   10
    0
    8
   30
    0
    0
    0
    0
    0
    0
   41
    7
    0
    0
    9
    6
    0
    0
   25
   25
   57
    0
    0
    0
    0
   21
    0
    0
    0
    0
   25
   66
   54
    7
    0
   77
    0
    0
    0
    0
    0
    0
    0
    0
    0
    0
    0
    0
    7
    0
   83
    0
    0
    7
    0
   18
    8
   70
    7
   10
   39
    7
   69
    0
   68
    0
   65
    0
    0
    0
    0
   59
   11
    0
    0
   38
  101
    0
    7
    0
    0
  287
   13
    0
   61
    0
    0
    0
    0
    0
    0
    0
    0
  110
    8
    0
    0
    0
    0
   15
   41
    0
    7
    0
    0
    0
   41
   40
   16
    0
    0
   20
    0
   42
    0
    0
    0
    0
   38
    0
    0
    0
    0
    0
    7
  106
    0
    0
    0
    0
    0
   65
   19
    0
   89
    0
    0
    0
    0
    0
    0
    0
    0
  168
    0
   88
   28
   15
    0
    0
   38
    0
    0
   14
   44
    0
    0
    0
    0
    0
  187
    0
    0
    0
    0
   33
    0
   22
    5
    0
    0
    0
    0
    0
    0
   18
    8
   48
    0
    0
    0
    0
    0
   10
   10
    0
   40
    0
    0
    0
   18
    0
   33
   58
   14
    0
    0
  258
    0
    0
   58
    0
    0
   20
    0
    0
    0
   13
   81
   18
    0
    0
    0
    0
    0
    0
    0
    0
    0
    0
    9
    0
    0
    0
    0
    6
    0
    0
    0
    0
    0
    0
   17
   49
    0
    0
    0
    0
    6
    5
    0
    0
    0
    0
    0
    0
    0
    0
    0
    0
   37
    5
  136
   20
    0
    0
    0
    0
    0
    0
    0
    0
    0
    0
    0
    0
    0
    0
    0
    0
    0
    0
    0
    0
    0
    0
   20
    0
   18
    0
    0
    0
    0
    0
    0
    0
    0
    0
    0
    0
    0
   38
   25
   35
    0
  131
   24
   22
   34
  176
    7
    0
    0
   29
    0
    0
   78
    0
    0
   20
    0
    0
    0
    0
    0
    0
    0
   10
    6
    0
    0
    5
   18
    0
    0
    0
    0
    0
   85
    0
   99
  121
  119
    0
   36
   66
   22
   10
   12
    0
    0
    0
    0
    0
    0
    0
    0
    0
    0
    0
   74
   64
   13
   25
    5
    0
   24
    0
    5
    8
    0
    0
    5
    0
    0
    0
    0
    0
    0
    0
    0
    0
    0
   31
    0
    5
    0
   33
   35
    0
    0
    0
   20
   60
    5
   12
  101
   40
   84
   12
    0
    0
    0
    7
    9
   13
    0
    0
    0
    0
    0
    0
    0
    0
    0
    0
    0
    0
    0
    0
    0
    8
    8
    0
    6
   11
    6
    0
   17
    0
   24
   14
    0
    0
    0
    0
    0
    0
    0
    0
    0
    0
    0
    0
    0
    0
    0
    0
    0
   28
   39
   19
   20
    0
  128
  315
   25
    0
    0
    0
   10
    0
    7
    6
    0
    0
    0
    0
    0
    0
    0
   17
    8
    0
    0
    0
   98
  244
    0
   96
   95
    6
    0
    0
    0
    0
    0
    0
    0
    0
    0
   87
    0
    0
    0
    0
    0
    0
    0
    0
    0
    0
    0
    0
    0
    0
    0
    0
    0
    0
    5
    0
    0
   10
    0
    0
    0
    0
    0
   18
    0
   10
    0
    0
  111
   50
    0
    0
   67
    0
    0
   75
    0
   36
   36
    0
   45
    5
    0
   51
  251
   10
   15
   49
  116
   20
   63
   59
    0
   17
    0
   64
    0
    0
   30
  292
    0
   23
   16
   53
    0
    0
    0
   82
   14
  103
    0
    0
    0
    0
    0
   52
    0
    0
   56
   25
    0
    0
    0
    0
    0
    0
    0
   34
    0
    0
   22
  134
    0
    0
    0
    0
    0
   10
   20
    0
  106
    7
    0
   10
    0
    0
    0
    0
   72
    9
  135
    5
    0
    0
    0
   37
   90
    0
    0
   26
   37
   42
   15
   20
   38
    5
    0
   39
    0
    0
    0
    0
    0
    0
    0
   64
    0
    0
    0
    0
   27
   11
    0
    0
    0
    0
    0
   51
    0
    0
    0
    0
   24
  202
    0
    0
    0
    0
   11
   30
    0
    0
    0
   40
    5
    0
    7
   47
    0
   10
    0
    0
    0
    0
    0
    0
    0
   87
   50
    0
    0
    0
    0
    0
    0
   52
  103
   43
    0
    0
    0
    7
    0
    6
    0
    0
   62
    0
   21
   10
   20
    0
    0
   40
   15
   25
  131
    8
    0
    0
    0
    5
    0
    0
    0
   67
   18
    0
    0
   38
    0
    0
    0
   18
   90
    0
    7
    0
    0
    7
    0
    0
   60
    0
   60
   80
    8
   14
   30
    7
    0
   25
   22
    0
   21
    0
   49
    0
   20
    7
    7
   78
    6
    0
    0
    0
   10
   11
    0
    0
    0
    0
    0
    0
    0
    0
    6
   30
   22
   55
   19
    0
    0
    0
   11
    0
    0
    0
    0
    0
    0
    6
    0
    0
    0
   30
   58
    0
    0
    0
    0
    0
    8
    5
   19
    0
    0
   10
   47
   19
  105
  149
  140
  105
   37
   48
    0
   22
   16
    0
    0
    0
    0
    0
  101
    0
   50
  150
    0
    0
    0
    0
    0
    0
    0
    0
    5
    7
    0
    0
    0
    0
    0
    0
    0
   63
    0
    0
    0
    0
   12
    0
    0
    0
    7
    0
    0
    0
    0
  282
    0
   38
  110
    0
    5
    0
    0
    0
    0
    0
    0
    0
    0
    0
    0
    0
    0
   67
    0
   26
    0
    0
    0
    0
   70
    0
    9
    0
   66
   10
    0
    0
    0
    0
    0
    0
   38
    0
    0
    9
   34
   24
    0
    0
   78
   65
    0
    6
    7
    0
   40
  130
    0
   39
    0
    0
    0
   16
    5
    0
    0
    0
  117
   24
    0
    6
   65
    0
    0
  169
    0
    0
    0
    0
    0
    0
   35
    0
    0
    0
    0
   20
    0
   22
   52
    5
    0
   36
   60
  175
   39
   25
    0
    0
    0
   14
   14
    0
    0
    0
    0
    0
    0
    0
   65
   11
    0
    0
    0
    0
    0
    0
    0
   26
  141
   34
   32
    0
    0
    0
    0
    0
    0
    0
    0
    0
    0
    0
    0
    0
    0
    0
    0
    0
    0
    0
    0
   20
    0
    5
    0
  173
    0
   18
    0
    0
    0
   36
   70
    0
    0
    0
    8
  250
   81
    0
    0
    0
   18
    0
    0
    0
    0
    0
   10
    0
    5
   35
   30
   14
   71
    0
   20
  103
   12
    0
   12
   20
   30
    0
    0
    0
  226
   12
   20
   12
   16
   10
    0
    4
    0
   23
   12
    0
    0
    0
    0
   84
   15
   78
   16
    0
    0
   24
   30
   20
   23
   55
    0
    9
    5
    0
   66
  152
    0
   18
   26
   26
    7
  175
   50
   19
   50
   20
  137
    0
    0
   55
    0
    0
  131
    0
   14
    0
   17
    0
    0
    0
    0
    0
    0
    0
    0
    0
    0
    0
   26
    5
   25
   20
    0
   24
   65
    0
    0
    0
    0
    0
    0
    0
    0
    0
    0
    0
    0
    0
    0
    0
    0
    0
    0
    0
   18
    0
    8
   30
   88
   92
    0
    0
    0
    0
    0
    0
    9
    7
   25
    0
    0
    0
    0
    0
    0
    0
    0
    0
    0
    0
    0
    0
    0
    0
    0
    0
    0
    0
   21
   30
    0
   74
    0
    0
    0
    0
    0
    0
    9
   59
    0
    0
    0
    0
    0
   45
    0
    0
    0
    0
    0
    0
    0
    0
    0
    0
    0
    0
    0
    0
    0
    0
    0
    0
    0
    0
   30
   51
   12
   11
    7
   11
   17
    0
    0
    0
    0
    0
    0
    0
    0
    0
    0
    0
    0
    0
    0
    0
   56
    8
   16
    0
    0
    0
   36
   68
   26
    0
    0
   90
   19
    0
    0
    0
    0
    0
    0
   93
    0
    5
    0
   91
   25
    9
    0
    0
    0
   35
    0
    0
    0
    0
    0
    0
    0
    0
    0
    0
    0
    0
    0
  109
   33
    8
   17
    0
  102
    0
   29
    0
    0
    0
    0
   21
   20
    8
    0
   38
   35
   87
   88
    0
    0
  155
    0
    0
   15
    0
    0
    0
    0
    0
    0
    0
    0
    0
    0
    0
    0
    0
    0
    0
    0
    0
    0
    0
    0
    0
    0
    0
    0
    0
    0
    0
    0
    0
   22
   34
   38
    0
   18
    0
    0
    5
    0
    0
   39
    0
    0
    0
    0
    0
    0
    0
   13
    0
    0
    0
    0
    0
    0
    0
    0
    0
   28
    0
    0
    0
    0
    0
    0
    0
    0
    0
    0
    0
    0
    0
    0
    0
    0
    0
    0
    8
   11
    0
    0
    0
    0
    6
    0
    0
    0
    0
    0
    0
    0
    6
  141
   61
    0
    0
    0
   20
   65
   55
    5
   24
    0
    0
    0
    0
    0
    0
    0
    0
   16
    0
    0
    0
    0
    0
    0
    0
    0
    0
    0
    0
    0
    0
    0
    0
    0
    0
    0
    0
    0
    7
    0
   74
   37
   24
    0
   27
    0
   31
    0
    0
    0
    0
    6
    7
    0
    0
    0
    0
    0
    0
   45
   28
   41
    0
    0
   24
   37
    0
    0
    0
   68
   18
    0
    0
    0
   46
    0
    0
    0
   12
    0
    0
    6
    0
    0
    0
    0
    6
    0
   89
   16
    8
    0
   13
    8
    9
    0
    0
    0
    0
   23
   46
   45
    0
   10
   15
   12
    0
    0
    0
    0
   61
    0
   30
   52
   41
   43
   47
    8
    0
   23
    0
   10
    0
    6
    0
    5
   56
    6
    7
    0
    0
    0
    0
    0
    0
    5
    0
    0
    0
    0
    0
    0
   62
    5
   38
    0
    0
    0
    0
    7
   10
    0
    0
    0
    0
    7
    0
    0
    0
    8
    0
   10
   21
   32
   18
   48
    8
    0
    0
   34
   53
    0
   38
    0
    0
    0
  143
   78
   13
    6
   35
    0
    0
  133
    0
   49
   62
   90
    0
   22
   20
    0
    0
    0
  152
    0
    0
    0
    0
    0
    0
    8
    0
    0
    7
    0
   95
    0
    5
    8
    0
    0
   38
   40
    0
   62
    7
    0
   14
   44
    0
   87
    0
    0
    0
    0
    0
    0
   63
    6
  116
    0
   94
    0
    0
    0
    0
    0
    0
    0
    0
   60
    0
    0
    0
    0
    0
    0
    0
    9
   29
    0
    0
    0
    0
    0
    0
    0
    0
    0
    0
    0
    0
   30
   11
    0
    0
    0
    0
    0
    0
    0
    0
    0
    0
    0
    0
    0
    0
    0
    0
    0
   75
    0
  177
  105
    0
    0
    0
    0
    0
    0
    0
    0
    0
    0
    0
    0
    7
    0
   93
  988
  311
    0
   15
    0
    0
    0
    0
   12
    0
    0
    0
    0
    0
    0
    0
    0
    0
    0
    0
    0
    0
    0
    0
    0
    0
    0
    0
    0
    0
   10
    0
    0
    0
    0
    0
   17
   47
    0
    0
    0
  156
  185
    0
    0
    0
   97
   26
    0
    6
    0
    0
    0
    0
    0
    0
    0
    0
    0
    0
    5
    0
    0
   31
    0
   58
   10
    6
    7
    0
    0
    0
   18
    0
    0
    0
    0
    0
    0
    0
    0
    0
    0
    0
    0
    0
    0
    0
   15
    0
    0
    0
    0
    0
    0
    0
    0
    0
    0
    0
    0
    0
    0
   71
   10
    0
    0
    0
   11
   14
    9
    0
   23
  119
  100
   97
   19
   17
    0
    0
    0
    0
    0
    0
   44
    0
   33
  117
   18
   13
    0
    0
    0
    0
    0
    0
    0
    9
    0
    0
   22
   25
   11
   16
   10
    0
    7
    0
    0
    0
    0
    0
    0
    0
   27
    0
   53
    0
    8
    0
   56
    0
   12
   66
    6
    0
    0
    0
    0
    5
    0
   14
    9
    0
    0
    0
    6
    0
   28
   26
    0
    0
    0
   94
    8
    8
   60
    0
   18
    0
   22
    0
    0
    0
    0
    0
    0
    0
    0
    0
    0
    0
   25
    0
   42
   20
    0
    0
    0
    0
    0
   18
    0
    0
    0
    0
    0
    0
    7
    0
    0
    0
    0
    0
    0
    0
    0
    0
    0
    0
    0
    0
    0
    0
    0
    0
    8
    0
    5
    0
    6
   44
  199
    9
   65
    0
    0
    0
    5
    0
    0
  198
    0
    0
    0
    0
   28
    0
    0
    0
    0
    0
    0
    0
    0
    0
    0
    0
    0
    0
  112
   10
    0
   17
    0
   86
   88
   11
   11
    0
    0
   10
    8
    0
    0
    0
   59
   75
    0
    7
    0
    8
    0
    5
   28
   30
    0
    0
  130
  127
    0
   62
    0
    0
    0
  105
   21
   42
   25
    6
    0
    0
    0
    0
   17
   35
    8
    0
    0
    0
    0
    0
    7
   75
    0
    0
   38
    0
    0
    0
    0
   28
    0
   40
   34
    0
   13
    0
    0
    0
    0
    0
    0
    0
  109
   39
  100
   45
   44
   87
   20
    4
    0
    0
    0
    0
    0
    0
   26
   20
    0
    0
    0
  126
    5
    0
  184
   22
    0
    0
    0
   10
   46
    0
    0
    0
    0
    0
    0
    0
    0
    0
    0
    0
    0
    0
    0
   24
    0
    0
    0
    0
    0
    0
   31
    0
    0
    0
    0
  211
    0
    7
  174
    9
   38
    0
    0
    0
   20
    0
    0
    0
    0
    0
   17
   14
    0
   17
   79
   49
   17
    0
    0
   50
    0
   31
    0
    0
    0
    0
   84
   11
   80
    5
    0
   11
    0
    0
    0
    0
    0
    0
    0
   15
    0
  138
   37
    0
   11
   46
    0
    0
    0
    0
    0
    0
    0
    5
    0
    0
    0
    0
    0
    0
    0
    0
    0
    0
    0
    0
    0
   14
    0
    0
    0
   26
  213
    0
    5
    0
    0
    0
    0
    0
    0
    0
    0
    0
    0
    0
    0
    0
    0
   14
   34
    8
    0
    0
   17
    0
    7
   17
   54
    0
  124
    0
   14
    0
    0
    0
    0
    0
    0
    8
    7
   15
    7
   19
   15
   10
   10
    0
    0
    0
   18
    0
   50
    6
    0
    5
    0
    0
    0
    0
    0
    0
   15
    0
    0
   12
   45
    7
    0
    0
   68
    6
    0
   72
   21
    0
    0
    0
   24
    0
    7
    6
    0
    0
    0
    0
    0
    0
    0
    0
    0
    0
    0
   43
    0
   38
    0
    0
    0
    0
    0
   28
    0
    0
    0
    0
    0
    0
    7
    6
    0
    0
    0
    0
   11
    8
   10
   23
   99
    0
    9
    0
    0
    0
    0
    0
   19
   57
   20
   74
   38
   29
   43
   34
    0
    0
    0
   46
   17
    0
   16
   20
   12
    7
   38
   20
    9
   46
    0
    0
    0
    0
    0
    0
   15
   16
   13
    0
   26
   30
  123
    9
   11
   43
   26
    9
    0
    0
    0
    0
    0
    0
    0
    0
    0
    0
    0
    0
    0
    0
    0
    0
    0
   35
   91
    0
    0
    0
    0
  149
   24
    0
    0
    0
    0
    0
    0
   41
   24
    0
    0
    8
   30
   15
   53
   30
   33
   23
    0
   85
    0
    0
   41
    8
    0
    8
    0
   12
   88
    8
    0
    0
    0
   20
    0
    0
    0
    0
    9
    0
   45
   52
    0
    0
    0
    0
    0
   27
    0
    0
    9
    6
   43
   40
   49
    0
    0
    0
   52
    0
   32
   33
    0
    0
    0
    0
    0
    0
    0
    0
    0
    0
    0
   21
    0
    0
   12
    0
  157
   85
   43
   20
   27
    0
    0
   36
    0
  107
    0
    0
    0
    0
    0
    0
    0
    0
    0
  111
    0
   10
    0
    8
    7
    0
    0
    0
    0
    0
    0
    8
   25
   10
    0
    0
    0
    0
    0
    0
    0
    0
    0
    0
    0
    0
    0
    0
   21
    0
    0
    8
    0
    0
    0
    9
    0
    0
    0
    6
   20
    0
    0
    0
   12
    0
    0
    0
    0
    0
    0
    0
    0
    0
    0
    0
    0
    0
    0
    0
    0
    0
   14
    9
    7
    0
    0
   22
    0
    0
    7
    0
    0
    0
    0
    0
   13
    8
   43
   45
   18
    0
    0
    0
    0
   11
    0
    0
    0
   36
    0
    0
   23
    5
   48
    5
    8
   23
   37
    0
   60
   10
   10
   43
   48
   53
   10
   15
    0
    0
    0
    0
   11
   16
   60
   21
   18
    0
    0
    0
    6
   32
    9
    9
    0
    6
    8
    0
   44
   53
   18
   58
   36
    0
   35
    0
  127
   40
    0
    0
    0
    6
    0
    5
    0
    0
    0
    0
    0
    0
   29
    0
    0
    0
    0
    0
    0
    0
   38
    0
    0
    0
    0
    0
    0
    0
    0
   17
   27
    0
    0
    0
    0
    0
    0
    0
    0
    0
    0
    0
    0
   26
   46
  132
    0
   37
   11
   12
    0
    0
    0
    0
    0
    0
    0
    0
    0
    0
   63
    0
  103
   55
    0
    0
    0
    0
    0
   12
  123
    0
    0
   41
   62
    0
    0
    0
    0
   30
   74
    0
    6
    0
    0
    0
   31
    0
    5
   21
    0
    0
   15
   16
   38
   44
    9
    0
    0
    0
    0
    0
    0
    0
    0
    0
    0
   63
   29
   84
   19
    0
    0
    9
   53
    5
    0
    0
   15
    0
    0
   45
    0
    0
   50
    0
    0
    0
   10
  112
  191
   86
    8
   21
  175
   79
  116
  168
   90
    0
    0
    0
   44
    0
    0
    0
    0
    0
    0
    0
    0
    0
    0
    0
    0
    0
    0
    0
    0
    0
    0
    0
    0
    0
    0
    0
   14
   66
   28
    0
   14
   68
    0
    0
    0
    0
    0
    0
    0
    0
    0
    0
    0
   68
   42
   35
   39
    0
    0
    0
    0
    0
    0
    0
    0
    0
   16
   20
    0
    0
    0
    0
    0
   21
   91
    0
    0
   90
    0
    0
    0
  121
    7
    0
   12
    0
    0
    0
   45
    0
    0
    0
    0
    1
    5
    0
   31
    5
    0
   28
    0
    0
    0
    0
    0
   10
    0
    0
  129
   23
   40
    7
    0
    0
    0
    0
    0
    0
    0
    0
    0
    0
    0
    0
    0
    0
    0
    0
    0
    0
   17
    0
    0
    0
    0
    0
    0
    0
    0
    0
    0
    0
   24
   48
   68
  240
    0
    0
    0
    0
    0
    7
   26
    0
    6
    6
    0
    0
    9
   46
    9
    0
    5
    0
    0
    0
    0
    0
    0
    8
    0
    5
    0
   42
   17
    0
    0
    0
    0
    0
    6
    0
    0
    0
    0
    0
    0
    0
    0
    0
   12
    0
    0
    0
    0
    0
    0
    9
    0
   53
    6
   25
   42
   58
   52
    7
   17
    9
    0
    6
   39
   56
  141
  276
   97
   56
  153
   42
    0
   75
   31
    6
   25
  133
    9
    0
    8
    0
    0
    0
    5
    0
    0
    0
    0
    0
    0
   13
   20
    0
   38
    0
    0
   41
    5
    0
    0
    0
    0
    0
    0
    0
    9
    5
   74
    0
    6
    0
    0
   33
    6
   78
    0
    0
   57
    0
   35
   17
    0
    0
    0
    0
    9
  115
   46
    0
    0
    0
    0
    0
    0
    0
    0
    0
    0
    0
    0
    0
    0
   30
    0
   32
   10
    0
   34
    0
    8
   51
   27
   47
    7
    0
    0
    0
    0
    0
    0
    0
    0
   21
   59
    0
    8
    0
   12
   11
    7
    0
    0
    0
    0
    0
    0
    0
   21
   16
   10
    0
    0
    0
    0
    0
    0
    0
    0
   20
    5
   42
  201
    0
    8
   22
    0
    0
    0
   72
    8
   35
    0
    0
    0
    0
    0
    0
    0
   18
    0
   30
    0
    0
    0
    0
   45
    0
   11
   10
   10
   68
   14
   60
   12
    0
    0
    0
    0
    0
    0
   28
   53
   28
   56
  166
    9
    0
   59
    0
    0
    0
    0
   31
   30
    0
    0
    0
    0
    0
    0
    0
    0
    0
    0
    0
    0
   14
   26
    0
    0
    0
    0
    0
    0
    0
    0
   74
  114
    0
   60
   16
    0
   44
   24
   31
   28
   14
    0
    0
  372
   58
   57
  192
    7
    0
   20
   23
    0
    0
   44
   20
    0
   44
   44
   24
   25
   20
    0
  100
   37
    0
    0
    0
    7
    0
    0
    0
   15
   48
   47
    0
    0
    0
    0
    0
    0
   37
    8
   43
    0
   75
    0
   10
    0
   34
   35
    0
    0
    0
   44
    0
    0
    0
   84
  167
   30
    7
    0
    0
    0
    0
    0
    0
    0
    0
    0
    0
    0
    0
    0
    0
    0
    0
    0
    0
    0
    0
   18
   56
    0
    0
    0
    0
   33
    7
    0
    0
    0
    0
    0
    0
    0
    0
    0
    0
    0
    0
    0
    0
    0
    0
    0
   14
   28
    0
   51
    0
    0
   15
    9
   50
  182
   40
   21
   17
    0
    0
   96
    0
    0
    0
    0
    0
    0
    0
    0
    0
    0
    0
    0
    0
    0
   22
    0
    0
    0
    0
    0
   78
   97
  103
   24
   87
   12
   19
    0
    0
    7
   17
    7
   20
   54
    0
    0
   93
    0
    0
   50
    0
    0
    0
   18
    0
    0
   45
    0
    0
    0
   11
   19
   14
    0
    0
    0
    0
   40
   12
   76
   16
    0
    0
   49
    0
    6
    0
   35
    6
   24
    0
    0
    0
    0
   17
   24
    0
    0
   71
    0
    0
    0
    0
   48
   72
   57
    0
    6
    0
   70
   32
   91
    0
   19
   50
   12
   20
    0
    0
   21
    0
   61
   11
    0
    0
   80
   47
    0
   29
   50
    0
    9
    0
   18
    0
   40
   46
   47
    5
   40
   99
   22
    6
   18
    0
    0
   50
    8
    0
    0
    0
    0
    0
    0
    0
    0
    0
    0
    0
    0
    0
    0
    0
   10
    0
    0
   18
    0
    0
    0
    0
    0
    0
    0
    0
    0
    0
   11
    9
    7
    0
    0
    0
    0
    0
    0
    0
    0
    0
    0
    0
    0
    0
   58
    0
    6
    0
    0
    0
    0
    0
    0
    0
    0
   66
   61
    0
   17
    0
    0
    0
   35
    6
  172
    0
    0
  179
    0
   14
    0
    0
    0
    0
    0
    0
    0
    0
    0
    0
  116
    7
   24
    0
  108
   14
    0
   36
   20
   28
   24
   53
    0
   15
    0
    0
   48
    0
    0
   18
   13
   53
    7
   30
   13
   24
   51
    0
    0
    0
    0
    0
   67
    0
   40
    0
    0
   35
    0
    0
    0
   11
   73
    0
    0
    0
    0
    0
    0
    0
    0
    0
    0
    0
    0
    0
    0
    0
    0
    9
    0
    0
    0
    0
   77
   38
    0
    0
   60
   52
    0
    0
   22
   21
    0
   89
    0
    0
    0
    0
    0
    0
    8
   18
    0
    0
   12
    7
    5
    0
    0
    0
    0
   40
  160
    5
    0
    0
    8
    0
    0
    0
    0
    0
    0
    7
   32
    0
    0
   44
    0
    7
   30
    0
    0
    5
    0
    0
    6
    0
   15
    5
    0
    0
   15
    0
    0
    0
    0
    0
    0
    0
   36
   27
    0
    0
    0
    0
    0
    0
    0
    0
    0
    7
   46
   49
   28
    0
    5
   32
   15
   15
    0
    0
   20
   45
    0
    0
    0
   27
   32
   77
   38
    0
   67
  127
    0
   40
    0
   72
   10
   27
   82
    0
    0
    0
    0
    0
   35
   96
   47
    0
    6
    0
   40
   19
    7
    0
    0
    0
    0
    0
    0
   58
    0
    0
   15
   17
    0
   49
   25
    0
   18
    0
    0
    0
    5
    0
    0
    6
    0
    0
    0
    0
    0
    0
    0
    0
    0
    0
    0
    0
    0
    0
    9
    0
    0
    0
   16
    0
    0
    0
    0
    0
    0
   39
   10
   26
    0
    8
    0
   64
  100
   27
    0
    0
    0
    0
   16
    9
   17
    9
    0
   16
   22
    8
    0
    0
    0
    9
    0
    0
   28
    0
    0
    0
   13
   44
   25
    0
    0
    0
    5
    0
    0
   58
    0
    0
    0
    0
    0
    0
    0
    0
    0
    0
    0
   44
    0
    0
   23
    0
    0
    0
   37
    0
    0
    0
   32
    0
   16
   25
   33
  111
  211
    6
    0
    0
    0
   40
   46
    0
    0
    0
    0
    0
    0
    0
    0
    0
    0
    0
   30
   60
   25
    0
    0
    0
    0
    0
    0
    0
    0
    0
    0
    0
    0
    0
    0
    0
    0
    0
   45
    0
    0
   30
   19
   51
    0
    0
    0
    0
    0
    0
   64
    0
    0
    7
    0
    0
    0
    0
    0
    0
   13
    0
    0
    0
    0
    6
  161
    0
   17
   12
  179
   35
    0
    0
    0
    0
    0
  151
    0
    0
    0
    0
   18
   12
    0
    0
   31
   21
    0
    0
    0
    0
   18
    0
   61
   28
    0
    0
    0
   72
    0
    0
   10
   19
    0
    0
    0
    6
    0
    0
    0
    0
    0
    0
    0
    0
    0
    0
    0
    0
    0
    0
    0
    0
    0
   14
    0
   79
  145
   14
    0
    0
    0
    0
    0
    0
    0
    0
    0
    0
    0
    0
    0
    0
    6
   57
   44
   20
    0
    0
    4
    0
    0
    0
    0
    0
    0
   37
    0
    0
    0
    9
    0
   21
    0
    0
    0
   55
   74
   32
   12
   14
    9
   49
    0
   21
    0
    0
    0
    0
    0
   10
    0
    0
    0
    0
    0
    0
    0
    0
   11
  103
    6
  130
   10
   30
    0
    0
  180
   70
   15
    0
    0
    0
    0
    0
    0
    0
    0
    0
    0
    0
    0
   30
   50
    0
    0
  100
   50
    0
    0
    0
    0
    0
    0
    0
    0
    0
    4
    0
   10
    0
    0
    3
   62
   27
   21
   76
   47
   19
    4
    0
   84
    0
  165
    3
    9
    0
    0
    0
    0
    0
    0
    0
    0
    0
   19
   36
    0
    0
    0
    0
   20
   11
    9
    0
    0
    0
   10
   22
    0
    0
    0
    0
    5
    0
   24
   25
   14
    4
    4
    0
    0
    0
    0
    0
    2
    0
    0
    0
    0
    4
   34
    4
   41
    5
    5
   56
   50
   80
    0
    0
    5
    0
    0
    0
    0
    0
    0
    0
   27
   32
  103
    6
   17
    3
   10
    0
   45
    0
    0
   17
   49
    0
    0
    0
    0
    0
    0
    0
    0
    0
   13
    0
   35
    0
    3
    8
    0
    0
    5
    0
    0
    0
    0
    0
   35
    0
    0
    0
    0
    0
    0
   32
   39
    0
    0
   54
    3
    0
    0
    0
    5
    0
   59
    0
   78
   34
   18
    6
    0
    0
    0
    0
    0
    0
    0
    0
    0
    0
    0
   13
    0
    0
    9
    0
    0
    0
    0
    8
    0
    0
    0
    0
    0
    0
    0
    0
    0
    0
    0
    0
    2
    0
    0
    0
  106
   30
   21
    0
    0
   88
  162
  205
  392
    3
    0
    8
    0
    0
    0
    0
    3
    0
   33
    7
   24
   12
    2
    0
    0
    7
    0
   64
   28
    0
    0
   57
    0
   25
   18
    0
    0
   24
   41
    0
    0
    0
    0
    0
    0
    5
    0
    0
    0
    0
    0
    0
    0
    0
    0
    0
    0
    3
    0
    0
    0
    0
    0
    0
   71
    0
    0
    0
   29
   35
    0
    9
    0
    0
    0
   46
  134
   58
    5
  110
   47
    0
    4
    0
    0
    0
    0
    0
    0
    6
  198
   38
   54
    5
   20
    3
   15
    3
   14
   33
   58
    0
    0
    0
    0
    0
    0
   33
   14
   19
    1
   21
    0
    3
   19
    5
    0
    0
    0
   28
   75
   33
    0
    0
   18
    0
    0
    0
    6
    0
    0
    0
    0
    0
    0
    0
    0
    0
    2
    0
    0
    0
    0
    0
    0
    0
    0
    0
   51
   21
    2
    7
    0
    4
    3
   15
    6
   11
    0
    0
    0
    2
    9
   44
    3
   36
    0
   16
  323
   20
   28
   33
    0
   21
   68
    0
    7
    0
    0
    6
   52
    4
    3
    3
    6
   70
    0
    0
    0
    0
    0
   43
   94
   56
    0
    9
    4
    5
    0
    0
    7
   20
    6
    0
    8
    0
    0
   23
    0
    0
   84
    0
   25
   36
  109
   22
    8
    0
    0
    0
    0
    0
   17
   15
    3
    0
    0
    0
    0
    0
    0
    0
   21
   22
    2
    0
    5
    0
    0
    0
    3
    0
    0
    0
    0
    0
    0
    2
    7
    2
    4
   15
   44
   40
    0
    4
    9
    4
   48
    2
    0
    0
    0
    0
    0
   15
   10
    0
    0
    0
    0
    0
    0
   14
    0
    0
    0
    3
    0
    0
    0
    0
    0
    0
    0
    0
   82
    0
    0
    0
  195
   42
  136
   14
    2
   10
    0
    0
    0
    0
    0
    0
    0
   73
   16
    0
    5
    0
    0
    0
   10
    0
    0
    0
    0
    0
    0
    0
   12
    8
    0
  110
    3
    0
    3
    1
    4
   24
   31
    2
    0
    4
   68
   10
    5
    1
    0
    0
   40
    0
    8
   28
    4
   31
    2
    4
   31
  105
   12
    7
    0
    0
    0
    0
    0
   30
    2
   36
    6
    0
    0
    0
    0
    0
    0
    0
   24
    0
    0
    0
    0
   10
   17
    4
    3
   24
   10
    0
    0
    5
  184
   18
    6
    0
    0
   26
    6
   17
    0
   25
  174
  190
    0
    3
    0
    0
    0
    0
    0
    0
    0
    2
    0
    0
    0
    0
   12
   79
    0
    0
   10
    3
    0
    0
    0
    0
    0
   31
   25
  115
    0
    0
    0
    0
    0
   69
  187
    0
    0
    0
    0
    0
    8
    0
    4
   10
    0
    0
    0
    0
    0
   54
    0
    7
   24
    0
    0
    5
    4
    0
    0
    0
    0
    9
    0
    0
    0
    0
    0
    0
    0
    0
    0
    4
    0
    0
    0
    0
    0
    0
    7
   46
    0
    0
    0
    0
    0
   32
    0
    0
    0
    4
    0
    0
    1
   13
   10
   29
    0
    0
    0
    0
    0
    0
    0
    0
    0
    9
    4
    0
    0
    0
   30
    0
    3
    0
    0
   29
    0
   31
    0
    0
    0
    0
    0
    0
    0
    0
   17
   50
    2
    5
   53
   98
  125
    9
    1
   97
    2
    9
    1
    0
    0
    0
    0
    4
    0
    0
    7
   35
    0
    0
    0
    0
    0
    0
    0
    0
    0
    0
   19
    0
    4
    0
    0
    0
    0
    0
    0
    0
    0
    0
    0
   78
   49
  196
    0
   52
  100
   22
   40
    0
  118
    3
    0
   12
    0
    0
    0
    0
    0
    5
   90
   52
    0
   16
   19
    0
    4
    8
   10
   41
    2
   15
    5
   35
   80
    2
    0
    0
    0
    0
    0
   16
    0
    0
    6
    0
    0
    0
    0
   13
    0
   98
   10
    0
    0
    0
   20
    7
    5
   28
   27
   31
    2
    2
    1
    5
   15
   18
   44
    0
    0
    0
    0
    0
    0
    0
    0
   10
    2
    0
    0
   80
    0
    0
    0
   25
    2
   95
  205
   26
   16
    1
    0
    0
    6
   22
   54
   45
    0
  208
   89
    0
   14
   56
    2
    0
    0
   71
    0
   35
    0
    0
    2
    0
    0
    0
    0
    0
    0
    0
   15
    1
   36
   10
   10
    0
    0
    0
    0
    0
    0
    6
   34
    4
   14
    0
    0
    0
   52
    0
    0
    0
    6
    8
   25
   51
   54
   59
    0
    0
    0
    0
    0
    0
    0
    0
    0
    0
    0
    0
    0
    0
    0
    0
    0
    0
    0
    0
    0
    0
  324
  110
    0
   10
    0
  140
   11
   13
   82
    0
    0
    0
    0
    0
    0
   27
    0
    0
    0
    0
    0
    0
    0
    0
    0
    0
    0
    0
    0
    5
   79
   34
  127
  108
    0
    0
    0
    0
    9
    0
   57
   37
    0
    0
   77
    0
    0
    0
  245
   75
    0
    0
   93
    0
   28
    0
    0
    0
    0
    2
    0
   28
    0
    0
    0
    0
    0
    0
    0
    0
    5
   53
   35
    0
    0
   30
    0
    0
  296
    0
    0
   14
   36
    0
   38
   25
    2
    0
    0
  277
    0
   29
    7
   25
   48
    0
   38
    0
    0
    0
    0
    0
   21
   50
    0
    0
    0
    0
    2
    0
    0
    0
   19
   34
    2
    0
    0
    0
    0
    0
    0
    0
    0
   39
   36
   11
   11
    0
    4
    0
    1
    0
    0
    0
    6
    0
    0
    0
    0
    0
    0
  162
   43
    3
  127
   65
   37
   24
   17
    7
    0
    0
   29
    0
   14
   14
    0
   10
    0
    0
    5
   45
    0
   11
   25
   32
    1
    5
   15
   20
    1
   51
   21
   26
   34
   34
    7
   20
    5
    0
    2
    1
   52
    0
   78
    0
    0
    7
    0
    2
    5
  175
   26
   66
    1
    0
    0
    0
    0
   16
   62
    2
    0
    6
    0
    0
    0
    0
    0
    0
    0
    0
    0
    0
    0
    0
   11
   82
   21
    5
    2
    3
   62
  102
    0
    0
    0
    0
    0
    0
    0
   16
    0
  112
    2
   36
   26
   36
    6
    0
    0
    0
    0
    0
    0
    0
    0
   16
   39
    0
    2
    2
    0
    0
    0
    0
    0
    2
   65
    9
    5
   15
   50
   49
   24
    5
    7
    7
    0
    2
    0
    0
    0
    9
    0
   23
    5
    0
    0
    0
    0
    0
    0
    0
   15
    0
    9
    1
    9
    0
    0
    0
   39
    1
    0
    3
    1
    0
    0
    0
    0
    0
    0
    0
    0
    0
   10
   30
    3
    0
    0
    0
    0
    0
    0
    0
    0
    0
    0
   98
   13
    0
    0
    1
    0
    0
    0
    0
    0
    0
    0
    0
    0
   24
    0
    0
   12
    1
   12
    0
    0
    0
    0
    0
   19
    0
    4
    0
    0
    0
    0
    0
  254
   27
    2
    0
    0
  198
   52
   59
    7
   71
    9
    0
   91
   59
    0
    0
   10
    0
    0
    0
   41
   92
  110
    6
    7
    0
   33
   14
   18
   64
    1
    0
    2
   45
    8
    4
    5
   46
   17
    0
    0
    0
    0
    0
    0
  371
    0
    0
    0
    0
   17
    1
    5
   16
   45
   57
   34
   22
   17
   43
   10
    6
   23
   40
    0
   12
   42
  125
   66
    2
    5
   93
    0
    0
    0
    0
    7
    0
    0
    5
   72
   11
    0
    0
    0
    0
    0
    0
    0
    0
    0
    5
    0
   29
    0
    0
    0
    0
    0
    0
    0
   23
   36
    1
   64
   62
   46
   42
    0
    0
   27
    1
    0
  194
  108
  121
    0
   15
   30
    3
    0
    0
    0
   48
    0
    0
    0
    0
    0
    0
    0
    0
    0
    0
    8
    1
    0
    0
    2
    0
   11
    5
   24
    0
    0
    4
   17
   13
    0
    0
    0
    0
   13
    1
    2
   41
    1
    0
    0
    0
    0
    0
    0
    0
    0
    2
    3
    3
    0
   19
   58
   14
    8
    0
   16
    0
    0
  114
   30
    9
    0
    0
    9
    0
    7
   96
    0
    3
    0
    0
    2
   19
    0
    0
    0
   53
    0
    5
    0
    0
   24
   58
   20
   66
   19
   47
   91
   10
    0
    0
    0
    0
   60
   54
   98
    1
    7
    4
  140
   94
    0
    0
   44
    4
   46
    0
   91
   99
    7
   11
    0
    0
    0
    0
    0
   12
   69
   45
    0
    0
    2
    0
    0
    0
    0
    0
    2
   35
    0
   99
   50
   39
   16
   14
   39
    4
    2
    0
    0
    0
    0
    0
    0
    6
    5
   20
   24
    4
    0
    0
    0
    0
    0
    0
    0
    0
   10
   55
   19
   18
    1
    0
    0
   10
   69
   28
   87
    0
   18
    6
   58
    0
    0
    0
    3
   69
   57
   48
  238
  113
   16
   45
   54
   61
    0
   48
   15
    4
   90
   29
    0
    8
   21
    0
   10
    3
    3
    3
   51
    2
    0
    0
    0
    2
   75
  182
  500
   44
   12
    0
    0
   32
    1
    0
    0
    2
    0
    0
    0
    0
    0
    0
    0
    0
    1
    0
    0
    0
   29
   62
    0
    0
    0
    0
    0
    0
    0
    0
    0
   14
   46
    0
   68
  326
   30
    7
   11
   86
  142
   11
   82
    3
    0
    0
    0
    0
    0
   74
    0
    6
   67
    0
    0
    0
    3
   20
   20
    0
    3
    0
    0
   44
    0
    4
    0
    0
    0
    0
    0
    0
    0
    0
    0
    0
   72
    0
    0
    0
    0
  111
    1
    0
  264
   30
    0
    0
    0
    0
    0
   48
    0
    0
    0
    0
    0
    0
    0
    0
    0
    0
    0
    9
    0
    0
    0
    0
    0
  273
    0
    0
    0
    5
    0
   24
    3
    0
   64
  191
    8
  162
   10
    0
    0
   67
  260
   17
    0
    0
    1
   67
   16
   87
    0
   22
   75
    0
    0
   13
    0
   24
    4
    0
   42
  232
    0
  249
    2
  172
    0
    5
    0
   50
   50
   16
    3
   86
   22
    0
    0
    0
    0
    0
    0
    0
    0
    0
    0
    0
   10
    5
  100
   60
   37
    0
    0
    0
    3
    0
    0
    0
    0
    0
    1
    0
    0
    0
    0
    0
    0
    6
   14
    6
    7
    2
   21
    2
  107
   52
   45
    0
    0
    0
    0
    0
    6
    4
    2
    0
    0
    0
    0
    8
   80
    9
   14
  105
    0
   31
    1
    0
    1
    2
    0
   48
   33
    4
    1
    0
    2
    0
    0
   15
    1
    2
    0
    0
   27
    9
   87
    0
   92
   49
    0
    1
   18
    0
    0
    0
    2
    5
    0
    0
    0
    0
   22
   21
   30
   19
    4
   19
   44
   15
    6
    0
    0
    0
    4
   11
  110
    5
   20
    5
    0
    8
   17
    0
    0
   50
   21
   55
   18
   18
   23
   10
   23
   66
   54
    2
  111
    8
    1
   22
   20
    0
   32
    2
    0
   31
   64
    0
   43
   39
    0
   30
    0
   24
    8
    4
   25
   56
    2
   22
    0
    0
    3
   25
    0
   25
    0
    0
    5
    0
    0
    0
    0
    4
    0
    0
    0
    0
    0
    5
    0
   11
   10
    7
    4
    5
    7
    2
    0
    0
    0
   23
   56
   21
   42
   57
    0
   78
   45
    0
    0
   10
    4
    3
   28
    1
   37
   79
   40
    9
    0
    0
   25
    3
   90
   60
   90
    0
    0
    0
    0
    0
    9
   23
    6
    0
    0
    0
    0
    0
    0
    0
    0
    0
    0
   31
   23
   21
    0
   53
   69
    0
    0
    8
   20
   97
    0
    0
    0
    0
    0
    0
    0
    0
    0
    0
   53
   87
   38
  187
   98
    0
    4
    0
    3
   38
    1
    4
    0
   29
   37
   58
    0
    3
   24
   23
   25
    0
    0
   41
   13
    1
   20
    0
    0
    0
    0
    0
    0
    0
   41
    0
    0
    0
    0
    0
    0
    0
    0
    0
    0
    0
  366
   30
   26
   42
   25
    0
    0
    0
   34
    0
    0
    0
    0
    0
    0
    0
    0
    0
    0
    0
    0
    0
    0
    0
    0
    0
    0
    0
    0
    0
   95
    4
    0
    0
    0
    0
    0
    0
    0
    0
    0
   18
   29
    2
   15
   40
    0
    0
  284
   69
    0
    3
   15
    0
    0
   18
   32
    0
    0
    1
    0
  234
    0
    0
    0
    0
    0
  154
   61
    1
    0
    0
    0
    0
  190
  123
    0
   18
   60
   21
    0
    1
    1
    3
    0
    0
    0
    0
    1
    3
    3
    0
    0
    0
    0
    1
   11
    0
    0
    0
    0
    0
    0
    8
    0
   20
    2
    4
    4
   16
   72
   87
   80
   15
    0
  107
   19
   22
    0
    0
    0
    0
    0
    0
   72
   11
    5
   33
  134
    0
    0
    2
    0
    0
    0
    0
    0
    9
    2
    0
    0
    0
    0
    1
    2
    2
    3
    0
    0
    0
   22
    2
    3
    0
    0
    0
    0
   18
    4
   53
    0
   83
  105
   10
    0
    1
    0
    0
    0
    0
    2
    2
    2
    3
    0
    0
    0
    2
    1
    0
    0
    0
    0
    0
    0
    0
    0
    9
    1
    0
    0
    0
    0
    0
    0
    0
   42
    4
    0
    0
    0
    0
    0
    3
    9
    7
    4
    0
    0
    0
    0
    7
    1
   12
   20
    5
   50
   62
   20
   41
    1
    3
   18
    2
    0
    0
    2
    0
    0
    0
    3
    0
    1
    1
    0
    0
   30
    0
    0
    0
    0
    2
    1
    0
    0
    0
    0
    0
    0
    0
    0
    0
    0
   53
    5
    0
    0
    0
    4
   32
   41
    4
    1
    0
   45
    1
    0
    0
    0
    0
    0
    0
   70
    8
    3
    0
    0
    0
    0
    0
    0
    0
    0
    0
    5
   70
    0
    0
    0
   24
    3
    0
    0
   28
    3
    0
    0
   42
   81
   42
   79
    0
    4
    7
    1
    0
   35
   13
   71
   59
   60
    6
    8
    2
   19
    8
   26
   52
   60
    0
    0
    0
    0
    0
   35
   10
    0
    0
    0
    0
    0
    0
    2
   42
   41
    0
    0
    0
    0
    0
   11
    6
    2
    0
    0
    0
    0
    0
    0
    0
    0
   67
   38
   20
    6
    4
   55
   51
   52
   36
  248
    3
    0
   65
    5
    0
    0
    0
    0
    0
   15
    0
    0
    0
    0
   38
  109
   10
    3
    0
    0
  120
    2
    1
    0
    0
    0
    0
    0
    0
   30
   10
    0
    0
   31
    8
  109
   10
   35
   62
    0
    0
    0
    0
    0
   18
    0
  132
    0
    0
    0
  160
    0
    0
    9
    0
    0
    0
    0
   36
   68
    0
    0
    9
    1
    0
   34
   80
   57
    5
    0
    4
    0
    0
    2
   57
    0
    0
    8
   39
    0
   28
    8
   30
    5
   85
   69
    0
   15
   29
    1
    0
    0
    4
    4
    0
    0
    0
    0
    0
   94
   16
    6
    4
    9
   81
    0
    0
    0
    0
    0
   45
    4
   24
    6
   36
   19
   14
    6
    0
    2
    2
   81
    4
    3
    7
    0
   12
   63
    2
   10
   11
    8
   74
   22
   13
    0
    0
    1
   12
   13
   25
   40
   15
   87
   39
   27
   31
   19
    0
    0
    0
    0
    0
    0
    0
    0
    0
   22
    0
   19
    5
    0
   34
   72
    2
    0
    0
    0
    0
    1
    0
    0
    0
   11
    0
    0
    0
    0
    0
    5
    1
    1
    0
    0
    0
    0
    2
    0
    0
    0
    0
    0
    0
    1
   33
    6
    0
   11
    5
    7
   39
    0
    3
    2
    5
    4
    2
    0
    0
    0
   33
   50
    0
    0
    0
    1
    3
   51
   74
   45
    2
   39
    0
    0
   77
    3
    0
   10
    0
    0
    0
   69
   39
    1
    0
    0
    4
    0
    0
    1
    0
    0
    0
    0
    0
    0
    0
    0
    9
   35
   72
    2
   22
   69
   29
    0
    2
   25
    0
    0
   18
   11
   55
   24
    0
    0
    0
    0
   27
    3
   94
   15
    0
    0
    0
    0
   42
    0
   17
    5
    0
    0
    0
   13
    0
    0
    0
    0
    0
    0
    4
    0
    2
   26
   55
    7
    0
    0
    5
    1
    1
  117
    0
    0
    5
    5
    0
    0
    0
   93
    0
    0
    0
    0
    0
   52
   26
   24
    3
    6
    0
   23
   52
   24
    0
    0
    5
    2
    0
    0
    0
    0
    0
    0
    0
    0
    0
    0
    0
   70
   75
    0
    0
    0
    8
    0
   24
   47
    4
   28
   15
    5
    8
    1
    0
    0
    5
    0
    0
    0
   55
    1
    0
    0
    0
    0
   37
    0
    0
    0
    0
   64
  228
   37
   99
   81
  267
  331
    0
   35
    0
   93
   28
   10
    0
    2
   19
   30
   15
    0
    0
    0
    0
    0
    0
    0
   46
    0
    0
    0
    0
    0
    6
    0
    0
    3
    3
    0
    0
    0
    0
    0
   29
  165
    0
  108
   18
    0
    0
    0
    0
    0
    1
   54
    4
    0
    0
    6
    0
    0
   45
   21
    0
    0
    0
    0
    0
    0
    0
    0
    0
    1
    0
    0
    0
    0
    0
   19
    9
   28
   15
    1
    0
    0
    0
    9
   81
   60
  106
   54
   14
   36
   37
   63
    0
    0
    0
    0
    1
    0
    0
    8
   15
   47
    0
    0
    0
    0
    0
    0
    0
    0
    3
    1
    6
   32
    3
    1
    1
    1
    2
    0
    2
    0
  121
    1
    0
    0
    0
    0
    0
    0
    0
    0
    0
    0
    0
   10
    2
    0
   50
  154
  226
    3
    5
   69
   36
    0
   20
   95
   48
   49
   50
   29
    0
    1
    0
    0
   12
   78
   19
    2
    2
  143
   48
    0
   24
   18
   36
    0
    5
    0
    1
   24
    0
   22
   30
   38
   66
   17
    0
    0
    0
    0
    0
    3
   70
    0
    0
   68
   39
    9
    0
   12
    4
    0
    0
    0
   19
    0
   15
    0
    0
   24
    0
    0
    0
    0
   12
    2
    0
    0
    0
    0
    0
    1
    0
   55
    2
    0
    0
    0
    2
    5
    5
   15
   11
    0
    0
   44
    6
   25
   78
   78
   28
  108
   33
  102
    5
    0
    0
   12
    4
    2
   39
   74
   26
    6
   21
    0
    0
   12
    0
    0
    0
    0
    3
    0
    0
    0
    0
   22
   34
   35
    9
    0
    6
   32
   45
   25
    0
   49
    4
    0
    0
    2
    0
    0
    0
   10
    0
   72
    0
    0
    0
   14
   16
    0
    2
    4
    0
    0
   26
    2
    9
    6
    2
    0
    0
    0
    0
    0
    0
    0
    0
    0
    0
    0
    0
    0
   38
   33
    0
    0
    4
   14
    4
   39
    0
   18
   36
    0
   20
   93
    3
    0
    0
    0
   58
    0
    0
   30
    4
  198
    0
    0
   99
  111
   31
    0
    0
    0
  168
    1
   59
   29
   76
    0
    1
    2
    0
  103
    2
    0
   15
   28
   52
   12
    2
   72
   56
    3
   17
   45
   85
    0
    2
    2
    3
    0
    0
    0
   15
    0
   24
    0
    2
   21
  122
   44
   22
   16
    0
    4
    0
    0
   11
    0
    0
    0
    0
    0
    0
    0
    8
    0
    0
    0
    0
    0
    0
    0
    0
   59
   15
  106
   38
    9
  213
    0
   43
    0
    0
   10
    0
    0
   54
    2
  106
   15
    0
    0
   56
    0
    8
  157
    0
  163
   97
   86
   65
   23
    0
    0
    0
    0
    0
    0
    0
    1
    2
    0
    0
    0
   26
    2
    6
    2
    0
    2
   85
   40
    2
   42
   45
   64
    7
   29
    0
    0
   22
    0
    0
    8
    0
    0
   48
   94
   22
   14
   40
  285
   30
   58
  102
  163
   40
   10
   19
   20
    9
    0
   38
   77
   37
    4
    2
   16
   52
    8
    9
    2
    2
    0
    0
    0
    0
    4
    0
    0
    6
    7
    0
    0
    0
    0
    0
    1
   30
   59
   39
    1
    0
    0
    0
   11
   82
   33
   54
   61
    1
    0
   30
    2
    7
    0
    8
    0
    1
    0
    0
    2
    4
    0
    0
    0
    0
    1
   36
   13
    0
    0
   12
   52
   10
    0
   14
    0
   23
   10
   23
   10
    0
    0
    0
    0
   18
   15
    1
    0
   23
   10
   54
   13
    0
    4
   42
   14
    1
   74
    9
   75
   22
   58
    7
    8
    0
    0
    0
    1
    0
   25
  109
   20
    2
  112
    0
   63
   62
   48
   47
   20
    5
    0
   13
   56
   83
   29
    0
   35
    0
    0
    0
    7
   17
    0
    0
    2
    0
    0
    0
    0
    0
    2
   19
   14
   17
   43
    0
    0
    0
  117
    0
    0
    0
    0
    0
    0
    0
    0
   13
   50
   12
    5
    0
    0
   17
    4
   98
   24
   18
   37
   39
    1
    0
    0
   20
    0
    2
    0
   12
    0
    5
    0
    0
    0
    0
    0
    0
    0
    0
    0
    0
  207
    0
   42
   85
  131
   63
   63
    0
    6
    0
    0
    0
    8
   38
    7
    0
    0
    0
    0
    0
   63
    0
    3
   13
    4
  121
    2
    0
   21
   12
    0
   53
    0
   36
   52
    0
    0
    0
    0
    0
  174
   49
    0
   53
    0
    2
    0
    5
    0
    0
   47
    2
   14
   12
    1
    0
    0
   20
  100
   55
    0
    0
    0
    0
    0
    1
   38
   68
   15
    0
    0
    0
    0
    4
    0
   10
    2
    1
    0
    0
    0
    0
    0
    0
    0
    0
    0
    0
    0
    0
    0
    0
    2
   20
   65
   13
    0
    0
  176
   35
   16
    6
   24
    0
    0
    0
    0
    0
    0
    0
   16
    0
    0
    0
    5
   24
    0
    0
    0
    0
    0
   30
    0
    0
    0
    0
    0
    0
    0
    0
    0
    0
    0
    0
    0
   43
    0
    1
    7
    0
    0
   25
    0
    0
   78
   25
   18
    1
    0
    0
    8
    3
    5
   35
   86
    2
    5
    0
    0
    0
    0
    0
    0
    0
    0
    0
    0
    1
    3
    5
    0
   23
    0
    2
    0
   17
   12
   28
   97
    0
    0
    0
    2
   63
   83
  181
   31
    0
    0
   20
    9
    0
    0
   10
   61
   33
   26
    4
   20
    0
    1
   10
    0
    0
    0
    0
    1
   33
   23
   20
   11
   20
   48
   34
    0
    0
    0
    1
   38
    6
   22
    3
   13
    7
    0
   13
    0
    0
    0
   15
   26
   40
  174
   44
    2
   84
    0
    0
   30
    1
    0
   89
    0
   12
    1
   12
    2
    2
    0
    0
    0
    0
    1
   41
   45
   44
    8
   78
   22
   62
    0
    2
    0
   11
    0
   14
  157
   38
   26
   22
   65
   22
   22
    0
    1
    6
   48
   27
   50
    2
   38
   83
   17
   16
   19
    1
   41
   14
   15
    1
   37
    1
  150
   58
    0
    0
   16
   16
    9
   18
   28
   19
    2
    0
   24
  148
   70
   48
   51
   17
   17
  138
  107
  144
   24
    0
    0
    0
    0
    0
    0
   25
   14
    6
    8
   92
    4
   38
   29
    0
    0
    0
   10
    1
    0
    0
    7
    7
    0
    0
   35
    5
   39
   37
    0
    0
    9
    1
    0
    0
    0
    0
    0
    0
    0
    0
    0
    0
    7
   37
    0
    0
    0
    0
    0
    0
   12
   40
   19
    0
    0
    0
    0
    0
    0
   14
    1
   13
   75
   30
    7
    0
    0
   39
    0
   27
    1
   10
    8
    0
    0
    0
   68
   84
   17
    0
   23
    0
    0
    2
  205
    0
    0
    4
   39
    0
    0
    0
    0
    0
    0
   44
    4
   19
    0
   15
    3
    0
    0
    0
    0
    0
    0
    2
   92
    0
   42
   22
    1
   29
    0
    0
   16
   32
    0
    0
    0
    0
   35
    7
   12
  150
    0
    8
    0
    1
   20
   39
   83
    0
    0
    0
   35
   25
    0
    0
   39
   34
    1
    0
   46
    0
    0
    0
    0
   53
    0
  146
    0
   43
  243
   49
    5
    0
    0
    0
    0
   18
   34
    1
    0
    0
  128
   38
  158
    3
   60
   63
   34
    2
    0
    0
    0
  158
  174
    0
   30
   78
    1
    0
    0
    0
    1
    0
    0
    0
    2
    5
    0
    0
    0
    0
  131
    0
    0
    0
   35
   40
  130
   40
   16
   25
   16
    0
    1
    0
    0
    0
    0
    0
    0
    0
    0
    0
    4
    0
    3
    3
   26
   23
   17
    3
    1
    0
    0
   39
    1
    0
   13
    0
    0
    0
    0
    0
    4
    6
   87
    0
    0
   52
    0
   36
    5
   28
    0
    0
    0
    1
    2
    0
   43
    3
    0
    0
    0
    0
    0
    0
    2
    7
   24
    1
   50
   46
   57
    0
  105
   95
   11
    0
    0
    0
    0
    0
    0
    0
   27
   37
   22
   15
    0
    0
    4
    0
   80
    3
   26
    3
   65
    0
    0
    0
    2
    0
    0
    0
    0
    0
    0
    0
    0
    0
    0
    0
    0
   55
   29
   71
    6
    0
   33
   21
   10
    1
    8
   39
   13
   51
   77
    3
    7
    0
    0
    1
    0
    0
    2
    0
    0
    0
   11
    5
    0
    0
    1
    3
  106
   85
    0
    7
   43
    0
    0
   54
    1
   43
  100
   14
    0
    0
   44
   10
   29
   15
  175
   10
   10
    0
    1
  107
   51
   58
    0
   17
    3
  108
   79
  244
   15
    0
    0
   28
   14
    0
    0
    0
   19
   29
   32
   66
    1
    1
    0
   29
   19
    0
   51
   15
   94
   21
    0
   14
    5
    3
    5
    2
    0
    0
   79
   55
   22
    5
    5
    0
    0
    0
   16
    0
   73
   43
   35
    2
    0
    0
    0
    0
    0
    2
    0
    3
   69
   15
    0
    0
    0
    0
    0
    0
    0
    0
    0
   53
    1
    0
  173
   43
   60
  153
   93
    0
    1
   23
   35
    4
   35
   17
    1
    0
    3
    6
    0
    8
    0
    0
    0
    4
   62
    2
    0
    0
    0
    9
   22
    2
   70
    0
    0
    0
    0
    0
    0
  255
  193
  139
    2
    0
    3
   46
   25
  195
   70
    0
    0
    0
    0
    0
    0
    0
    0
    0
    0
    0
    3
    0
    0
   19
    0
    0
    7
   26
   40
   21
    0
    4
    3
    1
    0
    0
   38
    0
    0
    3
    0
    0
   52
   32
    6
    0
    0
    0
   42
    0
   10
    0
    0
    0
    0
    0
   46
   54
   34
    0
    2
  188
   55
  229
  142
  121
   22
   98
   42
    3
    1
    0
    0
   57
   11
   38
    0
    0
   95
    5
    2
  100
    9
    0
   34
   71
    0
   40
    5
    0
    0
   48
   12
    0
    0
    0
    0
    0
    0
    0
    0
    0
    0
    0
    0
   64
   37
    3
   39
    2
    0
   40
    0
    5
    0
    8
    4
   11
    0
    5
    3
   20
   39
  145
   10
    0
    3
   47
    0
    0
    2
    1
    5
    6
   13
   11
    5
   62
    0
   21
   18
   19
   44
    7
   45
    0
   10
   17
    0
   87
   93
   43
   13
    0
    0
   10
   37
   20
    0
    0
    1
    5
   25
    1
   31
    9
   77
   50
    0
   40
    0
   11
   31
    0
   10
   46
   11
    5
    0
    0
    0
    0
   25
   20
    0
    1
    0
    8
   45
    0
    0
    0
   13
    0
   19
    3
   64
    3
    0
    6
    9
   20
    1
  115
   77
    0
    0
    0
    0
    0
    0
    2
   13
    0
    5
   31
  110
   10
   35
   53
    0
    0
    0
    0
    0
    2
   41
   20
    1
   56
   60
   15
   86
   77
   17
    0
   26
    0
    6
    0
    0
   22
   22
    0
    4
    0
    0
    0
   60
   38
    9
    1
    0
    6
    5
   41
   20
   13
    3
    1
    0
    0
    0
    0
    0
    0
    0
    0
    0
    0
    0
    0
    0
    0
    0
    0
    0
    0
    0
    5
  122
  114
    3
    7
    0
    3
    0
    0
    0
    1
    4
    0
   91
   16
    9
   83
    0
   47
    1
    4
   67
   34
   15
    0
    0
    0
    0
   19
    0
    0
    4
    0
    0
    0
    7
   43
    0
    0
    0
  143
    2
   19
    4
   12
   25
    0
    0
    9
    0
    0
    0
    0
    0
   80
   46
   86
    3
   90
    0
    3
   40
   16
   15
    0
    0
    0
    0
   72
   49
    0
    0
    0
    0
    0
   28
    0
   14
    0
   38
    5
    1
    5
    0
    3
   24
    0
    0
  243
    0
    0
    5
    0
    0
   25
  285
   54
   33
    0
    1
    0
   43
   16
    0
   13
    0
    0
    0
    0
    0
   47
    0
    0
  157
   76
    0
   25
   31
    0
   19
  127
  477
   16
    2
    0
   15
    0
    0
    0
    0
    0
    0
    0
    0
    0
    0
    0
    0
    0
    0
    0
    0
    0
    0
    0
    1
    0
    0
    0
    0
    0
    0
    0
    0
    7
    0
   12
   10
    0
    0
    0
   12
   27
   43
    0
   56
   53
    2
    0
    0
    0
    0
    0
   35
    8
  100
   27
    8
    6
    0
    0
    0
    0
    0
    2
   19
   46
   31
   53
   26
   17
   50
   75
    2
    0
   42
   29
   51
   36
   17
    0
    0
   85
   60
  123
   10
    0
    0
   28
  120
   18
   25
   34
    0
    0
   10
   21
   30
    0
   14
   79
    0
    0
   84
    0
    0
   20
    5
    0
    5
  149
  155
    4
    0
    0
    9
    4
    0
    0
    0
    0
    0
    0
    0
    0
    0
    4
   29
   12
   10
    0
    0
    0
  114
    3
    9
    0
   40
   10
    2
  114
  220
    0
