Station: Groebzig , scaling_factor: 10.0, latitude:  51.6833, longitude:  11.8667, altitude:  78, nodata_value: -9
start: ..1969-01-01  end: ..1994-12-31
  139
   30
    0
    0
    0
    0
    0
    0
    0
    0
    0
    0
    0
    0
    0
    0
    0
    0
    4
    0
   10
   65
    1
   47
   63
    0
   16
    3
    0
    0
   15
    2
    2
    4
    0
    0
    0
    0
    0
    7
    0
    0
   15
   13
    0
  277
   35
    4
    0
    0
   16
    0
    0
    0
    3
   40
    0
    0
    0
    0
    0
    0
    0
    0
    0
    0
    0
    0
    0
   27
   63
  117
   33
  112
    6
    0
    0
    0
    0
    0
    0
   24
    0
    1
    3
    3
    3
    0
    3
   30
    0
    2
    0
    0
    0
    0
    0
    0
    0
    0
   70
   18
    0
    4
   59
   10
   18
    2
    3
    0
    3
   23
   37
   53
    0
   20
   42
   13
   23
    9
   10
    0
   39
   88
    0
   38
   45
    0
  318
    5
    0
    0
    0
    0
    0
   23
    0
   20
   10
   20
    3
    0
    0
    0
    5
   68
    0
    4
    0
   10
    5
  132
   38
   48
   46
   15
   52
    0
    0
    0
    0
    0
    0
    0
   15
    0
    0
    0
   15
    5
   12
    0
    0
    0
  215
    0
    2
   39
   19
   58
    0
    0
    0
    0
    0
    0
    0
    0
    8
   39
   29
   40
    0
    1
    0
    0
    0
   64
    0
    0
    0
    2
    0
    0
    0
    0
    0
    0
    0
    0
    0
    0
    0
    0
    0
    0
    0
    0
   48
    0
    0
    0
    0
    0
   67
    0
   31
   48
    0
    0
    0
   48
    0
   23
    4
    0
   21
   41
   21
   16
  152
   29
    0
    0
    0
    0
    0
    0
    0
    0
    0
   11
    0
    0
    0
    0
    0
    0
    0
    0
    0
    0
    0
    0
    0
    0
    9
    0
    0
    0
    0
    0
    0
    0
   79
   16
    0
    0
    0
    0
    0
    0
    0
    0
    0
    0
    0
    0
    0
    0
    0
    0
    0
    0
    0
  161
   11
    0
    0
    0
    0
    4
    6
    0
   16
    0
    0
   13
    0
    0
   12
   26
   32
    0
    0
    0
    6
    6
    0
    0
    0
    5
    0
    6
    0
    4
   12
   70
    0
    0
   20
    0
   43
    0
    0
    3
   52
    0
    0
    0
   21
    0
    0
    0
    0
    0
    0
    0
   66
   14
    0
   24
    5
    0
    0
    0
   40
    0
    0
    0
    0
    0
   10
   10
    3
    3
   10
   38
   22
   92
    0
    3
    0
    0
    0
    0
    0
    0
    0
    0
   20
    0
    0
    0
    0
    0
    0
    3
    0
    0
   32
  130
    9
    3
    0
    4
    0
  104
    0
    0
   14
    0
    8
    0
    8
   25
   13
   10
   25
    1
    0
    0
    5
    0
   43
    0
   48
  110
  119
   17
    0
   18
   48
   56
   14
   53
    0
   81
  120
    0
    0
    0
    0
    0
    0
    0
   24
    4
    0
    5
    0
   15
    5
   11
    0
    0
    0
   31
   16
    0
    0
   53
   18
    0
    5
    0
    0
   11
    6
    9
    2
    4
    0
  150
    0
    3
    0
   48
    0
    1
   76
    0
    0
   16
   18
    1
    0
    0
   19
    1
    0
    0
    0
    1
   62
    1
    0
    0
    0
    0
    0
    0
    0
    0
    0
   26
  132
    6
    0
    0
   20
    0
    0
   39
   28
    5
    1
    0
    0
   45
   13
  127
   21
   29
   16
    1
    0
    0
    0
   10
    0
    0
    0
    0
   11
  115
   38
    0
    0
    0
    0
    0
    0
    0
    0
    0
    0
   83
   28
    2
    0
    0
    0
  120
   65
    0
   76
   28
    4
   10
    0
    0
    0
    0
    0
    0
    0
    0
    0
   17
   46
    0
    8
    0
   23
   43
    0
    0
    0
   18
   50
   68
    0
    0
   77
    0
  100
   78
    0
    0
    0
    0
    0
    0
  220
    6
    0
   29
    0
    0
   88
    0
   41
    0
    0
    0
  320
  342
  270
    0
    5
    0
    0
   24
    6
    0
    0
    0
   46
    0
   50
   56
    0
    2
    0
   20
    0
   26
   72
    0
    0
    0
    0
    1
    0
    0
    0
    0
    0
    0
    0
   15
    0
    0
    0
    0
    0
  112
   46
   64
   70
   34
    0
    0
    0
    0
    0
    0
    0
    0
   40
    0
    0
    0
    0
    0
    0
   19
   33
   18
   13
    9
    0
   45
    9
   71
    5
    9
   51
    0
  108
   46
    2
   20
   50
    0
    0
   39
   25
   32
   39
    0
   44
    0
    4
   10
    0
    0
    0
   31
   19
    0
    0
    0
    0
    0
    0
    0
    0
   22
    5
   25
   45
    0
    0
    0
    0
    0
    0
    1
    0
    0
    2
    0
    0
    3
    0
    0
    0
    6
    0
   14
    0
    0
    0
    0
   77
    0
   22
    0
    0
    0
    0
    0
    0
    0
    0
    0
    0
    0
    0
    0
    0
    0
    5
   31
    0
    0
    3
    0
    0
    0
   58
    0
    0
    2
    5
   23
    0
    0
    0
    4
    0
    0
    0
    3
    5
   10
    2
    0
    0
    0
    2
   14
    1
    0
    0
    0
    3
    1
    0
   42
   12
   18
    4
   26
   27
    0
   76
   19
    2
    0
   17
    1
    0
    0
    0
    6
   12
    2
    0
    0
    0
    0
    0
    0
    0
   29
    0
    0
    0
    0
   24
    0
    0
    0
    0
    0
    0
    0
    0
    0
   65
    0
    0
    0
    0
    0
    0
    0
    0
    0
    0
    0
    0
    0
   16
    0
    0
    0
    0
    0
    0
  272
   28
   37
   18
    0
    0
    0
    0
    0
    0
    0
   16
    0
    0
    0
   19
    0
    0
    0
   56
   20
    6
    0
    0
   29
    0
   60
    0
    0
   36
    7
    0
   80
    0
   30
    0
    0
    0
    0
   15
    5
    0
    0
    0
    5
    8
   26
  146
   24
    2
   12
    2
   93
   12
   31
   30
   53
   72
   13
   11
    0
    0
    0
    0
   30
   70
   20
   20
    0
    0
    0
    0
    0
    0
    0
    0
    5
    0
    0
    0
    0
   30
    0
    0
    0
    0
    0
    0
    0
    0
    0
    0
    0
    0
    0
  228
    0
    0
    0
   54
    0
    0
    0
    0
    0
    0
   40
    0
    0
    0
    0
    0
    0
    0
    0
    0
    0
    0
    0
  216
  209
    1
    0
    2
   19
   48
    0
    0
   28
    9
    0
    0
    0
    0
    0
    0
    0
    0
   69
   14
   18
    0
    0
    9
    0
    5
   22
   48
    0
    0
    0
    0
    0
   20
   43
    0
    0
   21
    1
    0
    0
    0
    0
    0
    0
    0
    0
    0
    0
    0
    0
    0
   58
   66
    0
    0
    0
    0
   10
   18
   25
    0
    0
    0
    0
    0
    0
    0
    0
    0
    0
    0
    0
    0
    0
    0
    0
    0
    0
    0
    2
    0
    1
    0
    0
    0
   46
    9
   49
    0
    0
   23
    0
   24
    9
    4
    0
    0
    0
    0
    0
    0
    0
    0
   12
    3
    2
   21
    2
   43
   22
    3
   66
    0
    0
    0
    0
    0
    0
   48
   33
   16
    2
   30
    0
    0
    0
    0
   13
    4
   29
    0
    0
    0
   16
    0
    0
    0
    0
    9
    0
    0
    0
    0
    0
    0
    0
    0
    0
    0
    0
    0
    0
    0
    0
    0
    0
    0
   10
    0
    0
    0
    0
    0
    0
    0
    9
    0
    0
    0
    0
    0
   20
    0
    0
    0
    0
    0
    0
    0
    0
    0
    0
    0
    0
    0
    0
   24
    8
    0
    0
    0
    0
    0
    0
    0
    0
    0
   61
    0
    1
  301
    0
    0
    0
    0
    0
    0
    0
    0
    0
    0
    0
    0
    0
    0
    0
    5
   26
   15
    6
    0
   60
    0
   44
    3
    1
    4
   22
    5
    3
    0
    0
    2
   15
    0
    0
   17
    0
    0
   61
   60
    0
   34
    0
    0
    0
    0
    8
    3
    0
    0
    0
    0
    0
   20
    8
    0
    0
    0
    0
   52
  130
    0
   18
   49
    0
    0
  215
    0
   18
   61
    0
    0
    0
    0
    0
    4
   16
    5
   58
   10
    1
    0
   14
    0
    0
    0
    0
  212
   38
    0
    0
    1
   16
  165
    0
    0
    0
    0
    0
    0
    0
    0
    0
   38
    2
    0
    0
    0
    0
    0
    0
   28
    0
   10
   32
    0
    0
    0
    0
    0
   45
  100
    0
    0
    0
    0
    0
    0
    3
    0
    0
    0
    0
    0
    0
    0
    0
    0
    0
   13
  156
  155
    7
    0
    0
    0
    9
   18
    0
    0
    0
  122
    0
  103
    0
  134
    0
  183
    5
   56
  105
    0
    0
    5
   11
    0
    0
    0
    0
    0
    0
    0
    0
    0
   18
    0
    0
    0
    0
    0
    0
    0
    0
   70
    1
    0
   26
   33
    0
   30
   63
   66
    0
    0
    0
   20
   13
   37
    8
   80
   59
   16
    0
    0
    0
    0
    0
    0
    0
    0
    0
    0
    0
    0
    0
    0
    0
    0
    0
    0
    0
    0
   16
   17
    0
   94
   16
    6
    0
   11
    4
  143
    0
    0
    0
    0
    0
    0
    0
    0
    0
    0
    0
    2
   25
   10
   34
    0
    0
    0
    0
   40
    9
    2
    3
    0
    1
    0
    9
    0
    0
    0
    0
    0
    0
    0
    0
    5
    4
    0
    0
    0
    0
    0
   20
    0
    0
    4
    0
    0
    0
    0
    0
    0
    0
    0
    0
    0
    0
    0
    0
    0
    0
    0
    0
    0
    0
    0
   13
    0
    3
    4
    7
    6
    5
    1
    0
    0
    0
    0
   26
   37
    1
    0
   20
    0
    0
    0
    0
    0
    0
   28
   12
    0
    0
   55
   18
    2
    0
    0
    0
    0
    0
    0
    4
    3
   14
    5
   20
    0
    0
    0
    0
    0
   22
    5
    0
    0
    0
   20
  106
    5
   11
    0
    0
    0
   16
   29
    2
    0
    0
   14
   11
    0
    0
    1
    5
    0
    0
    0
    0
    6
   61
    5
    0
    0
    0
    0
    0
    0
    0
    0
    0
    0
    0
    0
   20
   22
   15
    2
   29
    0
   23
    0
    5
   10
    9
   21
    0
    0
    5
    6
   16
    8
    3
    2
    3
   22
    0
    0
    0
    0
    0
   22
   18
    0
   35
   82
    0
    0
  285
    0
    0
   69
    0
    0
    0
    0
    0
   86
    0
    0
    0
    0
    0
    0
   34
    0
   33
    9
    0
    0
    0
    0
    0
    4
    5
   16
   20
    0
    0
    0
    0
    0
    0
    0
    4
    0
    0
   63
    0
    0
    0
  101
    0
    0
    0
    0
    0
   51
    0
    0
    0
    0
    5
    0
    0
    0
    0
    0
    0
    0
    0
    0
    0
    0
    0
   25
   41
    6
    0
  193
    5
    0
   14
    2
    9
    0
    4
   41
   25
    3
   15
   94
   69
    0
    0
    0
    0
    0
   14
   70
    0
   17
   21
   10
    0
    0
    0
    0
    0
    0
    0
    0
    0
    0
   11
    0
    0
    0
    0
    0
    0
    0
    0
    0
    0
  133
   15
    3
   33
   13
    2
    0
    0
    0
    0
   81
    0
    0
    0
    0
    0
    0
   45
    3
    0
   39
   43
   24
    0
   13
   56
    3
    0
    0
   10
    0
    0
    0
    0
    0
    0
    0
    0
    0
    0
    3
    1
   97
    0
    0
    1
   56
  117
    5
    1
   25
   61
   33
   37
   86
    0
    0
    0
    0
    0
    0
    5
    0
    0
    0
    0
    0
   36
    0
    0
   16
    0
    6
    6
   29
   31
   11
    9
   20
    4
    0
   10
    0
    0
    0
    0
   14
    1
    5
    0
    0
   18
    0
    6
    0
    2
    0
   14
   32
  108
   11
    0
    0
    1
    0
   17
    0
    2
    6
    1
    0
    0
    0
    0
    0
    0
    0
    2
    1
    0
    0
    0
    0
    0
    0
    1
    0
    0
    0
   53
   41
    0
    2
    0
   10
    0
    0
    6
   10
   13
   38
   44
    0
    0
    0
    0
    2
   10
    0
    0
    3
    2
    1
    0
    4
    0
    0
    0
    0
   12
   96
   36
    9
    4
    0
    0
    0
    0
    0
    0
    0
    0
    0
    0
    0
   57
  171
   34
    0
    0
    0
    0
    0
    0
    0
    0
    0
   33
    0
    6
    0
    0
    0
    0
    0
    0
    0
    0
   10
   26
   37
   16
    0
    0
    0
    0
    0
    0
    0
    0
    0
    0
    0
   14
    0
    0
    0
    0
    0
    0
    0
    0
    0
    0
    0
    0
    0
    0
   80
    5
    0
    0
    0
    0
    0
    0
    5
   50
    0
    0
    0
    1
    8
    0
    0
    0
   31
   29
   43
   36
   26
    0
    0
    0
  106
    4
   55
   90
    0
    0
    1
    0
    0
    0
  152
   28
    9
    3
    1
    0
    0
    1
    0
    0
    0
   60
    6
   25
    0
    0
    8
   23
   57
   12
    3
   22
   38
    5
  162
  163
   39
    7
   82
    0
   76
    0
    0
    0
    4
    0
   29
  126
   83
    2
   17
   44
    0
   71
   24
    7
   30
    1
    0
   23
    7
   30
    0
    9
    4
    0
    0
    0
    0
    0
   30
    0
    0
    2
   57
   23
    3
    5
    0
    0
    0
    0
    0
  102
    0
    1
   29
    0
    0
   18
   22
   25
  149
   22
    0
    0
    0
    0
   98
   24
   53
  210
    7
    0
    0
    0
    0
   26
   24
    0
    0
    0
   42
   14
   21
   87
   19
    0
   15
    0
    0
   21
    0
    0
    0
    0
    0
    0
    0
    0
   41
    0
    0
    0
    0
    0
    8
    5
   16
    5
   86
    2
    0
    0
   70
    5
    0
    2
    0
   24
    0
    0
    0
    0
   12
   22
    6
   73
   65
   22
    2
   23
   74
  212
  294
    3
   13
   61
    6
   30
   50
    2
   26
   25
   60
   12
    0
    4
    2
    0
    0
    0
    4
    1
    0
    5
    0
    0
    0
    0
    0
    5
    0
    0
    0
   46
    2
    1
    2
    3
   26
    6
   12
    8
   12
    5
    8
   33
    5
   61
   39
   26
   13
    0
   27
   32
    5
    8
    4
   29
   15
    6
    1
    0
    0
    0
    0
    1
   81
    5
    5
    8
   15
    5
    4
   14
    1
    0
    0
    0
    2
   32
    6
    0
    0
    0
    0
    0
    0
    0
    0
    0
   25
    3
    0
    0
    1
    1
    0
    5
    0
   34
   26
    4
   16
   22
    5
   13
    0
    0
    0
    0
    0
    0
    0
    0
   18
    0
    8
   12
    0
    0
    0
   28
   13
    0
    0
    0
    0
    0
    0
    0
    0
    0
    0
    2
    0
    0
    0
    0
   23
    0
    0
    0
    3
   24
    0
   70
   31
    6
    0
    0
   94
   64
    0
    0
    0
   12
   23
   37
   21
    0
    0
    0
    0
    0
   20
   56
   21
   40
   21
    0
    5
    0
    0
   11
   16
    9
   81
   71
    6
    1
    0
    0
   12
    0
    0
    0
    0
    1
    0
    0
    0
    0
    0
    0
   34
   35
    0
    0
    0
    0
   69
  135
   18
  162
   29
    0
    0
    0
    0
    0
   18
    0
    0
    0
    0
    0
    0
    0
    0
    0
    0
    0
    0
    0
    0
    0
   18
    2
    0
    0
    0
    0
   11
   82
    0
    0
    8
   23
   28
   12
    8
    2
    0
    7
  312
  258
    1
    0
    0
    0
    0
    0
    0
    0
    0
    0
    0
    0
    0
    0
    0
    0
    0
    0
  150
    0
    0
    8
    0
    0
    0
    0
    0
   99
    0
    0
    0
   10
   45
    0
    0
    0
    0
    0
    0
    0
    0
    0
    0
    0
    0
    0
    0
    0
    0
    0
    0
    0
    0
  197
    1
    0
    0
    0
    0
    0
  293
    9
   64
    1
    0
    0
    0
    0
    0
    1
    0
    0
   49
   10
    0
    0
    0
    0
    0
    0
   50
   56
   15
    3
    0
    0
    0
    4
    0
    0
    0
    0
    0
    0
    0
   10
   11
   15
    0
    0
    0
   46
   12
   16
   32
   24
    4
    1
   18
    2
    1
    5
   17
    0
    0
    0
   60
   37
   76
    9
   29
   38
    0
    0
    1
    1
    1
    1
    0
    0
    0
    0
    0
    0
    6
    0
    0
    0
    0
    0
    0
    0
    0
    0
    6
    0
    0
    0
    0
   66
   34
   18
    0
    0
    0
    0
    0
    6
    2
    4
    2
    0
    0
    0
    0
   13
   12
    1
    2
    0
   21
    1
    0
   13
    0
    0
    4
    1
    0
    1
    0
    0
    0
    4
    0
    0
    9
    0
    0
    0
    0
    0
   71
   19
    1
    1
   10
   21
    0
    0
   15
   56
    1
   48
   72
   28
   30
    0
   14
    0
    5
   29
   24
   26
    4
    1
    0
    0
    0
    0
    0
    0
    0
    0
    0
    0
    0
    0
    0
    0
    0
    0
   25
    0
   16
   82
    4
    0
    4
    0
    0
    0
    0
    0
    0
    0
   20
    0
    0
    0
    0
    0
    0
    0
    0
    0
    0
    5
    0
    8
    0
    1
    0
    0
    4
    0
    0
    3
    2
   39
   28
    0
    1
    5
    1
    1
   19
   29
    0
    0
    1
   11
    0
    0
    0
    0
    0
    0
    5
    0
    0
    0
    0
    0
    0
    0
    0
    0
    0
    0
    0
    0
    0
    0
    0
    8
   49
    1
    0
    4
    0
    0
    3
    0
    0
    2
    1
    0
    0
    0
    0
    0
    0
   42
    0
   11
    0
    0
    0
    0
    0
   13
   26
   35
    0
    0
  111
    0
   29
   14
   17
   46
   27
   54
   76
    1
    0
    0
    0
    0
    0
    0
    0
    0
    0
    0
    0
    0
   49
   13
    0
    0
    1
    5
    0
    0
    0
    0
    0
    0
    0
    0
    0
    0
    0
    0
    0
    0
    0
    0
    0
    8
    4
    0
    0
    0
   29
   15
    0
    0
   32
    0
    0
    3
   76
    0
    0
    0
   85
    0
    0
    0
    0
    0
  102
    0
    6
   49
   11
    0
    0
    0
    0
    0
    0
    0
    2
   39
    0
    0
    0
    3
    2
    0
    0
    0
    0
    0
    0
    0
    0
   53
   25
    0
    0
    0
   10
   46
   38
    0
    0
    0
    0
    0
   53
    0
    0
    0
    0
   23
    4
    0
    0
    0
    0
    0
    0
    0
    0
   15
    0
   11
  119
    4
    8
    0
    0
    0
   54
   24
    0
   28
    5
    0
    0
    0
    0
    0
   58
    2
    0
   31
   72
    2
    0
    0
    0
    0
    0
    0
    1
    1
    1
    0
    0
    0
    2
    0
    1
   63
    0
    0
    0
   70
    0
    0
    0
   19
    0
    8
    8
    0
    0
    0
    0
    3
    0
   12
   98
    9
   60
   11
    5
    0
    0
    0
    3
    0
    8
    0
    0
    0
    0
    0
    0
    0
    1
   21
    2
    7
    4
    0
    3
    0
    0
    0
    4
    0
    0
    0
    3
    0
    0
    0
    0
    0
    0
    0
   32
    2
    0
    0
    0
    0
    9
    3
    7
    0
   50
  225
    0
    0
    0
    1
    1
    0
    2
    0
    0
    0
    0
    0
   62
    1
    0
    0
    0
    0
    0
    0
    0
    9
    0
   26
   15
    9
   32
    0
   36
    0
    2
    8
    0
    0
    0
    2
    4
    1
   44
    0
    0
    0
    0
    1
   35
    2
    0
    0
   37
    0
   11
    0
    0
    0
    7
    0
    0
    0
  324
   86
    2
    0
    0
    0
   21
   14
    0
    0
    1
    0
    0
    0
   24
   95
   49
    0
    0
    0
   49
    0
   10
    0
    0
   12
    0
    0
    0
    0
   15
    5
   22
    9
   55
    0
    0
    0
    0
    0
   15
    0
   81
    6
    0
    0
    0
    0
    0
   98
   61
    0
    0
    0
   92
    0
    0
    0
    0
    5
    0
    0
    0
    0
    1
  112
    0
    0
  201
  144
   10
    0
    0
    0
    0
    0
    0
    0
    0
    5
    0
    0
   10
   31
    7
    2
    1
    0
   38
    0
   41
    0
    0
    0
  320
    0
   56
    0
    0
  326
    0
    0
    0
    0
   14
  223
   33
    0
    8
   42
    0
    0
    0
    0
    0
    0
   54
   79
    9
   64
   16
    0
    0
    0
    0
    4
    0
   21
   52
    1
   15
    0
    0
    0
  101
  148
   11
    3
   48
    9
    0
    0
   28
    0
    0
   16
    0
   63
  186
    9
    0
   28
  140
   21
   44
   24
    0
    0
   78
   26
   44
   48
    2
    0
    0
    0
    0
  139
   32
    0
    0
    0
  106
    0
    0
   11
    0
    0
    5
    2
  239
    0
   60
    0
    0
    0
    0
    0
    0
    0
    0
    0
    0
   35
   40
    1
    0
    0
    0
    0
    0
    0
    2
   27
    9
    4
   34
   58
    0
    0
    0
    0
   88
    0
    0
    0
    0
    0
    0
    0
    0
    0
    0
    1
    0
    0
    0
    0
    0
    0
    6
    0
    0
   47
   37
  193
    3
   30
    0
    0
    0
   83
   81
   14
    0
   76
    0
   65
    0
    0
    6
    0
    0
    0
    0
   26
    0
    0
   17
   19
   28
    0
    2
   24
    2
    0
    0
    0
    0
    5
    0
    0
    0
    0
   68
  138
    2
    0
    2
    3
    0
    0
    0
    0
    0
    0
    8
    1
    0
   10
   29
    0
    7
   39
    2
    0
    0
    3
   16
    0
    0
    0
    0
    1
    0
    0
    0
    0
    0
    0
    0
   78
    1
    0
    0
    0
    0
    0
    0
    0
    0
   18
    0
    0
    0
    0
    0
   24
   35
    0
    0
    0
    0
   28
    0
    5
    0
    0
    0
   17
    0
    0
    0
    0
    0
    0
    0
    5
    0
    0
    0
    5
    0
    0
    0
   11
    3
    0
    1
    0
    0
   34
    1
    0
    0
   20
   28
    0
    0
    0
    0
    2
   70
    7
    2
    5
   14
    0
    0
    0
    0
    0
    4
    0
    0
    3
    0
   16
   12
    0
    0
    0
    0
    0
    0
    0
    0
    0
    0
    0
    0
    0
    0
    0
    0
   36
    0
    0
    0
    0
    0
    0
    0
    0
    0
   91
  148
    0
    0
    0
    0
   29
   16
    0
    0
   33
   38
   20
    0
    2
   99
   14
    0
   13
   68
    0
  186
  170
    2
    0
    0
    0
    0
    0
    0
    0
    0
    0
    0
    0
    0
    0
    0
    0
   18
    0
    0
    3
   14
   22
    0
    0
    0
    0
    0
    0
    6
    0
   50
    0
    4
   25
   11
    0
    0
   62
    0
   89
    4
    0
    3
    6
   26
   85
  107
    0
    0
    0
    0
    0
    0
    3
    0
   14
   25
   11
    0
    0
    0
   20
    0
   17
    0
    0
    0
    0
    0
   62
    9
   24
    0
    0
    0
   29
  203
  116
    2
    0
    6
    0
    0
    0
    6
   12
    0
    0
    0
    0
   96
    8
    0
    0
    0
   15
   10
   63
   81
   50
   43
    2
    1
    0
    0
   58
  134
    0
   25
    2
   96
   34
    0
    0
    0
    0
    0
    0
   82
   40
    1
  124
   29
    2
    0
    0
    0
    1
   70
    0
    0
    0
   32
  147
    0
    0
    0
    0
    0
    0
    0
    0
    0
    0
    0
   20
   10
    0
    0
    5
   15
   45
    0
    0
   38
    6
    0
    0
    0
    0
    0
    0
    0
    5
    0
    0
    0
    0
    0
    0
    0
    0
    0
    9
    0
    0
    1
    0
    0
    0
    2
    0
    0
    0
    0
   12
    0
    0
   12
    6
   81
   74
    3
    0
    0
    0
    0
    0
  129
    0
    1
    5
    1
    0
   14
    5
   41
    0
    0
    0
    1
    0
    0
    0
   14
    1
    0
   13
   48
   32
  129
   41
    0
    0
    0
    0
    0
    0
   30
   45
   10
    0
   24
   26
    0
    0
    1
   85
    0
    0
    0
    0
    0
    0
   34
    0
    0
    0
   30
   10
    0
    0
    4
   10
   30
    0
    0
    0
    0
    0
    0
    0
    0
    0
   49
   80
   51
    9
    0
   91
    0
    0
    0
    0
    0
    0
    0
    0
    0
    1
    2
    0
    0
    4
   24
    0
    0
    0
    0
    2
   18
   48
    8
   21
    0
    4
   48
    3
   39
    2
   66
    0
    1
    0
    0
   15
   26
    0
   22
   11
  116
    2
    1
   19
    0
  206
   38
    0
   41
    0
    0
    0
    0
    0
    0
    0
    0
  127
   18
    0
    0
    0
    0
   20
    2
    0
  123
    0
    0
    0
   24
   49
    9
    0
    4
    3
    0
   48
    0
    0
    0
    0
   30
    0
    0
    0
    0
    0
    3
   50
    0
    0
    0
    0
    0
   58
    5
    0
   92
    0
    0
    0
    0
    0
    0
    0
    0
    0
    0
   62
  130
    0
    0
    0
  124
    6
    0
    0
   15
    0
    0
    0
    0
    0
   39
    0
    0
    0
    0
   30
    0
   40
   11
    0
    0
    0
    0
    0
    0
   34
   10
   55
    0
    0
    0
    0
    0
    0
   48
    7
   41
    0
    0
    5
   16
    9
   20
   61
  106
    0
    2
  178
    0
   13
   38
    8
    0
   90
    0
    0
    0
    6
   63
   13
    0
    0
    0
    0
    0
    0
    3
    0
    0
    0
    9
    0
    0
    0
    0
   10
    0
    0
    0
    0
    0
    0
   34
   26
    0
    0
    0
    2
   15
    0
    0
    0
    0
    0
   10
   18
    0
    0
    0
    0
    0
    0
   54
   60
    0
    0
    0
    0
    0
    0
    0
    0
    0
    0
    0
   20
    0
    0
    0
    0
    0
    0
    0
    0
    0
   11
    8
    0
    5
    0
    0
    0
    0
    0
    0
    0
    0
    0
    0
    0
    0
   40
    8
    0
    0
  115
   10
   29
   27
  194
    1
    0
    0
   11
    0
    7
  109
    0
    0
    6
    0
    0
    3
    0
    0
    2
    0
    1
    1
    0
    0
    0
   17
    0
    0
    0
    9
    0
   58
    0
   67
  128
   81
    2
   25
   78
    4
    0
    0
    0
    0
    0
    0
    2
    2
    0
    0
    0
    0
    0
   43
    3
    2
   16
   10
    0
    4
    1
    0
   20
    0
    1
    0
    0
    0
    0
    0
    0
    0
    0
    0
    0
    0
   13
    0
    0
    0
   21
   43
    0
    0
    2
    0
   19
    0
    5
   43
   35
   27
    7
    0
    0
    0
    0
    8
    0
    0
    0
    0
    0
    0
    0
    0
    0
    0
    0
    0
    0
    0
    0
    0
    4
    4
    0
   11
    0
   20
    0
    4
    0
    9
   10
    0
    0
    0
    0
    0
    0
    0
    0
    9
    0
    0
    0
    0
    0
    0
    0
   50
   56
   32
    6
    0
    0
   76
   28
   88
    5
    0
    0
   12
    4
   16
   14
    0
    0
    0
    0
    0
    0
    0
    0
    6
    0
    0
    0
   97
  241
    2
  118
  132
    0
    0
    0
    0
    0
    0
    0
    0
    0
    0
  112
    1
    0
    0
    0
    0
    0
    0
    0
    0
    0
    0
    0
    0
    0
    0
    0
    0
    0
    0
    0
    0
   18
    0
    0
    0
    0
    0
   40
    0
    0
    0
    1
    0
   18
    0
    0
  110
    6
    5
   73
    0
   30
   34
    0
    2
    0
    0
   23
  175
    7
   24
   25
   80
    7
   89
   47
    0
   39
    0
   28
    5
    0
  118
  448
    2
   37
   46
   27
    0
    0
    9
   97
   18
   82
    0
    0
    0
    0
    0
    0
    0
    0
  105
   10
    0
    0
    3
    0
    2
    0
    0
   18
    0
    0
   10
   61
    0
    0
    0
    0
    0
    0
   18
    5
   81
    0
    0
    0
    0
    0
    0
    0
    6
   30
  124
   18
    0
    0
    0
   27
   18
    0
    0
   25
   16
   20
    0
   19
   26
    0
    0
   70
    0
    0
    0
    0
    0
    0
    0
   42
    0
    0
    0
    0
    0
    0
    0
    0
    0
    0
    0
   43
    0
    0
    0
    0
    0
  208
    0
    0
    0
    0
    0
    9
    0
    0
    0
   21
   11
    0
    7
   35
    5
    0
    0
    0
    0
    0
    0
    1
    0
   75
  123
    0
    0
    0
    0
    0
    0
   67
  100
   10
    0
    0
    8
    0
   10
   11
    0
    0
   35
    0
    4
    0
   19
   27
    0
   18
   14
    6
   46
    2
    2
    0
    0
    0
    0
    0
    0
   44
    4
    0
    0
   44
    0
    0
    0
   37
   55
    0
    0
    0
    0
    0
    0
    0
   56
    5
    6
   72
   16
   21
    8
    5
    0
    6
   17
    0
    8
    0
   10
    4
    6
    0
   12
   48
    2
    0
    0
    0
    1
   13
    0
    0
    0
    0
    0
    0
    0
    0
    2
    1
    9
   26
    4
    0
    0
    0
    0
    3
    0
    0
    0
    1
    7
    2
    6
    2
    0
   18
   75
    2
    0
    0
    0
    0
   28
   20
   28
    0
    0
   20
   41
    8
  126
  103
   61
   74
   11
    2
    1
  103
   26
   24
    0
    0
    0
    0
   28
    0
   35
   86
    0
    0
    0
    0
    0
    0
    0
    0
    0
   15
    3
    0
    0
    0
    0
    0
    0
    8
    0
    0
    0
    0
   13
    0
    0
    0
    5
   11
    0
    0
    0
  243
    2
   15
   53
   13
    0
    1
    0
    0
    0
    0
    0
    0
    0
    0
    0
    0
    2
   23
    0
   58
    0
    0
    0
    0
   56
    3
    3
    0
   73
   60
    7
    1
    0
    0
    0
    0
  156
    4
    0
  168
   10
    4
   14
    0
   12
   52
    0
    0
    6
    0
   10
   56
    0
   33
   10
    0
    0
   22
    9
    0
    0
    0
   64
   18
    0
    8
   74
    0
    0
    0
    0
    0
    0
    0
    0
    0
   54
   25
    4
    0
    0
   17
    0
   15
    2
    1
    1
   50
    1
  108
    3
   11
    1
    0
    0
    0
    6
    0
    0
    0
    0
    4
    0
    0
   66
   19
    0
    0
    0
    0
    4
    2
    0
   26
  119
   16
   67
    2
    0
    1
    0
    0
    0
    0
    0
    0
    0
    0
    0
    0
    0
    0
    0
    3
    9
    0
    0
    0
    0
   20
   15
  102
    0
    5
    0
    5
    3
   98
    5
    0
    0
    0
    0
  233
   58
    0
    0
    0
    8
    0
    0
    0
    4
    0
    0
    0
    0
   18
   10
    2
   58
    0
   30
   82
   21
    5
    0
    0
    1
    0
    0
    0
  142
   17
   24
    0
    9
    0
    0
    0
    0
   14
    4
    0
    2
    1
   17
   31
    5
   76
    1
    0
    0
   12
   22
    0
   29
   23
    0
    9
    4
    0
   76
  114
    0
    4
   40
   12
    2
  168
   37
    3
   18
   15
  145
    0
    4
   73
    0
    0
   20
    0
    4
    0
   53
    6
    0
    1
    1
    0
   28
    0
    0
    0
    0
    0
    0
    0
    0
    0
    1
    7
    4
   25
    2
    0
    0
    0
    0
    0
    0
    0
    0
    0
    0
    0
    0
    0
    0
    8
    0
    0
    0
   16
    0
   13
   44
   50
    0
    0
    0
    0
    0
    0
   32
    1
   21
    0
    0
    0
    0
    0
    0
    0
    0
    0
    0
    0
    0
    0
    0
    0
    0
    0
    0
    0
    0
    9
    0
   26
    0
    0
    0
    0
    0
    0
   22
   19
    1
    0
    0
    0
    3
   80
    4
    0
    0
    0
    0
    0
    0
    0
    0
    0
    5
    0
    0
    0
    0
    0
    0
    0
    0
    4
   14
    8
    4
    2
    0
    7
   20
    0
    0
    0
    0
    0
    0
    0
    0
    0
    0
    0
    0
    0
    0
    0
   16
   20
    0
    4
    0
    1
   14
   67
   52
    0
    0
   19
   54
    0
    0
    0
    0
    0
   82
   14
    0
    7
    0
   32
   55
   34
    0
    0
    0
   65
    0
    0
    0
    0
    0
    0
    0
    0
    0
    0
    0
    0
    0
   38
    9
    5
    5
    0
   71
    0
   28
   12
    8
    0
    0
   63
   12
    8
    0
   23
    6
    4
   46
    0
    0
  116
    1
    1
   20
    0
    0
    0
    0
    0
    0
    0
    0
   31
    0
    1
    0
    0
    0
    0
    0
    0
    0
    0
    1
    0
    0
    0
    0
    0
    0
    0
    0
    0
    0
   23
   14
    0
    0
    0
    0
    4
    0
    0
   37
    0
    0
    4
   10
    0
    0
    0
    1
    0
    4
    0
   28
    0
    0
    0
    1
    0
   23
    0
    0
   16
    1
    0
    0
    0
    0
    0
    0
    0
    0
    0
    0
    0
    0
    0
    0
    6
    5
    0
    0
    0
    2
    0
    0
    0
    0
    0
    0
    0
    1
    2
  144
   67
    5
    6
    0
    9
   36
   31
    1
    0
    0
    4
    0
   34
    0
    0
    0
   16
    8
    0
    0
    0
    0
    0
    0
    0
    0
    0
    2
    0
    0
    0
    0
    0
    0
    0
    0
    0
    0
    0
    0
   62
   19
    3
   11
   23
    0
    5
    0
    0
    0
    0
    9
    4
    0
    0
    0
    0
    0
    0
    0
   28
   39
    0
    4
   40
    6
    0
    0
    0
   26
    2
    0
    0
    0
   38
    0
    0
    0
   19
    0
    2
    5
   24
    0
    0
    0
    0
    0
   35
   13
    2
    0
    0
    3
   22
    9
    5
    0
    2
   10
   11
   27
    2
    7
    6
    5
    0
    0
    0
    0
   48
    1
   18
   33
   35
    2
   40
    7
   13
   14
    0
    0
    0
    2
    4
    5
   64
   10
    3
    0
    0
    0
    0
    0
    0
    4
    0
    0
    0
    0
    0
    0
   18
   13
    3
    0
    0
    0
    0
    0
    0
    0
    0
    0
    0
    7
    0
    0
    1
   11
    0
   14
   29
   48
   10
   15
   10
    0
    1
    5
   39
    0
   40
    0
    0
    0
  176
  148
    0
    6
   30
    8
    0
   98
    0
    0
  141
   42
    9
   48
   14
    0
    0
    0
  242
    0
    0
    0
    0
    0
    0
    0
   12
    0
   13
    0
   86
    0
    0
    9
    0
    0
   20
    0
   18
   11
    2
    0
   12
   70
    0
  122
   21
    0
    0
    0
    4
   25
   72
   19
   53
    0
   16
    4
    0
    0
    0
    1
    1
    0
    0
   96
    0
    0
    0
   55
    0
    0
    0
    7
   13
    0
    5
    0
    0
    0
    0
    0
    0
    0
    0
    5
    0
  111
    0
   20
    0
    0
    0
    0
    0
    0
    5
  100
    0
    0
    0
    0
    0
    0
    0
    0
    0
    0
  240
  124
    0
    0
    0
    0
    0
    0
    0
    0
    0
    0
    0
    0
    0
    0
    0
  278
  371
    0
    5
    0
    0
    0
    2
    0
    0
    0
    0
    0
    0
    0
    0
    0
    0
    0
   16
    0
    0
    0
    0
    0
    0
    0
    0
    9
    0
    3
    0
    0
    0
    0
    0
    0
   31
    0
    0
    0
  164
   98
    0
    0
    0
   42
   13
   16
    0
    0
    0
    0
    0
    0
    0
    0
    0
    0
    4
    1
    0
    0
    0
    1
   44
    2
    0
    0
    0
    0
    0
    6
    0
    0
    0
    0
    0
    0
    0
    0
    0
    0
    0
    0
    0
    0
    0
    0
    0
    0
    0
    0
    0
    0
    0
    0
    0
    0
    0
    0
    0
    0
   18
   27
    9
    0
    0
    0
    0
    1
    0
   14
   68
   46
   47
   13
   10
    0
    0
    0
    0
    0
    0
   44
    0
   39
  122
    0
    1
    0
    0
    0
    0
    0
    0
    0
    8
    0
    0
   19
   43
    2
    8
    2
    2
    1
   12
    0
    0
    0
    0
    0
    0
    1
    0
   18
    0
    1
   10
    5
    0
    8
   45
    9
   16
    0
    5
    0
    0
    0
   19
   15
    0
    0
    0
    1
   20
    1
    1
   19
    0
    9
   19
    0
    1
   42
    0
   20
    2
   64
    1
    0
    0
    0
    0
    0
    0
    0
    0
    0
    0
   56
    0
   26
   37
    0
    0
    0
    0
    0
    0
    0
    0
    0
    0
    0
    6
    1
    0
    0
    0
    0
    0
    0
    0
    0
    0
    0
    0
    0
    0
    0
    0
    3
   20
   14
    0
    7
    0
    0
   58
  230
   12
   48
    0
    0
    0
    7
    0
   46
    0
    2
    0
    0
    0
   38
    0
    0
    0
    0
    0
    0
    0
    0
    0
    0
    0
    0
    0
  140
    2
    0
   10
    0
   14
   92
   18
    5
    0
    3
    8
   21
    0
    0
    0
   65
   38
    0
    0
    0
   10
    0
   17
   46
    1
    0
    2
   30
  154
    0
   70
    0
    2
    0
   79
   36
    5
   27
    0
    0
    0
    0
    0
    5
   23
    0
    0
    0
    0
    0
    0
   35
   77
    5
    0
   19
    0
    0
    0
    0
   27
    0
   39
  166
    0
    0
    0
    0
    0
    0
    0
    0
    0
    0
   12
  265
   15
   38
   84
    8
    0
    0
    0
    0
    0
    0
    0
  143
   25
    0
    0
    0
  166
    2
    0
   89
   37
    0
    0
   11
  284
   21
   19
    6
    0
    0
    0
   52
    0
    0
    0
    0
    0
    0
    0
    0
    0
    5
    0
    0
    0
    0
    0
   10
    0
    0
    5
    0
  272
    2
   25
   64
    3
    8
    0
    2
    8
   14
    0
    0
    0
    0
    0
    0
   10
    0
    9
    7
   27
    9
    0
    0
   36
    0
    8
    0
    0
   18
    0
   64
    2
   76
    1
    0
    0
    0
    0
    0
    0
    0
   35
    9
    0
    0
  161
   29
    0
    9
   40
   15
    0
    0
    0
    0
    0
    0
    0
    0
    0
    0
    0
    0
    0
    0
    0
    0
    0
    0
    0
    0
   35
    0
    0
    6
    7
  132
    6
    8
    0
    0
    0
    0
    0
    0
    0
    0
    0
    0
    0
    0
    0
    0
    6
    2
    7
    0
    0
   20
    0
    0
   16
   27
    0
   88
    5
    8
    0
    0
    0
    0
    6
    0
   17
    7
   12
   19
   22
   15
    8
    7
    1
    0
    0
    8
    0
   50
    6
    4
   16
    0
    0
    2
    0
    0
    0
    3
    0
    2
   16
   28
    5
    1
    0
   45
    0
    1
   25
    4
    0
    0
    2
   11
    0
   15
    9
    0
    0
    0
    0
    0
    0
    0
    0
    0
    0
    0
   19
    0
   15
    0
    0
    0
    0
    0
    0
    0
    0
    0
    0
    0
    0
   12
    4
    0
    0
    0
    0
    1
    0
   15
   10
  180
    0
   26
    0
    0
    0
    0
    0
    0
   12
   26
   25
   32
    5
   34
   11
    0
    0
    1
   35
   18
    0
    0
   28
    4
    0
   48
   18
    0
   12
    0
    0
    0
    0
    0
    0
    4
    2
    0
    0
    6
   14
   48
   11
    3
   15
    4
    3
    0
    0
    0
    0
   37
    0
    0
    0
    0
    0
    0
    0
    0
    0
    0
    0
    0
   20
   38
    0
    0
    0
    0
  133
    0
    0
    0
    0
    0
    0
    0
    6
   44
    0
    0
    0
   32
   11
   84
   12
   41
    9
    4
   35
    0
    0
   18
    1
    3
    5
    0
  253
   29
    1
    0
    1
    0
   31
    0
    0
    0
    0
    1
    0
   37
   22
    0
    0
    0
    0
    0
   60
    0
    0
   20
   11
    0
    6
   72
    0
    0
    0
   56
    0
   15
   25
    0
    0
    2
    0
    0
    0
    4
    0
    0
    0
    0
   20
    0
   26
    5
    0
    0
   54
   31
   29
   61
    0
   14
   73
    0
  121
    0
    0
    0
    0
    0
    0
    0
    4
    0
   64
    0
    8
    0
   14
   25
    0
    0
    0
    0
    0
    0
   14
    2
   32
    0
    0
    0
    0
    0
    1
    0
    0
    0
    0
    0
    0
    0
    0
    1
    0
    0
   16
    0
    0
   23
    4
    0
    0
    0
    0
    2
    0
    5
    0
    2
    0
    0
    0
    0
    0
    0
    0
    0
    0
    0
    0
    0
    0
    6
    0
    0
    0
   15
   10
   18
    1
   13
    3
    0
    0
    0
    2
    0
    0
    0
    0
   28
   27
   64
   38
    0
    0
    0
    0
    0
   14
    0
    0
    0
    0
    0
    0
   14
    0
    0
    9
    1
    5
    4
    0
   71
    1
    1
    5
   64
   68
    5
    4
    1
    0
    0
    0
    0
   31
   84
   41
   18
    0
    0
    0
    0
   51
    0
    0
    0
    2
    0
    0
   50
   31
    3
   30
   33
   13
   24
    6
   41
   32
    0
    0
    0
    1
    1
    6
    1
    0
    0
    0
    0
    0
   29
    2
    0
    0
    0
    6
    6
   19
   71
    1
    0
    0
    0
    0
    0
    0
    0
    6
   81
    0
    0
    0
    0
    2
    0
    0
    0
    0
    0
    0
    0
   38
   40
  118
    0
   16
   30
    0
    0
    0
    0
    0
    0
    0
    0
    0
    0
    0
   34
    0
   37
   58
    0
    0
    0
    0
   11
    6
  158
    0
    0
   30
   89
    0
    0
    5
    8
   10
  151
    8
    6
    0
    0
    0
   20
    3
   16
    0
    7
    0
    5
   22
   32
   48
   16
    0
    0
    0
    0
    0
    0
    0
   26
    0
   10
  153
   12
   46
   39
    0
    0
   23
   38
   73
    0
    0
   20
    0
    0
  189
    0
    0
  102
    0
    0
    0
   17
  103
  161
   37
    3
   11
  130
  102
   75
  142
   40
   11
    0
    0
   74
    0
    0
    0
    0
    0
    0
    1
    0
    0
    0
    0
    0
    0
    0
    0
    0
    0
    0
    0
    0
    0
    0
    0
   13
   34
   13
    0
    5
   73
    0
    0
    0
    0
    0
    0
    0
    0
    0
    0
    0
   37
   28
    0
   30
    0
    0
    0
    0
    0
    0
    0
    0
    0
    1
    0
    0
    0
    0
    0
   15
    3
  246
    0
    0
   55
    0
    0
    0
  250
    6
    0
   19
    5
    0
    0
   44
    0
    1
    5
    2
    0
    0
    0
   28
    1
    0
   32
    0
    0
    0
    0
    0
   14
    2
   17
  294
   14
   55
   15
    0
    0
    0
    0
    0
    0
    0
    0
   15
    0
    0
    0
    0
    0
    0
    0
    0
    0
   16
    0
    0
    0
    0
    0
    0
    0
    0
    3
    0
    0
   43
   62
   44
  272
    0
    0
    0
    0
    0
    9
   10
    0
    9
    5
    0
    0
    8
   15
    2
    0
    0
    0
    0
    0
    0
    0
    0
    2
    0
    0
    0
   28
    3
    0
    0
    0
    0
    0
    5
    0
    0
    0
    0
    0
    0
    0
    0
    0
   10
    0
    0
    0
    0
    0
    0
   19
    1
   26
    0
    4
   30
   45
   23
   23
    3
    2
    0
    0
   16
    5
   44
  156
  166
   33
  236
   80
    0
   46
   21
    0
    0
   54
   66
    1
    0
   64
    0
    0
   16
    0
    0
    0
    0
    0
    0
   22
   20
    2
    6
   12
    0
   28
    0
    0
    0
    0
    0
    0
    0
    1
    0
    0
   66
    0
   30
    0
    0
    3
   40
  121
    0
    0
   52
    0
   60
   52
    0
    0
    0
    0
    0
  100
   69
    4
   55
    0
    0
    0
    0
    0
    0
    0
    0
    0
    0
    0
    0
   10
    9
   13
    0
    0
    0
    0
    0
   55
    5
   30
    6
    1
    5
    0
    0
    0
    0
    0
    0
    2
   13
    0
    1
    0
    0
    0
   18
    0
    0
    0
    0
    0
    0
    0
    8
   22
    5
    0
    0
    0
    0
    0
    0
    0
    0
    5
    0
    0
  329
   17
   10
    0
    0
    0
    0
   51
    0
   10
    0
    0
    0
    0
    0
    0
    0
    7
    0
   67
    0
    0
    0
    0
   25
    0
    0
   10
   22
   73
   10
   86
   34
   26
    0
    3
    0
    0
    6
   21
   32
  130
   37
  236
    0
   13
   37
    3
    0
    0
    9
   22
   65
    0
    0
    0
    0
    0
    0
    0
    0
    0
    0
    0
    0
    0
   61
    8
    0
    0
    0
    0
    0
    0
   21
   36
   69
    0
    0
   24
    0
  153
    0
   60
    5
   90
    0
   13
  265
   28
   36
   27
   10
    5
   28
   12
    0
    0
   25
    5
    0
   48
   78
   11
    0
   25
    0
   69
    0
    0
    0
    0
    6
    0
    0
    0
    4
   30
   11
    0
    0
    0
    0
    0
    0
   26
    1
   29
    0
   37
   10
   10
    0
   10
   31
    0
    0
    0
   53
    5
    0
    0
   52
  261
   34
    4
    0
    0
    0
    3
    0
    0
    0
    0
    0
    0
    5
    0
    0
    0
    0
    0
    0
    0
    6
    3
   20
   19
    0
    0
    0
    0
   34
   35
    0
    0
    0
    0
    0
    0
    0
    0
   14
   33
    0
    0
    0
    0
    0
    0
    0
   12
    6
    0
   41
    0
    0
   24
    6
   42
  102
   17
   18
   14
    0
    6
  132
    0
    0
    0
    0
    0
    0
    0
    0
    0
    0
    0
    0
    0
    0
    7
    0
    0
    0
    0
    0
   82
  108
   61
    9
   66
   10
   15
    0
    0
    0
   12
    1
    0
    1
    0
    0
   43
    0
    0
   56
    0
    1
    0
    7
    0
    1
   32
    0
    0
    0
   10
   25
   11
    0
    0
    0
    0
   33
    7
   91
    4
    0
    0
   36
    0
    0
    2
   22
   25
    4
    0
    0
    0
    0
    4
    5
    3
    0
   55
    0
    0
    0
    0
   15
   24
   30
    1
    9
    0
   30
   53
  137
    5
    7
   25
   18
   13
    0
    0
   17
    0
   14
   31
    7
    0
   41
   26
    0
   24
    0
   40
    3
    4
    2
    0
   16
   35
   46
    8
    8
   81
   13
    3
    7
    0
    0
   88
   49
    0
    0
    0
    0
    0
    0
    0
    3
    0
    0
    0
   10
    0
    0
    0
    0
    1
    0
    7
    0
    0
    0
    0
    0
    0
    0
    1
    0
    0
   11
    2
    0
    0
    0
    0
    0
    0
    0
    0
    0
    0
    0
    0
    0
    0
    0
    0
   21
    5
    0
    0
    0
    0
    0
    0
    0
   20
   11
    0
    0
    0
    0
    0
   46
    6
  213
    0
    0
  166
    0
   14
    0
    0
    0
    0
    0
    0
    0
    0
    0
    0
  102
    9
    3
    0
    0
   11
    0
    0
  108
   37
    0
   38
    0
    1
    0
    1
    3
    0
    0
   31
    0
  115
    8
    5
   18
   11
   15
    0
    0
    5
    0
    0
   29
    0
   27
    0
    0
    0
    0
    0
    0
   13
   74
    0
    0
    0
    0
    0
    0
    0
    8
    0
    0
    0
    0
    0
    0
    0
    0
    2
    0
    0
    0
   13
   33
   20
    0
    0
    0
    0
    0
    2
    0
   11
    2
  110
    0
    0
    0
    0
    0
    0
    5
   33
    1
    1
    0
    0
    0
    0
    0
    0
    0
   17
  181
    0
    0
    0
    6
    0
    0
    0
    0
    0
    0
    7
    3
    0
    0
    1
    0
   12
   21
    0
    0
    7
    6
    0
    8
    0
   10
    0
    0
    0
   12
    4
    0
    0
    0
    0
    0
   11
   23
   23
    0
    0
    0
    0
    0
    0
    0
    0
    0
    0
   35
  116
   36
    0
   10
    3
   34
    1
    0
    0
    6
   26
    0
    0
    0
    4
   26
  151
   45
   15
   83
   14
    0
   15
   10
   50
   13
   26
   63
    0
    0
    0
    0
    0
   10
   34
   42
    0
    0
    0
   36
    0
    1
    0
    4
    0
    0
    0
    0
   23
    0
    0
    7
   32
    7
   14
    3
    0
    8
    0
    0
    0
    3
    0
    0
    1
    0
    0
    0
    0
    0
    0
    0
    0
    0
    0
    0
    0
    0
    0
    1
    2
    0
    0
    6
    0
    0
    0
    0
    0
    0
   31
    1
   15
    2
    6
    4
   34
   75
    4
    0
    0
    0
    0
   22
    0
    1
    0
    0
   19
   18
    0
    0
    0
    0
    7
    0
    3
   12
    0
    0
    0
    2
   60
   33
    0
    0
    0
    0
   10
    0
   56
    0
    0
    0
    0
    0
    0
    0
    0
    0
    0
    0
   13
    0
    0
   25
    0
    0
    0
   13
    0
    0
    0
   22
    2
    9
   15
    1
   18
   85
    2
    0
    0
    8
   25
   58
    0
    0
    0
    0
    0
    0
    0
    0
    0
    0
    0
   36
   92
   18
    0
    0
    0
    0
    0
    0
    0
    0
    0
    0
    0
    0
    0
    0
    0
    0
    0
  126
    0
    0
   42
   23
   94
    0
    1
   54
    5
    1
    0
   71
    0
    0
    0
    0
    0
    0
    0
    0
    0
    0
    0
    0
    0
    0
    0
    8
   22
   39
   14
   81
  144
    0
    0
    0
    0
    0
   75
   61
    2
    0
    0
   25
    0
    2
    0
    0
    0
    0
    0
    0
    0
   32
   45
    0
  102
    0
    0
    0
    1
    0
    7
    0
    9
    0
    0
    0
   25
    2
    0
    0
    1
    0
    0
    0
    0
    0
    0
    0
    0
    0
    0
    5
    0
    0
   25
    0
  145
  100
    5
    0
    0
    7
    0
    2
    0
    0
    0
    0
    0
    0
    0
    0
    0
    1
   55
   18
    4
    0
    0
    5
    0
    0
    0
    0
    0
   25
   34
    1
    0
    0
    0
    0
    8
    4
    0
    0
   80
   45
   46
   16
    0
    0
   11
    0
    4
   21
    0
    0
    0
    0
    9
    0
    0
    0
    0
    0
    0
    0
    0
   12
  118
    1
  171
    7
   22
    0
    0
  117
    6
   16
    0
    0
    0
    0
    0
    0
    0
    0
    0
    0
    0
    0
   72
   14
    0
    2
    0
   20
    0
    0
    0
    0
    0
    0
    0
    2
    1
   13
    0
    1
    0
    0
    0
   27
   28
   12
   62
   41
   10
    0
    0
   55
    0
   93
    0
    3
    0
    0
    0
    0
    0
    0
    0
    1
    0
    0
    8
    6
    0
    0
    0
    6
    0
    4
    0
    0
    1
    0
    0
    1
    0
    0
    0
    0
    0
    5
    8
   20
    0
    0
    0
    0
    0
    0
    0
    0
    0
    0
    0
    0
    0
    5
    0
   48
    0
    3
   57
   43
   79
    0
    0
    4
    0
    0
    0
    0
    0
    0
    0
   32
   10
   72
    2
    0
    0
    0
    0
    6
    1
    0
   11
   15
    0
    0
    0
    0
    0
    0
    0
    0
    0
    6
    0
   19
    0
    0
    3
    0
    0
    0
    0
    0
    0
    0
    3
   13
    0
    0
    0
    0
    0
    0
   20
   62
    1
    0
   38
    0
    3
    0
    0
    5
    0
    8
    0
   72
   23
    4
    1
   17
    0
    0
    0
    0
    0
    0
    0
    0
    0
    0
    0
    0
    0
    0
    2
    0
    0
    0
    9
    0
    0
    0
    0
    0
    0
    0
    0
    0
    0
    0
    0
    1
    0
    0
    0
  100
   14
    2
    0
    0
    4
   60
  182
  221
    7
    1
   18
    0
    0
    0
    0
   18
    0
   16
    0
    8
    2
    0
    0
    0
   31
   10
   86
  115
    0
    0
   38
    0
   18
    0
    0
    0
   16
   20
    0
    0
    0
    0
    0
    9
    0
    0
    0
    0
    0
    0
    0
    0
    0
    0
    0
    0
    0
    0
    0
    0
    0
    0
    0
    8
    0
    0
    3
   36
   13
    0
    0
    0
   18
    0
   24
   17
   87
   19
   65
   95
    0
    0
    0
    0
    0
    0
    0
    0
    6
  167
   55
   71
   30
   12
    0
   15
    0
   30
   19
   62
   38
    0
    0
    0
    0
    0
   37
   14
   13
    5
   25
    0
   48
    2
    0
    4
    0
    0
   23
  148
   18
    0
    0
   32
    0
    0
    0
    0
    0
    0
    0
    0
    0
    0
    0
    0
    0
    0
    0
    0
    0
    0
    0
    0
    0
    0
    0
   54
    3
   45
    0
    0
    0
    3
   43
   11
   11
    0
    0
    0
    2
    8
    8
    0
   15
    0
    0
  339
   12
   15
    2
    0
   50
   57
    0
    6
    0
    0
    0
   59
    3
    8
    2
    2
   24
    0
    0
    0
    0
    0
   57
   53
   23
    2
   10
    0
    5
    4
    0
    1
    0
    5
    4
    1
    0
    0
   13
    2
    0
   76
    0
    8
    1
   62
   22
    1
    2
    0
    0
    0
    0
    2
    2
    5
    0
    0
    0
    0
    0
    0
    0
    9
    0
    0
    0
    1
    0
    0
    0
    0
    0
    0
    0
    0
    0
    0
    0
    0
    2
    2
   12
   41
   30
    0
    3
    0
    0
   32
    0
    0
    0
    0
    0
    0
   12
    7
    0
    0
    0
    0
    0
    0
    1
    0
    0
    0
    0
    0
    0
    0
    0
    0
    0
    0
    0
   54
    0
    0
    0
  128
   46
  175
   31
    0
    8
    0
    0
    0
    0
    0
    0
    0
   64
   34
    0
   73
    0
    0
    0
    2
    0
    0
    0
    0
    0
    0
    0
    5
   22
    0
   46
    0
    0
    0
    1
    0
    2
   26
    0
    0
    0
   50
   10
    9
    0
    0
    0
   32
    0
    0
    0
   22
   71
    0
    5
   33
   56
    0
   10
    0
    0
    0
    0
    0
   39
    6
   11
    1
    0
    0
    0
    0
    0
    0
    0
   72
    0
    0
    1
    1
    0
    0
   20
    0
   26
   15
    0
    2
    0
  160
    4
    1
    0
    0
   26
    3
    3
    4
   32
   33
  133
    0
   12
    0
    0
    0
    0
    0
    0
    0
   35
    0
    0
    0
    0
   11
    0
    0
    0
   29
    0
    0
    0
    0
    0
    0
   51
    2
    0
    0
    0
    0
    0
    0
    2
   56
   12
    0
    0
    0
    7
    5
    8
    3
    9
    0
    0
    0
    0
    0
   25
    0
    0
   42
    0
    0
   13
    0
    0
    0
    0
    0
    0
    0
    0
    0
    0
    0
    0
    0
    0
   32
    2
    0
    0
    1
    0
    0
    0
    7
   26
    0
    0
    0
    0
    0
   20
    0
    0
    0
    0
    0
    0
    0
   10
   25
    5
    0
    0
    0
    0
    0
    0
    0
    0
    0
    7
    4
    0
    2
    2
   10
    0
    0
    0
    0
   12
    0
   20
    0
    0
    0
    0
    0
    0
    0
    2
    0
   20
    3
    1
  115
   21
   91
    1
    0
   31
    0
    0
    0
    0
    0
    0
    2
   23
    0
    0
   16
   27
    0
    0
    0
    0
    0
    2
    0
    0
    0
    0
    6
    0
   12
    2
    2
    0
    0
    0
    0
    0
    0
    0
    0
   16
   12
  102
    0
   49
   68
    6
    5
    2
   14
    0
    0
    1
    0
    0
    0
    0
    0
    1
  113
    6
    0
    1
    1
    0
    0
    2
    3
    1
    0
    5
    1
    5
   50
    0
    0
    0
    0
    0
    3
    1
    1
    0
    2
    0
    3
    0
    0
    4
    0
   51
    2
    0
    0
    0
   11
    0
    7
   20
    4
   16
    2
    9
    2
    0
    3
    7
   32
    0
    0
    0
    0
    0
    0
    0
    0
    0
    0
    0
    0
   47
    0
    0
    0
   13
    0
   39
  132
   11
    1
    0
    0
    0
   10
    7
   46
   23
    0
   35
   96
    0
    5
   21
    0
    0
    0
  110
    0
   21
    0
    0
    1
    0
    0
    0
    0
    0
    3
    0
   11
   15
   14
   10
   28
    0
    0
    0
    0
    2
    0
    0
   27
    0
    3
    0
    0
    0
   18
    0
    0
    0
    0
    4
   11
   29
  104
   48
    0
    0
    0
    0
    0
    0
    0
    0
    0
    0
    0
    0
    0
    0
    0
    0
    0
    0
    0
    0
    0
    0
  717
    2
    8
    0
    3
   21
    0
    1
  102
    0
    0
    0
    0
    9
    0
   45
    0
    0
    0
    0
    0
    0
    0
    0
    0
    0
    0
    0
    0
    1
   63
  149
  122
   77
    0
    0
    0
   64
   16
    0
  118
    1
    0
    0
   40
    0
    0
    0
  178
    0
    0
    0
  222
    0
    5
    0
    0
    0
    1
    0
    0
    0
    0
    0
    0
    0
    0
    0
    0
    1
    8
    1
   16
    0
    1
    8
    0
    0
   85
    0
    0
    6
   42
    0
   31
    1
    0
    0
    0
  346
    0
    6
    7
   26
   18
    0
   38
    0
    0
    0
    3
    0
    8
   65
    0
    0
    0
    0
    0
    0
    0
    0
    6
   22
    0
    0
    0
    0
    0
    0
    0
    0
    0
   51
  174
   32
   11
    0
    0
    0
    0
    0
    0
    0
    2
    0
    0
    0
    0
    0
    1
  108
   30
    0
   82
   65
    5
   27
   17
    0
    0
    0
    6
    2
    1
    3
    0
    0
    0
    0
    2
   31
    0
    5
    7
   35
    1
    1
    6
    6
    0
   60
   34
   11
   55
   43
    7
    7
    1
    0
    1
    0
   20
    0
   73
    0
    0
   36
    0
    4
    2
  119
    5
   13
    1
    0
    0
    0
    0
   70
   65
   37
    2
    1
    0
    0
    0
    0
    0
    0
    0
    0
    0
    0
    0
    0
   71
   39
   18
    4
    1
    0
   29
  112
    1
    1
    0
    0
    0
    0
    0
    8
    0
   56
    0
   44
   11
   10
    5
    0
    0
    0
    0
    0
    0
    0
    0
   37
    4
    0
    3
    1
    0
    0
    0
    0
    0
    0
   43
    0
    8
    4
   24
    2
    8
    0
    3
    0
    0
    0
    0
    0
    0
    3
    0
    6
   18
    0
    0
    0
    1
    0
    0
    0
    3
    1
    0
    0
    7
    0
    0
    0
    0
    2
    0
   16
    0
    0
    0
    0
    0
    0
    0
    0
    0
    0
   10
    2
   12
    4
    0
    0
    0
    0
    0
    2
    0
    0
    0
   66
   10
    0
    0
    4
    0
    0
    0
    0
    0
    0
    0
    0
    0
   22
    0
    0
    7
    3
   40
    0
    2
    0
    0
    0
   95
    0
   18
    0
    0
    0
    0
   42
  402
    1
    0
    0
    0
  164
   65
    7
    0
   23
   25
    0
   52
  271
    0
    0
    0
    0
    0
    0
   35
  179
   67
    0
   15
    0
   41
    0
    5
   12
    0
    0
    0
    2
    0
    2
   16
   50
    0
    0
    0
    0
    0
    0
    0
  275
    0
    0
    0
    0
   23
    2
   28
    0
   81
   78
   68
   22
    4
   61
   20
   28
   41
   42
    0
   29
    5
  116
   78
    0
   41
   51
    0
    0
    0
    0
   35
    0
    0
   17
   66
   47
    0
    0
    0
    0
    0
    0
    0
    0
    0
    7
    0
   84
    0
    0
    0
    1
    0
   12
    0
   35
    0
    0
   43
   29
   37
   18
    0
    0
   21
    2
    0
   50
   25
  174
    0
   13
   20
    5
    0
    0
    0
   14
    2
    0
    1
    0
    0
    0
    0
    0
    0
    0
   29
    1
    0
    0
    2
    0
   15
    6
   11
    0
    0
    2
   78
   10
    0
    0
    0
    0
   15
    0
    0
   52
    0
    0
    0
    0
    0
    0
    0
    0
    0
    0
    0
    5
    1
   54
   35
    6
    2
    1
    2
    0
    2
   77
   37
    3
    0
    0
    3
    6
   10
   45
    0
    0
    0
    0
    0
   24
    0
    0
    0
   25
    6
    0
    0
    0
    5
   72
    5
   44
    2
   39
   36
    9
    1
    0
    0
    0
   39
   58
   88
    3
    1
    3
  107
   41
    2
    0
   38
    4
   28
    1
   85
   65
    2
    5
    2
    5
    0
    1
    4
   24
   44
   22
    0
    7
    2
    0
    0
    4
    3
    0
    0
   25
    0
   43
   48
   38
    4
    2
    6
    0
    0
    0
    0
    2
    0
    0
    0
    3
    0
    3
   26
    7
    1
    0
    0
    0
    0
    0
    0
    8
   32
   41
   26
    8
    0
    0
    1
   44
   23
   22
   52
    1
    9
    4
    4
    0
    0
    0
    1
   36
   23
   34
  196
   51
   23
   18
   34
    3
    0
   31
   15
    0
   42
    4
    0
    6
    0
    0
    4
    0
    0
   14
   35
    0
    0
    0
    0
    0
   89
  196
  378
   75
    0
    0
    0
    0
    0
    0
    0
    0
    0
    0
    0
    0
    4
    0
    0
    0
    0
    0
    0
    0
   28
  171
    0
    0
    0
    0
    0
    0
    0
    0
    6
   41
   72
    0
  402
  345
   11
   26
   15
   98
   91
   42
  121
    1
    3
    0
    0
    0
    0
   28
    0
   11
  104
    0
    0
    2
    4
   84
    0
    0
    0
    0
    0
   40
    0
    0
    0
    0
    0
    0
    0
    0
    0
    0
    0
    0
    0
    0
    0
    0
    0
  198
    0
    0
  281
    2
    0
    0
    0
    0
    0
  158
    0
    0
    0
    0
    0
    0
    0
    0
    0
    0
    0
   33
    0
    0
    0
   16
    0
  289
    0
    0
    0
    1
    0
   19
    0
    0
  128
   69
   99
   60
    9
    0
    0
   74
  129
    4
    0
    0
    0
  117
   25
   40
    0
   34
   61
    0
    0
   22
    0
    0
    0
   14
   50
  122
    1
  139
    0
   55
    0
    3
    0
   76
   49
    0
    0
   88
   15
    1
    0
    0
    0
    0
    0
    0
    0
    0
    1
    0
    2
    2
   62
    2
   76
    0
    0
    0
   22
    0
    0
    0
    0
    0
    0
    0
    0
    0
    0
    0
    0
   41
    0
    0
    0
    0
   16
    0
   87
    7
    0
    0
    0
    0
    0
    0
    7
   21
    0
    0
    0
    0
    0
    2
   24
    2
    1
   97
    1
   25
    0
    0
    4
    0
    0
   44
   41
    2
    1
    0
    1
    0
    0
    3
    3
    2
    0
    0
   15
    0
   45
    0
   75
   35
    0
    0
    3
    0
    0
    0
    0
    0
    0
    0
    0
    0
    4
   10
    9
   23
    1
   13
