Station: Dahlen-Grossboehla , scaling_factor: 10.0, latitude:  51.3390, longitude:  13.0322, altitude:  138, nodata_value: -9
start: ..1969-01-01  end: ..2003-12-31
  131
   60
    0
    0
    0
    0
    0
    0
    0
    0
    0
    0
    5
    0
    0
    0
    6
    0
    0
    0
    2
   31
   26
   25
   25
    0
    4
   37
    2
    0
    5
    0
   52
    5
    0
    0
    0
   33
    0
   10
    8
    0
    0
   13
    0
  230
   31
    0
    0
    0
    5
    0
    0
    0
    0
   12
    0
    0
    0
    0
    0
    0
    0
    0
    0
    0
    0
    0
    0
   28
   35
  152
    0
   95
   16
    0
    0
    0
    0
    0
    0
    0
    0
   26
   13
   21
   10
    0
   43
  125
    6
    4
    0
    0
    0
    0
    0
    0
    0
    0
  158
   63
   24
    4
  162
   74
   51
   54
    3
    0
   11
  117
   15
   48
   15
   15
   55
   15
   25
   73
    0
    0
   78
   48
    0
    0
   15
    0
    0
    0
    0
    0
    0
    0
    0
    2
    0
   30
    0
   57
    0
    0
    0
    0
    0
  252
    0
   64
    0
   90
   43
   96
    0
   76
    2
   42
   58
    0
    0
    0
    0
    0
    0
    0
    0
    2
   46
    0
    0
  280
   44
    0
    0
    0
  100
    0
   32
    0
    8
  104
    4
    0
    0
    0
    4
   22
    8
    0
    0
   17
    0
    0
    0
    0
    0
    0
    0
    0
    0
    0
    0
    1
    0
    0
    0
    0
    0
    0
    0
    0
    0
   40
    0
    0
    0
    0
    0
    0
    0
    0
    0
    0
    0
    0
   78
   43
   43
   26
   15
    0
    0
   25
    0
    0
    0
    0
    0
   23
   21
    0
  195
  178
    0
    0
    0
    0
    0
    0
    0
    0
    0
    0
    0
    0
    0
    0
    0
    0
  100
    0
    0
    0
    0
   35
    0
    0
    0
    0
    0
   15
    0
    0
    0
   10
   10
    5
    0
    0
    0
    0
    0
    0
    0
    0
    0
    0
    0
    0
    0
    0
    0
    0
    0
    0
    0
   86
    0
   12
   26
    0
    0
   21
    6
  110
    0
    0
    0
   20
    0
    0
   65
   37
   10
    0
    0
    0
    0
    0
    0
    0
    0
    5
    5
   10
    0
    0
    0
   41
    0
   70
    8
    7
    0
    0
    0
    2
    0
    0
    1
    0
    0
    0
    0
    0
    0
    0
    0
    2
   48
   30
    9
   90
    8
    2
    0
    0
    0
    0
    0
    0
    0
    0
   45
   20
   14
   10
   15
   30
   10
  100
    0
    2
    0
    0
    0
    0
    0
    0
    0
    0
   35
    0
    0
    0
    0
    0
    0
    0
    3
    0
    2
   75
   10
    0
    0
    3
    0
  120
   18
   16
   19
    9
    1
   11
   20
   26
   56
   24
   61
    0
    4
    6
   10
   10
   13
   45
   14
  125
   62
   20
    0
   21
   34
   23
   69
   45
    1
  123
  123
   20
    0
    0
    0
    0
    0
    0
    0
    0
    0
    5
   10
   22
    5
   10
    0
    0
    0
    2
   20
    3
   15
  152
    5
    0
   59
    3
    0
    7
    1
    2
   10
    0
    0
  205
    0
   12
    0
   48
    0
    0
  158
    0
    0
   31
   67
   13
   13
   15
   10
   12
   16
    2
    0
   63
  156
   68
    0
   10
    0
    0
    0
    0
    0
    0
    0
   95
   78
    3
    0
    0
    0
    0
    0
    0
   39
   32
   19
   10
    0
    7
   98
   48
   49
   10
    8
   10
   10
    0
    0
   30
    0
    0
    0
    0
    0
  270
   28
    0
    0
    0
    0
    0
    0
    0
    0
    0
    0
   70
    7
    7
   31
    0
    0
   35
   70
    0
   23
    0
   80
    0
    0
    0
    0
    0
   21
    0
    0
    0
    0
   26
   31
   22
   15
    0
   10
   27
    0
    0
    0
   30
   60
   38
    0
    0
   60
    0
  140
  140
  110
    0
    0
    0
    0
    0
  107
    0
    0
   15
    0
    0
   68
    0
   32
    0
    0
    0
   25
  225
   80
   10
   35
    0
    0
    0
    0
    0
    0
    0
   20
    0
    0
   50
    0
    5
    0
  120
    0
    0
   32
    5
   40
    0
    0
   10
    0
    0
    0
    0
   12
    0
    0
    0
   12
    0
    0
    0
    0
   45
   13
  130
   78
   58
    0
    0
    0
    0
    0
    0
    0
    0
    0
    0
    0
    0
    0
    0
   32
    0
   28
   60
    5
   70
    0
   85
    3
  168
    0
   41
   18
    0
  172
   30
   15
   58
   65
    0
    0
   60
   10
   50
    0
    0
   40
    0
    2
   50
    0
    0
    0
   10
   15
    0
    0
    0
    0
    0
    0
   30
    0
   13
   25
   75
   40
    0
    0
   12
    0
    5
    4
    0
    0
    0
    6
    2
    0
   10
    0
    0
   15
   19
    6
    4
    0
   10
    5
    0
   90
    0
  130
    0
    0
    0
    0
    0
    0
    0
    0
    0
    0
    0
    0
    0
    0
    0
    5
   21
    0
    0
   20
   10
    0
    0
   60
    0
    0
    0
    0
   65
   47
    0
    0
    0
    0
    0
   10
   10
    2
   14
   24
    0
    0
    0
    5
   28
    0
    0
    0
    0
    0
   22
    0
   10
   22
   20
   40
   32
   10
   10
   60
    7
    0
    1
   39
    8
    0
    0
    0
   15
   13
    1
   23
    0
    0
    1
    0
    0
    0
    0
    0
    0
    8
    0
    0
   42
   10
    0
    0
    0
    0
   45
    0
    0
    0
    0
   50
    0
    0
    0
    0
    0
    0
    0
    0
    0
    0
    0
  120
    0
    0
   54
    0
    0
    0
  150
   32
   40
    6
    0
    0
    0
    0
    0
    0
    0
    0
    0
    0
    0
   90
    0
    0
    0
   23
    0
   70
    0
    0
   30
    0
  120
    0
    0
    0
   40
    0
   45
    0
   38
    0
    0
    0
    0
    0
    0
    0
    0
   85
   25
   45
   85
  120
    0
   18
    0
    0
    0
   62
   92
   12
   19
   30
   14
   98
    0
    0
    0
   73
    7
   75
  113
  155
    0
   45
    0
    0
    0
    0
    0
    0
    0
    0
    0
    0
    0
   18
    0
    0
    0
    0
    0
    0
    0
    0
    0
    0
    0
    0
    0
    0
    0
    0
    0
    0
    0
    0
    0
    0
    0
    0
    0
    0
    0
    0
    0
    0
   75
    0
    0
    0
    0
    0
    0
   33
  137
   30
    0
   13
   43
   22
    0
    0
    0
    0
    0
    0
    0
    0
    0
    0
    0
    0
  102
    0
    0
    7
    0
    8
   12
    0
    0
   56
    0
    0
    0
    0
   30
    0
   65
    0
    0
  140
   20
    0
    0
    0
    0
    6
    0
    0
    0
    0
    0
    0
    0
    0
   57
  110
    0
    0
    0
    0
    5
   15
   40
    0
    0
    0
    0
    0
    0
    0
    0
    0
    0
    2
    0
    0
    0
    0
    0
    0
    0
    0
   70
    0
    0
    0
   23
   18
   50
   63
  200
    0
    0
   45
    0
   45
    8
    2
    0
    0
    0
    0
    0
    0
    0
    0
   22
    0
   22
   37
    0
   50
   60
  100
  144
    5
    0
    0
    0
    0
    0
   38
   58
   18
   50
   30
    0
    0
    0
    0
   15
    0
   30
    0
    0
    0
    0
    0
   30
    0
    0
    5
    0
    0
    0
    0
    0
    0
    0
    0
    0
    0
    0
    0
    0
    0
    0
    0
    0
    0
   10
    0
    5
   10
    0
    0
    0
    0
    0
    0
    0
    0
    0
    0
   30
    0
    0
    0
    0
    0
    0
    0
    0
    0
    0
    0
    0
    0
    0
   22
    0
    0
    0
    0
    0
    0
    0
    0
    0
    0
    8
    0
    0
  210
    0
    0
    0
    0
    0
    0
    0
    0
    0
    0
    0
    0
    0
    0
    0
   15
   55
   38
   33
    0
   72
   26
   28
    2
   35
    0
   46
   33
    7
    0
    0
   15
    5
    0
    0
    0
    0
    0
   13
   50
    0
   21
    5
    0
    5
    0
   10
   15
   22
    0
    0
    0
    0
   37
    0
    0
    0
    0
    0
    0
   27
  115
   10
    0
    0
    0
  129
    0
   18
   28
    0
    8
    0
    0
   15
   35
   65
   43
   50
   24
   26
    0
   52
   50
    0
    0
    0
   90
  265
    0
    0
   75
  146
  214
    0
    0
    0
    5
    0
    0
    1
    0
    0
   10
   61
   15
    0
    0
    0
    0
    0
   41
    0
    0
   19
    0
    0
    0
    0
    0
   15
   61
    0
    0
    0
    0
    0
    0
    0
    0
    0
    0
    0
   15
   49
    0
   32
    0
    0
    4
   61
  240
    0
   23
    6
   92
    0
    0
    0
    0
    0
    2
    0
  133
    0
   30
    0
  230
    7
    5
   64
    0
    0
    6
   65
    0
    0
    0
    0
    0
    0
    0
    0
    0
   44
    1
    0
    0
    0
    0
    0
   17
    0
   46
   17
    0
   22
   61
    0
   12
   13
    0
    0
    0
    0
   53
   25
   13
    3
   15
   22
    3
    0
    4
    0
    0
    0
    0
    0
    0
    0
    0
    0
    0
    0
    0
    0
    0
    0
    0
    0
    0
   33
   22
   25
   95
   18
   21
    0
    2
    0
  172
    1
    0
    0
    0
    2
    0
    0
    0
    8
    0
   12
    0
   22
    4
   76
    1
    0
   11
    0
  100
   13
    3
   20
    5
    0
   29
   25
    0
    0
    0
    0
    0
    0
    0
    0
    2
    0
    0
    0
   14
    0
    0
    0
    0
    0
    0
    0
    0
    0
    0
   13
   11
    0
    0
    0
    0
    0
    0
    0
    0
    0
    0
    0
    0
    0
    0
   10
    0
    0
    2
    4
    1
    2
    2
    0
    0
    0
    0
   35
   27
    0
    0
   10
    0
    0
    0
    0
    0
    0
   14
   79
   10
   33
    7
   35
   43
    1
    0
    0
    0
    3
    0
   10
    3
    2
   35
   19
    0
    0
    0
    0
    5
   48
   19
    8
   19
   10
    4
   32
   54
   23
    0
    0
    0
   40
   62
    3
    0
    0
    0
   14
    0
    0
   10
   10
    0
    0
    0
    0
   18
   64
   14
    2
    0
    0
    0
    0
    0
    0
    0
    0
    0
    0
    0
   30
   64
   27
    0
    2
    5
    1
    0
   30
  150
    8
   74
    0
    0
    0
   13
   60
   18
   13
   14
   33
   12
    0
    0
    0
    0
    0
   33
   18
    0
   35
  107
   98
    5
   57
   12
    3
   58
    0
    0
   14
    0
    0
   50
    0
    0
    0
    0
    0
    0
   90
    0
    1
   23
    2
    0
    0
    0
    0
   26
    0
   48
   40
    0
    0
    0
    1
    2
  175
    0
    8
    0
    0
   82
    0
    0
    0
    0
    0
    0
    0
    0
    0
   66
    0
    0
    0
    0
   11
    0
    0
    0
    0
    0
    0
    0
    0
    3
    0
    0
    0
   27
   52
    1
    0
   69
   54
    3
   55
    0
   37
    0
    4
   18
    3
    3
  258
   24
   42
    0
    0
    0
    0
    0
    2
    8
    0
    0
  105
    7
    0
    0
    0
    0
    0
    0
    0
    0
    0
    0
   70
    2
    0
    0
    0
    0
    0
    0
    0
    0
    0
  190
   12
    0
   35
    0
    0
    0
    0
    0
    0
   60
   18
    0
    0
    0
    0
    0
    0
    0
    0
   14
    0
  124
    0
    0
   90
    0
    0
    0
    0
    5
    0
    0
    0
    0
    0
    0
    0
    0
    0
   10
    5
  132
    0
    0
   53
   23
   50
   20
    0
  125
   96
   53
   16
   53
    0
    0
    0
    0
    0
    0
    0
    0
    0
    0
    0
    0
   55
    6
   12
   21
    0
    0
    0
   66
   45
   28
    8
   50
    5
    0
   15
   20
    0
    0
    0
   60
   10
    0
   15
   30
   40
    0
    5
    0
   60
   56
    0
   36
   92
   50
   20
    0
   23
    2
   42
    3
   23
   33
    5
    0
    0
    0
    2
    0
    0
    0
    0
    1
    0
    0
    0
    0
    7
   31
    0
    0
    0
    0
   56
   68
    0
    0
    0
    3
    0
    0
   13
   20
   13
   25
  184
    2
    0
    0
   17
    0
   24
    0
    0
    0
    0
    0
    0
    0
    0
    0
    0
    0
   12
   92
   11
   40
   22
    0
    0
    4
    0
    0
    0
    0
    0
   12
  100
    0
   30
  111
   56
    1
    0
    0
    0
    0
    0
    0
    7
    0
   24
    0
    0
    0
    0
    0
    0
    0
    0
    5
    0
    1
   74
   61
    0
    0
    0
    0
    0
    0
    0
    0
    0
    0
    2
    0
   63
    0
    0
    0
    0
    0
    0
    0
    0
    0
    0
    0
    0
    0
    0
  129
   17
    2
    0
    0
    0
    0
    0
    2
    2
    0
    0
    2
   70
    0
    0
    0
    0
    0
   43
   37
   72
   10
    0
    2
    0
   64
   25
   20
   52
    0
   13
    0
    0
    0
    0
  109
  106
    2
   17
    3
    0
    0
    3
    0
    0
   28
   33
    0
   11
    0
    0
   27
    2
   52
   12
    1
   40
   84
  141
   17
    0
   45
    0
   13
    0
   15
    0
   45
  220
    0
    0
    6
  187
    4
    6
   34
   23
   20
   58
   64
    0
   11
    0
    0
   38
   14
   31
    0
    0
    4
    0
    0
   18
   15
    0
   73
    0
    0
    0
  148
   52
    0
    0
    0
    0
    0
    0
    0
    0
    0
    0
   11
    0
    0
    0
   31
   52
   34
    4
    0
    0
    0
    0
  103
  106
   11
  136
    1
    0
    0
    0
    0
    0
   25
    0
    0
    0
    0
    6
    0
   14
   24
    0
   15
    0
    0
   56
    0
    0
    0
    0
    0
    0
    0
    0
  150
    0
    0
    0
   19
    6
    0
    1
   55
    0
   94
   23
    0
    0
    2
   40
   44
    1
    0
    4
    0
   29
    0
    6
    0
    0
    7
  100
  231
   16
    0
   15
   77
  132
  424
    7
   27
   84
   24
   41
   39
    0
    1
   24
  176
   50
    0
    0
    0
    0
    0
    0
    9
    6
    0
    0
    0
    0
    0
    0
    0
   24
   17
    4
    2
   53
    3
    6
   19
   32
   10
   27
   49
   16
   25
    8
    0
   56
   21
  127
  172
   93
    7
   20
   38
   72
   11
   12
   24
   36
   76
    8
    5
    0
    0
    0
    0
   30
  105
   15
   12
   50
    8
   99
   41
   28
    0
    0
    0
    2
   40
   31
    8
    0
    0
    0
    0
    2
    0
    0
    0
    0
    0
    0
    0
   15
   60
    0
    0
   35
    0
   51
   42
   24
    4
    0
   18
   36
    0
    0
    0
    0
    0
    0
    0
    0
    2
    4
   23
   41
    0
    0
    0
    4
   40
    0
    0
    0
    0
    0
    2
    0
    0
    0
    0
    0
    0
    0
    0
    0
    0
    0
    0
    0
    0
   32
    0
   49
    0
   17
    0
    1
   77
   30
    0
    0
    0
   19
   60
   44
   18
   21
    0
    0
    0
    0
   12
    0
   66
   18
   65
    0
    9
    0
    0
    0
   20
    8
  134
   99
   32
    0
    0
    0
    4
    0
    0
    0
    0
    0
    0
    0
    0
    0
    0
    0
   48
   55
    0
    0
    0
    0
   76
   36
    0
  106
   33
    0
    0
    2
    0
    0
   23
    0
    0
    0
    0
    0
    0
    0
    2
    0
    0
    0
   22
    0
    0
    0
    0
    9
    0
    0
    0
   59
   48
   65
    0
    0
   11
   17
  181
    2
    0
   42
    5
    7
   42
   70
    0
   68
    0
    0
    0
    0
    0
    5
   48
   29
    8
    0
    0
    0
    0
    0
    0
    0
    7
    0
    0
    0
    0
    0
    0
    6
   17
    0
    0
    0
    0
    0
    0
    0
    0
    0
    0
    0
    0
   14
    0
    0
    0
    0
    0
    0
    0
    0
    0
    0
    0
    0
    0
  161
    0
    8
    0
    0
    3
    0
  483
   23
   87
   81
    0
    0
    0
    0
    3
    0
    0
    0
    0
    9
    0
    0
    0
    0
    0
    0
  283
   31
   18
   19
    0
    0
    0
    0
    0
    0
    0
    0
    0
    0
    0
   38
    0
   21
    0
    0
    0
    3
   23
   10
   34
    0
   17
   15
   57
   14
    0
    7
   25
    0
    0
    0
   23
   17
   37
   18
   67
   27
    0
    0
    0
    0
    0
    0
    0
    0
    0
    0
    0
    0
    0
    0
    0
    0
    0
    0
    0
    0
    0
    2
   25
    0
    0
    0
   12
   57
   55
   62
    0
    0
    0
    0
    0
    0
    7
   25
    6
    0
   52
    8
    6
    0
    2
    7
    0
    0
   17
    0
    0
   12
    0
    0
    0
    3
    0
    0
    0
    5
    0
   30
   44
   41
    0
    0
    0
    0
    0
   48
   60
   80
    8
   24
   28
   13
    0
    0
   32
  128
   62
  112
   72
   99
    2
   13
    0
   26
   30
   73
   51
   78
   56
   17
    0
    0
    0
    0
    0
    0
    0
    0
    0
    0
    0
    0
    0
    0
    0
    0
   21
    0
   18
   28
   12
    8
    0
    0
    0
    0
    0
    0
    0
    0
    3
    0
    0
    0
    0
    0
    0
    0
    0
    0
    0
    0
    5
    0
    0
    0
    0
    0
    3
    0
    0
    0
    0
   29
   28
    0
    0
    0
    9
    0
   39
   52
    4
    0
    1
    8
    0
    0
    0
    0
   10
   18
    0
   16
    5
    0
    0
    0
    0
    0
    0
   13
    0
    0
    0
    0
    0
    0
    0
   38
   15
    2
    0
   10
    0
    0
   11
    0
    0
   14
    0
    0
    0
    0
    0
    0
    0
    0
    2
    0
    0
    0
    0
    0
    0
    0
   55
   54
    1
    0
   13
   13
    0
   68
    0
   77
   34
   37
    0
   11
    8
   14
    0
    0
    0
    0
    0
    0
    0
    5
    0
    0
   87
   41
    0
    0
    0
   27
    0
    0
    0
    0
    0
    0
    0
    0
    0
    0
    0
    0
    0
    0
    0
    0
    0
    6
  143
    0
    0
    0
   59
   22
    0
    0
    0
   22
    0
    6
    0
    0
    0
    0
    7
    0
    0
    6
    0
    0
  114
    4
   16
  151
    3
    0
    0
    0
    0
    0
    0
    0
    8
    0
   57
    0
    0
    7
   35
    0
   52
    0
    0
    0
    0
    0
    0
   19
    0
    0
   12
    0
    0
   23
    0
   10
    0
    0
    0
    0
   44
    0
    0
    0
    0
   56
    0
    0
    0
   12
    2
    0
    0
    0
    0
   12
    0
    0
   31
   45
   27
   53
    0
    0
   42
   10
    8
    6
    1
    0
    0
    0
    0
    0
    3
    0
    3
   48
  109
    0
    0
    0
    0
    0
    0
    0
    0
    0
    0
    0
    0
    9
    0
    0
    0
    8
    0
    0
    0
  100
    0
    0
    0
    2
    0
   23
   17
   18
    4
    0
    0
    4
    0
    0
   46
    7
  130
    9
    0
    0
    1
   14
    7
    0
   21
    1
    0
    0
   14
   27
    5
    0
    0
   52
   42
   25
   44
    2
    3
    0
    0
    0
    0
    0
    0
    0
    0
    0
    0
   18
    0
    0
    0
    0
   50
    0
    0
    0
    0
    1
   15
   31
    1
    0
   21
    3
    0
    0
    0
    0
    0
    0
    7
    0
    0
    0
   12
    0
   67
    0
    1
    0
   31
    0
    0
    0
    0
    4
    0
   16
   23
   38
   70
    0
   43
    0
    0
    4
    0
    0
    0
    0
    9
   26
   88
    6
    0
    0
    0
   56
   19
    2
    0
    0
   44
    0
   43
    0
    0
    0
   18
    0
    0
    0
   76
    4
    8
   23
    0
    0
   77
   68
    6
    0
    0
    0
    0
    0
    0
   53
   10
    0
    0
    0
   47
    0
   47
    0
   21
   25
   15
    3
    0
   22
   18
   10
   96
   24
   47
    0
    0
    0
    0
    0
    0
   14
  118
   16
   18
    0
    0
   12
   67
   33
   22
    0
    0
    0
  116
    0
    0
    0
    0
    0
    0
   83
    0
    0
   29
    1
    0
    0
   47
   46
    1
    0
    0
    0
    0
    0
    0
    0
    0
    0
    0
    0
    3
   44
    1
   16
    2
   31
    6
    0
    2
   11
    0
    0
  187
  103
   32
   11
  174
  370
    0
    0
    0
    0
    0
   40
   12
    0
    0
    6
    0
   17
    0
    0
    0
    0
   33
    0
   52
   61
    0
    0
    0
    1
    0
   36
    0
   15
   12
    0
    0
    0
    0
    3
  225
   81
    7
    0
    0
    0
    0
  130
    0
    0
    6
   41
    0
    0
    0
    0
   10
  175
  238
    0
    3
    0
    0
    0
    0
   17
    0
    0
    0
    9
    0
    0
    0
   33
   12
    0
    0
    0
    0
  265
   17
  167
    0
    0
    0
   31
  100
    0
   52
    2
    0
    0
    0
   17
    0
    3
    1
    0
    0
   14
   15
   35
    0
    0
    0
    0
   12
    0
   15
   40
   21
    3
   22
   64
    0
    0
    0
    0
   86
    0
    0
    0
    0
    0
    0
    0
    0
    0
    0
    0
    0
    0
   33
    0
    0
    0
    8
    0
    0
   22
   70
  118
   71
   74
    0
    0
    0
   17
   18
   18
    0
   85
    0
   24
    3
   13
    0
   13
    0
    0
    5
    8
    0
   42
    0
    9
    4
    0
    3
    7
    3
    6
    0
    0
    0
    3
    0
    0
    0
    0
   15
   75
    3
   29
    0
    0
    0
    0
    0
    0
    0
    3
   10
    4
   11
    9
   39
    5
   31
   28
    3
    0
    0
   30
   21
   19
    3
    0
    0
    5
    2
    0
    0
    0
    0
    0
    0
   10
    4
    0
    0
    0
    0
    0
   54
   19
    2
    0
    0
    8
    0
    1
    0
   55
   15
    0
    0
    0
    5
    3
    4
   13
    0
   10
    0
    6
    0
    6
    0
    0
    0
    0
    2
   14
    0
    7
    0
    0
    0
    0
    0
    0
    0
    0
    2
    0
    0
   89
    0
    3
    0
    0
   23
    0
   33
   12
    3
   28
  128
   22
    6
    5
   38
    6
   14
   13
    0
    0
    0
    0
    0
    0
   14
   25
    4
    0
    0
    0
    0
    0
    0
   38
    0
    0
    0
    0
    0
    0
    0
    6
    0
    0
    0
    0
    0
    0
    0
    0
    0
    2
    0
  132
  266
    0
    0
    0
   35
  115
   28
    0
   29
   16
   39
   20
    4
   38
   10
    0
    0
    6
   44
    0
   17
   94
    0
    0
    0
    0
    0
    0
    0
    0
    0
    0
    0
    0
    0
    0
    0
   36
    1
    0
    0
    3
   19
   30
    0
    0
    0
    0
    0
    0
    1
   13
   18
    0
   44
    0
   49
    0
    0
    8
    0
   56
   31
    0
    0
    0
   33
   94
   36
    1
    0
   49
    0
    0
    0
    6
    0
    0
    2
    0
   20
    0
    0
    0
    0
    0
    0
    0
    1
    0
    0
    0
    3
    0
    0
    0
    0
  525
  672
   61
   79
    0
    0
    0
    0
    4
    6
   24
    0
    0
    0
    0
   25
   13
    0
    0
    0
   26
    0
   53
   75
   58
   45
   60
    2
    0
    0
   66
   12
    0
   23
   22
  128
   17
    0
    0
    0
    0
    0
    0
   63
   42
   17
  156
   38
    0
    0
   63
   10
   10
   70
    0
    5
   16
  100
  163
   45
    0
    0
    0
    0
    0
    0
    0
    0
    0
    0
    0
   17
    0
    0
   12
    8
    3
    0
    0
   83
    0
   20
    7
    0
    0
    0
    0
    0
    3
    0
    0
    0
    0
    0
    0
    0
    0
    0
    0
    0
    0
    0
    3
    0
    0
    0
    0
    0
    0
    0
   21
    0
    0
   12
   32
  182
   53
    5
    0
    0
    0
    0
    0
   65
   32
    1
    0
   25
   33
   20
   35
   14
    0
    0
    0
    0
    0
    0
    0
   20
    0
   32
   17
   38
  103
  192
   28
    3
    0
    4
    6
    0
    0
    7
   10
   15
    0
   15
   65
   14
   22
   17
   70
    0
    0
    0
    0
    3
    0
   25
    7
    0
    0
   36
    0
    0
    4
   19
   38
   45
    0
    0
    0
    0
   35
    0
    0
    0
    0
   29
   80
   62
    0
   10
   49
    0
    0
    0
    0
    0
    8
    0
    0
    0
    0
    0
    1
    0
    0
   65
    0
    0
   13
    0
   60
   12
   55
   31
   30
   55
    0
   87
    0
    0
   58
   19
    0
    0
    2
    0
   19
    0
    1
    0
   55
  147
    5
    0
   20
    4
  179
    5
    8
  128
    0
    0
    0
    0
    3
    0
    0
    0
    0
    9
    0
    0
    0
    0
   64
   28
    9
    6
    0
    0
    0
    2
   60
    5
    0
    0
    3
    6
   36
    0
    0
    0
    0
   20
    0
    0
    0
    0
    0
   22
   60
    0
    0
   11
    0
    0
   17
    8
    0
  130
    0
    0
    0
    0
    0
    0
    0
    0
   17
  100
   65
   40
    0
    0
    0
   10
    9
    8
  100
    8
    0
    0
    0
    0
    0
    0
    0
   16
    0
    0
   90
   22
    0
    0
    4
    0
    0
    0
    0
    0
  172
   25
    0
    5
    0
    0
    0
    0
    0
   22
   10
    1
   26
    0
    0
   18
   15
   40
   27
   62
    0
    0
  120
    0
    0
   50
   26
    0
    0
    0
    0
    0
   18
  151
   13
    0
    0
    0
    0
    0
    0
    0
    0
    0
    0
   13
   15
   38
    0
    0
   23
    0
    0
    0
    0
    0
    0
    0
   39
   28
    0
    0
    0
   94
   17
    0
    0
    0
    0
    0
    3
    0
    0
   10
    0
  128
   46
  250
   65
   10
    0
    0
    8
    0
    0
    0
    0
    0
    0
    2
    0
    0
    0
    0
    0
    0
    0
    0
    0
    0
    0
    0
    0
    5
    0
    0
    0
    0
    0
    0
    0
    0
    0
    0
    0
    0
   35
   26
   22
    0
  102
   26
   23
   18
  126
   34
    0
    0
   26
   30
    7
  132
    0
    2
   64
    0
    2
    0
    0
    0
    2
    0
   10
    0
    4
    0
   23
   23
    0
    0
    0
    0
    1
   46
   10
   21
  114
  108
   15
   16
   60
   47
   52
   33
    0
    0
   40
    0
    0
   18
    0
    0
    0
    0
   15
   56
   34
   30
   42
   28
    0
   20
    1
   10
   18
    0
    0
    0
    0
    0
    0
    0
    0
    0
    0
    0
    0
    0
   22
    0
    6
    0
   10
   24
    3
    0
    0
   52
   56
   12
   43
   82
   65
  111
   10
    8
    0
    0
   13
   10
    9
    0
    0
    0
    2
    0
    0
    0
    0
    0
    0
    0
    0
    0
    0
    0
   30
    6
    3
   18
    7
    0
    0
    4
   35
   30
   48
    0
    0
    0
    0
    0
    0
    0
    0
   27
   62
    0
    0
    0
    0
    0
    0
    0
   15
    8
    7
   36
    0
   73
  248
  110
    0
    0
    0
   11
   17
  109
    7
    0
    0
    0
    0
    0
    0
    0
   24
   13
    5
    0
   32
  190
  228
    1
    4
   58
    0
    0
    0
    0
    0
    0
    0
    0
    0
    0
   33
    0
    0
    0
    0
    0
    0
    0
    0
    0
    0
    0
    0
    0
    0
    0
    0
    0
    0
    0
  133
    6
    0
    0
    0
    0
    9
    0
    0
    0
    0
    0
    0
    0
    4
    0
    0
    0
  154
    0
   53
   29
   31
    0
    0
    3
   26
    9
    2
    7
   17
   13
  100
  130
   29
   89
   60
    0
  193
    0
   76
   19
   11
   20
   43
    1
   37
   14
  108
    6
    0
   13
   30
    0
  230
   50
    0
    0
    0
    0
    0
   15
    0
   18
    0
    0
    0
    0
    3
    0
    0
    0
    0
    0
    0
   14
   61
    0
    0
    0
    0
    0
    0
   27
    0
  110
   12
    0
    9
    0
    0
    0
    0
   25
   15
  181
   39
    0
    0
    0
   71
    8
    0
    0
   25
   29
  130
    7
   25
   47
    5
    0
   88
    0
    0
    0
    0
    0
    0
    0
  156
    0
    0
    0
    0
   20
   10
    0
    0
    0
    0
    0
   89
    0
   11
    0
    0
  141
  237
    0
    0
    0
    0
  106
   19
    0
    0
    0
   23
   22
    0
    3
   33
   10
   26
    0
    0
    0
    0
    6
    0
    0
   77
   81
    0
    0
    0
    0
    0
    0
   65
  121
   26
    0
    0
    6
    0
    1
    0
    0
    0
  123
    0
    0
    0
   37
    0
    0
    9
   30
   37
  112
   21
    0
    0
    0
    0
   24
    0
   10
   40
    9
    0
    0
   10
    8
    0
    0
    3
   48
    0
    0
   15
    0
    0
    0
    0
  132
   10
  133
  165
   25
   23
   26
   16
    0
    5
   34
    0
    6
   10
   41
   14
    0
   17
   22
   98
   21
    0
    0
    0
    0
   26
    0
    0
    0
    0
    0
    0
    0
    0
   12
   32
   28
   32
   28
    0
    0
    8
   18
    3
   10
    0
    0
    0
    1
    1
    5
    9
    0
   28
   46
    0
    0
    0
    0
    0
    6
    9
   26
    9
    7
    0
   36
    4
  180
  148
  150
  120
    7
   47
    0
    0
    5
    0
    0
    0
    0
    0
   60
    0
   29
  133
    0
    0
    0
    0
    0
    0
    0
    0
    3
    5
    0
    0
    0
    0
    0
    0
    0
   10
    0
    0
    0
    0
    0
    3
    0
    0
    8
    0
    0
    0
    0
  520
   14
   31
  123
   22
    6
    0
    4
    3
    0
    0
    0
    0
    0
    0
    0
    0
    0
  122
    6
   59
    0
    0
    0
    0
  164
   39
   25
    6
   37
    3
    0
    8
   52
    0
   23
    0
    0
   32
    0
    0
    0
   43
    5
    0
    0
   25
    0
   15
   89
    1
    7
   61
    2
   57
    2
    0
    0
    2
    6
    0
    0
    0
   53
   12
    0
    0
  117
    0
    0
    0
    0
    0
    0
    0
    0
    1
   12
   14
    0
   20
    0
  131
  109
    8
   78
   29
   35
   45
   99
  211
   71
    2
    0
    0
    0
    0
   17
    0
    0
    0
    0
    0
    0
   10
  100
   58
    0
    0
    0
    0
    6
    7
    0
   21
   66
    6
   18
   30
    0
    2
    0
    0
    0
    0
    0
    0
    0
    0
    0
    0
    0
    0
    0
    0
    0
    0
    0
    0
    0
    0
    0
  131
    0
    4
   55
    2
    3
   38
   80
    0
    0
    0
   22
  389
   68
    0
    0
    0
    3
    0
   16
    0
   10
    0
   62
    2
    0
   12
   47
    4
   98
    0
   19
   37
    5
    8
   59
   80
   26
    0
    0
    0
  196
   21
    5
   19
    5
   10
    0
    0
    0
   43
   18
    6
    5
    5
    0
   47
   25
   80
   35
    0
    0
    4
   54
   25
   24
   68
    0
    4
    0
    0
   65
  108
    0
   13
   42
   35
   10
   90
   76
   45
   16
   25
  162
   12
    0
  102
   32
    0
  111
    0
    5
    0
    0
   31
    0
    0
    0
    5
    3
    0
   22
    0
    0
   10
   40
    0
   10
    4
   10
   14
   70
   10
    0
    0
    4
    0
    0
    0
    0
    0
    0
    0
    0
    0
    0
    0
    0
   14
    0
    0
    0
    0
    3
   45
   65
  250
    0
    0
    0
    0
    0
    0
    2
    0
   56
    0
    0
    0
    0
    0
    0
    0
    0
    0
    0
    0
    0
    0
    3
    0
    0
    0
    0
    0
    8
   31
    7
  110
    0
    0
    0
    0
    0
    0
    0
   73
    0
   10
    0
    1
    0
   81
    3
    9
    0
    0
    0
    0
    0
    0
    0
    0
   11
    0
    0
    0
    0
    0
    0
    0
    0
    0
   19
   48
    7
   34
   15
   28
    5
    0
    0
    0
    0
    0
    0
    0
    0
    0
    0
    0
    0
   11
    0
    6
   88
   10
   30
    0
    0
   49
  124
  116
   16
    0
    2
   68
  135
    0
    0
    0
    0
    0
    5
    3
    0
    0
    0
   46
    0
    4
    0
    0
    0
    0
    0
    0
    0
    0
    0
    0
    0
    0
    0
    0
    0
    0
    0
  108
  174
    6
   31
    6
  115
    0
   49
    0
   12
    5
    0
   18
   30
   12
    0
   15
   30
    2
   84
    0
    0
  250
   30
    0
   27
    0
    0
    0
    0
    0
    0
    0
    0
   29
    3
   12
    2
    0
    0
    0
    0
    0
    0
    0
   15
    0
    0
    0
    0
    0
    0
    0
    0
    0
    6
   76
   72
   18
   17
    0
    0
    0
    0
    0
    0
    0
    0
    0
   24
    8
    0
    0
    0
    0
    0
    9
    0
    0
    0
    0
    0
    0
   17
    0
    0
    0
   17
    1
    0
    0
    0
    0
    0
    0
    0
    0
    0
    0
    0
    2
    0
   10
    3
    0
    0
    0
    2
    0
    0
    0
    0
    0
    0
    0
    0
   47
   47
   78
    0
    0
    3
   16
   12
   60
    0
   23
    0
    3
    1
   12
    0
    0
    0
    0
   18
    0
    0
    0
    3
    0
    0
    0
    0
    0
    4
    9
    0
    0
    0
    0
    3
    0
    0
    3
    0
    0
    0
   35
   40
   12
    0
    0
    0
   39
    0
    2
    0
    0
    0
    6
    2
    0
    0
    0
    0
    0
   18
   43
   40
    7
    0
   61
   50
    5
    0
    0
   79
    0
    0
    8
    4
   35
    0
    0
    0
    0
    8
    0
    0
   37
    0
    0
   13
    0
    0
   70
   26
   12
    0
    7
   22
   27
    0
    1
    0
    4
   32
  139
  108
   27
   26
    1
   20
    7
    2
    0
    0
   52
    0
   35
   66
    4
   50
   88
   21
    2
   24
    0
   17
    2
    0
    6
   20
   81
    3
   32
    0
    0
    0
    0
    0
    0
   15
    3
    0
    0
    0
    0
    0
   30
    3
   10
    0
    0
    0
    0
    5
   14
    5
    0
    0
    0
    5
    0
    0
    0
    3
    0
    8
   44
   35
   32
   21
   10
    0
   20
    5
   27
    0
    9
    0
    0
   28
  239
   12
   30
    7
   36
    5
    8
  187
    0
   20
  160
   30
    3
   32
   76
    0
    0
    0
   63
    0
    0
    0
    0
    0
    0
    2
    0
    0
    0
    0
   39
    0
   24
   12
    0
    0
   26
    9
    0
   53
   38
    1
    0
    5
    6
    0
    0
    0
   31
    0
    7
    0
   60
   42
   25
    2
   41
    0
    0
    0
    0
    0
   10
    0
    0
   16
    0
    0
    0
   43
    5
    0
    0
    7
   94
    0
    3
    8
    1
    0
    0
    0
    0
    0
    0
    0
    0
  108
    4
    0
    0
    0
    0
    0
    0
    0
    0
    0
    0
    0
    0
    0
    0
    0
    0
    0
   15
    0
   77
   54
   23
    0
    0
    0
    0
    0
    0
    0
    0
    2
    0
    0
   86
  116
  277
  910
  310
    0
   30
    0
    0
    0
    0
    3
    0
    0
    0
    0
    0
    0
    0
    0
    0
    0
    0
    0
    0
    0
    0
    0
    0
    0
    0
  145
    0
    1
    0
    0
    0
    0
    0
    5
   77
    0
    0
    0
  159
   76
    0
    0
    0
   14
   48
   10
    0
    0
    0
    0
    0
    0
    0
    0
    0
    0
    4
    8
    0
    0
    0
    0
   72
    0
    5
    0
    0
    0
    0
    0
    0
    0
    0
   20
    0
    0
    0
    0
    0
    0
    0
    0
    0
    0
    1
   20
    0
    0
    0
    0
    0
    0
    0
    0
    0
    0
    2
    0
    0
    0
   35
    5
    5
    0
    0
    4
   18
    2
    0
   10
   51
   76
   50
   18
   17
    0
    4
    0
    0
    0
    0
   30
    0
    0
   49
   27
   22
    0
    0
    0
    0
    0
    7
    0
    0
    0
    0
   30
   70
   10
   97
   75
    0
    6
    5
    0
    0
    0
    6
    8
    0
   11
    0
   40
   11
   37
    0
   24
    8
   30
  144
    5
   25
    0
    0
    0
    2
    0
   23
   10
    5
    0
    0
    0
    0
   18
   38
    0
    0
    0
   68
    0
   32
   76
    1
   35
   16
   10
    0
    0
    0
    0
    0
    0
    0
    0
    0
    0
    0
   28
    0
   60
   39
    0
    0
    0
    0
    0
   12
    0
    0
    0
    4
    0
   18
    0
    0
    0
    0
    0
    0
    0
    0
    0
    0
    0
    0
    0
    0
    0
    0
    0
   11
   25
    0
    3
    0
    9
   65
  208
   33
   50
    0
    0
    0
    2
    0
   17
   15
    6
    0
    0
    0
   32
    0
    0
    0
    0
    0
    0
    0
    0
    0
    0
    1
   17
    0
   45
    0
    0
    6
    0
   56
    8
    8
    2
    0
   17
    2
   31
   25
   14
    0
   24
   14
    0
    0
    0
   13
    0
   21
   32
   29
    0
    4
    0
   38
    0
   72
    0
    0
    0
   64
   97
  100
   20
    9
    2
    0
    0
    0
    3
   11
    0
    0
    0
    0
    0
    0
   19
    0
   78
    5
   48
    8
   78
   22
    0
   26
    0
   34
   81
    3
   10
    0
    0
    0
    0
    0
    0
    0
   17
   22
   84
   27
   90
   55
   44
   11
    3
    0
    0
    0
    0
    0
   50
   32
    0
    0
    0
  110
    0
    0
    0
   61
    0
    0
    0
  295
  182
  100
    0
    0
    2
    0
    0
    0
    0
    0
    0
    0
    0
    0
    0
    8
    0
    0
    0
    0
    0
    0
    9
    0
    0
    6
   10
  131
    0
   13
   75
   14
   68
    0
    0
    0
   56
    0
    0
    0
    5
    0
   56
   26
   35
    0
    0
   38
   87
    0
    0
   16
    0
   77
    0
    0
    3
    0
   75
    2
   57
   46
    0
    2
    0
   15
    0
    0
    0
    0
    0
    7
    0
   67
    7
    0
   13
   23
    3
    0
    0
    0
    0
    0
    0
    0
    0
    0
    0
    0
    0
    0
    0
    0
    0
    0
    0
    0
    0
   16
    2
    8
    0
   12
    5
  327
    0
   16
   21
    0
    0
    0
    0
    0
    0
    0
    0
    0
    0
    0
    0
   15
   20
    6
    0
    0
   13
   10
   17
   14
   42
    0
   38
    2
    5
    0
    0
    0
    0
    5
    0
   12
    0
    5
   19
   13
   14
   15
   13
    0
    0
    0
    0
    7
   46
   16
    5
    0
    0
    0
    0
    0
    0
    0
    8
   19
    0
   12
   61
   25
    0
    0
   76
    3
   56
   73
   52
    0
    0
    5
   10
    0
   12
   21
    0
    0
    0
    0
    2
    0
    2
    0
    0
    0
    0
   65
    0
   45
   18
    0
    0
    0
    3
    4
    0
    0
    0
    0
    0
    0
    0
    8
    0
    0
    0
    0
   23
    0
    0
   53
   94
    0
   26
    0
    0
    0
    0
    0
   23
   52
   36
   23
   24
   23
   15
   27
    0
    0
    0
  102
    0
    0
    0
    5
   50
   16
   21
    0
    3
   20
    0
    0
    0
    0
    0
    0
    9
    0
   22
    0
   48
   16
  171
   19
   18
   15
   23
    0
    0
    0
    5
    0
   11
    0
   28
    0
    0
   60
    1
    0
    0
    0
    0
    0
    0
   64
  107
    0
    0
    0
    0
    0
   17
    0
   57
   19
    0
    0
    0
   31
   11
    0
    7
    0
   65
   60
   44
   64
   22
   75
    0
   99
    0
    0
   65
   35
    9
   66
    0
   36
   39
    4
   30
    0
    0
   54
    0
    0
    0
    0
   56
    0
   45
  125
    3
    0
    0
    0
    0
    0
  126
    0
    8
    8
   28
   39
   31
    0
    0
    0
   77
    0
   77
   45
    0
   18
    3
    0
    0
    0
    0
    0
    0
    0
    0
  150
    0
  174
    0
    0
   50
  290
   50
    0
   25
    0
    2
   61
    0
   58
    0
    0
    0
    0
    0
    0
    0
   18
    0
   65
   16
   15
   19
   30
   13
    0
    0
    0
    0
    0
    0
   12
   29
   31
    0
    0
    0
    0
   38
    3
    0
    0
    0
    0
    0
    0
    0
    0
    0
    0
    0
    0
    0
    0
   11
    5
    6
    0
    0
    7
   46
    0
   10
    2
   23
    0
    0
    0
    0
    0
    0
    0
    5
    0
    0
    0
    0
    0
    0
    8
    0
    0
   26
    6
   45
    2
   32
   38
    0
    0
   11
   17
    0
    1
    4
   14
   46
    0
  145
   31
   17
    0
    0
    0
    0
    7
    0
    0
    0
   13
    0
    3
    0
   26
    0
    0
    3
   13
   40
    4
   37
   10
   12
   60
   51
   81
   19
   59
    0
    0
    0
    0
   37
    0
   54
   77
    0
    0
    0
    0
    0
   36
    5
    0
    0
    0
    4
    0
   56
   23
  107
  119
   65
   34
   67
    0
   74
   36
    0
    0
    0
   42
    2
    6
    0
    0
    0
    0
    0
    0
   12
    0
    0
    0
    0
    8
   28
    0
   76
    1
    0
    0
    0
    0
    0
    0
    0
   66
   55
    9
    0
    0
    0
    0
    0
    0
    0
    0
    0
    0
    0
    4
   59
   80
    0
   24
    5
    3
    0
    0
    0
    3
    2
    0
    0
    0
    0
    0
   90
    0
   80
   60
    0
    0
    0
    0
    0
   20
  105
   16
    0
   75
   35
    0
    0
    2
    0
   51
   92
    5
   10
    0
    0
    0
    3
    0
    0
   29
    3
    0
   50
    0
   24
   25
    8
    0
    0
    0
    0
    0
    0
    0
    0
    0
    0
   50
   15
   36
    7
   15
    0
   18
    9
   20
    0
    0
   11
    0
    0
   27
    0
    0
   20
    0
    0
    1
   42
  176
  130
   33
    0
   16
   67
   57
   70
   90
   38
    0
    0
    0
   37
   55
    5
    0
    0
    0
    0
    0
    0
    0
    0
    0
    0
    0
    0
    0
    0
    0
    0
    0
    0
    0
    0
    0
   23
   27
  120
    0
   57
   50
   27
    0
    0
    0
    0
    0
    0
    0
    0
    0
    0
   33
   47
   30
   24
   15
    0
    0
    0
    0
   22
   52
    0
    0
   41
    0
    0
    0
    0
    0
   39
   16
   45
    0
    0
   56
    0
    0
   11
  131
   73
    0
    0
  117
   10
    0
   17
    0
    2
    1
   18
    1
    9
    2
   75
   25
    0
   40
    0
    0
    0
    0
    0
   72
    0
    0
   37
   50
   94
   11
    0
    0
    0
    0
    0
    0
    0
    0
    3
    0
    0
    0
    0
   10
    0
    0
    0
    9
   46
    0
    0
    0
    0
    0
    0
    0
    0
    0
    4
    0
   38
   63
   70
  295
    4
    0
    0
    0
    0
   18
   52
    0
    0
    0
    0
    0
    7
   49
   14
    0
    0
    0
    0
    0
    0
    0
    0
   11
    0
    4
    0
   48
   10
    0
    6
    3
    0
    6
   15
    0
    0
    0
    0
    0
    0
    0
    0
    0
   15
    0
    0
    3
    9
    0
    0
    8
    0
   34
   12
   45
   42
   52
   27
   11
    6
   15
   15
    0
   27
   61
  197
  340
  160
   47
  217
   90
    1
   41
   71
    0
    0
  100
   19
    0
   15
   40
    0
    0
   13
    0
    0
    0
    0
    0
    0
   20
  107
    0
   50
   10
    0
   76
   15
    0
    0
    0
    0
    0
    0
    0
    6
   10
   72
    0
   10
    0
    0
   36
    1
   69
    0
    0
   74
    0
   91
    0
    0
    0
    0
    0
    0
   41
   70
    0
   16
    0
    0
    0
    0
    0
    0
    0
    0
    0
    0
    0
    0
   19
   40
   27
   11
   10
    9
    0
    0
   60
   10
    6
    0
    7
    0
    9
    0
    0
    0
    1
    0
   29
   70
    0
    0
    0
  375
  123
   11
    3
    0
    0
    0
    6
    0
    0
   26
   25
   36
    0
    0
    0
    0
    0
    0
    0
    0
    3
    0
   40
  218
    2
    4
   35
    0
    0
    0
  156
    0
   42
    0
    0
   10
    0
    0
    0
    2
   30
    9
   80
    0
    0
    0
    0
   34
    0
   25
    5
   11
  126
   14
    5
   16
    2
    3
    5
   10
    0
    9
    6
   61
   20
   56
   57
    2
    6
   76
    0
   20
  124
    6
    8
   98
    0
    7
    2
    0
    0
    0
    0
    0
    5
    0
    0
    0
    0
  125
    0
    0
    0
    0
    0
    0
    0
    0
   24
  181
    0
    6
   73
   45
    3
    0
   24
   20
   42
    6
   16
  109
    5
  137
   46
   37
   76
   20
   27
    0
    0
   70
   62
    0
   78
   34
    2
    8
    6
    0
   94
    0
    0
    0
    0
   13
    0
    0
    0
    8
   20
   42
    0
    0
    0
    0
    0
    0
   22
    2
  116
    0
   30
    8
    2
    0
    0
   52
    0
    0
    0
   66
    4
    0
    0
   66
   73
   22
    0
    0
    0
    0
    0
    0
    0
    0
    0
    0
    0
   19
    0
    3
    0
    0
    0
    0
    2
    0
    0
    0
   66
    2
    1
    1
    0
   33
    4
    0
    0
    0
    0
    0
    0
    0
    0
   28
    7
    0
    1
    0
    0
    0
    0
    0
    8
    7
    0
   24
    6
    4
   37
   62
   55
  220
   76
    8
   15
    2
    0
   33
    0
    0
    0
    0
    0
    0
    0
    0
    0
    0
    2
    9
    0
    0
   22
    0
    0
    0
    0
    0
   76
   59
   85
   68
   80
   14
    8
    0
    0
    2
    6
    2
   12
   89
    0
    0
   68
    1
    0
   20
    3
    0
    3
    2
    0
    0
   47
    0
    0
    0
    0
    2
   18
    0
    0
    0
    0
   39
   32
   55
   18
   22
    0
   28
    0
    0
    3
   33
   52
    2
    0
    2
    3
    0
   14
   11
   18
   16
   79
    6
    0
    0
    0
   30
   65
   63
    3
   10
   14
   65
   17
  107
   13
    7
   31
   25
   36
    7
    0
    5
    1
   34
   26
    7
    2
   42
   68
    0
   20
    0
   52
   12
    4
    6
    0
   38
   64
   60
    4
   44
   88
   20
   40
    9
    0
    0
   23
   22
    0
    0
    0
    0
    0
    0
    5
    3
    0
    0
    0
    0
    0
    0
    0
    0
    4
    0
   18
    0
    0
    0
    0
    0
    0
    0
    0
    0
    0
    0
   32
   51
    0
    0
    0
    0
    0
    0
    0
    0
    0
    0
    0
    0
    0
    9
   27
    2
   15
    0
    0
    0
    0
    0
    0
   10
    0
   52
   27
    3
    0
    0
    0
   47
   36
  169
    2
    2
   24
   30
   37
    0
    0
    0
    0
    0
    0
    0
    0
    0
    0
   34
    9
    5
    2
   57
   20
    0
   11
    3
    2
    0
   17
    2
   31
    0
    2
   45
   22
    0
   49
    0
   37
    0
   52
   41
   24
   52
    0
    1
    2
    0
    0
  108
    0
    9
   23
    0
   43
    0
    0
    0
   26
   60
    0
    0
    0
    0
    0
    0
    0
    9
    0
    0
    0
    0
    0
    0
    0
   73
    0
    0
    0
    0
    0
   54
   60
    0
    0
  135
   36
    0
    6
  112
    0
    3
  102
    0
    0
    0
    0
    0
   11
   16
    0
    2
    0
   14
   11
    2
    4
    0
    0
    0
   33
   82
   17
    1
    0
    0
    0
    0
    0
    0
    0
    0
    4
   21
    0
    0
    9
    0
    6
   21
    8
    1
    6
    2
    1
    3
    0
   12
    2
    0
    0
   22
    2
    0
   11
    0
    4
    4
   16
    3
   46
    2
    0
    0
    0
    3
    0
    0
    0
    0
    0
   73
   57
   15
    2
    0
   59
   24
    5
    0
    0
   18
   53
    4
    3
    4
   22
   36
  152
   35
   27
   25
  121
    1
   52
    3
   86
    4
   24
  109
   20
    6
    0
    0
    0
   20
  142
  264
    8
    7
    0
   61
    0
    3
    0
    0
    0
    0
    2
    1
   45
    2
    0
    1
   17
    6
   49
   28
    0
   30
    0
    8
    0
    0
    0
    0
    2
    0
    0
    0
    0
    1
    0
    0
    0
    0
    0
    0
    0
    0
    0
    1
    0
    0
    0
   24
    0
    0
    0
    0
    0
    0
   56
   15
   14
   37
   13
    9
   31
   50
   61
    0
    0
    2
    0
   18
    2
   13
   37
    0
    7
    0
    9
    0
    0
    0
    4
    0
    0
   44
    0
    7
    3
   26
   44
   13
    0
    0
    0
    5
   11
    4
  112
    0
    0
    0
    0
    0
    0
    0
    0
    0
    0
    0
   15
    0
    0
   34
   18
    0
    0
    0
    0
    0
    2
   36
    8
    0
    6
    0
  203
  176
    0
    0
    0
   17
   55
   49
    2
    0
    0
    0
    0
    0
    4
    0
    0
    0
    0
   72
   26
   20
    0
    0
    0
    0
    0
    0
    0
    0
    0
    0
    0
    0
    0
    0
    0
    0
    1
   26
    0
    0
   38
   17
   10
   30
    0
   24
    0
    9
    0
   14
    0
    0
    0
    0
    0
    0
    0
    0
    0
    0
    0
    0
    5
    0
    0
   24
    0
    0
   20
    4
  154
    3
    0
    0
    0
    0
    3
   10
    0
    0
    0
    0
   44
    9
    0
    4
   41
    0
    0
    0
    0
   54
   38
  123
    5
   10
    0
    0
   19
   71
    0
   15
   39
    0
    0
    6
  112
    0
    0
    0
    3
   16
    0
    2
    0
    0
    0
    0
    0
    0
    0
   25
    0
    0
   21
    0
   36
   87
   66
    0
    0
    0
    0
   29
    0
    0
    0
    0
    0
    0
    0
    0
    0
    0
   75
   76
   54
    0
    0
   15
    0
    0
    0
    0
    0
    0
   37
    0
    0
    1
   19
    0
    8
    0
    0
    0
   37
   78
    9
    7
   31
   10
   16
    8
    4
   20
    0
    0
    0
    0
    8
    0
    0
    0
    0
    0
    0
    0
    0
   13
  185
    2
  220
    6
   31
   18
    0
  242
  146
   14
    0
    0
    0
    0
    0
    0
    0
    0
    0
    0
    0
    0
   47
   85
   22
    7
   28
   83
   32
    0
    0
    0
    0
    0
    0
    4
    0
    2
    0
   20
   16
    0
    2
   45
   78
    4
   50
   16
    0
    0
    4
   46
    0
  145
    0
    5
    0
    0
    0
    0
    0
    0
    0
    0
    0
    0
    6
    0
    0
    0
    5
    7
    6
    2
    0
    0
    0
    0
    0
    3
    0
    0
    0
    8
    0
   27
    9
   51
    0
    0
    0
    0
    0
    0
    0
    7
   37
    0
    0
    0
    0
    4
    1
   43
    0
    1
   82
   27
  124
    2
    0
    7
    0
    0
    0
    0
    0
    0
    0
   36
   26
   87
   17
    0
   15
    0
    0
   39
    0
    1
   25
   44
    0
    0
    0
    0
    0
    0
    0
    0
    0
   14
    0
   37
    0
    7
    4
    0
    0
   20
    0
    0
    0
    0
    0
   76
    3
    0
    0
    0
    0
    0
   24
   39
    1
    0
   76
    4
    2
    0
    5
   15
    0
    5
    0
   23
   48
   61
    1
   37
    0
    0
    0
    0
    0
    0
    0
    0
    0
    0
   15
    0
    0
    0
   80
    0
    0
    0
    3
   19
    0
    0
    0
    0
    0
    7
    0
    0
    0
    0
    0
    0
    0
    0
    0
   68
    2
   14
    0
    0
   16
  222
   37
  380
    2
    0
   14
    0
    0
    0
    0
    3
    0
  304
   11
   16
   70
    0
    0
    0
   14
    5
   52
   68
    0
    0
   30
    0
   14
    5
    0
    7
   32
   40
    1
    0
    0
    0
    0
   32
    3
    0
    2
    0
    0
    0
    0
    0
    0
    0
    0
    0
    0
    0
    0
    0
    0
    0
    0
   44
    6
    0
    0
    5
   13
    0
   34
    0
    0
    0
   62
    0
   68
   28
  100
   98
    2
    5
    0
    0
    0
    0
    0
    0
   26
  129
   67
   71
    2
   26
    6
    4
    2
   12
   32
   51
   60
    2
    0
    0
    0
    0
   20
    0
   22
    0
   51
    4
    2
   53
   13
    0
    5
    0
   10
    6
    3
    0
    0
   26
    1
    0
    0
    2
    0
    0
    0
    0
    0
    0
    0
    0
    0
   25
    0
    0
    0
    0
    0
    0
    0
    0
    0
   28
   52
   60
    3
    9
   30
   27
   27
    3
    5
    0
    0
    0
    1
    2
    9
    4
    6
    4
    3
  368
   26
   57
   43
    3
   65
   48
    0
    4
   16
    0
    0
   52
    2
    0
    0
    9
   57
    0
    0
    0
    0
    0
   18
   74
   36
    3
    0
    1
    2
    0
    0
    4
   30
    9
    1
    0
    0
    0
    9
    8
    0
   44
    0
   11
    2
   70
   24
   22
    0
    0
    0
    0
    1
   36
   18
   14
    0
    0
    0
    0
    0
    0
    0
    0
    9
    1
    0
    4
    0
    1
    0
    0
    0
    0
    0
    0
    0
    0
    3
    1
    0
    2
   11
    9
   63
    0
    5
    6
    2
   32
    0
    0
    0
    0
    0
    0
    8
    1
    0
    0
    0
    0
    0
    0
    0
    0
    0
    0
    1
    0
    0
    0
    0
    0
    0
    0
    0
  102
    0
    0
    0
  130
   28
   24
    4
    0
    3
    0
    0
    0
    8
    0
    0
    0
   24
    0
    0
   78
    0
    0
    1
   21
    0
    0
    0
    0
    0
    0
    0
    9
   51
    3
  105
    8
    2
    3
   11
    1
   34
    1
    0
    0
    3
   98
    6
    4
    0
    0
    0
   19
    0
    0
   35
   24
   91
    1
    0
   40
   88
    0
    7
    0
    0
    0
    0
    0
   41
   17
   42
    5
    0
    0
    0
    0
    0
    0
    0
   19
    2
    0
    0
   37
   17
    6
    3
   17
    5
   41
    0
    3
   22
  393
    3
    6
   25
    0
   85
    1
   53
   19
   23
   54
  183
    0
    0
    0
    0
    0
    0
    0
    0
    0
    0
    4
    0
    0
    0
   34
   25
    0
    0
    0
    0
    0
    0
    0
    0
    0
   40
    0
    1
    0
    0
    0
    0
    0
  123
   54
    1
    0
    0
    0
   76
    4
    0
   11
    8
   24
    0
    0
    0
    9
   38
    1
    0
   23
    0
    0
    0
    0
    0
    0
    0
    0
   16
    0
    0
    0
    0
    0
    0
    4
    0
    0
    0
    0
    0
    0
    0
    0
    0
    0
   35
   36
    0
    1
    0
    0
   29
    0
    0
    0
    0
    0
    0
    2
   16
   17
   45
    0
    0
    0
    0
    0
    0
    0
    0
    0
    6
   24
    0
    0
    7
   65
    0
    9
    0
    0
   22
    0
   57
    0
    0
    0
    0
    0
    0
    0
    0
   10
   45
   11
   25
   54
  159
   24
   18
    3
   91
    0
   24
    2
    0
   21
   18
    4
    0
    0
    0
   10
   23
    0
    0
    0
    4
    1
    1
    0
    0
    1
    2
   26
    3
    2
    2
    4
    0
    0
    0
    0
    0
    0
    0
    0
   38
   27
  187
    1
   34
   71
    8
   67
    2
  119
    9
    0
    6
    0
    0
    0
    0
    0
   19
  143
   29
    0
    0
   47
    0
    0
    8
    7
   43
    0
   14
    0
  144
   92
    1
    0
    0
    0
    0
    0
   14
    0
    0
    3
    0
    3
    0
    0
   18
    7
   91
   35
    0
    0
    0
   25
    0
    4
   31
   29
   18
    4
    8
    4
   25
    0
   24
   44
    7
    0
    0
    0
    0
    0
    0
    0
   25
    7
    0
    0
   73
    0
    0
    0
   39
   22
   53
  170
   43
    4
    1
    0
    0
    2
   16
   37
   51
    0
  137
   28
    9
   38
   54
    5
    0
    0
   38
    0
   11
    0
    0
    0
    0
    0
    0
    0
    0
    0
    4
    3
    0
   29
    6
   27
    2
    0
    0
    0
    1
    0
    0
    0
   21
   26
    9
    0
    1
    4
    0
    0
    0
    0
    7
   15
   53
   21
   25
    0
    0
    0
    0
    0
    0
    0
    0
    0
    0
   12
    0
    0
    0
    0
    0
    0
    0
    0
    0
    0
    0
   33
    0
    0
    0
    4
   60
    4
    0
   31
    0
    0
    0
    2
    0
    0
  125
    0
    0
    0
    0
    0
    0
    2
    0
    0
    0
    0
    0
    0
    0
    0
   51
  332
   57
    1
    0
    0
   15
   25
   11
    3
   47
    0
    0
   18
    0
    0
    0
  197
    6
    0
    0
   36
    0
   33
    0
    0
    0
    0
    0
    0
    0
    0
    0
    0
    0
    0
    0
    0
    0
    0
   30
   26
   10
    0
   16
    0
    4
   27
    0
    0
    9
   31
    0
    0
    0
    0
    6
   13
  187
   10
    9
    0
  110
   61
    0
   22
    2
    0
    0
    3
    0
    0
   51
    1
    0
    0
    0
    0
    0
    0
    0
   25
   57
    1
    1
    0
    0
    0
    0
    0
    0
    0
   71
   52
    2
    8
    0
    4
    0
   20
    0
    0
    0
   34
    1
    0
    0
    0
    0
    1
  126
    9
   28
  164
   76
   24
   68
   30
    0
    0
    0
   32
    0
   11
    4
    0
   12
    0
    1
    4
   64
    2
   21
   28
    6
    0
   21
   14
   18
    1
   43
   14
   30
    5
   50
   26
    6
   20
    0
    0
    0
   47
    3
   19
    1
    0
    0
    0
    3
    9
  156
   35
   76
    1
    0
    0
    0
    0
    3
   72
    7
    0
    0
    0
    0
    1
    0
    0
    0
    1
    0
    0
    0
    0
    0
   13
  125
   25
   11
    4
    0
   58
  106
    2
    2
    0
    0
    9
    1
    0
   39
   12
  132
    2
   32
   33
   28
    9
   25
    0
    0
    0
    0
    0
    0
    0
   35
   30
    1
    0
    0
    0
    2
    1
    0
    0
    0
   34
   30
    5
   24
   57
   17
   48
    1
   30
   13
    0
    3
    0
    0
    0
    5
    0
    9
    6
    0
    0
    0
    0
    0
    0
    0
    2
    0
    8
   16
    9
    0
    0
    0
   37
   15
    0
   11
    7
    7
    0
    0
    0
    0
    0
    0
    0
    0
   20
   19
   68
    3
    0
    0
    0
    0
    0
    2
    0
    0
    4
  148
   44
    0
    0
    0
    0
    0
    0
    0
    0
    0
    0
    0
    0
    1
    0
    0
   17
    3
    0
    0
    0
    0
    0
    0
    1
  127
    0
    0
    0
    0
    0
    3
  489
   47
    3
    0
    0
   93
   57
   41
    0
    4
    0
    0
   20
   47
    0
    0
   53
    0
    0
    0
   37
  203
   55
    0
    3
   14
   24
   18
   16
    5
    0
    0
    0
   44
    6
    0
    1
   62
   41
    0
    0
    0
    0
    0
    0
  221
    1
   11
    0
    0
  109
  109
    3
   27
   74
   80
   56
    6
  143
  100
    0
    3
   31
   42
    0
   86
   30
  102
   51
    0
    0
   77
    0
    0
   31
   13
   23
    0
    0
   11
   29
   47
    0
    5
    0
    0
    0
   91
    0
    0
    0
    4
    0
  153
    0
    0
    0
    0
    0
    0
    0
  104
   19
    4
   43
  104
   56
   20
    0
    0
   78
    1
   24
   76
   71
   31
    0
   21
   27
   14
    0
    0
    0
    0
    0
    0
    0
    2
    0
    0
    0
    0
    0
    0
   12
    0
    0
    0
   13
    0
   19
    0
   47
    2
    0
    5
    0
    6
    0
    0
    0
    0
    1
    1
   33
   63
   78
    0
    0
    0
    0
    0
    0
    0
    0
    1
    3
    3
    1
   66
   21
   14
    2
    0
    3
    0
    6
  115
   72
    1
    2
    0
   29
    7
   12
  112
    0
    0
    0
    0
    0
   30
    1
    0
    0
   35
    0
    2
    0
    0
   32
   60
    4
   88
    4
   28
   93
   14
    0
    4
    0
    9
   61
   92
  141
   22
   35
    6
   36
   33
    0
    0
   30
    6
   41
    0
   58
  125
    1
   29
    0
    0
    2
    0
    4
    8
   53
   13
    1
    0
    6
    3
    0
    0
    0
    0
    0
   31
    2
   57
   74
   38
   22
   11
   28
    5
    4
    4
    0
    0
    0
    0
   15
   48
    3
    5
    8
    2
    0
    0
    0
    0
    0
    0
    0
    0
   15
   66
   27
   31
    2
    1
    0
    3
   25
   24
   71
    1
    9
    0
   46
    1
    0
    0
    0
   75
   85
   88
  276
   32
   27
   47
   61
    6
    0
   33
   41
   38
   55
   16
    0
    0
    7
    0
    4
    4
    0
    0
   37
    0
    0
    0
    9
    3
   49
  108
  374
   44
   30
    0
    2
    4
    0
    0
    0
    0
    0
    0
    0
    0
    0
    0
    0
    0
  112
    0
    0
    0
   30
    7
    0
    0
    0
    0
    0
    0
    2
    0
    7
    5
    2
    0
    0
  340
   38
   17
    3
   64
   80
   23
   18
   51
    0
    0
    0
    0
    0
   46
    3
   14
   52
    0
    0
    0
    0
    0
    0
    0
    0
    0
    0
   43
    0
    0
    0
    0
    0
    0
    0
    0
    0
    0
    0
    0
    1
    0
    0
    0
    0
   72
   44
    0
  208
    3
    0
    0
    0
    0
    0
    0
    0
    0
    0
    0
    0
    0
    0
    0
    0
    0
    0
    0
    0
    0
    0
    0
    0
   46
    0
    0
    0
    8
    0
   92
   36
    0
   94
  208
   39
   50
    5
    0
    0
   69
  157
    5
    0
    0
    0
   34
  134
  238
    0
    0
   66
    0
    0
  398
    0
   35
    0
    0
   55
   11
    2
  211
    0
  104
    0
    0
    6
   48
   17
    2
    2
   11
    3
    0
    0
    0
    0
    0
    0
    0
    0
    0
    0
    0
   20
    4
   77
    0
   14
    0
    1
    1
    5
    0
    0
    0
    0
    0
    0
    0
    0
    0
    0
    0
    0
    1
   15
    0
    6
    0
    0
    0
   62
   69
   31
    0
    0
    0
    0
    0
    1
    1
    2
    0
    0
    0
    0
    5
  102
   67
   17
  118
    4
   20
    0
    0
    1
    0
    8
   53
   21
    4
    5
    1
    0
    0
    3
   11
    6
   15
    1
    0
   42
   19
   46
    0
   57
   95
    3
    0
    9
    0
    0
    0
    0
    0
    0
    0
    0
    0
   38
   59
   37
   10
    4
   21
   26
    8
   10
    0
    0
    0
    2
    2
   50
    9
   22
    3
    0
    7
    1
    0
    0
   23
   44
   21
   61
   29
    4
    1
   12
   13
   66
    6
   47
   48
    0
    7
   39
    0
   22
    0
    4
    0
   95
    3
   35
   14
    2
   26
    4
   38
   15
    1
   22
   45
    4
   29
    1
    0
   12
   34
    1
   13
    0
    8
   17
    3
    0
    4
    3
    1
    0
    0
    0
    0
    0
    0
    0
   10
    9
   35
    4
    1
    9
    1
    3
    0
    0
   26
   28
   32
   44
   63
    1
   48
   47
    0
    0
   20
    1
    1
    9
    3
   23
   78
   45
   28
    1
    0
   74
   22
  153
   43
   68
    1
    0
    0
    0
    0
   16
   64
    1
    0
    0
    0
    0
    0
    0
    0
    0
    0
    0
   14
   92
   19
    1
   20
  223
    0
    0
    2
   28
   95
    0
    0
    0
    0
    0
    0
    0
    0
    0
    0
   42
  133
   32
  287
   58
    0
    0
    0
    0
    8
   18
   16
    2
   44
   58
   75
   39
   22
    7
   49
    4
    0
    0
  108
   42
    5
   22
    0
    0
    0
    0
    0
    0
    0
  164
    0
    0
    0
    0
    0
    0
    0
    0
    0
    0
    8
    2
    3
    1
    0
   21
    0
    0
    0
  116
    0
    0
    0
    0
    0
    0
    0
    0
    0
    0
    0
    0
    0
    0
    0
    0
    0
    0
    0
    0
    0
   46
   21
    0
    0
    0
    0
   75
   54
    0
    0
    0
    0
    0
    7
   66
   65
    4
    5
  436
   94
    1
    0
    0
    0
    0
    5
   24
    0
    1
    0
    0
    2
    0
    0
    0
    0
    0
  152
   76
    2
    0
    0
    0
    0
  119
   80
   22
    8
   36
   13
    0
    0
    0
    0
    0
    0
    0
    0
    0
    0
    0
    0
    0
    0
    0
    0
    3
    0
    9
    0
    0
    0
    0
    2
    0
   13
   35
   27
    1
    6
   92
   65
   74
   26
    0
  162
   22
   24
    5
    0
    0
    0
    0
    5
   45
   68
   17
   35
   58
    0
    0
    0
    0
    0
    0
    0
    0
    8
    3
    1
    0
    0
    2
    6
    8
    1
   25
    0
    0
    5
   32
    6
    1
    0
    0
    0
    0
   14
    3
   52
    0
  104
   63
   16
    2
    2
    0
    0
    0
    0
    0
    0
    0
    5
    0
    0
    0
    0
    0
    0
    0
    0
    0
    0
    0
    0
    1
    0
    0
    0
    0
    0
    0
    0
    0
    0
   14
    1
    0
    0
    0
    0
    0
    2
    8
    5
    7
    0
    0
    0
    0
    0
    5
    4
    7
    8
   16
   35
   21
   62
    0
    6
    8
    3
    0
    0
    0
    0
    0
    0
    0
    6
    3
    1
    1
    0
   24
    0
    0
    0
    4
    9
    1
    2
    0
    0
    0
    0
    0
    0
    0
    0
    0
   43
    7
    0
   48
    0
    0
   26
   25
    6
    1
    0
   50
    0
    0
    0
    0
    0
    6
    4
   66
    3
    8
    0
    0
    0
    0
    0
    0
    0
    0
    0
    2
   24
    0
    0
    0
    4
    5
    2
    0
   76
   13
   31
    0
    0
    0
   16
   83
    1
    1
    8
    0
    0
   63
   22
   77
   49
  175
    4
    9
    6
   10
    1
   25
    9
   25
    0
    0
    0
    0
    2
   17
   92
    0
    0
    0
    0
    0
   18
    0
    0
    0
    0
    0
    0
    0
    0
    0
    0
   10
    3
    4
    1
    0
    0
    0
    0
    0
   87
   37
   41
    2
    0
    2
  261
   54
   27
  261
    1
   13
   63
    9
    0
    0
    0
    0
    0
   45
    0
    0
    0
    0
   71
  370
    7
    0
    0
    0
    2
   18
    0
    0
    0
    0
    0
    0
    0
    1
    0
    0
    0
   35
   69
   45
    1
   21
   35
    0
    0
    0
    0
    0
    0
    0
    3
   14
    0
    0
   48
    0
    0
    8
    0
    0
    0
    0
   23
  150
    6
    1
   14
    4
    2
   15
  134
   15
   34
    1
   20
    1
    0
    2
   50
    0
    0
   85
   49
    0
   15
    5
    4
    0
   33
   21
    0
    5
   26
    4
    0
    0
    0
    9
    0
    0
    0
    0
    0
  125
   42
    1
    5
    3
   91
    4
    2
    1
    0
    0
   18
    0
   17
   12
   28
   11
    9
   22
    0
    3
    1
  116
   10
    0
    3
    0
    0
   56
    1
   14
    1
    1
   39
    4
    5
    3
    0
    0
    4
   35
   34
   29
   19
   40
   21
   37
   31
    2
    0
    0
    0
    0
    0
    0
    0
    0
    1
   51
    0
   31
    1
    4
   38
  140
    6
    0
    0
    0
    0
    3
    3
    0
    0
    7
    0
    0
    0
    0
    0
   20
    0
    2
    0
    1
    0
    5
    2
    0
    0
    0
    0
    0
    0
    8
   32
    7
    0
   10
    8
   22
    2
    0
    0
    8
    3
    3
    8
    0
    0
    0
   32
   51
    0
    4
    1
    0
    9
   54
   63
   30
    0
   13
    0
    0
  124
   32
    0
    6
    0
    0
    0
   81
   54
    0
    0
    0
    0
    0
    0
    0
    0
    0
    0
    0
    0
    0
    0
    0
   11
   39
   60
    2
   29
  103
    6
    4
    4
    4
    0
    0
   12
   36
   32
   31
    0
    0
    0
    0
   42
    5
  116
    3
    0
    0
    0
    0
   51
    2
    0
   53
    7
    2
    0
   16
    3
    0
    0
    0
    0
    0
    7
    4
    7
   19
   62
    2
    0
    0
    0
    4
   49
   60
    0
    0
    2
    4
    0
    0
    0
   31
    0
    0
    0
    0
    0
   11
    5
   15
   70
   11
    0
   19
  113
    4
    3
    0
    0
    0
    0
    0
    0
    0
    0
    0
    0
    0
    0
    0
    0
    9
  209
    3
    3
    0
   11
    0
   90
   65
    0
    6
   20
    4
   14
    3
    0
    0
   78
    0
    0
    0
   34
    0
    0
    0
    0
    0
    7
    0
    0
    0
    0
   11
   46
   44
  115
   41
  325
   35
    0
  182
    0
  186
    5
    0
    0
    5
    0
   44
    3
    0
    0
    0
    0
    0
    0
    0
    0
    0
    0
    0
    0
    0
   19
    0
    0
    0
    0
    0
    0
    0
    0
   23
    0
    0
    0
   62
   82
    0
    0
    0
    0
   38
    2
  241
    9
    0
    0
    3
    0
    0
  112
   36
    0
    0
    0
    0
    0
    0
    0
    0
    0
    0
    0
    0
    0
    0
    0
    7
    4
   36
   43
    0
    0
    0
    0
    2
   27
   55
   80
   58
   25
   31
   97
   52
    2
    0
    0
    0
    3
    0
    0
    3
   14
   64
    0
    0
    0
    0
    0
    1
    0
    3
    2
    0
    0
    9
    2
   22
    3
    0
    0
    0
    0
    0
  141
    3
    1
    0
    0
    0
   29
    2
    0
    0
    0
    0
    0
   12
    0
    3
   14
  131
   46
    6
    3
   47
   26
    0
    6
   35
   23
   34
   48
   49
    1
    0
    0
    0
   18
   52
    2
    0
    0
   91
   27
    3
   23
    6
    0
    1
    2
    0
    5
   26
    6
   42
   35
   13
   19
    1
    0
    0
    0
    0
    0
    6
   59
    1
    0
   90
   18
   19
    3
    9
   29
    0
    0
    0
   21
    5
   15
    0
    0
    8
    0
    0
    0
    0
    6
    2
    0
    0
    0
    0
    0
    0
    0
   48
    0
    0
    0
    0
    4
   76
    4
   36
    4
    0
    0
   58
    5
   22
   87
   38
   29
  141
   48
   55
    0
    0
    0
    8
    0
    4
   19
  162
   37
    9
    8
    0
    0
    2
    0
    0
    0
    0
    0
    0
    0
    0
    0
   58
    4
   14
    3
    0
    4
   18
   98
    3
    0
   36
   22
    0
    0
    0
    0
    0
    0
    0
    2
   48
    0
    0
   12
    7
    2
    0
    0
    0
    0
    0
   16
    2
   10
    2
   13
    0
    0
    0
    0
    0
    0
    0
    0
    0
    0
    0
    0
    0
   17
   52
    9
    1
    3
   46
    2
    0
   10
    2
   52
    0
   12
   57
    2
    0
    0
    0
   25
    0
    0
   27
    3
  246
    0
    0
    0
    4
   33
    2
    0
    0
   61
   18
   42
   28
    2
    0
    0
    0
    0
   14
    0
    0
   27
   35
   29
    2
    0
   92
   37
   26
   77
   33
   27
    0
    0
    8
    2
    0
    0
    0
   17
    3
   18
   13
    3
    0
   37
  117
   17
    2
    0
    0
   50
    2
    5
    0
    0
    0
    0
    0
    0
    0
   86
    0
    0
    0
    0
    0
    0
    0
    0
   51
   38
   39
   27
   22
  234
   22
  106
   14
   24
   38
    2
    0
   54
    2
   70
    2
    0
    0
    4
   54
   17
  112
    0
  121
  117
  218
   53
    2
    0
    0
    0
    1
    1
    1
    0
    0
    2
    0
    0
    0
   77
   21
    9
    2
    0
    0
   13
   18
    2
   32
   28
   53
    7
   35
    0
    0
   38
    0
    4
   14
    2
    0
   14
  103
   24
    8
   34
  110
   26
   89
  120
  143
   37
    7
   29
    2
   14
    0
   69
   52
   30
   21
    0
    3
   56
    2
   11
    6
    0
    0
    1
    0
    0
    0
    0
    0
    2
    9
    0
    4
    0
    1
    0
    0
   11
   28
    9
    2
    0
    0
    0
    1
   39
   44
   49
   36
    2
    0
   27
    2
    1
    0
    3
    0
    4
    3
    0
    0
   12
    0
    0
    0
    0
    6
   41
    9
    0
    0
    9
   43
    8
    0
   27
    2
   20
   31
    6
    3
    0
    0
    0
    0
   11
   19
    0
    0
   36
    9
   26
   17
   22
    3
   11
    5
    3
   54
   20
   35
   28
   47
    7
    4
    0
    0
    0
   12
    0
    3
   38
   13
    5
   76
   16
   45
   18
    4
   46
    7
    4
    3
    0
   46
  105
    0
    0
   25
   12
    0
    0
   12
   41
    0
    0
    0
    0
    0
    0
    0
    0
    0
   24
    0
   22
   36
    0
    0
   16
   71
    2
    0
    0
    0
    0
    0
    0
    4
    0
   45
    5
    2
    0
    0
   11
    0
   12
    3
    2
   87
   34
    0
    0
    0
    3
    0
   47
    0
   45
    4
    9
    2
    0
    0
    0
    0
    0
    0
    0
    0
    0
  155
    0
   67
   44
   89
   27
   43
    0
    3
    0
    0
    0
  151
   23
    7
    0
    0
    0
    0
    0
   16
    0
   66
    3
    0
   85
    4
    0
    5
    0
    0
   35
    0
   67
    4
   17
    0
    0
    0
    0
   95
  234
    0
   52
   12
    7
    0
    0
    0
    0
    3
    0
    0
    0
    0
    0
    0
   36
  112
  226
    8
    5
    3
    0
    0
    6
    0
   84
    4
    0
    0
    0
    0
  125
    0
    0
    5
    0
    0
    0
    0
    0
    0
    0
    0
    0
    0
    0
    0
    0
    0
    0
    0
    0
    0
   87
    0
    0
   75
    5
   12
    0
   25
    0
    0
    0
    0
    0
    0
    0
    5
    2
    7
    0
    0
   27
   13
    0
    0
    0
    0
    8
    0
    0
    0
    0
    0
    0
    0
    0
    0
    4
   23
    0
    0
   34
    3
    5
    0
   57
    0
   65
    0
    0
   43
    6
    4
    0
   33
    0
    0
    3
    8
    9
   76
    5
   10
    0
    0
    4
    0
    0
    0
    0
    0
    0
    0
    0
   25
    3
   38
   14
    0
    0
    4
   14
    0
    4
  103
    0
    0
    0
   15
   46
   75
   98
   57
    0
    0
    7
   25
    0
    0
   10
   35
   14
    5
    8
    3
    0
    0
    2
    0
    0
    0
    0
    0
    9
    3
   21
    4
   23
   12
   46
    0
    0
    0
   12
   19
   18
   34
    2
    7
    2
    0
   14
    3
    0
    0
    9
   18
   27
  128
   47
    8
    0
    4
    2
   18
    0
    0
   29
    0
    4
    0
    4
    5
    0
    0
    0
    0
    0
    0
   24
   53
   25
    4
  137
    8
   31
    4
    0
    0
    0
    0
    9
  231
   32
   53
   13
   56
   14
   15
    0
    0
   18
   61
   15
   45
    8
   15
   36
   11
   23
   13
   16
   18
   21
    5
    2
   26
    2
  102
   52
    0
    0
   20
    3
   20
   51
   15
   26
   12
    0
   36
  115
   79
   42
   96
   23
    9
  178
   59
  128
   23
    0
    0
    0
    0
    0
    0
   21
    0
   76
   57
   29
    3
   40
    8
    0
    0
    0
    7
    0
    0
    4
    4
    0
    2
   18
   51
    0
    7
  133
    0
   21
    4
    0
    0
    0
    0
    0
    8
    0
    0
    0
    0
    0
    0
   21
    0
    0
    0
    0
    0
    0
   54
    0
    0
    0
    0
    0
    0
    0
    0
   64
   12
   18
   23
   38
   18
    0
    0
    0
    0
    0
    0
   43
   24
    0
    0
    0
    0
    0
   24
    0
   61
    0
    0
    0
   24
    0
    0
    0
   25
    0
    0
    0
    0
    0
    0
    5
   21
   22
    9
    0
    0
    0
    0
    0
    0
   14
   16
   19
  155
    0
   97
    5
   18
   10
    0
    8
    0
   43
    2
    0
    0
    0
    9
    0
    3
  117
    0
    0
    0
    0
    8
    2
   52
    0
    0
    0
   27
    0
    0
    0
    3
   23
   11
    0
   26
    0
    0
    0
    0
   62
    0
   14
    2
    6
  208
   80
    0
    0
    0
    0
    0
    8
  233
    2
   13
    0
  148
   65
  144
    5
   42
    0
    0
    0
    0
    0
    0
    0
    0
    0
    0
   81
   22
    0
    0
    0
   39
    0
    0
    0
    0
    0
    0
    0
    0
    0
   91
   10
    0
    0
   11
   57
   93
    4
    3
    4
    3
    0
    0
    0
    0
    0
    3
    0
    0
    0
    0
    0
    0
    0
    5
    0
    4
   14
    0
    9
   31
    0
    0
   39
    0
    0
   17
    0
    0
    0
    0
    0
    4
    7
   87
    0
    0
   32
    0
    3
   12
   32
    0
    0
    6
   11
    7
    0
    8
    0
    0
    0
    0
    0
    0
    0
    0
    0
    7
    0
   24
   49
   27
    0
   43
  127
    6
    0
    0
    0
    0
    0
    0
    0
   16
   59
   16
    0
    0
    0
   12
    0
   22
    2
    3
   14
   52
    4
    0
    0
    3
    4
    0
    0
    0
    0
    0
    0
    0
    0
    0
    0
    0
   37
    6
   36
   37
    0
   27
    2
   16
    8
    2
   51
   18
   48
   72
    5
    0
    0
    0
    5
    0
    0
    2
    0
    0
    0
    0
   11
    2
    7
    0
   12
   85
   53
    0
    4
   15
    0
    0
    9
    7
   34
   61
    2
    0
    0
   67
   22
   46
    2
   93
   23
    0
    2
    0
   98
   40
   18
    0
   38
    4
  108
   57
  118
    2
    0
    0
    4
   13
    0
    0
    0
    7
   65
    5
   29
   12
    9
    0
   14
    3
    0
   18
    7
   78
   23
    6
    2
   14
    3
   10
    4
    0
    0
   38
   29
    3
   11
    0
    0
    0
    0
    0
   22
  150
   74
    4
    2
    0
    0
    0
    0
    0
    0
    0
    0
  148
    9
    0
    0
    0
    0
    0
    0
    0
    0
    0
   39
    0
    0
  103
   29
   58
  127
   47
    0
    0
   35
   31
   17
  136
    6
    0
    0
    0
   40
   26
    0
    9
    0
    0
   12
   28
    0
    0
    0
    0
    0
    8
    0
   98
    0
    0
    0
    0
    0
    0
  405
  181
  120
    3
    0
    4
    0
    0
  148
   40
    2
    5
    0
    0
    0
    0
    0
    0
    0
    0
    0
    3
   14
    0
   76
    0
   41
    3
   68
   16
   33
    4
   38
    0
    3
    0
    0
    4
    0
    0
   13
    8
    0
   29
   52
   36
    3
    0
    0
    0
    0
   52
    0
    0
    0
    0
    0
   17
   21
    8
    0
    4
   92
   74
  143
   93
   77
   20
   79
    4
    3
    0
    0
    8
   42
   23
  104
    0
    7
   84
   17
    3
   94
   15
    0
   74
   59
    0
   68
    4
    0
    0
   24
   10
    0
    0
    0
    0
    0
    0
    0
    0
    0
    0
    0
    0
   54
   58
    7
   22
    4
    0
   18
    6
    5
    0
   12
   20
   14
    0
    0
    0
   17
   81
  116
   12
    0
    0
   38
    0
    0
    0
    0
    0
    7
    4
    0
   34
   88
    0
    0
    8
   23
   28
   34
   38
    0
    0
    0
    0
   66
  102
   47
    7
    0
    0
   16
   26
   29
    0
    1
    0
    7
    9
   10
   31
    6
   55
   39
    0
   11
    4
    4
   41
   22
   33
   32
    7
   18
    2
    0
    0
    0
   13
    5
    0
    0
    0
    2
   25
    0
    0
    0
    0
    0
    0
   15
   85
   18
    0
    0
    2
   23
    5
  103
   38
    0
    0
    0
    0
    0
    0
    0
    5
    0
    6
   24
   93
   48
   37
   13
    0
    0
    0
    0
    0
    0
   67
   48
    4
   37
   22
   15
  113
   53
   24
    7
   36
    0
    5
    0
    0
   28
   55
    2
   14
    0
    0
    0
   57
   85
    1
    3
    0
   13
    3
   33
   24
    7
   29
    6
    0
    0
    0
    0
    0
    0
    0
    0
    0
    0
    0
    0
    0
    0
    0
    0
    0
    0
    0
   17
  140
   62
    0
   12
    0
    0
    0
    0
    0
    0
    0
    0
   88
   36
    6
   16
    0
    9
    0
    0
   15
   48
   18
    0
    0
    0
    3
  128
   75
    0
    0
    0
    0
    0
    0
   35
    0
    0
    0
  142
   30
   67
   36
   29
   37
    0
    0
    0
    0
    0
    0
    0
   13
   64
   53
   67
    0
   28
    2
    0
   36
    5
  114
   21
    0
    0
    0
   23
   34
    3
    0
    0
    0
    0
    0
    0
    0
    0
   12
   11
   54
    4
    0
    0
    4
    0
    0
   68
    2
    0
    5
    0
    0
   35
  426
    3
   12
    0
    0
    0
   35
   28
   12
    3
    0
    0
    0
    0
    0
   98
    0
    0
  117
    3
    0
   93
   86
    4
    7
   64
 1168
   23
    3
    0
    0
    3
    0
    0
    0
    0
    0
    0
    0
    0
    0
    0
    0
    0
    0
   32
    0
    0
    0
    0
   13
    0
    0
    0
    0
  222
    0
    0
    0
   24
    0
    8
    0
    0
    0
    3
    4
   24
   46
    0
    5
  106
    0
    0
    0
    0
    0
    0
    3
    2
   53
   68
   34
    9
    0
    0
    0
    0
    0
    0
   42
   40
   37
   38
   17
    4
   62
   50
    0
    0
   51
    8
   77
   53
   17
    0
    0
   48
   46
  113
    5
    0
    0
    8
  208
   72
   27
   60
    2
    0
    0
    0
    0
    0
   25
  132
    0
    0
  155
    7
    9
    0
    0
    0
    0
   52
  198
    5
    0
    0
    0
    3
    0
    0
    0
    0
    0
    0
    0
    0
    0
    4
   36
   23
    6
    0
    0
    0
  133
    0
    2
    0
   26
    3
    2
  116
  234
    4
   63
  110
  123
    3
    5
   13
    3
    0
    0
    4
    0
   18
   23
    4
    0
    0
    0
    0
   12
    0
    0
    0
   44
   16
    8
    3
   64
   14
   35
    3
    6
    0
   13
   29
    2
    0
    2
   26
    8
    0
    0
    0
    0
    0
    2
    5
    0
    0
    0
    0
    0
    0
    0
    0
    0
    0
    0
    0
    0
    0
    5
    3
    0
    0
   22
    5
   24
    0
    0
   70
   38
    0
    0
    0
    0
    0
    0
    0
    0
    0
    0
    0
    0
    0
    0
   64
    0
    0
    0
    0
   16
    0
    6
    0
    0
    6
    3
    0
    0
    0
    0
    0
    0
    0
    0
    0
    0
   57
   73
    0
    0
    0
    0
    0
    0
   22
    4
    0
   12
   13
    0
    0
    4
    0
    0
    0
    0
    6
   63
    4
    0
   18
   16
    0
    0
    0
    9
   89
   17
    3
    0
    0
    0
    0
    8
    0
    0
    0
    0
    0
    0
    0
    0
    0
    0
   30
    0
    0
   78
    0
    9
    0
   35
    0
    3
    0
    0
    3
   12
    0
    0
    0
    0
   11
    0
    0
    0
    0
    0
    0
   80
  102
    2
   42
    0
    8
   12
    0
    0
    7
    0
    0
    0
    0
    0
    0
    0
   12
    0
    0
    0
   84
    0
    0
   18
    0
    0
   85
    3
   49
    0
    0
    0
    0
    0
    0
    0
    0
    0
    0
    0
    0
    0
    0
    0
    5
    0
    0
    2
   18
    0
    0
    0
    0
   38
    0
    0
    0
    0
   37
   18
   10
    9
  154
   36
    0
    0
    0
    0
    0
    0
    4
   71
  126
   12
    2
    0
    0
    0
    0
    0
    0
    0
    0
    0
   22
    0
    0
    0
    0
   63
    3
    0
    2
   13
   18
   16
    5
   14
   26
   68
    3
    0
    0
    0
    0
    0
    0
    0
    0
    0
    0
    0
   52
    6
    0
    0
    9
   71
    0
    0
   98
   19
    2
    2
    0
    7
    0
    0
    0
    0
    0
    0
    0
    0
    0
    0
    0
    0
  168
   16
    5
    0
    0
    0
    2
    0
    0
    5
    6
    0
   57
   26
    0
    0
    0
    0
    0
   16
    9
    0
    0
    0
    0
   53
   11
  202
   68
   40
    4
    3
    0
    0
    0
   15
    9
    0
    0
    0
    0
    0
    0
    0
    0
    0
