Station: Grossgoerschen , scaling_factor: 10.0, latitude:  51.2151, longitude:  12.1799, altitude:  151, nodata_value: -9
start: ..1969-01-01  end: ..2002-12-31
  183
   45
    4
    0
    0
    0
    0
    0
    0
    0
    0
    0
   19
    0
    0
    0
    0
    5
    0
    0
   10
  100
   35
   32
   85
   10
    0
   10
    0
    0
   13
    7
   30
    2
    0
    0
    0
   35
    0
    0
   15
    0
    2
    1
    2
  433
   56
    4
    0
    0
   20
    0
    0
    0
    0
   60
    0
    0
    0
    0
    0
    0
    0
    0
    0
    0
    0
    0
    0
   45
   61
   90
    0
   40
    3
    0
    0
    0
    0
    0
    0
   18
    2
   25
    0
   17
   11
    0
    0
   50
    1
    1
    0
    0
    0
    0
    0
    0
    0
    0
  138
   26
    8
    0
   59
   21
   18
   19
    2
    0
    0
   35
   74
   12
    2
    9
   42
    1
   73
   14
   18
    0
  181
  155
    0
   30
   38
    0
    2
    4
    0
    0
    0
    0
    0
    5
    0
   10
   10
    0
    0
    0
    0
    0
    1
   80
    0
   10
    0
   41
   11
   30
   50
   38
    0
   90
  110
    0
    0
    0
    0
    0
    0
    0
    0
    0
    0
    0
   23
  122
   20
    0
    0
    0
   75
    1
   26
   23
   20
   75
    0
    0
    0
    0
    5
    0
    0
    0
    0
    0
    6
   81
   14
    2
    0
    0
    0
    0
    0
    0
    0
    0
    0
    0
    0
    0
    0
    0
    0
    0
    0
    0
    0
    0
    0
    0
    0
   10
    0
    0
    0
    0
    0
   20
   82
   25
    0
   12
   10
    0
    0
  170
    0
    0
    0
    0
    0
  120
   30
    1
   30
   98
    0
    0
    0
    0
    0
    0
    0
    0
    0
    5
    8
    0
    0
    0
    0
    0
   60
  131
    0
    0
    0
    0
    0
    0
    0
    0
    0
   21
    0
    0
    0
    0
   35
   24
    0
    0
    0
    0
    0
    0
    0
    0
    0
    0
    0
    0
    0
    2
    0
    0
    1
    0
    2
   92
   23
   18
    4
    0
    0
    0
    0
    8
    0
    0
    0
   51
    0
    0
    1
   42
    0
    0
    0
    0
    0
   19
    0
    0
    0
    0
   21
    1
    0
    0
    0
   43
    0
   67
    0
    0
    0
    0
    0
    1
   56
    0
    0
    0
    8
    0
    0
    0
    2
    1
    0
    0
   94
   15
   11
   90
   13
    4
    0
    0
    0
    1
    0
    0
    0
    0
   45
   20
    1
    0
    0
    1
   54
   63
    0
    2
    1
    0
    0
    0
    0
    0
    0
    0
   41
    0
    0
    0
    0
    0
    0
    0
    0
    0
   30
   84
   30
   14
    0
    0
    0
  100
    0
    0
    3
   28
    0
    5
   20
   10
    5
    5
   18
    0
    0
    9
   10
   35
   12
   10
   85
  152
   99
   37
    0
   20
   50
   10
   30
   53
    2
   75
  168
    6
    0
    0
    0
    0
    0
    0
    0
    0
    0
    2
   15
    3
    0
   11
    0
    0
    0
    0
   10
    0
    5
  150
    0
    0
   25
    0
    0
    4
    6
    1
    0
    0
    0
  120
    2
    0
    0
  141
    0
    0
   84
    9
    0
   54
   39
    0
    0
    5
   15
    4
    5
   15
    1
   25
   30
   64
    0
   34
    0
    0
    0
    0
    0
    0
    0
   48
  100
    0
    0
    0
   16
    0
    0
   46
    1
   25
    0
    0
    0
    0
   60
  146
   11
    0
   34
    0
    3
    0
    0
    0
   40
    1
    0
    0
    0
    0
    0
    0
    0
    0
    0
   17
    0
    0
    0
    0
    0
   21
   45
   24
    0
    0
    0
  151
   83
    0
    0
    1
   22
    0
    0
    0
    0
    0
   78
    0
    0
    0
    0
    3
    0
   21
   10
    0
    2
   25
    2
    0
    0
   41
   21
    0
    0
    0
    0
    0
  150
   81
    0
  100
    0
   46
    0
    0
   29
    0
   15
    5
    0
    0
   48
    0
   48
   42
    0
    0
  202
  370
  126
    8
   27
    0
    0
    0
    0
    0
    0
    0
   10
    0
    3
    2
    0
    0
    0
  120
    0
   25
  120
    5
   50
    0
    4
    4
    0
    0
    0
    0
   18
    0
    0
    0
    0
    2
    0
    0
    0
   42
   17
  128
   58
   67
    0
    0
    0
    0
    2
    1
    1
    3
   91
    7
    0
    0
    0
    0
   38
   42
   30
   69
   21
   80
    0
   38
    0
   80
   41
    0
    0
    0
  127
   14
    5
    1
    3
    0
    0
   41
   31
   28
    0
    0
   62
    0
    0
    3
    3
    0
    0
   98
   69
    0
    0
    0
    0
    0
    0
    2
    0
   10
    5
   21
   39
    0
    0
    0
    0
    3
    2
    1
    0
    0
    0
    1
    0
    0
    0
    2
    1
    3
    0
    0
    0
    0
    0
    0
   90
    0
  104
    0
    0
    0
    0
    0
    0
    0
    0
    0
    0
    0
    0
    0
    0
    0
   20
    8
    0
    0
    8
    0
    0
    0
   21
    0
    0
   10
    2
   17
    0
    0
    0
   21
    0
   43
   17
   10
    0
    0
    3
    0
    0
    0
    0
   21
    0
    0
    0
    1
    0
   22
    0
   20
   20
    4
   16
   42
    5
    3
   33
   10
    0
    4
   40
   15
    1
    0
    0
    0
   12
   32
    0
    0
    0
    0
    5
    9
    0
    5
    0
    0
   22
    0
   17
    6
    0
    0
    7
    0
    0
    0
    1
    0
   20
    0
    0
    0
    0
    0
    0
    0
    0
    0
    0
    0
    0
   15
   45
    0
    0
   70
    0
    0
    0
  250
   30
   50
    9
    0
    0
    0
    0
    0
    0
    0
    0
    0
    0
    0
    0
    0
    0
    0
    2
   48
   25
    0
    0
   12
    0
  121
    0
    0
    0
  100
    0
    0
    0
    0
   11
    0
    0
  122
    0
    0
    0
    0
  282
    6
   80
   55
   21
    5
    3
   12
    0
    8
   54
  110
   28
   60
   48
    0
   34
    0
    0
    0
   48
   34
   18
    7
   61
   16
    0
    0
    0
    0
    0
    0
    0
    0
    0
    0
    0
    0
    0
    0
    0
    0
    0
    0
    0
    0
    0
    0
    0
    0
    0
    0
  486
    0
    0
    0
    0
    0
    0
    0
    0
    0
    6
    4
    0
    0
   10
    0
    0
   43
    0
    0
    0
    0
    0
    0
  160
  150
   40
    0
   15
   35
    0
    0
    0
    5
   18
    0
    0
    0
    0
    0
    0
    0
    0
   80
   21
    0
   15
    0
    4
    3
    0
    0
   47
    0
    0
    0
    0
   20
    0
   41
    0
    0
    0
   20
    0
    0
    0
    0
    2
    0
    0
    0
    0
    0
    0
    0
    8
  120
  119
    2
    0
    0
    0
    0
   12
    0
    0
    0
    0
    0
    0
    0
    0
    0
    0
    0
    0
    0
    0
    0
    0
    0
    0
    0
    0
   31
    0
    0
    3
    0
    3
    9
   40
  202
    0
    0
   14
    0
   18
    2
    1
    0
    0
    0
    0
    0
    0
    0
    0
    0
   10
    4
    8
   24
   39
    2
    4
   28
    0
    0
    0
    0
    0
    0
   22
   61
    0
   21
   10
    0
    0
    0
    0
   13
    0
   46
    0
    0
    0
    2
    0
    0
    0
    0
   16
    6
    0
    0
    0
    0
    0
    0
    0
    0
    0
    0
    0
   14
    0
    0
    0
    0
    0
   29
    0
    8
    0
    0
    0
    0
    0
    0
    0
    0
    0
    0
    4
   24
    0
    0
    0
    0
    0
    0
    0
    0
    1
    2
    0
    0
    0
    0
    5
   11
    0
    0
    0
   14
    0
    0
    0
    0
    0
    0
    0
    0
  199
   11
    0
    0
    0
    0
    0
    0
    0
    0
    0
    0
    0
    0
    0
    0
    0
    9
   35
   27
    0
   62
   28
   71
    0
   35
    0
   22
    2
    0
    0
    0
   26
    0
    0
    0
   35
    6
    1
   34
   44
    0
   13
    2
    0
    0
    0
   18
   20
    5
    0
    0
    0
    0
   36
    0
    0
    0
    0
    0
   86
  126
   38
   86
   56
    0
   16
  181
    0
   97
   15
    0
  222
    0
    0
   32
    0
   18
   36
   68
   31
   28
    0
   22
   20
    0
    0
    0
   12
   35
    0
    0
   13
  101
  198
    0
    0
    0
    0
    0
    0
    0
    0
    0
   13
   58
    0
    0
    0
    0
    0
    0
    1
    0
    0
    0
    0
    0
    0
    0
    1
  130
  123
    0
    0
    0
    0
    0
    0
    0
    0
    0
    0
    0
  283
    0
    0
    0
    0
    0
    5
  300
  127
    9
    0
    0
   29
    0
    0
    0
    0
    0
   30
    0
  190
    0
   67
    0
  350
    0
   69
   30
    0
    0
    0
   70
    0
   18
    0
    0
    0
    0
    0
    0
    0
   61
    0
    0
    0
    0
    0
    0
    0
    0
   80
    0
    0
    0
    0
    0
   20
   50
    0
    0
    0
    0
   15
    7
   63
    3
   72
    2
    7
    0
    0
    0
    0
    0
    0
    0
    0
    0
    0
    0
    0
    0
    0
    0
    0
    0
    0
    0
    0
   61
    5
    5
  110
   11
    0
    0
    0
    3
   86
    0
    0
    0
    0
    0
    3
    0
    0
    0
    0
   13
    0
   30
   20
   25
    5
    0
    3
    0
  161
   34
    0
   10
    0
    2
   10
   19
    0
    0
    0
    0
    0
    0
    0
    0
   27
    0
    0
    0
   31
    0
    0
    0
    0
    0
    0
    0
    2
    0
    0
    0
   12
    0
    0
    0
    0
    0
    0
    0
    0
    0
    0
    0
    0
    0
    0
    0
    0
    0
    0
    0
   31
   13
    0
    0
    0
    0
    0
    0
   12
    0
    0
    0
   10
   12
    0
    0
    0
    0
   13
   35
    8
    5
   56
   60
    3
    0
    0
    0
    0
    0
    0
    2
    7
    0
    4
    0
    0
    0
    0
    0
    0
   24
   39
    0
    0
    0
    4
   36
   31
   64
    0
    0
    0
   68
   68
   13
    0
    0
    0
   13
    0
    0
    0
   26
    0
    0
    0
    0
    3
   30
    6
    2
    0
    0
    0
    0
    0
    0
    0
    0
    0
    0
    0
   10
   14
   38
    0
    0
    4
    0
    0
    0
  112
   41
   38
    0
    0
   16
   21
   19
   26
    0
    0
   37
    0
    0
    0
    0
    0
    0
    8
   17
    0
   18
   37
    7
    0
  103
    8
   26
   30
    0
    0
   18
    0
    0
   48
    0
    0
    0
    0
    0
    0
   63
    0
    0
   38
    3
    0
    0
    0
   50
    8
    8
    3
   43
    0
    0
    0
   41
   21
    5
    0
   21
    0
    0
   38
    0
    3
    0
   60
    5
    0
    0
    0
    0
   82
   20
    0
    0
    0
    5
    4
    0
    0
    0
    0
    0
    0
    0
    0
    0
    0
    0
   31
  172
    0
    0
   93
   23
    0
    3
    0
   39
    0
   63
   23
   36
   47
  102
   20
   63
    0
    0
    0
    0
    0
    0
    1
    0
    1
   75
   21
    0
    0
    0
    0
    0
    0
    0
    0
    0
    0
  163
   20
    0
    0
    0
    0
    0
    0
    0
    0
    0
  218
    2
    0
   34
    0
    0
    0
    0
    0
    0
   38
    0
    0
    0
    0
    0
    0
   53
    0
   21
   34
    0
   62
    0
    0
   58
    0
    0
    0
    0
    0
    0
    0
    0
    0
    0
    0
    0
    0
    0
   30
    3
  124
    0
    9
   20
   64
  116
   24
    0
   62
   88
   55
   25
   46
    0
    0
    0
    0
    0
    0
   16
    0
    0
    0
    0
    0
  101
    0
    0
    0
    0
   26
    0
   11
   31
   25
    4
    9
    0
    0
    2
    2
    0
    0
    0
   23
   27
   17
    0
    0
   31
    0
   29
    0
   17
   60
    0
   10
   32
   37
    0
    0
    1
    0
   34
    9
   17
   17
    0
    0
    0
    0
    0
    2
    0
    0
   13
    3
    3
    0
    0
    9
    0
    6
    0
    0
    0
    0
   50
   36
    0
    0
    0
   11
    0
    0
    8
    0
    8
   56
   87
    0
    0
    0
   56
    1
    0
    0
    0
    0
    0
    0
    0
    1
    0
    1
    1
    0
   15
  127
   27
    0
   32
    0
    0
    0
    0
    0
    0
    0
    1
    9
   67
    0
   30
  142
   85
    0
    0
    0
    0
    0
    0
    0
    4
    0
   34
    1
    0
    2
    0
    0
    0
    0
    0
    6
    0
    0
   51
   71
    0
    0
    0
    0
    0
    0
    0
    0
    0
    0
    0
    0
    0
    4
    0
    0
    0
    0
    0
    0
    0
    0
    0
    0
    0
    0
    0
   64
   18
    9
    0
    0
    0
    6
    0
    3
    2
    0
    0
    0
    0
   15
    3
    0
    0
    0
  138
   46
   55
   16
    0
    0
    0
  140
   25
   20
   31
    2
    0
    0
    0
    0
    0
   55
  155
   11
   11
    0
    0
    0
   11
    0
    5
    9
   20
    0
   12
    0
    0
   50
    0
   19
    2
   19
   30
   87
   38
    1
   40
    0
    8
   32
    0
   68
    0
   12
    0
    0
    0
   72
   70
   28
    0
   89
   39
    0
   58
   24
    0
   48
    0
    0
   30
    0
   65
    0
    0
   48
    0
    0
    0
    0
    0
   68
    0
    0
    0
  138
    5
    0
    0
    0
    0
    0
    0
    0
    0
    0
    4
   16
    0
    0
    4
    0
   27
   38
    0
    0
    0
    0
    0
  123
   67
   16
  144
   34
    0
    0
    0
    0
    8
   24
    0
    0
    0
   31
   10
    0
   61
    1
    0
    3
    0
    0
   38
    0
    0
    0
    0
    0
    0
    0
    0
   40
    0
    0
    0
    0
    0
    0
    2
   25
    0
  141
    0
    0
    0
  100
   50
    5
    0
    0
   14
    0
   30
    0
    0
    0
   15
    5
  166
  136
    0
    0
    8
   93
   78
  309
   13
   16
   22
   12
   21
   19
   12
   19
   22
   80
   20
    3
    2
    0
    0
    0
    0
    0
    8
    0
    0
    0
    0
    0
    0
    0
    0
    0
    0
    0
   99
    0
   31
    5
    1
   26
   15
   18
   20
   16
    6
    0
   18
   26
  158
  120
   50
   50
    8
   23
   85
   12
   19
   18
   19
   54
    0
    0
    0
    0
    0
    0
    0
   12
   47
    2
   34
   81
   18
   31
   49
    0
    0
    0
    0
    0
   38
    8
    0
    0
    0
    0
    0
    0
    0
    0
    0
    0
    5
    0
    0
    5
    3
    0
   10
    0
   64
   43
    0
   26
   25
   32
   15
    0
    0
    0
    0
    0
    0
    0
    0
   13
    0
    0
   20
    0
    0
    0
   37
   42
    0
    0
    0
    0
    0
    0
    0
    0
    0
    0
    0
    0
    0
    0
    0
    9
    0
    0
    0
    1
   46
    5
   50
    4
   42
    0
    1
  103
  146
    0
    0
    0
   36
   30
   37
    1
    0
    0
    0
    0
    0
   40
   20
   21
   46
   58
    0
   25
    0
    0
    0
   20
   22
  121
   82
   62
    0
    0
    0
   18
    0
    0
    0
    0
    0
    0
    0
    0
    0
    0
    0
   40
   83
    0
    0
    0
    0
  166
   73
    0
   68
   10
    0
    0
    3
    0
   38
   30
    0
    0
    0
    0
    0
    0
    3
    0
    0
    0
    0
   13
    0
    0
    0
    5
   12
    0
    0
    0
    0
  122
   42
    0
    0
    0
    0
   80
    5
   15
   97
    8
   25
  262
  173
    0
    9
    0
    0
    0
    0
    0
    0
    0
   20
    0
    0
    0
    0
    0
   21
   28
    0
    0
    0
    0
    0
    2
    0
    0
    0
    0
    0
    0
    0
    0
   12
    0
    0
    0
    0
    0
    0
    0
    0
    0
    0
    0
    0
    0
    0
    0
    0
    0
   22
   10
    0
    0
   62
    0
    0
   12
    0
    8
    0
  480
    0
   58
   30
    0
    0
    0
    0
    0
    0
    0
    0
    0
    0
    0
    0
    0
    0
    0
    0
   72
   32
   30
   12
    0
    0
    0
    0
    0
    0
    0
    0
    0
    0
    0
    0
    1
   12
    0
    0
    0
    0
   20
    0
   20
    0
   15
   19
   45
    2
    0
   21
   52
    0
    0
    0
   27
   27
   31
   10
   51
   32
   23
    2
    0
    2
    4
    3
    0
    0
    0
    0
    0
    0
    0
    0
    0
    0
   10
    0
    0
    0
    3
    2
    0
    0
    0
   15
    5
  134
   54
   42
    0
    0
    0
    0
    0
    0
    0
   20
    2
    0
    9
   13
   19
    9
    0
    0
    0
    0
   11
    0
    0
   22
    0
    0
    0
    1
    0
    0
    0
    0
    0
    0
    5
    9
    0
    0
    0
    0
    0
    9
   16
   50
    6
    7
   66
   28
    0
    0
   16
   62
   66
   52
  187
   60
    2
   10
    1
    2
   30
   13
   24
    2
   40
   30
    2
    0
    0
    0
    0
    1
    0
    0
    0
    0
    0
    0
    0
    0
    0
    0
   40
    0
    0
   13
   33
    0
    0
    0
    0
    0
    0
    0
    0
    0
   43
    0
    0
    0
    0
    0
    0
    0
    0
    0
    0
    0
    0
    2
    1
    0
    0
    0
    2
    0
    0
    0
    1
    1
   99
    0
    0
    0
    0
    0
   60
   78
    0
    0
    0
   13
    0
    0
    0
    0
   72
    2
    0
    0
    0
    0
    0
    0
    0
    0
    0
    0
    0
    0
    0
    0
    0
    0
    0
   17
   80
    1
    0
   24
    1
    0
    2
    0
    0
    5
    0
    0
    0
    0
    0
    0
    0
   25
    0
    0
    0
    0
    0
    0
    0
    2
   52
   51
    0
    0
   30
    0
    0
   24
   30
   72
   38
   72
  100
   21
    0
    0
    0
    0
    0
    0
    0
    0
    0
    0
    0
    0
   70
   92
    0
    0
    0
   20
    0
    0
    0
    0
    0
    0
    0
    0
    0
    0
    0
    0
    0
    0
    0
    0
    0
    0
    0
    0
    0
    0
  101
   14
    0
    0
    1
    0
    0
   12
   21
    0
    0
    0
    0
    0
    0
    0
    0
    0
  158
   20
   31
  100
    0
    0
    0
    0
    0
    0
    0
    0
   25
    8
    0
    0
    0
    0
    0
    0
    0
    0
    0
    0
    0
    0
    0
   32
   12
    0
    0
    0
    0
   45
    0
   15
    0
    0
    0
    0
   90
    0
    0
    0
    0
   30
    0
    0
    0
    0
    0
    0
    0
    0
    0
    8
    0
    0
    3
   60
   36
    0
    0
    3
   23
   28
    6
    0
    0
    0
    0
    0
    0
    0
   71
    0
    0
   53
   71
    0
    0
    0
    0
    0
    0
    0
    0
    0
    0
    0
    0
    3
    8
    0
    5
   58
    0
    0
    0
  130
    0
    0
    0
    0
    0
   22
   31
    3
    0
    0
    4
    0
    0
    0
   26
   15
   70
   16
    0
    0
    0
    0
    8
   25
    6
    0
    0
    0
    6
    0
    0
    0
    0
   15
   14
   22
   21
    4
    7
    0
    0
    6
    0
    0
    0
    0
   17
    0
    0
    0
    3
    0
    0
    0
   34
    0
    0
    0
    0
    0
    0
   17
    8
    0
   45
  195
    0
    0
    0
    0
    0
    0
   16
    0
    0
    1
    0
    0
   29
    0
    0
    0
   37
    0
    0
    0
    0
    0
    3
   28
   15
   17
    0
    0
   17
    0
    0
    3
    0
    0
    0
    0
    4
   36
   90
    0
    0
    0
    0
   40
    7
    3
    0
    0
   38
    0
    0
    0
    0
    0
    1
    0
    0
    0
  336
   76
   27
   22
    0
    0
  123
   22
    0
    0
    0
    0
    0
    0
   20
   70
   21
    0
    0
    0
    0
    0
   77
    0
    0
   41
    3
    8
   11
    2
    7
   21
  113
    3
   28
    2
    0
    0
    1
    0
   19
    0
   87
    0
    0
   15
    0
   20
  144
  140
   62
    0
    0
    0
   63
    0
    0
   11
    0
    0
    0
   17
    0
    0
    0
    0
    0
    0
   73
   27
    0
    0
    0
    0
    0
    0
    0
    0
    0
    0
    0
    0
    0
   84
   22
   38
    0
   28
   44
    0
   14
    0
    0
    0
    0
    3
    0
   11
  470
  325
    0
    0
    0
    0
    0
    0
   40
   40
    0
    0
    0
    0
    0
    0
    0
    0
    0
    0
    0
   28
   47
    0
    0
   50
    0
   22
    0
   12
   23
   22
    0
    0
    0
    0
  230
   91
    0
    0
    0
    0
    0
    4
   66
    1
    0
    0
    0
    0
   25
    0
    0
   80
  158
    3
   18
   25
   24
    0
   14
   21
    8
    0
    0
    0
    0
    8
   80
    4
    0
    0
    0
    0
   26
    0
    0
   70
    0
    0
    0
    0
  119
    2
   40
    0
    0
    0
    0
    8
    0
    0
   14
    0
    0
   90
   34
    0
    0
    0
    0
    0
    0
    0
   20
   20
    0
    0
    9
  100
    0
    0
    0
    0
  104
    0
    0
    0
    0
    0
    0
    0
    0
    0
    0
    0
    0
    0
   66
    0
    0
    0
   21
    0
    0
   68
   39
   84
  100
   65
    0
    0
    0
    0
  105
    0
   34
   62
    0
    8
    0
    0
    0
   22
    0
    0
    0
    0
    0
    0
   30
    1
    1
    2
    0
    0
    2
    0
    0
    0
    0
   16
    0
    0
    0
    0
   68
   72
    3
    9
    1
    1
    0
    0
    0
    0
    0
    7
   10
   17
   13
    5
   12
    5
    6
    8
   16
    0
    0
   12
   32
    1
    0
    0
    0
    1
    0
    0
    0
    0
    0
    0
    0
   84
   12
    0
    0
    0
    0
    0
    1
    5
    0
    0
    0
   20
    0
    0
   17
   14
   16
    4
    0
    0
    1
    5
    3
    0
    0
    0
    0
    0
   25
    5
    0
    0
    0
    0
    1
    0
    0
   21
    0
    2
    0
    0
    0
    1
    0
   18
   12
    0
    0
   45
   28
    5
    0
    0
   25
    0
    0
    0
    8
    5
   65
    0
    0
    8
   18
    0
    0
    0
   10
    0
    0
    0
    0
    2
    0
    0
    0
    4
    0
    0
    0
    0
    0
   55
    0
    0
    0
    0
    0
    0
    0
    0
    0
   95
    0
    0
    0
    0
    0
    0
    0
   64
    0
   53
   95
    0
    0
    0
   20
  129
   70
   31
   42
    0
   46
   15
   15
    2
   39
   29
   33
    0
   54
    0
   42
   53
    0
    0
    0
    0
    0
    0
    0
    0
    0
    0
    0
    0
    0
    0
    0
    0
    0
    0
    0
   36
   38
  228
    0
    0
    0
    0
    0
   13
    0
   24
   26
    0
    0
   61
   57
    0
    0
   52
    0
    0
    3
   19
   20
    0
   52
   68
   74
   68
    0
  370
    0
    0
    0
    0
    0
   81
   18
    0
    0
    0
    0
    0
    0
   10
    0
    0
    0
    0
    0
   66
    0
    0
    0
   16
    0
  450
  211
   26
   20
    0
    0
    0
    0
    0
    0
   23
    0
    0
    0
    0
    0
    0
    0
    0
    0
   21
    0
   56
   93
  115
   16
    0
    0
    0
    0
    0
   33
    0
   66
    0
  166
   61
    0
    0
    0
    0
    0
    0
   31
    8
    0
  140
   25
    0
    2
   56
   18
   51
   20
    5
    0
    0
  105
  241
   31
    0
    0
    0
    0
    0
    0
    0
    0
    0
    0
   38
   56
    0
    0
    0
    2
   54
    0
    1
   28
   12
    0
    0
    0
    0
    0
    0
    0
    0
    0
    0
    0
    0
    0
    0
    0
    0
    0
    0
    0
    0
    0
    0
    0
    0
    0
    0
    0
    0
    0
   18
    0
    0
    1
   11
  126
   86
    0
    0
    0
    0
    0
    0
   90
    0
    0
    0
   18
   15
   14
    3
   30
    0
    0
    0
    2
    0
    0
    0
   20
   10
    9
    0
   20
   31
  118
   20
   15
    1
    5
    6
    1
    1
   22
   76
    2
    0
    0
   36
    0
   16
   32
   82
    0
    0
    0
    0
   27
    0
   36
    0
    0
    0
   31
    0
    0
    0
   22
   36
   22
    0
    0
    0
    5
   17
    0
    0
    0
    2
   74
   66
   20
    2
   25
   76
   26
    0
    0
    0
    0
    0
    6
    0
    0
    0
    0
    0
    0
    0
   41
    0
    0
    0
    0
   20
    1
   90
   24
   50
   64
   24
   77
    0
   72
    4
   71
   78
    8
    0
    0
   75
   34
    0
   18
   68
  134
   36
    1
    1
    0
  120
   32
    0
   85
    0
    0
    0
    0
    0
    0
    0
    0
  161
   10
    0
    0
    0
    2
   30
    2
    0
    6
    0
    0
    0
    0
   39
    6
    0
    0
    0
    3
   50
    0
    0
    0
    0
   47
    0
    0
    0
    0
    0
   15
   65
    2
    0
    0
    0
    0
   22
   16
    0
  108
    0
    0
    0
    0
   35
    0
    0
    0
   15
   11
   79
  111
    0
    0
    0
   60
    0
    0
    0
   30
    0
    0
    0
    0
    0
   60
    0
    0
    0
    0
  102
   31
    0
    0
    0
    0
    0
    0
    0
    0
  115
    6
   50
    0
    0
    0
    0
   30
    0
    0
   20
   35
   40
    0
    0
    0
    0
   40
   67
   28
   10
   30
  111
    0
    0
    0
    0
    0
   43
    0
    0
    0
    0
  115
    0
    0
    0
    0
    0
    0
    0
    0
    0
    0
    0
   37
    3
   53
    0
    0
    7
    0
    0
    0
    0
    0
    0
   39
   59
   34
    0
    0
    0
    3
  192
    0
    0
    0
    0
    0
    6
    0
    0
    0
    0
   92
   54
  170
   24
    0
    0
    0
    0
    0
    0
    0
    0
    0
    0
    0
    0
    0
    0
    0
    0
    0
    0
    0
    0
    0
    0
    0
    0
   11
    0
    0
    0
    0
    0
    0
    0
    0
    0
    0
   24
    0
   33
    6
    0
    0
   40
   28
   36
   40
  157
    0
    0
    0
   30
    0
   15
   76
    0
    0
   18
    0
    4
    0
    0
    0
   10
    0
    3
   17
    0
    0
    1
    1
    0
    0
    0
    0
    0
   17
    0
   52
  122
   38
    0
   56
   34
    3
    0
   22
    0
    0
   13
    0
    0
    0
    0
    0
    0
    0
    0
   22
   31
    0
   20
   35
    8
   52
    0
    7
   11
    0
    0
    7
    0
    0
    0
    0
    4
   24
    0
    0
    0
    0
    0
    0
   20
    5
   18
   31
    2
    0
    0
    5
   21
   55
   16
   30
   26
   32
    6
    0
    1
    0
    8
   26
    3
    0
    0
    0
    0
    0
    0
    0
    0
    0
    0
    0
    0
    0
    0
    0
    0
    0
    0
   39
   40
    0
    0
    0
    0
   13
   29
    0
    0
    0
    0
    0
    0
    0
    0
   20
  122
    0
    0
    0
    0
    0
    0
    8
    2
    0
    0
    2
    0
   40
   97
  138
   12
    0
    0
    0
   21
   48
   22
    0
    0
    0
    0
    0
    0
    0
    1
   23
    0
    0
    0
  201
  392
    0
  101
   86
    8
   20
    0
    0
    0
    0
    0
    0
    0
    0
  178
    0
    0
    0
    0
    0
    0
    0
    0
    0
    0
    0
    0
    0
    0
    0
    0
    0
    0
    4
  202
    5
   30
    0
    0
    0
    0
    0
   16
    0
    0
    0
    0
    0
   25
    0
    0
   40
   49
   10
   19
   13
    0
    0
   25
   21
   41
   28
    0
   21
   61
   30
   58
   86
   20
   50
   18
    0
   86
    0
   12
   50
    0
   26
  124
   48
   47
   12
  132
    0
    0
   21
   54
    1
   64
    0
    0
    0
    0
    0
   25
   18
    0
    0
    0
    0
    0
    0
   13
   12
    0
    0
    0
    0
    0
   27
   37
    0
    0
    0
    0
    0
    0
    0
    0
   20
   17
    0
   36
    0
    0
    0
    0
   37
    1
  115
    3
    0
    0
    0
  129
   12
    0
    0
    9
   17
   11
    0
    0
    0
    0
    0
   49
    0
    0
    0
    0
    0
    0
    0
   81
    0
    0
    0
    0
   10
    0
    0
    0
    0
    0
    0
   62
    0
    0
    0
    0
   88
  278
   20
    0
    0
    0
   22
    0
    0
    0
    0
   17
   21
    0
    8
   12
   12
    0
    0
    0
    0
    0
    1
    0
    0
  209
   59
    0
    0
    0
    0
    0
    0
    0
   50
   10
    0
    0
   12
    0
    0
    0
    0
    0
   31
    0
   15
   30
    1
    1
    0
   21
   23
   28
   38
   35
    0
    0
    0
    0
    0
    0
   38
   31
    6
    0
    0
   13
   11
    0
   30
   40
   54
    0
    1
   12
    4
    0
    0
    0
   40
   24
   32
   56
   56
   30
   10
    0
    0
    0
   43
    0
   38
    0
    0
    0
    7
   18
   22
   36
   31
    3
    0
    0
    0
    1
    8
    0
    0
    0
    0
    0
    0
    0
    0
    0
   38
   64
    0
    0
    0
    0
    2
    4
    6
    0
    0
    1
    3
    0
    0
    9
   18
    0
   79
   20
    0
    0
    0
    0
   24
   48
   44
   16
    4
    0
    0
    0
  180
  128
    0
  103
   46
    0
    0
   11
    0
   13
    0
    0
    0
    0
    0
   16
   36
   76
    0
    0
    0
    0
    0
    0
    0
    0
    0
   16
    0
    0
    0
    0
    0
    0
    0
    0
    0
    0
    0
    0
    0
   15
    0
    0
   36
    0
    0
    0
    0
  565
    8
   42
   84
    5
   22
    0
   14
    2
    0
    0
    0
    0
    0
    0
    0
    1
    1
    0
    1
   75
    0
   20
    0
    0
   72
    0
   42
    0
  132
    8
    0
    0
    0
    0
    0
    0
  100
    0
    0
    0
    0
    0
   71
    0
    0
   31
    0
   22
   31
    0
    0
  141
    0
  102
   14
    0
    0
    5
    4
    0
    0
    0
   64
   50
    0
   15
   54
    0
    0
    0
    0
    0
    0
    0
    0
    0
   10
   24
    0
   64
    5
   51
    0
    0
   65
    7
    0
   29
    0
   54
   31
   30
    0
    0
    0
    0
   26
    0
    0
    0
    0
   54
    0
    0
  211
   68
    0
    0
    0
    0
    0
    0
    0
   24
    3
    3
    4
    0
    0
    0
    0
    0
    0
    0
    0
    0
    0
    0
    0
    0
    0
    0
    0
    0
  210
    0
    0
    0
    0
    0
   31
   17
    0
   15
    0
    1
   10
   30
   73
    0
    0
    0
   56
  276
   84
    0
    0
    0
   56
    0
    0
    0
    0
    0
   35
    9
   23
   44
   23
    0
  100
    0
   30
   43
    1
   21
    9
   15
   26
    0
    0
    0
  246
   10
   10
    8
    2
    0
    0
    0
    0
   16
   39
   21
    0
    9
    0
  101
   12
   24
    0
    0
    0
   13
    8
   39
   23
   76
    0
    0
    0
    1
  130
   75
    0
   22
   60
   42
    0
  208
   56
    5
    0
   38
  155
   61
    0
  112
   32
    6
    0
    0
    0
    0
   56
    1
    0
    0
    0
    0
    1
   26
   18
    0
    0
    0
   43
    1
    3
    0
    5
    1
   10
    0
    1
    0
   24
    0
    0
    0
    0
    0
    0
    0
    0
    0
    0
    0
    0
    5
    0
    5
    0
    0
    0
    0
   81
   85
    0
    0
    0
    0
    0
    0
    7
    0
   72
    0
    0
    0
    0
    0
    0
    0
    0
    0
    0
    0
    0
    0
    1
    0
    0
    0
    0
    0
   32
   30
    0
   35
    0
    0
    0
    0
    0
    0
   22
   10
    0
    0
    0
    0
    0
   47
    0
    0
    0
    0
    0
    0
    0
    0
    0
    0
    0
    0
    0
    0
    0
    0
   18
    0
    0
    0
   44
   68
    6
    5
    2
    0
   10
    0
    0
    0
    0
    0
    0
    0
    2
    0
    0
    0
    0
   13
    0
    0
   60
    2
   26
    0
    0
   22
   61
   42
   31
    0
    0
  252
   79
    0
    0
    0
    0
    0
    0
    0
    0
    0
    0
   53
    0
    0
    0
    0
    0
   13
    0
    0
    0
    0
    0
    0
    0
    0
    0
    0
    0
    0
    0
   48
   35
    0
    0
    0
  138
    0
   79
   10
   35
    0
    0
    0
    0
   39
    0
    0
    0
    0
   18
    0
    0
  136
   67
    0
   75
    0
    0
    0
    0
    0
    0
    0
    0
    0
   36
   16
    0
    0
    0
    0
    0
    0
    0
   50
    0
    0
    0
    0
    0
    0
    0
    0
    0
    0
    0
   25
    0
    0
    0
    0
    0
    0
   10
    0
    0
    0
   10
    0
    7
    0
    0
    0
   15
    0
    0
    5
   20
    0
    0
    0
    5
    0
    0
    0
    0
    0
    0
   20
    0
    0
    0
    0
    0
    0
    0
    0
    0
    0
    0
    0
    0
    5
    0
    0
    0
    0
    0
    0
    0
    0
    0
    0
    0
    0
    0
    0
  100
   90
    0
    0
    0
   21
    2
   52
    5
   13
    0
    7
    0
    5
    0
    0
    0
   15
   45
    0
    0
    0
    0
    0
    0
    0
    0
    0
    0
    5
    0
    0
    0
    0
    0
    0
    0
    0
    0
    0
    0
   32
   13
    5
    0
    0
    0
   12
    0
    0
    0
    0
   12
   10
    1
    0
    0
    0
    0
    2
    0
   42
    0
   28
    0
   57
   10
    4
    0
    4
    0
    0
    0
    7
    0
   38
    0
    0
   18
   14
    0
    0
   48
   14
    0
    0
    0
   13
    0
  102
   23
   10
    0
   30
    1
    4
    0
    0
    0
    0
    1
   60
   21
    0
   28
   11
    0
    1
    0
    0
    0
   49
    0
   28
    3
    0
   30
   11
   13
    8
   52
    0
    4
    0
    7
   10
   32
   58
    1
   52
    2
    0
    0
    0
    0
    0
   25
   18
    0
    0
    0
    0
    0
   31
   11
    0
    0
    0
    0
    0
    0
    0
    3
    0
    0
    0
   13
    0
    0
    0
   29
    0
   60
   40
  143
    0
   18
    3
    0
   15
   26
   33
    0
    0
    0
    0
    3
  263
  121
    0
    0
   22
    0
   15
  133
    0
   18
  120
  230
   12
   88
   56
    0
    0
    0
  258
    0
    0
    0
    0
    0
    0
    0
    0
    0
    9
    0
   71
    0
    0
    0
    0
    0
   23
   35
    0
   28
    8
    6
   15
   59
    0
   72
    0
    0
    0
    0
    0
    0
   35
  158
   21
    0
   45
    0
    1
    0
    0
    0
    0
    0
    0
    3
    0
    0
    0
    0
    0
    0
    0
   21
   43
   58
   10
   10
    0
    0
    0
    0
    0
    0
    0
    8
    1
  138
    3
    0
    0
   20
    0
    0
    0
    0
    0
    8
    0
    0
    0
    0
    0
    0
    0
    0
   25
    0
  275
   62
   38
    0
    0
    0
    0
    0
    0
    0
    0
    0
    0
    0
    0
    0
   35
  510
  360
    6
   22
    0
   62
  100
    3
    0
    0
    0
    0
    0
    0
    0
    0
    0
    0
    0
    0
    0
    0
    0
    0
    0
    0
    0
    0
    0
    0
    0
    0
    0
    0
    0
    0
    2
   48
    0
    0
    1
   67
   65
    0
    0
    0
  112
    2
    0
    0
    0
    6
    0
    0
    0
    0
    0
    0
    0
    8
    0
    0
    0
    0
    0
   30
   17
    8
    0
    0
    0
    0
    0
    2
    0
    0
    0
    0
    0
    0
    0
    0
    0
    0
    0
    0
    0
    0
    4
    0
    0
    0
    0
    0
    0
    0
    0
    0
    0
    0
    0
    0
    0
   66
    0
    2
    0
    1
    0
    0
    0
    0
    0
   11
   51
   31
   44
   21
    0
    4
    0
    0
    0
    0
   48
    0
    0
   24
   18
   20
    0
    0
    0
    0
    0
    5
    0
    0
    0
    0
   30
   28
    7
   31
    0
    0
    0
    0
    0
    3
    0
    7
   18
    0
    0
    0
   14
    0
   26
    0
    0
    0
   32
  124
   10
   15
    1
    0
    0
    7
    0
   44
   14
    8
    0
    0
    0
    0
    0
   28
    1
    0
    0
   48
    4
   19
  145
    5
   25
    3
   48
    0
    0
    0
    0
    0
    0
    0
    0
    0
    0
    0
   20
    6
   46
   48
    0
    0
    0
    0
    0
    9
    0
    0
    0
    0
    0
    1
   31
    0
    0
    0
    0
    0
    0
    0
    0
    0
    0
    0
    0
    0
    0
    0
    0
   10
    0
    0
   20
    1
   10
  102
  220
   14
   76
    0
    0
    0
    0
    7
   50
    0
   31
    0
    0
    0
   18
    0
    0
    0
    0
    0
    0
    0
    0
    0
    0
    0
   11
    0
  114
    0
    0
    0
    1
    8
    6
    4
   40
    0
    1
    9
   76
   91
   61
    0
   26
   26
    0
    0
    0
   30
    0
   11
   21
   16
    0
   11
    0
   38
    0
    2
    0
    0
    0
  111
   70
   27
    0
   80
    0
    0
    0
    0
   16
    9
    0
    0
    0
    0
    0
    0
   49
   60
    0
    0
   46
    1
    5
   26
    0
    3
    0
   71
  171
   14
    0
    0
    0
    0
    0
    0
   15
    0
   25
   34
  180
  119
   28
   39
   22
    0
    0
    0
    0
    0
    0
    0
   23
  125
    2
    0
    0
  182
    0
    0
  140
   21
    0
    0
   22
   50
   28
   50
    0
    0
    0
   15
    3
    0
    0
    0
    0
    0
    0
    0
    0
    0
    0
    0
    0
    0
    0
    0
   30
    0
    0
   35
   31
  118
    0
   28
   89
    8
   39
   16
    0
    0
   38
    1
   13
    0
    0
   13
   44
    7
   11
   17
   13
   51
   23
    0
    0
   39
    0
   13
    0
    0
    2
    0
   84
    8
   78
    8
    0
    5
    0
    2
    0
    0
    0
    5
    0
    8
    0
   24
   23
    0
    6
   49
    0
    0
    0
    0
    0
    0
    0
    8
    0
    0
    0
    0
    0
    0
    0
    0
    0
    0
    0
    0
    0
   19
    0
    0
    0
    0
  140
    9
   54
    8
   17
    5
    0
    0
    0
    0
    0
    0
    0
    0
    0
    0
    0
    8
    5
    2
    0
    0
    9
    0
   45
   20
   48
    0
   20
    0
    0
    0
    0
    0
    0
   11
    3
    6
   10
   10
   15
   15
   41
   26
   40
   10
    4
    2
    0
    1
   42
   30
    1
    9
    0
    0
    0
    0
    0
    0
    0
   20
    0
    5
   31
   40
    0
    0
    5
    0
   63
   17
   30
    0
    0
    0
    0
    0
   26
    5
    0
    0
    0
    0
    0
    1
    0
    1
    0
    0
    0
   43
    2
   30
    4
    0
    0
    0
    0
    0
    0
    0
    0
    0
    0
    0
    0
   23
    0
    0
    0
    0
   16
    6
    0
   70
  212
    0
    0
    0
    0
    0
    0
    0
   21
   57
    0
    0
   15
   18
   48
    3
    0
    0
    0
   14
    0
    0
   30
    0
   10
    7
    8
    0
   18
    3
    0
    0
    0
    0
    0
    0
   21
    0
   16
    1
   38
   20
   26
   21
    0
    2
   16
    0
    0
    0
    2
    0
    0
    0
    0
    0
    0
    0
    0
    0
    0
    0
    0
    0
    0
   95
   62
    0
    0
    0
    0
   12
    1
    0
    0
    0
    0
    0
    0
   20
   38
    0
    0
    0
    8
   60
   58
   50
  102
   48
    7
    5
    0
    9
   78
    0
   10
    0
    0
    0
   30
    0
    0
    0
    0
   20
    0
    0
    0
    0
   39
    0
   58
   52
    1
    0
    0
    0
    3
    0
    0
    0
    0
   50
   40
    9
   56
    0
    0
    0
   56
    0
  100
  132
    0
    0
   15
    0
    1
    0
    0
    0
    0
    0
    0
   38
    0
    0
  183
    0
    5
   91
   80
    0
   58
    0
    0
   23
    0
  123
    0
    0
    0
    0
    0
    0
    0
    0
    0
   96
    0
   22
   32
    8
    5
    0
    0
    0
    0
    0
    0
   17
   12
    9
    0
    0
    0
    0
    0
    0
    0
    0
    0
    0
    0
    0
    0
    0
    0
    0
    0
   16
   16
    0
    0
    0
    0
   16
    0
    0
   25
    0
   18
   15
   14
    0
    0
    0
    0
    0
    0
    0
    0
    0
    0
    0
    0
    0
    4
    2
    0
    6
   25
    5
    0
    1
   17
   18
    0
    0
    0
   26
    0
    0
    2
   15
   13
   37
   70
   53
   17
    9
    0
    0
    0
    1
    0
    1
    0
    1
    0
    0
    0
   24
    0
    0
    5
   30
   58
   38
   30
    8
    3
    0
  142
   80
   23
   16
    0
    0
    0
    0
    1
   13
   44
   58
   55
    0
    0
    0
    0
   70
    5
    0
   10
    0
    0
    0
   34
   20
    0
   32
   18
   46
   44
    6
   56
   16
    0
    0
    0
    0
    6
   56
    8
    0
    0
    0
    0
    0
   15
    0
    0
    0
    0
    3
   11
    9
  100
    3
    0
    0
    0
    0
    0
    0
    0
   71
   42
    1
    0
    0
    0
    0
    0
    0
    0
    0
    0
    0
    0
   36
   62
  130
    8
   30
   45
    8
    0
    0
    0
    0
    2
    0
    0
    0
    0
    0
   63
    0
   41
   46
    0
    0
    0
    0
    0
    7
   88
    2
    0
   94
   68
    1
    0
    0
   16
   68
  168
    6
    0
    0
    0
    0
    0
    0
   80
    0
    0
    6
   20
   19
   58
   58
   32
    0
    0
    0
    0
    0
    0
    0
    6
    0
    0
  260
    7
   22
    0
    0
    0
   15
   20
    0
    0
    0
   18
    0
    0
    0
    0
    0
   96
    0
    0
    0
   18
  138
  218
   28
    6
   27
   72
   78
  118
   30
   29
    3
    0
    0
   68
   42
    0
    0
    0
    0
    0
    0
    0
    0
    0
    0
    0
    7
    0
    0
    0
    0
    0
    0
    0
    0
    0
    0
    0
   27
   61
    0
   15
   50
    0
    0
    0
    0
    0
    0
    0
    0
    0
    0
    0
  310
   51
   40
   33
    8
    0
    0
    0
    0
   48
    0
    0
    0
    0
    0
    0
    0
    0
    0
  105
   20
   28
    0
    0
   45
    0
    0
   25
  195
   16
    0
    1
  398
   16
    0
   36
    0
    6
    4
    2
   38
    0
    0
   39
    0
    0
   43
    0
    0
    0
    0
    0
   62
    2
    0
   68
   72
  122
    5
    0
    0
    0
    0
    0
    0
    0
    0
    0
    0
    0
    0
    0
    0
    0
    0
    0
    0
   76
    0
    0
    0
    0
    0
    0
    0
    0
    0
    5
    4
    6
   30
   28
  224
   23
    0
    0
    0
    0
   41
   46
    0
    0
    0
    1
    0
    0
   53
   10
    0
    0
    0
    0
    0
    0
    0
    0
    0
    0
   11
    0
   10
    8
    0
    0
    0
    0
    0
    0
    0
    0
    0
    0
    0
    0
    0
    0
    0
    8
    0
    3
    0
    0
    0
    0
    0
    0
   20
    0
   17
   28
   20
   10
   20
   10
   50
    0
    0
   10
    8
   70
  222
  158
    9
  217
   81
   15
   18
   40
   22
   20
   83
    7
    0
   23
   60
    0
    0
   15
    0
    0
    0
    0
    0
    1
   41
   49
    5
   50
    3
    0
   40
   26
    0
    0
    0
    0
    0
    0
    0
    0
    0
  105
    0
    7
    0
    0
   39
    3
   84
    0
    1
   64
    0
  110
   14
    3
    0
    0
    0
    0
   78
   73
   13
  131
    0
    0
    0
    3
    0
    0
    0
    0
    0
    0
    0
    0
    0
   34
   13
   10
    8
    3
    0
    0
   53
   38
   30
    0
   11
    0
    0
    0
    0
    0
    0
    0
   44
   10
    0
    0
    0
   15
   10
   15
    0
    0
    0
    0
    0
    0
    0
   25
   27
    0
    0
    0
    0
    0
    0
    0
    0
    0
   15
    0
   35
  292
    3
   10
    3
    0
    0
    0
   91
    0
   35
    0
    0
   18
    0
    0
    0
    0
   15
    0
  126
    0
    0
    0
    0
   11
    0
   50
    9
   15
   85
   35
   48
    3
   19
    0
    0
    3
    0
   50
   26
   30
   28
   68
  115
   15
    0
    5
    0
   29
    1
   20
    0
   43
    0
   32
    0
    0
    0
    0
    0
    0
    0
    0
    0
    0
    0
  218
    0
    0
    0
    0
    0
    0
    0
    0
   33
  144
    0
    0
    0
    0
   22
    0
   70
    0
   69
    3
   71
  337
    0
  155
   63
   67
    3
   20
   46
    0
    0
   78
   29
    0
  125
   60
   10
    0
   17
    0
  290
    0
    0
    0
    0
    0
    0
    0
    0
   35
   25
   44
    0
    0
    0
    0
    0
    0
  194
    0
  122
    0
    3
    0
    0
    0
    0
   29
    0
    0
    0
  159
    2
    0
    0
  102
  151
   29
    0
    0
    5
    0
    1
    0
    0
    0
    0
    0
    0
    3
    0
   11
    0
    0
    0
    0
    0
    0
    1
   10
   30
    0
    0
    0
    0
   46
    0
    3
    0
    0
    0
    0
    0
    0
    0
   28
   47
    0
    0
    0
    0
    0
    0
    0
   20
    5
    1
   23
    0
    0
    5
    7
   21
  169
   29
    4
   29
    1
    0
   63
    0
    0
    0
    0
    0
    0
    0
    0
    0
    0
    0
    8
    0
    0
    0
    0
    0
    0
    0
    0
   80
   93
   77
   20
  109
    0
   13
    0
    0
   14
   28
    2
    0
    3
    0
    2
    2
    0
    0
   25
    0
    0
    0
   15
    0
    0
   35
    0
    0
    0
    3
    2
   21
    0
    0
    0
    0
   47
    1
   67
   13
    0
    0
   36
    0
    0
    0
   29
   46
    3
    0
    0
    0
    0
    0
   13
    0
    0
  102
    0
    0
    0
    0
   37
   27
   28
   13
    8
    0
    8
   39
  143
   63
   55
   67
   26
   36
   54
    0
    9
    0
    1
   71
    8
    0
   10
    0
   50
   24
    0
   54
    4
    7
    4
    4
    9
   29
   48
    4
   31
   50
   35
   49
    9
    0
    0
   90
   63
    0
    0
    0
   10
    0
    0
   11
   32
    0
    0
    0
   16
    0
    0
    0
    3
    0
    0
    0
    0
    0
    0
    0
    0
    0
    0
    0
    0
    0
    2
   15
   20
   20
    0
    0
    0
    0
    0
    0
    0
    0
    0
    0
    0
    0
   15
   30
    0
    0
    0
    0
    0
    0
    0
    0
    2
   40
  112
    0
    0
    0
    0
    0
   46
    0
  186
    0
    0
   23
   15
   23
    3
    0
    0
    0
    0
    0
    0
    0
    0
    0
   62
    6
    6
    0
   21
   48
   28
    0
   66
   68
    0
   68
    0
    0
    0
   30
   23
    0
    0
  111
    0
   63
    2
    6
   62
   52
   37
    0
    0
    3
    0
    0
   32
    0
   48
   24
    0
   62
    0
    0
    0
    0
   53
    0
    0
    0
    0
    0
    0
   68
    0
    0
    0
    0
    0
    0
    0
    0
    4
    0
    0
    0
    0
    0
   84
   17
    0
    0
  117
    0
    0
   33
   20
    5
    0
  170
    0
    0
    0
    0
    0
   26
   16
    4
   32
    0
   16
   11
    3
    0
    0
    0
    0
   33
   43
   95
    0
    0
    1
    0
    0
    0
    0
    0
    0
   11
   29
    0
    1
    8
    0
   16
   26
    6
    1
    8
    2
    0
    1
    0
    0
    1
    0
    0
    5
   10
    0
    0
    0
    0
   10
    0
    0
   65
    0
    0
    0
    0
    0
    0
    0
    0
    0
    1
   56
  157
   47
    0
    0
    0
   20
    1
    0
    0
   39
   50
    0
    0
    5
    0
   22
  195
   18
    6
   79
   26
    0
   27
   30
  104
   15
   21
   36
   52
    8
    5
    0
    0
   11
   60
  246
    2
    8
    0
   14
    0
    5
    0
    0
    0
    0
    0
    0
   76
    0
    0
    0
   38
   49
   45
    5
    0
   43
    0
    0
    0
    0
    0
    0
    0
    0
    0
    0
    0
    0
    0
    0
    0
    0
    0
    0
    0
    0
    0
    1
    0
    0
    0
    1
    0
    0
    0
    0
    0
    0
   58
    4
    5
   20
    4
    0
   50
   16
    7
    0
    0
    1
    1
    8
    6
   30
    0
    4
   40
   26
    1
    0
    0
    0
   18
    0
    0
   57
    0
    0
    0
    2
   56
    5
    0
    0
    0
    0
    8
    0
   55
    0
    0
    0
    0
    0
    0
    0
    0
    0
    0
    0
   30
    0
    0
   15
    1
    0
    0
    8
    0
   22
   10
   26
    3
    0
    8
   10
   90
  249
    0
    0
    0
    6
    2
  121
    0
    0
    0
    0
    0
    0
    3
    1
    0
    0
    0
   72
   36
   11
    0
    0
    0
    0
    0
    0
    0
    0
    0
    0
    0
    0
    0
    0
    0
    0
    0
    0
   54
    0
   55
   52
   32
    0
   40
    0
    0
    0
    0
   60
    0
    0
    0
    0
    0
    0
    0
    0
    0
    0
    0
    0
   30
    0
    0
   85
    0
    8
   30
   85
   18
   23
    0
    0
    0
    0
    0
    0
    0
    0
    0
    0
   18
    0
    0
    0
    0
    0
    0
    0
    0
  165
  144
   86
   54
   50
    0
    0
   15
    5
    3
    0
   30
    0
    0
   16
    0
    0
    0
    0
    0
    0
    0
    0
    0
    0
    0
    0
    0
    0
    0
   20
    0
    0
   24
    2
   57
  198
   48
    0
    0
    0
    0
    0
    0
    0
    0
    0
    0
    0
    0
    0
    0
    0
   84
   93
   24
    0
    0
    0
    0
    0
    0
    0
    0
    0
   18
    0
    0
    0
    7
    6
   20
    0
    0
    0
   54
   53
   66
    8
   10
    6
    6
    0
   17
   16
    0
    0
    0
    0
    6
    0
    0
    0
    0
    0
    0
    0
    0
    0
   19
   11
  151
   20
   34
    9
    0
  169
   71
    0
    0
    0
    0
    0
    0
    0
    0
    0
    0
    0
    0
    0
   54
   83
    0
    0
   13
   11
   83
    0
    0
    0
    0
    0
    0
    1
    0
    0
    0
   12
   11
    0
   12
   16
   40
   21
   22
   34
    5
    0
   11
   47
    0
  106
    0
   11
    0
    0
    0
    0
    0
    0
    0
    0
    1
    0
    0
    7
    0
    0
    5
    0
    0
    4
    5
    0
    0
    6
    0
    4
    0
    0
    0
    6
    0
    0
   12
   29
    0
    0
    0
    0
    0
    0
    0
    1
    0
    0
    0
    0
    0
    0
    0
   20
    1
    0
   41
   56
   57
    0
    0
    0
    0
    0
    0
    0
    0
    0
    0
   40
   13
   40
    0
    5
    6
    0
    0
    8
    0
    0
   11
   46
    0
    0
    0
    0
    0
    0
    0
    0
    0
    0
    0
   40
    0
   16
    0
    0
    0
    0
    0
    0
    0
    0
    0
   96
   20
    0
    0
    0
    0
    0
   30
  160
    0
    0
   49
    0
    0
   16
    0
   10
    0
   11
    0
   56
   76
   28
    0
   18
    1
    0
    0
    0
    0
    0
    0
    0
    0
    0
    0
    0
    6
    5
    0
    0
    0
    0
   61
    0
    0
    0
    0
    0
    0
   10
    0
    0
    0
    0
    0
    0
    0
    0
    0
   94
    0
    0
    0
    0
   21
  146
  127
  400
    2
    0
    0
    0
    0
    0
    0
    0
    0
   10
    7
   17
    0
    0
    0
    0
    0
    0
  130
   69
    0
    0
   30
    0
   20
    2
    0
    2
    5
   20
    0
    0
    0
    0
    0
    5
    4
    0
    0
    0
    0
    0
    0
    0
    0
    0
    0
    0
    0
    0
    0
    0
    0
    0
    0
   20
    0
   15
    0
    0
    6
    0
    0
    0
   20
    0
   62
    0
   30
    0
   46
  107
    8
    7
    0
    0
    0
    0
    0
  153
   52
  225
   95
   62
   47
   50
    6
    0
   36
   46
   46
  109
   53
    0
    0
    0
    0
    0
   24
   15
    4
    0
   34
    7
    0
   43
    7
    0
    0
    0
    7
   37
   57
    0
    0
   46
    1
    0
    0
    0
    0
    0
    0
    7
    6
    0
    0
    0
    0
    0
    0
    0
    0
    0
    0
    0
    0
    4
    0
    7
   38
   27
    3
    0
   14
   30
   80
    0
   34
    0
    0
    0
    5
   10
    0
    0
    0
    0
    1
  132
   10
   16
   12
    0
   42
   62
    0
   13
   23
    0
    0
   64
    4
    5
    4
    0
   75
    0
    0
    0
    0
    6
   62
   71
   26
    4
    1
    0
    0
    0
    0
    6
    0
    6
    0
    0
    0
    0
    3
   13
    0
   35
    0
    5
   10
   35
   13
    4
    0
    0
    0
    0
    0
   17
    6
    6
    0
    0
    0
    0
    0
    0
    0
    9
   16
    0
    0
    4
    2
    6
    0
    0
    0
    0
    0
    0
    0
    0
    3
    2
    0
    2
   12
   19
   50
    1
   13
    9
    4
   45
    2
    0
    1
    0
    0
    0
   12
    6
    0
    0
    0
    0
    0
    0
    7
    0
    0
    1
    1
    0
    0
    0
    0
    0
    0
    0
    0
    9
    0
    0
    6
   60
   10
   34
   11
    0
   15
    0
    0
    0
    0
    0
    0
    0
   64
   14
    0
   16
    0
    0
    0
   34
    0
    0
    0
    0
    0
    0
    0
    4
   84
    0
  104
    4
    2
    0
    9
    9
    4
    0
    0
    2
   64
   73
    4
   14
    2
    0
    0
   16
    2
    0
   22
    9
   40
    1
    0
   76
   22
    1
    0
    0
    0
    0
    0
    0
   44
    6
   15
    3
    0
    3
    0
    0
    0
    0
    0
    0
    0
    0
    0
    0
    0
   23
   11
    5
    8
   17
    0
    0
   20
  290
   28
    2
   60
    0
   24
   26
    8
   17
   79
  137
  270
    0
    0
    0
    0
    0
    0
    0
    0
    0
    2
    0
    0
    0
    0
    9
   74
    0
    0
    0
    0
    0
    0
    0
    0
    0
   31
    1
   78
    0
    0
    0
    0
    0
   46
  145
    4
    0
    0
    0
   24
   90
   25
    0
    2
   64
    0
    0
    0
    0
   13
    0
    0
   45
    0
    0
    0
    0
    0
    0
    0
    0
    0
    0
    0
    0
    0
    0
    0
    6
    0
    9
   11
    0
    0
    0
    0
    0
    0
    0
   67
    0
    0
    0
    0
    0
   11
    0
    0
    0
    5
   12
    0
    0
   24
   26
   10
    0
    0
    0
    0
    0
    0
    0
    0
    0
   27
    0
    0
    0
    3
   58
   13
    0
   21
    0
   40
    0
   21
    0
    0
    0
    0
    0
    0
    0
    0
    6
   42
    2
   16
   10
    2
   27
   23
    0
   37
    0
   17
    0
    3
    0
    3
   12
    2
    0
    0
    4
   16
    0
    0
    0
    0
    1
    2
    0
    0
    0
    0
   15
    2
   28
    3
    1
    0
    0
    0
    0
    0
    0
    0
    0
   14
    2
  152
    0
   96
   76
   37
   17
    2
   86
    1
    0
    0
    0
    0
    0
    0
    0
    4
  113
    9
    0
    0
   30
    0
    0
   10
    6
   18
    0
    0
    0
   39
  107
    0
    0
    0
    0
    0
    0
   38
    0
    0
    3
    0
    5
    0
    0
    0
    1
  125
   15
    1
    0
    0
    3
    0
    5
   45
    5
   24
    1
    6
    8
    8
    6
   19
   60
   11
    0
    0
    0
    0
    0
    0
    0
   14
    0
    0
    0
   88
    0
    0
    0
   15
   17
   25
  108
   16
   10
   12
    0
    0
    5
   23
   37
   55
    0
  230
   84
    0
   28
   18
    1
    1
    0
   84
   20
    9
    0
    0
    0
    0
    0
    0
    0
    0
    0
    0
    0
    0
   51
    0
   27
    2
    0
    0
    0
   19
    0
    0
    0
   18
    3
    0
    0
    1
   65
    0
    0
    0
    0
   40
   15
   46
   21
  145
    3
    0
    0
    0
    0
    0
    0
    0
    0
    0
    2
    0
    0
    0
    0
    0
    0
    0
    0
    0
    0
    0
  613
    4
    3
   43
    5
   35
   46
    0
    0
    0
    0
    0
    0
    9
    0
   11
    0
    0
    0
    0
   19
    0
    0
    0
    0
    0
    0
    0
    0
    0
   13
  168
  318
   88
    0
    0
    0
   34
   13
    0
    5
   35
    0
    0
    0
    0
    0
    0
  302
   32
    0
    0
  103
    0
   13
    0
    0
    0
   14
    0
    0
    0
    0
    0
    0
    0
    0
    0
    0
    0
    0
    7
   14
    0
    0
    8
    0
   25
   66
    0
   22
   17
   14
    0
   20
    0
    0
    7
    4
  267
   14
    3
    4
   86
    2
    0
    8
    0
    0
    0
   23
    0
    6
   57
    0
    0
    0
    0
    0
    0
    0
    0
   20
   48
    0
    3
    0
    0
    0
    0
    0
    0
    0
   74
   54
    4
   19
    0
    4
    0
   14
    0
    0
    0
    9
    0
    0
    0
    0
    0
    0
   12
   30
    8
   83
   78
   15
   86
    6
    0
    0
    0
   15
    0
    0
    9
    2
    0
    0
    0
   12
   53
    2
   21
    1
   40
    0
   24
    0
   24
    0
   34
   34
    4
    2
    9
   22
   10
    0
    4
    0
    0
    7
    0
   14
    0
    0
   48
    0
    4
    4
  117
   20
   10
    3
    0
    0
    0
    0
   16
   98
   23
    4
    0
    0
    0
    0
    0
    0
    0
    0
    0
    0
    0
    0
    0
    0
   79
    7
    1
    5
    0
   84
  104
    4
    0
    0
    0
    4
    0
    5
    1
    0
  224
    0
   19
    4
    3
    2
   42
    0
    0
    0
    0
    0
    0
    0
   25
   14
    1
    0
    0
    0
    0
    0
    0
    0
    0
   79
    8
    0
   10
   49
   47
    1
   10
   11
    1
    0
    6
    0
    0
    0
   10
    0
   36
   47
    0
    0
    0
    0
    0
    0
    0
    1
   15
   36
   25
   20
    0
    0
    1
   58
    8
    2
    1
   14
    3
    0
    4
    0
    0
    0
    0
    0
    2
    0
   24
   35
    8
    0
    0
    0
    0
    0
    3
    0
    0
    8
   12
   88
    0
    0
    0
    0
    0
    0
    0
    0
    0
    0
    0
    0
    5
    0
    0
    4
    0
    0
    0
    0
    0
    0
    0
   57
    0
   24
    0
    0
    0
    0
    6
  241
    5
    0
    0
    0
  306
   67
    6
    0
   51
    7
    0
   63
  130
    0
    0
   48
    0
    0
    0
   86
   74
   61
    0
    6
    4
   36
   19
    4
    2
    0
    0
    0
    9
    0
    0
   16
  138
   38
    0
    0
    0
    0
    0
    0
  166
    0
    0
    0
    0
   66
   16
   13
    0
   14
   86
  138
    0
   94
   65
   25
    4
   25
   25
    4
   30
    5
   66
   36
    0
   18
  108
    0
    0
    5
    0
   58
    0
    0
    3
   38
   79
    0
   11
    0
    0
    0
    0
    0
    0
    0
    1
    0
  102
    0
    0
    0
    0
    0
    0
    0
   58
   15
    1
   56
   57
   32
   68
    0
    0
   34
    0
    0
  142
   20
   88
    0
   17
    4
   20
    0
    0
    0
    0
    0
    0
    0
    0
    0
    0
    0
    0
    0
    0
    9
    0
    0
    0
    2
    0
   10
    1
   24
    0
    0
    0
   10
   28
    0
    0
    0
    0
    2
    0
   10
   94
  102
    1
    0
    0
    0
    0
    1
    0
    0
    0
    4
    3
    1
  105
   34
   39
    3
    1
    9
    0
   18
  162
   78
    7
    3
    0
   10
    0
   20
   42
    0
    0
    0
    0
    0
   42
    0
    0
    0
   21
    0
    2
    0
    0
    6
   62
    2
   74
    0
   28
   20
   40
    0
    8
   11
    0
   16
  146
  136
    0
   42
    2
   43
   23
    0
    0
   19
    0
   20
    0
   16
   66
    0
    6
    1
    8
    0
    0
    7
    8
   11
   35
    0
    0
    4
    3
    0
    0
    3
    0
    0
   33
    0
   24
   42
   42
    5
    7
   20
    0
    4
    0
    3
    0
    0
    5
    9
   38
    0
   45
    8
    8
    1
    0
    0
    0
    0
    0
    0
    2
   16
   69
   68
   22
    4
    0
    0
   40
   10
    9
   81
    0
   11
    0
   43
    0
    0
    0
    0
   65
   45
  213
  260
   30
   15
   35
   48
   24
    0
   70
    5
   79
   35
    0
    0
    0
   14
    0
    2
    6
    0
    0
   24
    2
    0
    0
    5
    0
   30
  125
  464
   90
    4
    0
   14
   35
    0
    0
    0
    0
    0
    0
    0
    0
    0
    0
    0
    0
   15
    3
    0
    0
   35
   34
    0
    0
    0
    0
    0
    0
    0
    0
    3
    0
    7
    0
   20
  288
   13
   17
   18
   78
   90
  186
  100
    9
    4
    0
    0
    0
    0
   50
    0
    0
   77
    0
    0
    8
    0
    0
    0
    0
    0
    0
    0
   83
    3
    0
    0
    0
    0
    0
    0
    0
    0
    0
    0
    0
   20
    0
    0
    0
    0
  140
    3
    0
  104
    0
    0
    0
    0
    0
    0
    9
    0
    0
   15
    1
    0
    0
    0
    0
    0
    0
    1
   54
    0
    0
    4
    0
    0
   50
    0
    0
    0
    0
    0
    4
    0
    0
   86
  100
   94
   34
    0
    0
    0
   94
  177
    2
    0
    0
    0
  436
  140
   60
    0
   18
   80
    0
    0
   63
    0
   16
    0
    0
   30
   23
    5
  220
    0
   87
    0
    1
    2
   84
   30
    0
    0
   19
    0
    0
    0
    0
    0
    0
    0
    0
    0
    0
    0
    0
   35
    3
  114
    0
    0
    0
    0
    0
   25
    0
    0
    0
    0
    0
    0
    2
    0
    0
    0
    0
    0
   25
    6
    0
    9
    0
    5
    0
   30
    3
   21
    0
    0
    0
    0
    0
   10
   10
    2
    0
    0
    0
    0
    9
   34
   14
    0
   90
    2
   39
    3
    0
    5
    0
    0
   50
   44
   10
    1
    0
    8
    0
    0
    0
   18
    3
    0
    0
   15
    5
   14
    0
  104
   98
    0
    0
    3
    0
    0
    0
    0
    0
    0
    0
    0
    0
    3
    5
   25
    5
   20
    3
    2
   25
    9
    0
    0
    0
   12
   11
   17
    2
   13
   37
    0
    5
    8
    0
    0
   45
   15
   14
   24
   30
    3
    0
   28
   14
   21
    0
   34
   17
    0
   32
   25
    0
    5
    0
    5
    0
  108
    0
    8
   10
    0
   29
    0
   44
   24
    4
    0
    6
    4
   16
    0
    0
   15
   20
    1
   15
    0
    4
    2
    0
    0
    0
    0
    0
    0
    0
    0
    0
    0
    1
    0
   18
    0
   36
    3
    3
    0
   10
    0
    0
    0
    5
    2
   95
   33
   34
    0
   33
   68
    0
    0
    5
    6
    0
   11
   11
   25
   80
   36
   40
    0
    0
   56
   11
  102
   61
  164
    0
    0
    0
    0
    0
    5
   33
    0
    0
    0
    0
    0
    0
    0
    0
    0
    0
    0
    5
   76
   55
    0
   81
  134
    0
    0
   14
   48
  107
    0
    0
    0
    0
    0
    0
    0
    0
    0
    0
    5
   26
   30
  321
   59
    0
    0
    5
    1
   18
    7
    7
   25
   35
    9
   34
   16
   36
    0
   34
    4
    0
    0
   54
   44
    4
   48
    0
    0
    0
    0
    0
    0
    0
  218
   62
    0
    0
    0
    0
    0
    0
    0
    0
    0
   30
   58
    6
  156
   18
   16
    0
    0
    0
  202
    0
    0
    0
    0
   10
  183
    0
    0
    0
    0
    0
    0
    0
    0
    0
    0
    0
    0
    0
    0
    0
  218
   84
    0
   27
    0
    0
   20
  337
    0
    0
    1
   20
   15
   14
   37
   13
   20
    8
  398
  182
    0
   18
    6
    0
   15
   30
   13
    0
    0
    0
   13
   13
    0
    0
    0
    0
    0
  238
  138
    1
    0
    0
    0
    0
   70
   69
   10
   20
   69
    5
    0
    2
    0
    0
    0
    0
    0
    0
    0
    2
    0
    0
    0
    0
    0
    0
    1
    0
   25
    0
    0
    0
    0
    0
    0
   24
   18
    6
    1
    0
  128
  138
   50
   32
    0
   53
   58
   30
   25
    0
    0
    0
    0
    0
   23
   50
   23
    0
   21
    0
    0
    0
    0
    0
    0
    0
    0
    2
    5
    0
    0
    0
    0
    8
    1
    1
    0
    0
    0
    0
   28
    0
    1
    0
    0
    0
    0
   21
    4
   90
    0
   39
   90
   11
    0
    1
    0
    0
    0
    1
    0
    4
    0
    3
    0
    0
    0
    3
    0
    0
    0
    0
    0
    0
    0
    0
    0
    0
    0
    1
    0
    0
    0
    0
    0
    0
    8
    0
    0
    0
    0
    0
    0
   25
   13
   10
    5
    0
    0
    0
    0
    0
    0
   10
   27
    9
   52
   16
    6
   21
   20
   12
    9
    2
    0
    0
    0
    0
    0
    0
    7
    4
    4
    2
    0
    3
   62
    0
    0
    0
    4
    5
    7
    0
    0
    0
    0
    0
    0
    0
    0
    0
    0
   43
   11
    0
   35
    0
    5
    4
    6
    2
   37
    2
   43
    0
    0
    0
    0
    0
    0
    5
   99
    3
    6
    0
    0
    0
    0
    0
    0
    0
    0
    0
   28
    1
    0
    0
    0
   15
    0
    2
    0
   62
    0
   20
    0
    6
   20
   69
   40
    0
    0
   21
   12
    0
   92
   28
   62
   22
   70
    0
   13
   17
    7
    0
    5
   16
   37
    0
    0
    0
    0
    0
   60
   10
    0
    0
    0
    0
   10
    3
    0
    0
   10
    0
    0
    0
    0
    0
    1
    0
   27
    0
   13
    0
    0
    0
    0
    0
   32
   93
   25
   23
    0
    0
    0
   63
   73
   78
  288
   23
    0
  192
   78
    0
    0
    0
    0
    0
    0
    0
    0
    0
    0
  210
   72
   40
    0
    0
   35
    0
   12
    0
    0
    0
    0
    0
    0
    0
  175
    0
    0
    0
   62
   71
    1
   32
   60
    0
    0
    0
    0
    0
    0
    0
    0
    4
   14
    0
    0
   50
    0
    0
    6
    0
    0
    0
    0
   22
   46
    0
    0
    5
   14
    4
   46
  167
   43
    4
    0
    1
    0
    0
    0
   67
    0
    0
   25
   13
    0
   17
    0
   44
    0
   94
    0
    0
   12
   26
    0
    0
    0
   16
   11
    0
    0
    0
    0
    7
   73
   30
    4
    0
  114
   53
    0
    0
    0
    0
    0
   48
    0
    0
    5
   34
    4
    0
    0
    0
    0
    0
  102
    0
    0
   19
    0
    5
   95
    0
   23
    3
    0
   81
   27
    0
    0
    0
   10
    2
   27
   25
   27
    9
   18
   48
    1
   10
    0
    0
    0
    0
    0
    0
    0
    2
    0
    0
   71
    0
   10
    0
    9
   57
  194
   27
    2
    0
    0
    0
    8
    1
    0
    0
   11
    1
    0
    0
    0
    0
   25
    1
    1
    0
    0
    0
    3
    1
    0
    0
    0
    0
    0
    0
    9
   34
    9
    0
    0
   13
   24
   58
    0
    0
    6
    2
    1
    6
    0
    0
    0
    4
   60
    0
    1
    0
    0
    5
   42
    8
   38
    0
   27
    0
    0
   21
   12
    0
   35
    0
    0
   15
   55
   32
    0
    0
    0
    0
    0
    0
    0
    0
    0
    0
    0
    0
    0
    0
    0
   16
   43
  111
    5
    9
   70
    5
   42
    3
   46
    0
    0
   35
    2
   12
    2
    0
    0
    0
    0
   28
   15
   37
    5
    0
    0
    0
    0
   27
    0
    1
   15
    0
    0
    0
   66
    2
    0
    0
    0
    0
    0
   20
   17
   16
    4
   46
    2
    0
    0
    5
    1
   43
  100
    2
    0
    6
    1
    0
    0
    0
    4
    0
    0
    0
    5
    0
   40
    8
   40
   48
    5
    0
   12
   35
   19
    0
    0
    0
    0
    0
    0
    0
    0
    0
    0
    0
    0
    0
    0
    0
   15
   28
    1
    1
    0
   25
    0
   39
   58
    3
    2
   49
    4
    0
    0
    0
   40
   37
    0
    5
   15
   79
  123
    0
    0
    0
    0
    0
    0
    0
    0
    1
  191
   18
   60
  172
   18
  286
  100
    0
   76
    0
   82
   13
    0
    0
    0
   19
   50
   40
    0
    0
   64
    0
    0
    0
    0
    0
    0
    0
    0
    0
    0
   39
    0
    0
   11
   13
    0
    0
    0
    0
    0
    0
    4
    0
   96
   38
    0
    0
    0
    0
    0
    0
   14
    2
    0
    0
    0
    0
    0
   40
   34
    0
    0
    0
    0
    0
    0
    0
    0
    0
    1
    0
    0
    0
    0
    0
    9
    4
    5
    5
    0
    0
    0
    0
    5
   10
   51
   27
   48
    7
   68
    8
   50
    0
    0
    0
    0
   17
    0
    0
    0
    5
    8
    2
    0
    0
    0
    0
    0
    0
    0
    5
    0
    0
   34
    0
    6
    0
    0
    0
    0
    0
    0
  120
    0
    0
    0
    0
    0
    0
    0
    0
    0
    0
    0
    0
   14
    0
    0
   18
  168
  140
    4
    0
   68
   33
    0
    0
   29
   38
   74
   37
   51
   20
    1
    0
   20
    1
   30
    3
    0
    0
   20
   27
   10
    0
    9
    3
    0
    0
    0
    0
   10
   17
    5
    5
    3
    0
    0
    0
    0
    0
    0
    0
   13
   53
    0
    0
   85
   34
   14
   13
    4
    9
    0
    0
    0
   20
    3
    0
    0
    0
    3
    0
    0
    0
    0
    0
    0
    0
    0
    0
    0
    0
    0
    0
   34
    0
    0
    0
    0
    2
   78
    1
   50
    0
    0
    0
   18
    1
    2
   14
   22
    9
   66
    5
   55
    0
    1
    0
    7
    0
   17
   23
   91
   10
    2
    0
    5
    0
   20
    0
    0
    0
    0
    0
    0
    0
    0
    0
   48
    5
   20
    0
    0
   19
   18
   18
   10
    6
   21
    0
    0
    0
    0
    0
    0
    0
    0
    8
   77
    0
    0
    0
    4
    8
    0
    0
    0
    0
    0
   71
    0
    0
    0
    0
    0
    0
    0
    0
    0
    0
    0
    0
    0
    0
    0
    0
    0
    5
   58
    0
    2
    1
    1
   25
   18
    1
   58
    0
   20
   24
   49
    0
    0
    0
    0
   24
    0
    0
   33
   24
  252
    0
    0
    0
   49
   41
    5
    0
    0
   90
    0
   23
    0
    0
    0
    0
    1
    0
   34
    0
    0
   17
   69
   49
    1
    7
  150
   53
    8
   87
   13
  130
    0
    3
    1
    0
    0
    0
    0
   39
    0
   29
    5
   20
    0
   90
   32
    4
    0
    0
    8
   22
    0
    5
    0
    0
    0
    0
    0
    0
    0
   30
    0
    0
    0
    0
    0
    0
    0
    0
   20
   33
   24
   20
    0
  243
    0
    8
   14
    0
   34
    0
    0
  106
    0
  156
    0
    0
    0
    0
    4
    8
   90
    4
  138
  108
  141
   46
   46
    0
    0
    0
    0
    0
    0
    0
    0
    0
    0
    0
    0
  217
   40
   24
    0
    0
    0
  102
   21
    8
    5
   13
   36
   14
   34
   13
    0
   24
    8
    5
    5
    0
    0
   30
  126
    1
    6
   31
   78
   10
    2
   86
  118
   31
    0
   30
    0
    7
    0
   10
   43
   24
    1
    0
    3
   75
    3
   37
    3
    1
    5
   11
    0
    0
   12
    0
    0
    4
    3
    0
    2
    5
    0
    0
    0
   10
   18
   26
    0
    0
    0
    0
    0
   21
    6
   35
   37
    0
    0
   20
   13
    0
    0
   10
    0
    0
    0
    0
    0
    0
    0
    0
    0
    0
    0
   30
    0
    0
    0
   18
   10
    8
    0
   19
    3
    3
    0
    0
    0
    0
    0
    0
    0
    8
   12
    6
    0
   46
    7
   33
   17
    3
    3
   18
    5
    2
   44
    3
   47
   17
   50
    2
    7
    0
    0
    0
    9
    0
    0
   25
    1
   15
   57
    0
   54
    2
   15
   16
   26
    3
    0
    0
   13
   50
    0
    0
   17
    7
    0
    0
   13
   30
    0
    0
    0
    0
    0
    0
    0
    0
    3
    7
    0
   13
    1
    1
    0
    0
   28
    3
    0
    0
    0
    0
    0
    0
  163
    8
   50
    3
   35
    0
    0
   26
    0
   10
    3
    5
   37
   18
    0
   11
    0
   17
    0
   13
    0
    5
    0
   18
    0
    0
    0
    0
    0
    0
    0
    0
    0
    9
   76
    0
   57
   40
   12
   27
   51
    0
    6
    0
    0
    0
   87
   53
   16
    0
    0
    0
    0
    0
  185
    0
   95
    0
    0
   50
   21
    0
   11
    4
    0
   48
    0
   49
   18
    0
    0
    0
    0
    0
   80
  141
   24
   69
   10
    1
    0
    0
    0
    0
    0
    4
    0
   47
    0
    0
    0
  120
  155
  632
   72
   73
    0
    0
    0
    5
   92
   95
   33
    0
    0
    0
    0
    1
    0
   50
   12
    1
    0
    0
    0
    0
    0
    0
    0
    0
    0
    0
    0
    7
    0
    0
    0
    0
   16
    0
    0
    0
   37
    1
   37
   23
   72
    0
    5
    0
    0
    0
    0
    0
   37
    0
    0
    0
    1
   35
    0
    0
    0
    0
    0
   37
    0
    0
    0
    0
    0
    0
    0
    0
    0
    0
    0
    0
    0
   99
    0
   10
    0
    0
    3
   13
    0
    0
   34
    0
   14
    0
   15
    0
    0
    0
    1
   40
   75
    1
    9
    0
    0
    9
    1
    0
    0
    0
    0
    0
    0
    0
    8
   14
    0
    0
    0
    0
    0
    4
    0
    7
  124
    0
    0
    0
    0
   21
  109
  269
   82
    6
    0
    6
   28
    0
    0
    6
   57
   24
   15
    1
    5
    0
    0
    6
    0
    0
    0
    0
    0
   23
    7
   18
    0
    0
   25
   37
    0
    0
    0
   12
    0
    8
    3
    1
    3
    0
    0
    1
    0
    1
    0
    9
   10
    8
  150
   17
    0
    0
    0
    0
   34
    0
    0
   26
    0
    0
    0
    5
    2
    0
    0
    0
    0
    0
    1
    8
   32
   45
    1
   24
   28
   23
    0
    3
    0
    0
    0
    0
   50
   18
   21
   26
   38
    9
   22
    0
    0
    0
   11
    0
   34
    0
   23
   10
   10
   31
   14
    1
   36
   16
    6
    2
   26
    2
  130
   86
    0
    0
   13
    0
   36
    5
    0
    0
    0
    0
    5
   51
   64
   76
   35
   12
   13
   90
   23
   85
   66
    0
    0
    0
    0
    0
    0
   33
    4
    2
   37
   27
   33
   53
   23
    3
    0
    0
   21
    0
    0
   10
    0
    0
    0
    0
   31
    1
    0
   22
    0
    0
   27
    8
    0
    0
    0
    0
    8
    0
    0
    0
    0
    0
  176
   15
    0
    0
    0
    0
    0
    0
   66
    0
    0
    0
    0
    0
    0
    0
    0
   49
    0
    1
   17
   18
   76
    0
    0
    8
    0
    3
    0
   14
    2
    0
    0
    0
  245
    3
    0
    0
   24
    0
    0
   62
  322
    0
    0
    0
   80
    0
    0
    0
    0
    0
    0
   21
    0
   36
    6
    0
    0
    0
    0
    0
    0
   21
   64
   23
   65
    0
  124
    6
   14
    0
    0
    0
   24
   34
    8
    0
    0
    0
    7
    0
    0
   50
    0
    0
    0
    0
   11
   16
   34
    7
    0
    0
   47
    0
    0
    0
    0
   19
    0
    0
   38
    0
    0
    0
    0
   86
    0
  110
    0
  154
  170
   70
    0
    0
    0
    0
    0
   62
    1
    0
    0
    0
  167
   23
  131
    0
    5
   45
   17
    0
    0
    0
    0
    0
   23
    0
    3
   17
    3
    0
    0
    0
   18
    1
    0
    0
    0
    0
    0
    0
    0
    0
   93
    0
    0
    0
   20
   30
  109
    0
   12
   10
   13
    2
    0
    0
    0
    0
    0
    0
    0
    0
    0
    0
    0
    0
    0
    0
   30
   13
    1
    0
    0
    0
    0
   23
    0
    0
    0
    0
    0
    0
    0
    0
    0
   10
   84
    0
    0
   24
    0
   25
    0
    0
    0
    0
    0
    0
    9
    0
   60
    0
    0
    1
    0
    0
    0
    0
    0
    3
    1
    0
    6
    5
    0
    0
   25
   13
    0
    0
    0
    0
    0
    0
    0
    0
   60
   28
   25
    0
    0
    0
   10
    0
   27
    0
    0
    0
   40
    0
    0
    0
    0
    1
    0
    0
    0
    0
    0
    0
    0
    0
    0
    1
   13
   30
    7
   17
   25
    0
   15
    0
    0
    0
    4
   34
   17
   58
   43
    0
    0
    0
    0
    0
    0
    0
    9
    0
    0
    0
    0
    8
    0
    0
    0
    0
   71
    2
    1
    0
   15
    0
    0
    4
    3
   21
   47
    3
    0
    0
   49
    0
   30
    5
   69
    0
    2
    2
   18
  144
   21
   12
    1
   74
   11
  135
  130
   90
    0
    0
    0
   31
    3
    0
    0
    0
    2
   48
    0
   20
    0
   22
    0
   73
    0
    3
   12
   13
   80
   10
   22
    1
   10
    0
    1
    0
    0
    0
   43
    0
   14
   17
    0
    0
    0
    0
   20
   31
  108
  109
    0
    0
    0
    0
    0
    0
    0
    5
    4
   14
   97
   17
    0
    0
    0
    0
    0
    0
    0
    0
    0
   32
    0
    0
   50
   15
   50
  102
   30
    0
    0
   54
   20
   27
   39
    0
    0
    0
    0
    0
  200
    0
   70
    0
    0
   14
   36
    0
    0
    0
    0
   14
   10
    0
  239
    0
    0
    0
    0
    0
    0
  420
   80
   13
    2
    0
    0
    8
   48
  290
   23
    0
    0
    0
    9
    0
    0
    0
    0
    0
    0
    0
   35
    0
    0
    5
    0
    0
   60
   61
    9
    0
   29
    1
    0
    0
   25
    0
   18
    0
    0
    3
    0
    0
   34
   84
    2
    0
    0
    0
    0
    0
   24
    1
    0
    0
    1
    0
   15
   23
    3
  126
   11
   79
  117
   68
   35
   40
   16
   55
   15
   16
   60
    0
   15
   31
   13
   13
    0
    0
   69
   19
    0
   68
    9
    2
   32
  124
    0
   40
    1
    0
    0
   42
    0
    0
    0
    0
    0
    0
    0
    0
    0
    0
    0
    0
    0
   40
    1
    0
   38
    0
    0
    0
   10
   10
    0
   17
   34
   11
    0
    0
   13
    2
  102
   72
   37
    0
    0
   37
    0
    0
    0
    0
    0
    2
    3
    0
    0
   42
    0
   64
   17
   13
   33
    1
   37
    0
   26
   13
    0
   26
   48
   48
   21
    0
    0
    3
   30
   14
    0
    0
    4
   14
   30
    5
   34
    0
    8
   81
    0
    0
    0
    0
    0
    4
   96
   13
    3
    1
   24
    0
    0
    0
   19
    8
    0
    0
    0
    2
    1
    0
    0
    0
    5
    0
    0
    0
    4
    5
    0
    0
    0
    3
    4
   60
    9
    0
    0
    0
    0
    0
    0
    0
    5
    0
   10
   23
   45
    0
    3
   39
   29
    0
    0
    0
    0
    9
   20
   20
    0
   36
   21
   23
   20
   43
   23
   17
    4
    9
    0
    0
    0
    1
    6
    0
    0
    0
    0
    0
  148
   78
    1
    0
    0
   18
   50
   30
   24
    4
    0
    5
    0
    0
    0
    0
    0
    0
    0
    0
    0
    0
    0
    0
    0
    0
    0
    0
    0
    0
    0
   63
  161
   70
    0
   36
    0
    1
    0
    0
    0
    3
   33
    0
   46
   14
    0
   20
    0
   57
    0
   14
  110
   11
   64
    0
    0
    0
    5
    0
    0
    0
    0
    0
    0
    0
    3
   69
    0
    0
    0
   23
    0
   29
    0
   36
   30
    0
    0
    0
    0
    0
    0
    0
   17
   26
   24
   51
    0
    0
    0
    0
   14
   11
   33
    2
    0
    0
    0
  148
   31
    0
    0
    0
    0
    0
    0
    3
    0
    0
    7
    3
    0
    0
    0
    0
    0
    0
    0
  126
    0
    0
   10
  294
    0
  284
  745
   17
   10
    0
    0
    0
   14
   34
    3
    2
    0
    0
    0
    0
    0
   20
    0
    0
   80
    0
    0
  150
   56
    0
   42
  256
  395
    5
    0
    0
    0
   39
    0
    0
    0
   13
    0
    0
    0
    0
    0
    0
    0
    0
    0
   21
    0
    0
    0
    0
    0
    0
    0
    0
    0
  515
    0
    0
    0
   50
    0
    0
   10
    0
    0
    1
    0
   21
   25
    0
   30
   52
    2
    7
    0
    0
    0
    0
   30
    0
  120
   13
   21
    0
    0
    0
    0
    0
    0
    5
   31
   30
   13
   50
    0
    0
   59
   42
    5
    0
   29
   27
   35
   13
   10
    0
    0
   60
   63
   93
    3
    0
    0
   36
   43
   55
    3
   10
    0
    0
    1
   10
   10
    0
   34
  151
    0
    0
   95
    0
    0
   13
    5
    0
   18
  206
  176
    0
    2
    1
   18
    6
    0
    0
    0
    1
    0
    0
    0
    9
    0
   13
   18
   32
    7
    0
    0
    0
  131
    0
   30
    0
   20
    0
    0
  150
  262
    0
