Station: Wildenfels-Haertensdorf , scaling_factor: 10.0, latitude:  50.6746, longitude:  12.6117, altitude:  355, nodata_value: -9
start: ..1969-02-01  end: ..2005-12-31
    0
   13
    0
   20
    0
    0
    0
    0
   17
   30
    9
   12
   19
   18
  167
    0
    0
    0
    0
    4
    0
    0
    0
    0
   25
    0
    0
    0
    0
    0
    0
    0
    0
    0
    0
    0
   22
    0
  128
   61
   32
   12
  132
    9
    0
    0
    0
    0
    0
    0
    0
    0
   21
   16
   21
   31
    0
   11
   43
   11
   51
    0
    0
    0
    0
    0
    0
    0
    0
   41
   56
   14
    6
   45
   51
   32
  128
   21
    0
    0
   48
   81
   71
    0
    0
   51
    0
   95
    8
    0
    0
   91
  122
    0
    0
   71
    0
   13
    0
    0
    0
    0
    0
    0
   45
    0
    7
    5
    0
    3
    0
    0
    0
   13
  252
    0
   13
    0
   91
   11
   45
    5
   45
    3
   61
   31
    0
    0
    0
    0
    0
    0
    0
  239
   34
    0
    0
   16
  546
   96
    0
    0
    0
  443
    0
   45
   16
   39
   47
    2
    0
   15
   81
    0
    0
    7
    0
    0
    7
   11
  104
   34
   38
    0
    0
    0
   84
    0
    0
    0
    0
    0
    0
    0
   25
    0
   77
    0
    0
    0
    0
    0
    0
    0
   23
    0
    0
   31
    0
    0
    0
    0
    0
  133
  124
   64
  148
    9
    0
   21
   51
    0
    0
    5
    0
    9
   87
   28
   86
   99
  147
    0
    0
    0
    0
    5
    0
    0
    0
    0
    0
   23
    0
    0
    0
    0
   21
  109
  282
    0
    0
    0
   19
   41
    0
    0
    0
    0
   36
    0
    0
    0
   23
   59
   16
    0
    0
    0
    0
    0
    0
    0
    0
    0
    0
    0
    0
    0
    0
    0
    0
    0
    0
    0
   61
   11
   25
   11
    0
    0
   21
   17
   29
    0
    0
    0
   78
    0
    0
   32
   12
   34
    0
    0
   16
    0
    0
    0
    0
    0
    0
    8
    0
    0
    0
    0
   78
   61
   85
    0
    0
   26
   14
    0
   12
   45
    0
    0
   10
   19
    0
    0
    0
    0
    0
    0
    0
   33
   49
   10
   56
   10
    0
    0
    0
   16
   11
    0
    0
    0
    0
   36
    0
   11
    4
    0
   10
   30
   73
    0
    6
    0
    0
    0
    0
    0
    0
    0
    0
   35
    0
    0
    0
    0
    0
    0
    0
    5
    0
   15
   64
   27
    5
    0
   26
    0
   48
   13
    4
    0
   20
    8
   10
   13
   10
   17
   19
   21
    6
    8
    0
    0
   47
    0
    8
   85
  164
  203
   11
    0
   60
   63
   84
   53
   44
    0
  122
  222
    1
    0
    0
    0
    0
    0
    0
    0
    0
    0
   33
   25
   31
   22
    9
    0
    0
    0
    0
   12
    0
    0
   88
   42
    6
   32
    4
   11
   12
   57
   12
    0
    0
    0
   89
    6
    0
   35
  112
    0
    0
   48
   11
   34
  146
   44
    0
    0
   21
    0
   20
   32
   18
    0
   23
   92
  145
   17
   14
    0
    0
    0
    0
    0
    0
    0
  122
   84
    6
    0
    0
   13
    0
    0
   55
   23
   15
    5
   15
    0
    5
   82
  115
  162
   51
   33
   72
   21
    0
    0
    0
   23
    0
    0
    0
    0
   12
    9
    0
    0
    0
    0
  111
    9
    0
    0
    0
    0
   11
   13
   45
    0
    0
    0
  241
   56
    0
   17
   13
   16
   12
    0
    0
    0
    0
  162
    0
    0
    0
    0
   71
   79
   43
   10
    0
   53
   41
   72
    0
    0
   95
   27
   17
   19
    0
   76
    0
  141
   21
   29
    0
    0
    0
    0
   41
   82
   31
    0
   21
    0
    0
   28
    0
   65
    0
    0
    0
  196
  204
   11
   62
   42
    0
    0
    0
    0
    0
    0
    0
   31
    0
   79
   20
    0
    0
    0
   12
    0
    0
   56
    0
   21
    0
    0
    0
    0
    0
    0
    0
   29
    0
    0
    0
    0
   11
    0
    0
    0
  136
  129
   68
  142
   62
   12
    0
    0
    0
    0
    0
    0
    0
    0
    0
    0
    0
    0
    0
   31
    7
   96
    8
   31
   97
   16
   36
    0
   21
  131
    0
   11
   42
   61
   13
    0
   36
   22
    0
    0
    0
   21
   46
    0
   20
   44
    0
    8
    6
   10
    0
    0
   58
  152
    0
    0
    0
    0
    0
    0
   11
    9
    3
   53
   64
   13
  100
    0
    6
    0
    3
    5
    0
    0
    0
    1
   10
    0
    3
   40
    0
   29
   26
   13
   11
   46
   21
   26
    0
   31
    0
  101
   96
    6
    0
    0
    0
    0
    0
    0
    0
    0
    0
    0
    0
    0
    0
    8
   28
    0
    0
    0
    0
    0
    0
   23
    0
    0
    5
   16
   34
    0
    0
    0
   32
   12
   74
    0
    5
    7
   64
   71
    0
    0
    0
    0
   13
    0
    0
    0
    0
   35
   51
    0
    0
   61
  151
   21
   91
   35
   38
  126
   42
   24
   13
   15
   24
   25
   51
    0
    0
   31
   51
   31
    0
    0
    0
    7
    0
    0
    0
    0
    0
  135
    6
    0
    0
   12
    0
    0
    0
    0
    0
    0
    0
    0
    0
   24
    0
    0
    0
    0
    0
    0
    0
    0
    0
    0
    0
   42
    0
    0
   21
    0
    0
   35
   86
   73
   18
   39
   26
    0
    0
    0
    8
    0
    0
    0
    0
    0
    0
    6
    0
    0
    0
    0
    0
   24
    0
    0
   42
   21
    0
   48
    6
   60
    4
   48
   21
    0
  200
   88
    0
    6
   46
    8
    4
    4
   63
    0
   94
    0
  104
   31
  102
   41
   82
   49
    8
   39
   21
   89
   34
   45
    3
   21
    0
    0
    0
   21
   63
   72
   11
   35
   24
   51
    0
    0
    0
    0
    0
    0
    0
    0
    0
    0
    0
    0
   19
    0
    0
    0
    0
    0
    0
    0
    0
    6
    0
    0
    0
  201
    0
    0
    0
    0
    0
   26
    0
    0
    0
    0
   89
    0
    0
   16
    0
    0
   95
    0
    0
    0
    0
    0
    0
   75
   84
  238
    0
    0
   41
   39
    0
    0
   14
   25
    0
    0
    0
    0
    0
    0
    0
    0
  154
   85
   21
   21
    0
   16
   26
    0
    0
  106
    0
    0
    0
    0
    2
    5
    2
    0
    0
   65
   15
    0
    0
    0
    0
    0
   11
    0
    0
    0
    0
    0
    0
    0
  193
  172
   21
    0
    0
    0
    0
    0
   18
   11
    0
    0
    0
    0
    0
    0
    0
    0
    0
   16
    0
    0
    0
    0
    0
    0
    0
   34
  100
    4
    0
   13
   44
   35
   44
   43
  292
   49
    0
   15
    0
   18
   59
   12
   24
    0
    0
    0
    0
    0
    0
    0
    0
   64
   11
    9
   30
   18
   21
    6
  124
    0
    0
    0
    0
    0
    0
   54
  105
    0
   37
   31
    0
    0
    0
    0
   24
    6
    4
    0
    0
    0
   31
    0
    0
    0
    0
   45
    1
    0
    0
    0
    0
    0
    0
    0
    0
    0
    0
    0
   39
    2
    0
    0
    0
    0
   19
   20
   14
    3
    0
    0
    0
    0
    3
    0
    0
    0
    0
    0
   30
    4
    0
    0
    0
    0
    0
    0
    0
    0
    0
    0
    0
    0
    0
    0
    0
    0
    0
    0
    0
    0
    0
    0
    0
    0
   10
    0
    0
   46
   11
    0
    0
    0
    0
    0
    0
    0
    0
    0
    0
    0
    0
    0
    0
   30
   61
   84
   20
    0
   50
   91
   88
   62
    6
   21
   25
   11
    5
    0
    0
   20
    0
    0
    0
   11
   42
   51
   20
   38
    0
   32
    7
    0
   23
    6
   20
    3
    0
    0
    0
    0
    0
   50
   11
    0
   18
   36
   50
   21
   76
  155
   11
    0
   30
   81
   94
    0
   15
   32
    0
   29
    0
    0
    0
   15
    4
   28
   28
   14
   11
    6
    4
   21
    0
    0
    0
    2
   50
    4
    0
   39
   43
  262
    0
    0
    0
   43
    0
    0
    4
    0
    0
    0
    0
    0
    0
    0
    0
   90
    3
   74
    0
    0
    0
    0
    0
    0
    3
    0
   62
  121
    0
    0
    0
    0
    0
   75
    0
    0
    0
    0
    0
  119
    0
    0
    0
    0
   16
    5
  234
  252
    0
   79
   31
    7
   37
    0
    0
    0
    0
    0
    0
  141
    0
    0
    0
  245
  101
   30
   92
    0
    0
   38
    4
    0
    0
    0
    3
    0
    0
    0
    0
    0
   91
    0
    0
    2
    0
    0
    0
   29
    0
   95
   32
    5
    0
    3
    9
    0
   31
    0
    0
    0
    0
   30
   35
   58
   61
   34
  121
    0
    0
    0
    0
    0
    0
    0
    0
    0
    0
    0
    0
    0
    0
    0
    0
    0
    0
    0
    0
    0
   18
   20
   41
  123
   41
    0
    0
    0
    0
  142
   10
    0
    0
    0
    0
    0
    0
    0
    0
    0
    0
    0
   53
   50
    0
    6
    0
    7
    0
   91
  126
    0
    0
    6
    9
    9
   95
    0
    0
    0
    0
    0
    0
    0
    0
    0
    0
    0
    0
   21
    0
    0
    0
    0
    0
    0
    0
    0
    0
    0
    0
    0
    0
    0
    0
    0
    0
    0
    0
    0
    0
    0
    0
    0
    0
    0
    0
    4
    0
    0
    0
    0
    5
    0
    0
    0
    0
    0
   11
    3
    0
    0
    0
    0
    0
    0
    0
    0
    0
   50
  152
   93
   43
   30
   30
   22
    0
    0
    0
    5
    0
   20
   65
   15
    8
   64
   21
    0
    0
    0
    5
    3
   91
    4
    0
   55
   51
  113
   81
   31
   31
   29
   11
   12
   35
   71
   11
    0
    4
   57
   69
    3
    0
    0
    0
    0
    0
    6
    0
   64
  101
   11
   12
    0
    0
    0
    0
    0
    0
    0
    0
    0
    0
    3
    0
    4
  101
    0
    3
    0
    0
    6
    3
  236
   92
   84
    0
    0
    0
    0
   21
   41
   49
    0
    0
   55
    0
    0
    3
    0
    0
    0
   41
    0
   86
  242
   61
    0
    0
   19
    0
   31
   12
    0
   15
    0
    0
   29
    0
    0
    0
    0
    0
    0
  217
    0
    0
   73
   11
    0
    0
    0
    0
    0
    0
  123
    0
    0
    0
    0
    0
   46
  151
    0
   23
    0
    0
   66
    0
    0
    0
  144
    0
    0
    0
    0
    0
   37
    0
    0
    0
    0
   30
   27
    0
    0
    0
    0
    0
    0
    0
   23
    0
    0
    0
   23
  201
   14
    0
  192
    0
   11
   31
   23
  150
    0
   26
   12
    5
    0
  371
   21
  130
    0
    0
    0
    0
    0
    0
    0
    0
    0
   24
    0
    0
    0
    0
    0
    0
    0
    0
    0
    0
    0
   15
    0
    0
    0
    0
    0
    0
    0
    0
    0
    0
  131
   14
    0
    0
    0
    0
    0
    0
    0
    0
   38
    6
    0
   11
    0
    0
    0
  100
   11
    0
    0
    0
   12
    0
   20
   13
    0
    0
    0
    0
   15
    0
    0
    0
    0
    0
    0
    0
    0
    5
    0
    0
   74
    0
    0
    7
   31
    8
   15
    0
  131
  103
  132
   41
   67
    0
    0
    0
    0
    0
    0
   21
    0
    0
    0
    0
    0
   31
    0
    6
    0
    0
    0
    0
    0
  181
  112
   12
   14
    0
    0
   11
   56
    0
    0
   14
   31
    8
  142
   11
    0
   49
    0
   81
    0
   11
   55
    0
   45
    0
   78
   14
    0
    0
    0
   13
   92
   78
   19
    0
    0
    0
    0
    0
    0
    0
    0
    0
    4
    0
   11
    0
    0
    4
    0
    0
    0
    0
    0
   60
    4
    0
    0
    0
   16
    0
    0
   10
    8
   12
  124
  198
    5
    0
    0
    0
   56
   11
    0
    0
    0
    0
    0
    0
    0
    0
    0
    0
    4
    0
   11
   59
   31
   11
    0
    0
    0
    0
    0
    0
    0
    0
    0
  141
    0
    0
   79
  161
    0
   15
    0
    0
    0
    0
    0
    0
    0
   11
    0
    6
    0
    0
    0
    0
    0
   81
   41
   21
   18
    0
    0
    0
    0
    0
    0
    0
    0
    0
    0
    0
    0
   91
    0
    0
    0
    0
    0
    0
    0
    0
    0
    0
    0
    0
    0
    0
    0
    0
   73
   45
    0
    0
    0
    0
    0
    0
    0
   18
    0
    6
    0
    0
   75
    0
   11
    0
    0
   16
   83
   83
  121
    0
    0
    0
  225
   86
    0
   81
   41
    0
    0
    0
    0
   18
   14
  186
   12
   19
    0
    0
    0
    0
    0
    0
  153
   46
    0
   39
    0
    0
   13
   12
    0
   12
    0
   91
  133
  106
    0
   11
    5
    0
   39
    0
   67
   11
    0
   18
    0
    0
   46
   24
   12
   55
  185
  159
    0
  137
    0
    0
   57
    4
    0
  125
    0
   22
   41
   35
   41
    0
    0
    0
  203
    0
  141
    0
    0
    0
  153
   61
    0
    0
    0
    0
    0
    0
    0
    3
    0
   75
    0
    0
    0
    0
  201
   11
   46
    0
    0
    0
    0
    0
  149
   71
   35
   14
    6
    0
    0
    0
    0
    0
  218
    0
    0
    0
    0
   36
    0
   24
   13
    0
   18
    0
    0
   72
    0
    0
    0
    0
    0
    0
    0
    0
   52
    0
    0
    0
    0
    0
    0
    0
   31
    0
    0
  202
    0
   -9
   -9
   -9
   -9
   -9
   -9
   -9
   -9
   -9
   -9
   -9
   -9
   -9
   -9
   -9
   -9
   -9
   -9
   -9
   -9
   -9
   -9
   -9
   -9
   -9
   -9
   -9
   -9
   -9
   -9
   -9
   60
   70
   15
   10
    0
    0
    0
    0
    0
   10
    0
    0
    0
    0
    0
    0
    0
   20
    0
    0
    9
   37
    0
    0
    7
    4
    0
   11
  143
   13
   14
   16
   10
   29
   22
   81
  246
  278
  167
   34
   40
  106
   43
   14
   21
    0
   64
   18
   15
    0
    0
    0
    0
    0
    0
  102
   18
   15
  104
   53
   26
   44
    8
    0
    0
   11
    0
   83
   64
    0
    0
    0
    0
    0
    0
    0
    0
    0
    0
    0
    0
    0
    0
   31
    6
   12
    0
   20
   16
   14
   26
    0
   47
   22
    6
    0
    0
    0
    0
    0
    0
    0
   15
    0
   17
   36
    0
    0
    0
   41
  129
    0
    0
    0
    0
    0
    4
    0
    0
    0
    0
    0
    0
    0
    0
    0
    0
    0
    0
    0
    0
    0
    3
   49
    3
   19
    0
    6
   22
   18
    0
    0
    0
  104
   38
   56
   15
    0
    0
    0
    0
    0
    0
    0
   41
   69
    8
    0
    0
    0
    5
    9
   47
   28
   98
  162
   31
    5
    0
    0
    8
    0
    0
    0
    0
   29
    0
    0
    0
    0
    0
    0
    0
  193
    0
    0
    0
    0
  191
  152
    3
   95
    0
    0
    0
    0
    0
    0
    0
    7
    0
    0
    0
    0
    0
    0
    4
    0
    0
    0
   34
    0
    0
    0
    4
    5
    0
    0
    0
   10
   41
   74
    0
    0
    0
    0
   16
   24
    9
  190
    0
    0
  496
  213
   16
  116
    0
    0
    0
    0
    0
   65
    0
   31
    0
    0
    0
    0
    0
    0
    4
    0
  145
    0
    0
    0
   66
    0
    0
   89
    4
    0
    3
   54
    0
    0
   25
    0
    0
    0
    0
    0
    0
    0
    0
    0
    0
    0
    0
    0
    0
    0
    0
   15
    0
    0
    0
    3
    0
   22
  325
    0
   25
    0
  994
   35
  193
  125
    0
    0
    0
    0
    0
   12
    0
    0
    0
    0
   42
    0
    0
    0
    0
    0
  209
   61
    4
    0
    0
    0
    0
    0
    0
    0
    0
    0
    0
    0
    0
   21
    0
    0
    0
    0
    3
   12
   26
    0
   64
    0
   36
   19
   15
    0
    0
    0
   34
    0
    0
    0
   42
   66
   32
   16
   36
    0
    0
    0
    0
    0
    0
    0
    0
    0
    0
    0
    0
    0
    0
    0
    2
    0
    0
    5
    0
    0
    0
    0
   14
   36
    0
    0
   58
  104
   81
   33
   42
    0
    0
    0
    0
    0
    0
   98
    0
   23
    0
   12
   19
   29
    6
    0
    0
    0
    7
    5
    0
    2
   43
    0
    0
    0
    6
    0
    0
   11
    9
    6
    0
   42
   11
    0
    0
    0
    0
    0
   11
   23
    9
   16
   85
  163
    0
    0
    0
   81
  151
   31
  182
  118
   68
   20
    6
    6
   10
   21
   63
   57
   30
   53
   61
    0
    0
    0
    6
    0
    0
    0
    0
    0
    0
    0
    0
    0
    0
    0
   55
    5
    6
   49
   16
    0
    0
    0
    0
    0
    0
    0
    0
    0
    0
    0
    0
    0
    0
    0
    0
    0
    0
    0
    0
    4
    6
   49
   11
    2
    0
    0
    0
    0
    0
    0
   33
   50
   59
    0
    0
    0
    0
    0
   35
   40
   11
    0
    0
    0
    0
    0
    0
    0
    0
    0
    0
   23
   11
    2
    0
    0
    0
    0
   11
    0
   25
    0
    0
    0
    0
    0
    0
    6
   51
   46
    0
    6
    9
    0
   34
    0
    0
   11
    0
    0
    0
    0
    0
    0
    0
   29
    0
   11
    0
    0
    0
    0
    0
  168
  129
  102
   11
    0
    4
    6
    7
   11
   36
    0
   41
   76
  244
  185
    4
   41
    0
    0
    0
    0
    0
    0
    0
    0
    0
    0
   85
   71
    0
    0
    0
    0
    0
    0
    0
    0
    0
    0
    0
    0
    0
    0
    0
    0
    0
    0
    0
    0
    0
    0
    0
    0
    0
    0
  156
  199
    0
    0
    0
    4
   39
    4
    3
   23
    3
   46
   57
   16
    0
    0
    0
    0
    0
   -9
   -9
   -9
   -9
   -9
   -9
   -9
   -9
   -9
   -9
   -9
   -9
   -9
   -9
   -9
   -9
   -9
   -9
   -9
   -9
   -9
   -9
   -9
   -9
   -9
   -9
   -9
   -9
   -9
   -9
   -9
    3
   81
    0
   32
    0
    0
    0
    0
   38
   26
    0
    0
    0
   56
    0
  288
    0
    4
    3
    0
   14
    0
    0
   24
    6
    0
    0
   64
   21
    0
    0
    0
   51
   81
    0
    0
    0
    0
    0
    0
    0
    0
   21
   52
    6
  114
   38
    0
    0
    0
    0
    0
    0
    0
    0
    0
    0
    0
    0
    0
   41
    0
    3
   35
    0
    0
    0
  106
    0
    0
    0
    3
    0
    0
   25
   63
   74
    0
    0
   23
    4
    0
    7
   87
  106
   23
    4
    6
    0
    4
   21
    0
    3
   42
    0
    0
    0
   39
   11
   13
    0
  168
  179
   79
   34
   24
    0
    0
    0
    0
    0
    0
    0
    0
    0
   29
   11
    0
    0
    0
    0
    0
    0
    0
    0
    0
    0
   27
    0
   51
    0
    0
    0
    6
    0
    0
    0
    0
    0
    0
   48
    0
    0
    0
    0
    0
   41
    0
    0
    0
  139
    0
    0
    0
    0
    0
    0
   36
   21
   18
    0
   11
   37
    0
    0
    8
    0
    0
    0
    0
   12
   47
    0
    0
    0
    0
    0
    0
   13
    6
    5
    0
  142
   25
   27
    0
    0
    0
   49
    0
    0
    0
  143
  137
   11
    9
    0
    0
    0
  184
    0
    0
    0
    0
    0
    0
    0
   18
  129
   29
    7
    0
    0
    0
   26
    0
   12
    0
   16
   29
   13
   11
   36
   16
  146
   64
   91
   46
    0
    0
    0
    0
    0
   14
   85
   11
    0
    0
    0
    0
  113
   46
    0
    0
    0
    0
  187
    0
    0
   85
    0
    0
    0
    0
    0
    0
   81
   18
    0
    0
    0
   13
   16
    0
    0
    0
    0
    0
    0
    0
    0
    0
    0
    0
    0
   74
   13
   19
   38
   15
    5
    0
   23
    0
    0
    0
  128
   12
  168
   18
  426
   86
    0
    0
    0
    0
   13
   21
   21
    0
    0
   37
    0
    0
    4
    0
    0
   14
   33
    0
    0
    7
  129
    0
    0
  103
  109
   22
    0
    0
   13
   27
    0
   36
    0
    0
   31
  318
    3
    0
    0
    0
    0
   98
  102
    6
    0
    0
    0
    0
   29
    6
  152
  183
  193
   42
    3
  100
    0
    0
  102
   23
   43
    0
   81
  149
    0
    0
    0
   42
   26
    0
    0
    0
    3
   -9
   -9
   -9
   -9
   -9
   -9
   -9
   -9
   -9
   -9
   -9
   -9
   -9
   -9
   -9
   -9
   -9
   -9
   -9
   -9
   -9
   -9
   -9
   -9
   -9
   -9
   -9
   -9
   -9
   -9
  181
   36
    0
    0
    0
    0
    0
    0
    0
   99
    0
    0
    0
    0
    0
    0
    0
    0
    0
    0
    0
    0
    0
    0
    7
    0
    0
    0
  121
    0
   32
   61
  100
  138
   62
    0
    0
    0
   29
  178
    0
    0
   72
    0
    4
    0
    0
   21
   19
    0
    0
   19
   21
    0
   21
    7
   13
  146
    6
    0
    3
    6
   92
   13
    0
    0
    0
    0
    0
    0
    0
    0
  105
    0
   41
    0
    0
    0
    0
    0
    0
    0
    0
    0
   12
   23
    6
    0
    0
    0
   23
   11
   46
    0
   36
  191
    0
   36
    0
    0
    0
    0
    0
    0
    0
    0
    0
    0
    0
   41
    0
    0
    0
    0
    0
    0
   41
    0
   61
    0
    6
    0
    0
    0
    6
  128
   23
    0
    0
   36
   31
   32
    0
    6
    0
    0
    0
   69
    0
    0
    0
    0
    0
    0
   11
    0
    6
    0
    0
    0
    6
    0
    0
    0
    0
   21
    0
    0
    6
   42
    0
    0
    0
    6
    0
    0
    7
   21
   11
   66
   31
  108
    4
    3
    7
    0
   55
    0
    0
    0
    0
    0
   15
    0
    0
   34
   11
    0
    0
    0
    0
   15
   86
    0
    0
    0
   28
    0
    6
    0
    0
    0
   74
    0
    0
    0
    0
    0
    0
    0
   12
   16
   11
   97
   44
    0
    0
   63
  472
  356
   16
   49
    7
   49
   24
    4
   38
    5
    0
    0
  150
   56
    0
   39
    0
    0
   19
    0
    0
    0
    0
    0
    0
    0
    0
    0
   46
   19
    0
  149
   31
   14
    0
    0
   34
   76
  123
    0
   25
    0
    0
    0
  138
   13
    7
   22
   11
    6
    0
    0
    0
    0
    0
   -9
   -9
   -9
   -9
   -9
   -9
   -9
   -9
   -9
   -9
   -9
   -9
   -9
   -9
   -9
   -9
   -9
   -9
   -9
   -9
   -9
   -9
   -9
   -9
   -9
   -9
   -9
   -9
   -9
   -9
   -9
    0
   26
   21
    0
    0
    0
  241
  471
    0
    0
   34
    6
    0
    0
   11
   49
   91
    0
    0
    0
    0
    0
   32
    0
    3
   52
   84
   13
   46
  209
  248
  248
   52
   12
    0
    0
    0
   11
    4
    6
    8
  173
   11
    6
    3
    0
    0
    0
    0
   11
    8
   84
  199
    6
    0
    0
  101
    6
  161
   26
   18
    0
    0
   42
  192
   54
    0
    0
    0
    0
    0
    0
    0
    0
    0
    5
   10
   45
    0
    0
   20
   19
   84
    0
    0
   54
   15
    0
   21
    0
    0
    0
    0
    0
    0
    0
    0
    0
    0
    0
    0
    0
    0
    0
    0
    0
    0
    0
    3
    0
    0
    0
    0
    0
    0
    0
   21
   19
    0
   81
   68
  124
  167
    0
    0
    0
    0
    0
    0
    0
   74
   29
    5
    0
   17
    2
   26
   16
    3
    0
    0
    0
    0
    0
    3
    4
    2
    0
    0
   68
  246
  159
   69
   63
   81
   34
   11
    0
    0
    0
    0
   12
    0
    0
   83
   21
   41
  103
  126
    0
    0
    0
    0
    0
    0
    0
    0
    0
    0
   49
    0
    0
    0
   18
    0
   38
    0
    0
   32
    0
    0
   41
    0
    0
    0
   91
    3
    0
    0
    0
   26
    0
    0
    0
    0
    0
   41
    0
    0
    0
    0
    0
   -9
   -9
   -9
   -9
   -9
   -9
   -9
   -9
   -9
   -9
   -9
   -9
   -9
   -9
   -9
   -9
   -9
   -9
   -9
   -9
   -9
   -9
   -9
   -9
   -9
   -9
   -9
   -9
   -9
   -9
   -9
   -9
   -9
   -9
   -9
   -9
   -9
   -9
   -9
   -9
   -9
   -9
   -9
   -9
   -9
   -9
   -9
   -9
   -9
   -9
   -9
   -9
   -9
   -9
   -9
   -9
   -9
   -9
   -9
   -9
   -9
   16
    0
    0
   19
   34
    0
    0
    0
    0
    0
   58
    3
    0
    0
    0
    0
   15
   44
    0
    0
    0
    0
    4
   15
    0
    0
  159
    0
    0
    0
    0
    0
    0
    0
    0
   58
  382
  212
    0
    0
    0
    0
   62
    0
    0
   52
  109
    0
    0
    0
    0
    0
    0
    4
   13
    0
    0
  183
  213
    0
   12
    0
    0
    0
    0
    0
    0
  122
   32
   79
    0
    0
    0
    0
  239
  129
   43
   19
    4
   16
    0
    0
   43
   28
   94
   23
   17
   28
    0
    2
   97
   26
   15
    8
    0
   11
    0
    0
    0
    3
  135
   57
    0
    0
    0
    0
    0
    0
    0
  190
    0
    0
    7
   19
  174
    7
    7
    5
    3
    0
    0
    0
    0
    0
   48
   42
   58
    0
    0
    0
    6
   41
    0
    0
    0
    0
    4
   14
    0
    0
    4
    0
  184
  223
  238
  131
   94
    0
    0
    9
    0
    0
    0
    0
    0
    0
    0
    0
    0
    0
    0
    0
    0
    0
    0
    0
    0
    0
   51
   29
   23
    0
    0
   13
    0
    0
    0
    0
    0
    0
    0
   18
    0
   53
   55
   31
    0
   58
    7
    6
  103
   51
    0
    0
    0
   16
   18
    0
   53
    0
    0
   96
    0
   48
   12
    0
    0
    9
    0
    0
   28
   41
    0
    0
   39
    0
    0
    0
   46
    0
   26
   20
   26
  148
  141
   27
    8
    3
    7
   28
  100
    3
    0
   46
    0
    0
    4
    0
    0
    0
    0
    0
   20
   24
   46
   14
  129
   98
   48
   13
   23
    0
    0
    0
    8
    0
    0
    0
    0
    0
    0
    0
    0
    0
    0
    0
   23
    0
    0
   82
   68
    4
    0
    0
   31
   23
   46
    0
   31
   28
   72
    8
    3
    0
    0
   69
   14
    9
    0
    0
    0
    8
   11
    0
    0
    0
    0
    0
    0
    0
    0
    0
    0
   49
    5
   27
   25
   28
   56
    0
    0
    4
  107
  124
   23
    0
    0
    0
    0
    0
    0
    0
    0
  129
    0
    0
    0
    0
    0
    0
    2
    8
    3
    0
   19
    0
  102
   46
  222
    5
    0
    0
    0
   51
   74
   39
   19
    0
    0
    0
    0
    0
    0
    0
  123
   32
  132
  185
  254
  383
    0
    0
   76
    0
    0
    0
    0
    1
    0
    0
    0
    0
    0
   98
   22
    0
    0
    0
    0
    0
    0
    0
   26
    0
    3
    0
    0
    0
    0
    0
    0
    0
   71
   32
   21
    0
    0
  152
   56
    4
    0
    0
    0
    0
   36
    0
   28
   58
    0
    0
    0
  146
    0
   84
   56
   21
    8
    0
   38
   11
   29
    2
   23
   28
   18
   25
   14
   46
  193
  165
    0
   24
    0
   49
   44
   28
    0
  100
   38
   22
   19
   93
    9
    0
    4
   16
    2
  436
   61
    0
    0
    0
    0
   26
  324
    0
    0
    0
    0
    0
    0
   36
    0
    0
    0
    0
    2
    0
   40
   65
    0
    0
    0
    0
    0
    0
   98
   68
   95
   34
   28
   42
    0
    0
    0
    0
   18
    4
  189
   56
    0
    0
    0
   64
   27
    0
    0
   11
   19
   14
  128
   34
   25
  121
    0
   27
    0
    0
    0
    0
    0
    0
    0
   76
    0
    0
    0
    0
   33
   22
    0
    0
    0
    0
    0
   23
    6
    0
    0
    0
  228
  348
   63
    0
    0
    0
  136
    5
    0
    0
    0
   23
   60
    3
    2
    0
    0
   52
    7
    0
    0
    0
    7
    3
    2
  143
    3
   34
    0
    2
    0
    0
    0
    0
   44
    5
    0
    0
    8
    0
    0
    0
    0
    0
  129
    0
    0
    7
  136
    9
    0
    8
   70
   53
   26
   49
    3
    4
    0
    0
   18
    0
   39
   26
    8
    0
   11
   14
    0
    0
    0
   74
   29
    2
    0
    0
   15
   14
    0
    1
   13
   79
   79
   81
  188
   48
   86
   39
    0
    0
   65
    0
    0
   24
   13
    7
   24
   21
   39
  153
  131
    9
    0
    0
    8
    0
   42
    0
    0
    0
    0
    0
    0
    0
    6
   29
   51
   29
   14
    4
    0
    2
   24
    5
   61
    0
    0
    0
    9
    0
    6
   24
    4
    2
   51
    5
    0
    0
    0
    0
    2
    0
   51
   12
    0
    5
   34
    8
  159
  122
   56
   76
    4
    2
    0
   12
    0
   34
    0
    0
    0
    0
   37
   25
   13
   37
    0
    0
    0
    0
    0
    0
    0
    0
    8
   24
    0
    0
   16
    0
    0
    0
    0
    0
    0
    0
    0
    2
    2
    3
    0
    0
   44
    9
    0
    0
    0
  264
   11
   11
  226
   26
    0
    2
    4
   20
    2
    0
    0
    0
    0
    0
    1
    5
  155
   74
   47
  103
    0
    0
    0
    0
  221
    0
   20
   35
   70
   43
    0
   20
    0
    0
    5
    0
    0
    6
    0
    0
    0
   19
    0
    0
    0
   15
    0
   15
   39
    0
   13
  187
   31
  145
   15
   26
    2
   32
    1
    0
    0
    0
    3
    0
    0
    0
   77
    0
    0
    0
    0
    0
    0
    0
    0
   34
    3
  148
    0
    3
   11
  189
  241
    0
   20
    0
   28
  118
   37
  103
   46
   48
    0
    0
    0
    0
   15
    0
    0
    0
    0
   12
    0
  146
   80
   27
    0
    0
    0
    0
   14
    8
    0
    0
  139
    0
   13
  148
    6
    4
    3
  165
    0
    0
    0
    0
    0
    0
    0
    0
    0
    0
    0
    0
  171
    0
    0
    0
    0
    3
    0
  194
    0
    0
   72
    6
    3
    6
  125
    0
    0
    0
   14
  232
  126
    0
    0
    0
    0
    0
   26
    0
    3
    0
   28
   95
   81
   29
    0
    0
  184
    0
    4
  221
    2
   30
  105
   86
    6
    0
    0
    0
  233
   29
   65
   30
    3
   37
   43
    0
   41
   37
   34
   26
   50
   21
    0
   28
   31
   83
   27
    9
    0
    8
   19
   38
    0
   59
    0
   34
    8
    4
  128
   31
   29
    9
  111
  102
   32
   62
   49
   16
    4
   11
  123
   36
    0
   98
   21
    0
   48
    4
    0
    0
  102
   68
    0
    0
    0
    0
   15
   13
   16
    0
    0
    0
   39
    0
    0
    3
    4
    3
   36
   51
   19
    0
   33
    0
    3
    0
    0
    0
    0
    0
    0
    0
    0
    0
    0
    5
    0
    0
    4
    0
    3
   58
  109
  108
    0
    0
    0
    0
    0
    0
    5
    0
   55
    0
    0
    0
    0
    0
    0
    0
    0
    0
    0
    0
    0
    0
    0
    0
    0
    0
    0
    0
   12
   -9
   -9
   -9
   -9
   -9
   -9
   -9
   -9
   -9
   -9
   -9
   -9
   -9
   -9
   -9
   -9
   -9
   -9
   -9
   -9
   -9
   -9
   -9
   -9
   -9
   -9
   -9
   -9
   -9
   -9
   -9
    0
   11
    3
    0
    0
    6
   24
   83
   24
   46
   41
    3
   17
    0
    0
    7
    0
    2
    0
    0
    5
    0
    0
    0
    0
   21
    0
    9
   75
    4
   27
    2
    0
   20
  163
  129
    9
    0
    3
  113
   90
    0
    0
    0
    0
    0
   79
    0
    0
    0
   16
   18
   23
    4
    0
    0
    0
   20
    0
    0
    0
    0
    0
    0
    0
    0
  386
    0
    3
    0
    0
   70
   24
   38
   39
    3
   55
    0
   35
    3
    2
    9
    8
    0
    4
   44
    2
  104
    2
   58
   19
    0
    0
  106
   89
    0
   58
    0
    0
    0
    0
    0
    0
    0
    0
   14
  112
    9
    0
    0
    0
    0
    0
    0
   64
  128
   83
    3
    0
    0
    0
    0
    0
    0
    0
   21
   16
  182
   46
    4
   27
    0
    0
    0
    0
    0
    0
    0
   37
    0
   70
   19
    0
    0
    0
    3
    0
    9
    2
    0
    0
    0
    0
    0
   39
    0
    0
    0
   36
    3
    0
    0
    0
    0
    0
    0
    0
    0
    0
    0
    0
    0
    0
    0
   56
    0
    0
    0
    0
    5
    0
    0
    0
    0
    0
    0
    0
    0
   26
    3
    0
    0
    4
   11
    9
   30
   11
    8
    0
   21
    0
   10
    0
    0
    0
    3
   22
    0
    0
   10
    0
    0
    0
    0
    0
    0
    0
   18
    0
    0
    0
    2
    0
    0
    0
    0
    2
    0
    0
   20
   14
    6
    0
    0
    0
   15
    0
   26
    0
    0
    6
   47
   11
    0
    0
    0
    0
    0
    0
   57
    7
   26
    0
   49
   40
   28
    0
    0
   46
   26
   15
   59
    0
   40
    0
    0
    0
   26
   11
    0
   12
   19
    0
    0
    0
    0
    6
   56
   16
   13
    0
   23
   31
    0
   28
    3
    0
    0
   13
  112
   58
   19
   17
   14
   23
   26
    0
    0
    0
   16
    0
   62
   21
   23
   49
   21
   30
    2
   68
    0
    4
   16
    0
    0
   49
   23
   32
  142
    3
    0
    0
    0
    0
    0
   41
   36
    0
    0
    0
    0
    0
   13
    0
    4
    9
    0
    0
    0
    0
   39
    2
    0
    0
    0
   11
    0
    0
    2
    0
   14
   21
   71
  141
    0
   38
   34
    0
   89
    0
   35
    2
   25
    0
    0
    3
  181
   40
    4
    0
   12
    8
    9
  182
    0
   20
   78
  216
   64
  130
   74
    0
    0
    0
   81
    0
    0
   63
    0
    0
    0
    0
    0
    0
    0
    0
   36
    0
    7
   22
    0
    0
   42
    6
    9
  105
   40
    4
   22
    0
    5
    4
    0
    0
   63
    0
   23
    7
   21
  198
   41
    0
   21
    0
    8
    0
    0
    0
    0
    0
    0
    0
    0
    0
    0
   60
    0
    0
    0
  164
  161
   10
   43
    0
    0
    0
    0
    0
    0
    0
    0
  412
  135
  164
    0
    0
    0
   20
    0
    0
    0
    0
    0
   17
    0
    0
    0
    0
    0
    0
    0
    0
   11
    0
    8
   36
    6
    0
    0
    0
  174
    0
    0
    0
    0
    6
    0
    0
   99
  168
  246
  473
  381
    6
    0
    0
    0
   40
    0
    0
    0
    0
    0
    6
    0
    0
    0
    0
    0
    0
   10
    0
    0
    0
    0
    0
    0
    0
    0
    0
    4
   15
    0
    0
    0
    0
    0
    6
   70
    8
    4
    3
   21
   70
    0
    0
    0
    0
    0
    9
    6
    0
    6
    0
    0
    0
    0
    0
    0
    0
   26
    5
    0
    0
    0
    0
   25
    4
    0
    3
    0
    0
    9
    3
    0
    0
    0
   30
    0
    0
    0
    0
    0
    0
    0
    0
    0
    0
    0
   20
    0
    0
    0
    0
    0
    0
    0
    0
    0
    0
    0
    0
    0
    0
   39
    6
    1
    0
    0
    0
   34
    0
    0
    0
   16
   22
   28
   81
   79
    9
   11
    0
    0
    0
    0
   47
    0
    0
    6
   48
   16
    0
    0
    0
    0
    0
    0
    0
    0
    0
    0
   19
    0
    4
   76
   49
    0
   12
    3
    0
    3
    0
    0
   23
   32
    0
    3
   13
   39
   81
    4
    6
    3
   15
   87
    3
    0
   21
    0
    0
   19
    0
   19
    0
    0
    3
    0
    0
    0
    0
   28
    3
    0
    3
   24
    3
   36
  211
   27
   32
  169
   61
    0
    0
    0
    0
    0
    0
    0
    0
    0
    0
    0
   11
   11
   72
    3
    0
    0
    0
    0
    0
    0
    0
    0
    0
    0
    3
   21
    6
    0
    0
    3
    0
    0
    0
    0
    0
    0
    0
    0
    0
    0
    0
    0
    3
    4
    6
    0
    5
    2
    6
  118
  211
   32
   18
    0
    0
    0
    3
    3
   17
    5
   11
    0
    0
    0
   75
    0
    0
    0
    0
    0
    0
    0
    0
    0
    0
    0
   27
    0
   90
   -9
   -9
   -9
   -9
   -9
   -9
   -9
   -9
   -9
   -9
   -9
   -9
   -9
   -9
   -9
   -9
   -9
   -9
   -9
   -9
   -9
   -9
   -9
   -9
   -9
   -9
   -9
   -9
   -9
   -9
   -9
    0
    0
    0
   98
  232
   50
   48
  105
    4
    0
    0
    0
    2
   48
    3
    0
    0
    0
    0
   25
  130
    0
   98
    0
   48
    2
    0
   47
   18
   57
    0
  108
   68
   19
    4
    0
    0
    0
    0
    0
    0
    0
   48
   82
  263
  222
   64
   98
   50
   11
    3
    0
    0
    0
    0
   21
   48
  108
   46
    0
    0
  148
    0
    0
   84
  147
    0
    0
    0
   23
   58
  498
   20
    0
    0
    0
    8
    0
    0
    0
    0
    0
    0
    0
    0
    0
    5
    0
    0
    0
    0
    0
    0
    0
    0
    0
   85
   78
    6
   34
   88
   12
  194
   29
    0
    6
   49
    9
    3
    0
    0
   20
   89
    0
   44
    7
    3
   89
   31
    0
    0
    8
   -9
   -9
   -9
   -9
   -9
   -9
   -9
   -9
   -9
   -9
   -9
   -9
   -9
   -9
   -9
   -9
   -9
   -9
   -9
   -9
   -9
   -9
   -9
   -9
   -9
   -9
   -9
   -9
   -9
   -9
   -9
    0
    0
    0
    0
    0
    0
    0
    0
    0
    0
    0
    0
    0
    0
    0
    0
    3
    0
    0
    0
    3
  160
    9
   11
    3
   29
    0
    0
    0
    0
    0
    0
    0
    0
    0
    0
    0
    0
   32
   89
   21
    0
    0
   32
    0
    0
   38
   34
    0
   23
   15
    3
    0
    0
    0
    0
    8
    9
   19
    9
   10
   38
   86
   51
   53
   23
    4
    0
    0
    0
    8
   19
   96
    4
    0
    0
    0
    0
    0
    0
    0
    4
   17
    0
    3
    0
   73
    2
    0
   28
    4
   14
   33
   43
    0
    0
    0
    4
    0
   48
   18
    0
    0
    0
    0
    0
   11
    0
   14
   25
    0
    0
   97
    3
   67
    5
    0
    0
    0
    0
    0
    0
    0
    0
    0
    0
    6
    0
   18
    0
    0
    0
    0
   29
    0
    0
  104
  155
    0
   20
    0
    0
    0
    0
    0
    0
   11
   29
    0
   10
   31
   24
    9
    0
    0
    0
    9
    0
    0
    0
   23
   27
    0
   31
   29
   61
   47
    0
    0
    0
    0
    0
    0
   21
    3
   53
   12
   45
   42
   81
   12
   34
    5
   31
    0
    0
    0
   18
    3
    6
    0
    6
    0
    0
    0
    0
    0
    0
    0
    0
    0
    0
  237
  314
    0
    0
    0
    0
   29
   39
    0
   31
   23
    0
    0
    0
   15
  132
   51
   15
    0
   63
   64
   19
   46
   19
   91
    0
   51
    0
   74
   44
    8
    9
   15
    7
   55
    8
    0
    7
   11
    0
  120
    0
    0
    0
    0
   54
    0
   30
    8
    3
    0
    0
    0
    0
    6
   81
    0
    5
    9
   24
   59
   11
    0
    0
    0
   72
    0
   70
   29
    0
    4
   28
    0
    0
    0
    0
   56
    0
    0
    0
    9
    0
    6
    0
    0
  100
  220
    4
    0
   28
    0
    0
  134
    0
   68
    3
    0
    0
    0
    0
    0
    0
    5
    0
   71
    4
    7
   14
   11
   34
    3
    0
    0
    0
    0
    4
   15
    0
   24
    0
    0
    0
    0
    8
    0
    0
    0
    0
    0
    0
    0
    0
    0
    0
    0
    0
    0
   35
    0
    9
    0
    0
    8
    0
   41
   62
    8
    7
    4
   29
    0
    0
    0
    0
    0
    0
    0
    0
    0
    0
    0
    0
    0
    0
    8
    0
    0
   55
   11
    0
    0
   15
   11
    0
    0
   58
   28
    0
    0
    0
    9
    0
    0
   54
   46
   24
    0
   21
    0
    0
   12
    0
   37
    0
    0
    0
    0
    0
   26
   13
    0
   11
   32
   36
   11
   42
    5
    4
   31
  233
   74
    9
   50
    0
    0
    0
    0
    9
    4
   11
   77
   20
    0
    0
    0
    0
   53
   23
    0
    6
    0
    0
    0
    3
   21
   18
   57
   72
   71
  183
   13
  116
   38
    2
    0
    0
    4
   43
   29
   16
   11
    0
    0
    0
    0
    0
    0
    0
    0
    0
    8
   26
   16
   80
    6
    0
    0
    0
    0
    0
    0
    0
   83
   18
    0
    0
    0
    0
    0
    0
    0
    0
    0
    0
    0
    0
   48
   45
   58
    6
   24
    4
    0
    0
    0
    0
    0
    2
    0
    0
    0
    0
   15
   70
    0
   44
   20
    8
    5
    0
    0
    2
    0
   70
    0
   25
   66
   43
    0
    0
    2
    2
   20
  110
   11
    0
    0
    0
    0
    0
   17
   15
    6
    9
    0
   19
    0
    7
   90
    2
    0
    0
    0
    0
    0
    0
    0
    0
    6
    0
   99
   34
   29
   30
    4
    0
    0
    8
    0
    0
    0
   11
   23
    0
   16
    0
    0
   65
    0
    0
   34
   23
  364
  244
   41
    4
    0
   37
  131
   12
   52
   29
    0
    0
    0
    9
   84
   64
   28
    0
    0
   19
  248
    0
    0
    0
    0
    0
    3
    0
    0
    0
    0
    0
    0
    0
    0
    0
    0
   43
   69
   31
    6
  104
   61
    3
    0
    0
    0
    0
    0
    5
    6
    0
    0
    0
    0
  105
   30
   34
    0
    0
    0
    0
    0
   68
   27
    0
    0
  174
    0
    0
    0
    0
    0
   35
   55
  339
    0
    0
    0
    0
   53
  265
  144
   29
    0
   20
  126
  230
   15
   11
    0
   40
    3
    0
   39
    0
   11
  144
    0
    0
   84
    0
   35
    0
    0
    0
  172
   23
    0
    0
  151
   75
    6
    0
    0
    0
    0
    0
    0
    0
    0
    0
    0
    0
    0
    0
    0
    0
    0
    0
    0
   45
    0
    0
    0
    0
    0
    0
    0
    0
    0
    0
    0
   24
    8
   69
  106
   13
    0
    4
    5
    0
    0
  168
    0
    4
   13
  105
    0
    9
   19
   31
    0
    0
    0
    0
    0
    0
    0
    0
   10
    0
   21
    0
   14
    0
    6
   11
    0
    0
    0
    0
    0
    0
    0
    0
    0
    0
    0
    0
    0
   49
    0
    0
    9
    4
    0
    0
    0
    0
   15
   13
   16
   27
    0
   68
   38
   54
   16
  105
    0
   22
   26
  146
  104
  135
   34
  151
   58
   19
   29
   65
   38
    0
  155
   59
    0
   50
   70
    0
    0
   27
    0
    0
    0
    0
    0
    0
    9
   29
    0
   24
   56
    0
   53
    9
    0
    0
    0
    0
    0
    0
    0
    8
    6
  210
    0
   40
    0
    0
   26
    0
   70
    0
    0
   60
    0
    2
   46
   16
    0
    0
    0
    0
   64
   75
   71
  121
    0
    0
    0
    2
    6
    0
    0
    0
    0
    0
    0
    0
   11
   78
   19
    2
    3
    4
    0
    0
   37
   14
    9
   12
    5
    3
    5
   20
    0
   10
    1
    0
   23
   42
   24
    0
    0
  212
  105
   10
    0
    0
    0
    0
   25
    0
    0
    7
   95
   51
    0
    0
    0
    0
    0
    0
    0
    0
    0
    0
   27
  272
    7
   45
   15
    4
    0
    0
   47
    0
   22
   55
    0
   11
    2
    0
    0
    7
   48
   42
  155
    5
    0
    0
    0
   35
    5
  123
   33
   34
   89
   51
   68
   49
   39
   20
    2
    2
    0
    1
   14
   49
   47
  106
    0
   16
   44
    8
    0
    8
   84
    0
   21
  147
    3
   57
    0
    2
    0
    0
    6
    0
    0
    3
    0
    0
    0
  198
    0
    0
    0
    4
    0
    0
    0
   24
  167
  204
    0
   50
    0
   32
   53
    0
   54
   11
  104
    2
    6
   39
    0
   60
   19
   85
    3
   38
   30
    4
    0
   83
    0
    0
   78
   44
   11
    0
    6
    0
  125
   34
    0
    0
    0
   21
    0
    0
    0
   11
   45
   26
    0
    0
    0
   38
    0
    0
    5
   17
  270
    0
    0
    0
   37
    0
    0
  100
    0
    0
    0
  127
    0
    0
    0
    0
   84
   35
    0
    0
   42
    0
    6
    0
    0
    0
    0
    0
    0
   11
    0
    0
   20
    0
    0
    0
    0
    0
    0
    0
   61
    0
    0
    0
    0
   34
    6
    0
    0
    0
    0
    0
    0
    0
    0
   39
   27
    0
    0
    0
    3
    0
    0
    0
   23
   10
    2
    0
    2
    0
   21
   34
   42
  142
   76
   15
    8
    0
    0
   45
    3
   11
    0
    0
    0
    4
    4
    0
    0
    0
    0
   13
    0
    0
   11
    8
    0
    0
    0
    0
   50
  155
  158
   55
  174
   27
   19
    0
    0
   11
   12
    0
    0
   38
    5
    0
    8
   13
    0
   10
    8
    0
    0
   11
    0
    0
   24
    0
    0
    0
    5
    0
   52
    0
    0
    0
    0
   74
    7
   48
    6
   12
    0
    6
    0
    0
   12
    4
    8
    9
    0
    3
    0
    0
   15
    3
    0
    9
  162
    0
    0
    0
    0
   29
   56
  114
    4
    4
    0
   43
   35
  171
   26
   49
   72
   62
   -9
   -9
   -9
   -9
   -9
   -9
   -9
   -9
   -9
   -9
   -9
   -9
   -9
   -9
   -9
   -9
   -9
   -9
   -9
   -9
   -9
   -9
   -9
   -9
   -9
   -9
   -9
   -9
   -9
   -9
   -9
   70
    0
    0
    5
   30
    0
    0
   50
   27
    0
    0
    0
   55
    0
    0
    0
   15
    0
    0
   35
    6
    0
    4
    0
    0
    0
    0
    0
    0
    0
    0
    5
   31
    3
    4
    0
    0
    0
    0
    0
    0
    0
    0
    0
    0
    0
    3
   82
   56
    6
    0
    0
    0
    0
    0
    0
    0
    6
  281
    9
    0
    3
    4
    3
    4
  103
  134
    0
   20
    0
    0
   44
    0
    0
    0
    0
    0
    0
    0
   22
    0
    0
   68
   16
   12
    6
    0
   18
   38
    8
    0
    0
    0
   27
   10
  135
    0
   35
    0
    0
    0
    8
    5
   30
    0
   48
   25
  106
   16
    0
    0
    7
    0
    0
   10
   40
    0
   69
    0
   39
    0
    0
    0
    0
   32
    0
    0
    0
    0
   90
    0
    0
    0
    0
    0
    0
    0
    0
    0
    0
   66
    0
    0
    6
    0
    0
   52
   85
    0
    3
  206
    0
    0
   56
   58
   52
    0
   45
    0
    0
    0
    0
    0
   14
    0
    0
    0
    0
   26
   25
    0
    0
    0
    0
    0
   54
    0
    0
    0
    0
    0
   56
    0
    0
    0
    0
    0
   11
   49
   15
    0
   13
    0
   10
   76
    6
   14
    3
    0
    0
    0
    0
   32
    6
    0
    0
   21
    0
    0
    0
    0
    0
   21
    9
    0
   72
    0
    0
    0
    0
    3
    0
    0
    0
    0
    6
   81
  189
   73
    0
    0
   50
   45
   91
   18
    0
   14
  160
   21
    2
   14
    5
   25
  131
   23
   64
   64
   46
    0
  118
   48
  107
    0
  112
   64
   26
   10
   21
    0
    0
   42
   56
  191
   22
    8
    3
   43
   52
    2
    0
    3
    0
    0
    2
   11
   77
    0
    0
    0
   42
   44
  121
   55
    0
   53
    0
   13
    0
    3
    0
    0
    7
    0
    0
    0
    0
    0
    0
    0
    0
    0
    0
    0
    0
    0
    2
    0
    0
    0
    0
    2
    0
    0
    0
    0
    0
    0
   33
    1
   17
   12
   10
    0
   44
   18
   24
    0
   11
   15
    5
   25
    6
    5
    4
    0
   22
    3
    4
    0
    0
    0
   35
    3
    0
   36
   32
    0
    0
    4
   15
   26
    0
    0
    0
   14
   39
    4
   63
    6
    0
    0
    0
    3
    0
   29
   11
    9
    0
    0
   34
    0
   23
   69
    0
    0
    0
   33
    0
    8
   22
   27
    9
    0
    9
    3
   76
  169
    0
    0
    0
  167
   79
  146
    0
    0
    0
    0
    0
    0
    0
   23
    0
    0
    0
  192
   54
   32
    0
    4
    0
    0
    0
    0
    0
    0
    0
    0
    0
    0
    0
    0
    0
    4
   10
  145
    9
   16
   13
    6
    9
    0
    0
   13
    6
    0
    0
  179
    0
    0
    0
    0
    0
    0
    0
    0
    0
    0
    8
    0
    0
    0
    0
   93
    0
   22
   11
   41
  259
    9
    0
    0
    0
    0
   29
    0
    0
    0
    0
   62
    2
    0
    4
    0
    4
    0
    0
    0
    0
  132
    6
   81
  132
  261
    0
    0
   21
    3
   21
   26
   61
    2
    0
    0
   11
  471
    0
    0
    0
    3
    0
    0
    0
    0
   13
   19
    0
    0
    0
    0
    0
    0
   46
    4
   15
  179
   36
    0
    0
    0
   13
   92
    0
    0
    0
    0
    0
    0
    0
    0
    0
    0
   90
   77
    2
    0
    0
    0
   10
    0
    0
    0
    0
    0
   66
    4
    0
    0
   42
   10
   58
    0
    0
    0
   95
   50
   78
   15
   29
   11
    5
    0
    7
   25
    0
    0
    0
    0
    6
    0
    0
    0
    0
    0
    0
    0
    0
   19
   14
   34
  130
    0
   20
   29
    0
  200
   80
    0
    0
    0
    0
    0
    0
    0
    0
    0
    0
    0
    0
    0
   20
  112
    0
   21
   46
  158
   35
    0
    0
    0
    0
    0
    0
    2
    0
    4
    8
   26
   86
    0
    3
   13
   25
   11
  131
   10
    0
    0
    5
   25
    0
   69
    3
   19
    0
    0
    0
    0
    0
    0
    0
    0
    3
    0
    0
   32
    0
    0
    2
    0
    0
   24
    0
    0
    0
   20
    3
   24
    0
    0
    7
    0
    0
   14
   10
    8
    6
    4
    0
    0
    0
    0
    0
    0
    4
    0
    0
    0
    0
    9
   14
    8
    5
    4
   25
   13
  220
    3
    3
    0
    0
    0
    0
    0
    0
    0
    0
   83
   68
  166
   46
   16
   34
    9
    3
    4
    3
    0
   21
   27
    0
    0
    0
   15
    0
    0
    0
    0
    0
    7
    0
   29
    0
   21
    4
    2
   24
   10
    8
    0
    0
    0
    0
   91
   10
    3
    0
    0
    0
    0
    8
  121
   34
    0
   47
    3
   17
   25
   15
   13
    0
   25
    0
   53
  163
   55
    0
   28
   11
    0
    0
    0
    0
    0
    0
    0
    0
    0
   48
    6
    5
    6
    7
    0
    0
    0
   92
    0
    0
    0
    0
    0
    0
    0
    0
    0
    0
    0
    0
    0
    0
    0
    0
  100
    5
    5
    0
    0
    0
   68
   20
  346
   24
    8
    5
   39
    4
    0
    0
    0
    0
  292
    9
   12
   28
    0
    0
    0
    3
  122
    0
  210
    0
    6
    5
    0
   36
   15
   11
    0
   83
   58
    0
    0
    0
    0
    0
    8
    4
    0
    0
    0
    0
    0
    0
    0
    0
    0
    0
    0
    2
    0
    0
    0
    0
    0
    0
   42
   59
    0
    0
    0
    2
    0
    0
    4
   28
    0
   11
   10
    2
    0
  115
  215
    3
    2
    0
    0
    0
    0
    0
    4
    2
  162
    6
   61
   51
  213
    0
   68
   11
   35
   10
  147
   10
   19
    0
    0
    0
    0
   16
   57
    0
    0
   35
   35
    0
   27
   40
    0
    0
    0
    0
   53
   74
    0
    0
   65
    0
    0
    9
    0
    0
    0
    0
    0
    0
    0
    0
    0
    0
  110
    0
    4
    0
    0
    0
    0
    0
    8
    0
    0
  115
   29
    4
   20
    4
    6
   51
   36
   10
    0
    0
    0
    6
   13
   44
    0
   10
    7
    0
   43
   45
   22
   36
   21
   57
   20
    0
    0
    0
    3
    0
  100
   14
    6
    0
   20
  106
   42
    6
    0
    0
    7
    0
  105
    3
    0
   43
    0
    9
    0
    0
    8
    7
   20
    0
    0
    0
    0
    0
   12
    3
   35
    0
   26
    0
   37
  146
   21
    0
    0
   46
    0
    6
   21
    0
    9
    0
    0
    0
    0
    0
    0
    0
    0
   17
    0
    7
    0
    6
    0
    0
    4
    0
    0
    0
    0
    0
    0
    9
   20
   16
    2
   20
    2
   26
    0
   20
   37
    8
   75
    8
    0
    0
    0
    0
    0
    2
   10
    0
    0
    0
    0
    0
    0
    0
    0
    0
    0
    0
    0
    0
   15
    0
    0
    0
    0
    0
    4
    0
    0
    0
   75
   11
   18
   38
    0
    4
    0
    0
    0
    8
    0
    0
    0
   59
    0
    0
    0
    0
    0
    4
   14
    0
    0
    0
    0
    0
    0
    0
    9
   85
   35
  102
   15
    2
   28
   30
    8
    0
    0
   21
    0
   64
   26
   25
   17
    0
    0
    0
    5
    0
    0
    0
    3
  220
   11
    0
  131
   28
    2
    7
    0
    5
    0
    0
    0
   31
   40
   43
   19
    0
    0
    0
    0
    0
    0
    0
    3
    6
   13
   44
    0
   27
   14
   14
    2
    3
    0
    0
    4
   21
  427
   35
    3
    9
    0
   13
    0
  102
    5
    2
   83
  183
    0
    0
    0
    0
    0
    0
    0
    0
    0
    0
    0
    0
    0
    1
   35
  147
    0
    0
   15
    0
    0
    0
    0
    0
    0
   57
    0
   36
    0
    0
    0
    0
    0
   73
  157
    0
    0
    0
    0
    0
  129
    0
   19
    0
   31
    0
    0
    0
    0
   17
    0
    0
   26
    0
    0
    0
    0
    0
    0
    0
    0
    0
    0
    0
    0
    0
    0
    0
    9
    5
    5
   22
    0
   10
   10
    0
    0
    0
    0
  111
   21
    0
    0
    0
    0
   75
    0
    0
    0
   14
    2
    0
    0
   14
   35
   11
    0
    0
    0
    0
    0
    0
    0
    0
    0
    6
    0
    0
    0
    2
   45
    6
   30
   24
    0
   46
    9
  105
    3
    0
    0
    0
    0
    0
    0
    0
    4
   68
   16
   30
   70
   23
   43
   43
   12
   42
    0
   18
    0
    3
   19
   50
   18
    2
   29
    4
    0
    0
    0
    0
    0
    0
    6
    0
    0
    0
    0
    0
   55
    6
   44
   32
    0
    0
    0
    0
    0
    0
    0
    0
    0
   29
   31
  121
    9
   47
  133
   93
   45
    0
  100
   36
    0
   15
    0
    0
    0
    0
    0
   52
   91
   16
    0
    1
    2
    0
    0
   38
    3
   66
    0
    0
    0
  146
  136
    0
    0
    0
    0
    0
    0
   15
    0
    0
    0
    0
    0
    0
    0
    2
   17
  114
   19
    6
    0
    0
    3
    0
    2
  115
    3
   15
   49
   46
   39
   18
   24
   39
   21
   14
    0
    0
    0
    0
    0
    0
    0
   13
    0
    0
    0
   65
    0
    0
    0
   16
   24
   37
  147
   19
   18
   13
    2
    0
   26
   69
    8
   27
    0
  184
   21
   39
  121
   91
    0
    0
    0
   15
    0
    3
    0
   18
    0
    0
    0
    0
    0
    0
    0
    9
    0
   11
   66
    2
   44
   12
    0
    0
    4
   55
    0
    0
   15
   30
  121
    0
    0
    9
   10
    0
    0
    0
    0
   20
    9
   21
    6
  105
    0
    0
    0
    0
    0
    0
    0
    0
    0
    3
    0
    0
    0
    0
    0
    0
    0
    0
    0
    0
   97
   15
  162
   15
    0
  135
    0
   88
   91
    0
   13
    0
    0
    0
    0
    0
    0
   67
   65
   12
    0
    0
  222
    0
    0
    0
    0
    0
    0
    0
    4
    0
   70
  213
  137
  104
   41
    0
    0
   31
   42
   11
    0
   39
    0
    0
    4
    0
    0
    0
  225
   21
    0
    0
   67
    0
    6
    0
    0
   35
   63
  277
    0
   47
    0
    0
    0
    0
    0
    0
    0
    0
    0
   92
    5
    0
    0
    9
    7
   66
  227
    0
    0
  169
    3
    0
    7
    0
    0
   13
   27
  157
   22
   26
    4
   18
   52
    4
    7
    0
    0
    0
    0
    0
    0
   37
    0
    0
    0
    0
    0
    0
    0
    0
   24
   67
    0
    0
    0
    0
    0
   29
    3
    8
    0
    5
    6
   10
   31
    0
   33
    0
   22
    0
    0
    0
    9
    0
    0
    0
    0
    0
   11
    0
   10
   38
   98
   75
    0
   24
   19
    0
    0
    0
   18
   25
    0
   11
    0
   28
    0
    0
   11
   18
   21
   35
    6
   26
    2
   29
    3
   29
    5
   75
   87
   29
    0
    5
   32
    7
    3
    2
    0
    0
    0
    0
    8
    0
    0
   12
    0
    8
    5
   82
   21
   18
    0
    0
    0
    0
    0
    4
   71
    4
   29
    0
    0
    0
    0
    5
    0
    0
    0
    0
    0
    0
    0
    0
    0
   47
   68
   11
    5
    0
   17
   57
    7
    0
    0
    0
    0
   15
    2
    9
    6
   66
    4
   10
   16
   27
   29
   95
    0
    0
    0
    0
    0
    0
    0
    0
   65
    0
    0
    0
    0
    0
    0
    0
    0
    0
   54
   62
    0
   35
   74
   61
   49
   89
   69
    3
    0
    8
    0
    0
    0
   25
    1
   19
   59
    0
    0
    0
    4
    0
    0
    0
    0
    2
   39
   36
    4
    0
    0
   10
   28
   14
    0
   31
   39
    7
    2
   19
    0
    0
    0
    0
    0
    0
    2
   35
   46
   10
    0
    0
    0
    0
    0
   14
    9
    0
    0
   75
   98
    0
    3
    0
    0
    0
    0
    0
    0
    0
    0
    0
    0
    4
   12
    0
    9
    0
    0
    7
    0
    0
    0
    0
    6
   85
    0
    0
    0
    0
  109
    0
  352
   21
    0
    0
    0
    3
   53
   18
    0
    0
    0
    0
  172
   83
    0
    0
   43
    0
    0
    0
  415
  212
    0
    6
  122
    8
  118
    5
    0
    9
    0
    0
   29
    0
    0
    2
    6
  124
   28
    0
    0
    0
    0
    0
    0
  272
    0
    0
    0
    0
  149
   72
   51
   32
    2
   38
  202
   12
    0
  112
    0
    9
    0
   22
    0
   30
   35
   22
   18
    0
    0
   47
    0
    0
   18
   62
  162
    0
    0
    0
   28
   62
    0
    0
    0
    0
    0
   97
    0
    0
    0
    5
    2
   28
    4
    0
    0
    0
    0
    6
    0
   87
   93
   10
   97
  112
   99
   41
    0
    0
    3
    2
    3
   61
   17
   11
    0
    4
    0
    0
    0
    0
    0
    0
    0
    0
    0
    0
    0
    0
    0
    0
    0
    0
   46
    0
    0
    0
   14
    0
   21
    5
   41
    0
    0
    0
    0
   31
    0
    0
    0
    0
    3
    0
  125
  105
   85
    0
    0
    0
    0
    0
    0
    0
    0
    0
    0
    0
    7
   55
   45
   39
    0
    0
    9
    4
    0
   93
  146
   54
    2
    0
   11
    0
    0
   38
    0
    0
    0
    0
    0
   48
    0
    0
    0
    7
    0
   25
    0
    0
    5
   49
   29
  106
    4
   23
    8
   28
   21
    5
   41
    0
   51
  212
   84
   21
   10
    0
   48
    3
    0
    0
   12
    6
    9
    0
   29
    9
    0
    3
    0
    3
    0
    0
    9
   11
   20
   45
   19
    3
   32
    6
    0
    0
    4
    0
    5
   31
    0
   33
   39
   41
   48
    5
    9
    0
    0
   31
    0
    0
    0
    0
   28
   66
   24
   70
   29
   18
    0
    0
    0
    0
    0
    0
    0
    0
    9
   32
   96
   29
    5
    0
    0
   29
   61
    6
   41
    0
    5
    0
   11
    1
    0
    0
    0
   54
   59
   11
  196
    6
   18
   20
   35
   32
    0
    8
    5
   54
   59
   16
    3
    0
    0
    0
    2
    8
   21
   38
   19
    0
    0
    3
    2
    3
    9
   92
  308
   79
   28
    0
   21
   97
    0
    0
    0
    0
    0
    0
    0
    0
    1
    0
    0
    0
    0
    0
    0
    0
   24
  125
    0
    0
    0
    0
    0
    0
   35
    0
   17
    0
    0
   18
    0
  284
    6
    5
    0
   29
  112
   55
  111
   35
   21
   23
    0
    0
    0
   57
    0
    7
   86
    0
    0
   30
   20
    0
    0
    2
   14
    0
    0
  128
    0
    0
    0
    0
    0
    0
    0
    0
    0
    0
    0
    0
  233
    0
    0
    0
    0
   95
    0
    0
  148
    0
    0
    0
    0
    0
    0
    5
    7
    0
    5
   84
   33
    0
    0
    0
    0
    0
    0
  445
    0
    0
    0
    0
    0
   93
    0
    0
    0
    0
    0
   35
  122
    0
  238
   14
   26
    0
    0
    0
    0
   88
  106
   26
    0
    0
   76
   15
    3
  468
    0
    0
   92
    0
    0
    0
    0
   85
    0
    0
   80
    9
    4
  305
    0
   92
    0
    3
   40
  139
   23
    0
    0
   14
   23
    0
    0
    0
    0
    0
    0
    0
    0
    0
    0
    0
    0
   35
  171
    8
    9
    0
    4
    0
    0
    0
    0
    0
    0
    0
    0
   11
    0
    0
    0
    0
    0
    0
   11
    0
    0
   13
    8
   54
   29
   19
   11
    0
    0
    0
    0
    0
    0
    1
    3
    0
    0
    0
    0
    2
   63
   47
   19
  160
   30
   61
    3
    0
    0
    0
    4
   64
   76
   19
    6
    4
    0
    0
    0
    0
   54
   24
    0
    0
    0
   10
   64
   16
    4
  278
   23
    0
   16
    0
    0
    3
   13
   17
    3
    0
    0
    0
    3
   22
    6
    0
   18
    9
   14
   76
   21
    0
    0
    0
    2
    0
   54
   28
   54
   67
   19
    6
    0
    0
    0
   36
   28
    0
   18
   63
   39
    4
   30
   33
   14
   36
   24
   36
    0
    0
   21
    0
   23
    3
    2
    0
  166
    0
    3
    5
    0
    3
    0
   35
    3
   13
    7
    4
    0
   10
    0
    0
   29
   16
    2
   11
    0
    0
    3
    0
    0
    0
    6
   37
    0
   14
    0
    0
    0
    4
    0
    9
    2
   55
   24
   11
   16
   47
    0
    0
    0
   29
   11
  138
   21
  117
    0
   96
  138
    0
    0
    0
   13
    8
   34
   14
   22
  159
   81
   59
    3
    5
   53
  168
  216
   72
   67
    0
    0
    0
    0
    0
    4
   47
    0
    0
    4
   93
    0
    0
    0
    0
    0
    0
    0
   61
   36
   11
    0
   44
  407
    2
    0
    0
   26
  133
    0
    0
    0
    0
    0
    0
    0
    0
    0
    0
    0
   91
  106
  422
   34
    0
   19
   25
   51
   30
   32
   23
    0
   27
   57
    9
  142
    6
   19
  147
    0
    0
    0
   72
   55
   21
   24
   19
    0
    0
    0
    0
    0
    0
  152
   15
   36
    0
    0
    0
    0
    0
    0
    0
    0
    0
   29
   17
   98
    0
   39
    0
    0
    0
  259
    0
    0
    0
    0
   63
  255
    0
    0
    0
    0
    0
    0
    0
    0
    0
    0
    0
    0
    0
    0
    0
   53
   98
    3
    8
    0
    0
   48
    4
    0
    0
    0
    8
    9
   70
   79
  182
  113
  114
  552
  554
    0
   22
    0
    0
    2
    8
    9
    0
    0
    9
    0
   27
    0
    0
    0
    0
    0
   61
  172
   44
    0
    3
    0
    0
   56
  111
    0
   39
  122
    6
    0
    0
    6
    0
    0
    0
    0
    0
    0
    0
    0
    0
    0
    0
    0
    0
   35
    0
   24
    0
    0
    0
    0
    5
    0
   65
   49
   41
    5
    0
  191
  194
  198
  112
    0
  185
   55
   33
    9
    0
    0
    0
    0
    0
   32
   22
   69
    2
  102
    1
    0
    0
    1
    0
    0
    0
    0
    4
    3
    0
    0
    4
    0
    9
    3
    0
    0
    0
    0
    2
   79
   33
    4
    0
    0
    0
    0
   39
    9
   93
    0
   33
  123
   48
    0
    0
    0
    0
    0
   10
    2
    0
    0
    0
    0
    0
    0
   11
    2
    0
    0
    0
    0
    0
    0
    0
    0
    0
    0
    0
    0
    0
    0
    0
    0
    0
    0
    0
    0
    0
    0
    0
    0
    7
   27
    3
   27
    0
    0
    2
    0
    2
    0
    0
   39
   41
   41
   79
   26
    9
    0
   22
   63
   59
    7
    0
    0
    0
    0
    0
    0
   17
   32
   34
    0
    6
   19
    0
    0
    0
   11
    2
    9
    2
    0
    0
    0
    0
    0
    0
    0
    0
    2
    5
   71
    0
  104
    0
    6
   62
    3
   42
    3
    3
   74
    6
    0
    0
    0
    0
   14
    4
   31
    6
   29
    4
    0
    0
    0
    0
    0
    0
    0
    0
   22
   24
    0
    0
    0
   81
   15
   48
    0
    8
  100
   10
    2
    0
    0
   13
   70
    2
    1
   30
   80
   10
   50
   45
    3
  110
  150
    0
    0
   40
   10
    0
   22
   35
  180
    1
    0
    0
    0
    8
    9
   11
    0
    0
    0
    0
    0
  623
    9
   13
   58
    0
    0
    0
    0
    0
   51
    4
   61
   42
   55
   47
    3
    4
    0
    0
   47
  135
   21
   32
    0
    0
   25
  106
   72
   59
  398
   33
   10
   97
   36
    0
    0
    0
    0
    0
   10
    0
    0
    0
    0
   42
   33
   55
    7
    0
    0
    6
   61
    0
    0
    0
    0
    0
    0
    0
    0
    0
    0
    0
   29
  140
   28
    9
  157
   67
    0
    0
    0
    0
   21
    0
    0
    0
   10
    3
    3
   39
    0
    0
    0
    0
    0
    0
    0
   38
  155
   16
    0
   11
   41
    9
   75
  235
  119
   12
    5
    8
    0
    0
    0
   44
    0
   11
   64
   65
    3
   20
    9
   20
    0
   41
    2
    0
    3
   32
    0
    2
    0
    2
    4
   19
    0
    0
    0
    4
   65
  122
    4
   21
  256
  158
    0
    0
    0
    0
   11
   15
    5
   19
    4
   11
    3
    0
    0
    0
    0
    0
   22
   26
    4
    0
    0
    0
   91
    2
   12
    4
    2
   36
    2
    0
    0
    0
   41
   19
    9
   22
   27
   49
   21
    0
    7
   36
    0
    0
    0
    0
    0
    0
    0
    0
    0
    0
   91
    8
    0
    0
   19
   29
  132
    7
    0
    0
    0
    0
    9
    0
    0
    0
    0
    2
    0
    0
    0
    0
   35
    1
    0
    0
    0
    2
    2
    0
    0
    0
    0
    0
    0
    0
   32
   59
   21
    0
   11
    1
    9
    0
    0
    0
   27
    2
    0
   11
    0
    0
    0
    7
   40
    0
    0
    0
    0
   12
   33
   25
   36
    0
   22
    2
    0
   57
    8
    0
   25
    0
    0
    0
  155
   78
   43
    0
    0
   21
    0
    0
   29
    9
    0
    0
    0
    0
    0
    0
    0
   21
   52
  158
    5
   17
  181
    9
   38
    7
   39
    0
    0
   34
   11
   10
   75
   24
    0
    0
    0
   23
    8
   62
   17
    0
    0
    0
    0
   53
    0
    4
  111
   11
    5
    0
   28
    3
    2
    0
    0
    0
    0
   31
   19
   48
   35
   54
   57
    0
    0
    0
    0
    2
   31
  101
   24
   21
    5
    0
   26
    4
   99
    0
    0
    0
   16
    0
   21
   19
   57
    8
    5
    0
   37
  107
    5
    0
    0
    0
    0
    0
    0
    0
    0
    0
    0
   19
    0
    0
    0
    9
   64
   76
    4
    0
   16
   27
   22
    0
   45
    0
   15
   48
    4
   48
    0
    0
    6
   46
    9
    4
   10
   84
    3
    0
    8
    0
    0
    0
    0
    0
    0
   34
  137
   11
    0
  394
  309
  306
  133
    0
   58
    0
   59
   20
   94
    0
    0
   34
  136
  104
    0
    0
    0
    0
    0
    0
    0
    0
    0
    0
    0
    0
    0
    0
   19
    0
  128
   51
    0
    0
    0
    0
    0
    0
    0
   13
  165
   45
    0
    0
    0
    0
    4
    0
   58
    0
    3
    0
    6
    0
    0
  165
   18
    0
    0
    0
    0
    0
    0
    0
    0
    0
    6
    0
    0
    0
    0
    0
   18
    0
   12
   33
    4
    0
    0
    0
   74
   15
  116
   15
  122
   85
   48
   50
   62
    0
    0
    0
    0
   16
    0
    0
    8
    0
   51
   23
    0
    0
    0
    0
    0
    0
    2
    3
    0
    0
    3
    8
   31
    0
    0
    0
    0
    2
    0
  172
    2
    0
    0
    0
    0
    7
    3
    0
    0
    0
    0
    0
   15
    4
    0
   31
   58
   85
   21
    4
   47
   22
    0
    0
   21
   68
  138
   59
    9
    0
    0
    0
   11
    0
   85
    0
    3
    0
   17
   21
    0
    0
    6
    4
    0
    0
    0
    0
   29
   23
   18
   11
   14
    0
    0
    0
    0
    0
    0
    0
    3
   56
    0
    0
   17
   59
   41
   27
    0
   31
    0
    0
    0
   39
    6
   38
    0
    0
   14
    0
    0
    0
    0
    3
    0
    0
    0
    0
    0
    7
    0
    0
   61
    7
    0
    0
    0
    0
   57
    0
  170
   16
    2
    0
    4
   52
    4
   17
  155
   20
   54
    8
  103
    3
    3
    0
   27
    0
   41
   38
  204
   51
    0
   20
   41
    0
    9
    0
    0
    0
    0
    3
    0
    0
    0
    0
   50
   25
    0
    0
    0
    0
   11
   52
   31
   53
   29
  108
    0
    0
    0
    0
    5
    0
    3
    0
   45
    0
    0
   10
    0
    0
    0
    0
    0
    0
    0
    0
    6
   11
   10
    3
    0
    0
    0
    0
    0
    0
    0
    0
    0
    3
    0
    0
    0
    0
   82
   13
    9
   20
   95
   29
    0
    3
  204
   41
   19
   10
   57
    0
    0
    0
    0
  162
    0
    0
   91
   97
  374
    0
    0
   13
   11
  101
    3
    0
    0
    3
   61
   22
   30
    0
    2
    0
   16
    0
   43
   66
    0
   32
   57
   82
   61
   41
  465
   57
    0
  117
   16
   45
    0
    4
   37
    5
   31
    0
    0
   34
   29
   41
   19
    0
    0
  336
   31
   12
    5
    0
    0
  238
    0
   13
    0
    0
    0
    0
    0
    0
    0
  122
   32
    0
    0
    0
    0
    0
    0
    0
  152
   11
   15
    7
    0
   52
    6
   35
   95
    0
    0
    0
    0
  128
    4
  112
    0
    0
    0
    3
   67
   69
  112
    0
  158
  228
   38
  119
   51
    1
    0
    0
    0
    0
    0
    0
    0
    0
    0
    0
    0
  162
    9
    4
    5
    4
    0
  118
   13
    0
   16
   23
  142
   51
   43
    0
    0
    0
    0
    0
   19
   14
    0
   59
   14
   28
    4
   19
   97
   13
   43
   92
  165
   34
    3
   62
    0
    3
    0
    8
   84
   68
    0
    0
    0
  119
   18
   72
   29
   18
   19
   20
    0
    5
    0
    0
    0
   10
    3
    0
    0
    3
    0
    0
    0
   41
   75
   66
   27
    0
    0
    0
    0
   19
   31
    9
   36
    0
    0
    6
   10
    9
    0
   22
    0
    0
    0
    0
    0
    9
    0
    0
    0
    0
    0
    3
    0
    0
    0
   82
   18
    0
    0
   94
    0
   11
    9
    0
    0
    0
    0
    0
    0
    0
    4
    0
    0
   45
    0
   57
   64
   36
   19
   30
   22
    9
  104
   54
   49
   54
   97
   23
   15
    0
    0
   56
   90
    2
    0
   45
    9
    0
   88
   18
   11
   86
   72
   31
   43
   38
    6
    0
  123
   94
    0
    4
   15
    0
    0
    0
    4
   75
    3
    0
    0
    0
    0
    0
    0
    0
   14
   25
    2
   31
   16
    3
    0
   13
   41
   18
    4
    0
    0
    0
    0
    0
   60
   10
   33
   31
   30
    0
    0
   24
    0
   41
    0
    6
   96
   54
    0
    0
    0
    9
    0
   10
    2
    3
    0
   26
    6
    0
    0
    0
    0
    0
    0
    0
    0
   32
   83
    0
    4
   11
   29
    0
   37
   27
    0
    0
    0
    0
  144
   75
   24
    0
    0
    7
    0
    0
   28
    0
   71
    0
    0
   49
   29
    0
   21
    0
    0
  118
    0
  104
   12
    0
    0
    0
    0
    0
   89
  387
    9
   48
   11
    9
    0
   48
    0
    5
  108
    9
    0
    0
   59
    0
    0
   19
  275
   56
   86
  143
    4
    0
   34
    4
   16
  308
   17
    2
    0
    0
    0
    0
   60
    0
   92
    0
    0
   32
    0
    0
    0
    0
    0
    0
    0
    0
    0
   11
    0
   12
    0
   30
    0
   51
    0
    0
   29
   21
  130
   92
   19
    0
    9
    0
    0
    0
    0
    0
    1
    4
   84
    0
    2
   48
   -9
   -9
   -9
   -9
   -9
   -9
   -9
   -9
   -9
   -9
   -9
   -9
   -9
   -9
   -9
   -9
   -9
   -9
   -9
   -9
   -9
   -9
   -9
   -9
   -9
   -9
   -9
   -9
   -9
   -9
    8
    5
   21
   14
    8
   81
   41
   39
   72
    4
    0
    0
    4
   43
    0
    0
    0
    0
    0
    0
    0
    0
   25
    0
  100
    0
    0
    0
    0
    2
    0
    0
  108
    0
    0
    0
    9
   47
  164
   75
  111
    0
    4
   32
   42
    0
    0
    8
   11
   31
   17
   11
   15
    0
    0
    7
    0
    0
    0
    0
    0
    0
   22
   31
   36
   11
    0
   21
    0
    0
    0
    6
    8
    9
   59
   32
    8
    8
    0
   11
   29
    0
    0
    0
    9
   67
  105
   31
   29
   31
    8
    0
   54
    0
    9
    0
    0
    3
    0
   10
   37
    0
    0
    0
    0
    0
    6
   22
   76
  168
    0
   77
   32
   65
    0
   18
    0
    2
    0
    0
  107
   20
   71
    0
    7
    5
   37
    0
    0
    3
   49
    0
   37
    0
    0
   43
   10
    7
    8
   18
   16
    5
   37
    0
   39
   12
   43
  114
    0
    0
   20
    7
   75
    9
   82
   22
    4
    0
    4
  105
  175
   38
   76
   16
   63
  107
   71
  242
  112
    0
    0
    0
    3
    0
    0
   72
    0
   57
   73
    0
   31
   71
   18
    0
    0
    0
   20
    2
    0
   45
    0
    0
    0
    8
    7
    5
   10
   58
    0
   20
    1
    0
    0
    0
    0
    0
   82
    0
    0
    0
    0
    0
  114
  165
   10
    0
    0
    0
    0
    0
    0
    0
    0
    0
    0
    0
    0
    0
    0
   11
    3
   31
   45
   67
   65
    0
    0
    0
    0
    0
    0
   97
   45
    0
    0
    0
    0
    0
  295
    9
   61
    0
    0
    0
   16
    0
   41
    0
   63
    0
    0
    0
    0
    0
  124
    0
   23
   12
   75
   16
    0
    0
    0
    0
   19
   84
    0
  129
   10
    0
  216
   89
   15
   31
   15
    0
   39
  243
    4
    0
    3
    0
   23
    7
    0
    0
    0
    0
   18
   49
   28
   25
   21
   13
    0
    0
    7
    0
    0
    0
   24
   29
   17
    0
    0
    0
    0
    0
    0
   98
    0
    0
    0
    0
  245
  196
    5
    0
    0
    0
    0
    9
  128
    0
    0
    0
  100
   32
   65
   16
   38
   63
   83
    0
    0
    0
    0
    0
   35
    0
   25
   23
   25
    0
    0
   13
  134
    4
    0
    0
    0
    0
    0
    0
    0
    0
  244
    0
    0
    0
   21
   98
  185
    0
    0
    0
   10
    4
    0
    0
    0
    0
    2
    0
    0
    0
    0
    0
    5
    0
   46
  114
    6
    5
    0
    6
   18
    0
    0
   49
   15
    0
    0
    0
    0
    0
    0
    0
    0
    0
   83
    0
   21
   39
    0
   20
   28
   33
    0
    0
   39
   11
   29
    0
   82
    0
    0
    0
    3
    0
    1
    0
    0
    0
    0
    3
   11
   41
    5
    0
   15
   21
    0
    3
    3
    0
    0
    0
    0
    0
    0
   11
    0
    0
    6
    5
   23
    4
    8
    0
    0
    0
    2
    5
    0
    0
    0
   24
    0
    0
    0
    0
    0
    0
    0
    0
    0
   15
    0
   27
    1
   12
   65
    0
    0
    0
    1
   13
   47
  125
   18
   47
   28
    0
    0
    0
    0
   13
    0
    0
   42
   14
    0
    0
    0
    0
    3
    7
   11
   16
   46
  113
   11
    0
    8
    0
    0
    0
    0
   46
   65
    3
    0
    3
   85
    0
   11
    3
  111
   21
   22
   25
    9
   92
    4
   14
    0
   75
    0
   41
   81
  156
    1
    0
    0
    5
   30
    0
    0
    4
    0
   28
   11
   13
   29
    0
    3
   34
    0
    0
   91
   16
   56
   64
    3
   24
    0
   49
   52
    3
    0
    0
   36
    9
    4
   35
    0
    0
    0
    0
   15
   54
   62
   33
    4
    0
    0
    0
    0
    0
    0
    0
    0
    5
   17
    0
    0
    0
    0
    0
    0
    0
    0
    0
   25
   38
    0
   26
   79
   11
   32
  127
   63
    0
    0
   32
   35
    8
   72
   79
    0
    0
    0
    0
   22
  108
  155
    0
    0
  122
   84
    2
    0
    0
    0
    0
   10
    0
   52
   -9
   -9
   -9
   -9
   -9
   -9
   -9
   -9
   -9
   -9
   -9
   -9
   -9
   -9
   -9
   -9
   -9
   -9
   -9
   -9
   -9
   -9
   -9
   -9
   -9
   -9
   -9
   -9
   -9
   -9
   -9
    0
    0
   25
  105
    0
   20
    0
   10
   36
    0
    0
    0
   11
    0
    0
   42
    0
    0
    0
  161
   14
    0
    0
    0
    0
    0
   24
    0
    0
    0
   19
  128
    0
   58
   61
   56
   15
  131
   14
  102
  147
   15
   45
   76
   11
   25
   27
    0
   54
    6
   31
   13
    0
    0
   31
   36
    2
    9
    0
    0
    9
  102
    0
  110
   78
    0
    0
    7
   35
    0
    0
    0
    0
    0
    0
    0
    0
    0
    0
    0
    0
   53
   19
    0
   55
    0
    0
    0
   60
   15
    0
   65
   56
    7
    0
    0
    0
   49
  149
  240
   86
    0
    0
   94
    1
    0
    9
    0
    0
   12
   16
    0
    0
  111
    0
   34
   44
   54
   46
    5
   14
    0
    0
    0
    0
   82
   86
  187
   14
    0
    0
   15
   14
   49
    3
    0
   11
   16
   24
    8
   98
   10
   89
   95
    2
   12
    3
   29
   25
   64
  121
   43
   29
    0
   10
    0
    0
    0
   39
   17
    0
    0
    0
    3
    0
    0
    0
    0
    0
    0
    0
   13
   26
    7
    0
    0
   26
   12
    3
   76
   25
    0
    0
    0
    0
    0
    0
    0
    0
    2
   15
   10
   47
    2
   11
  182
   84
    0
    0
    0
    0
    0
   48
   80
   15
   48
   82
   35
   31
   30
   52
   21
    0
    0
    0
    0
    0
    0
   45
    0
   15
    0
    0
    0
   15
   10
    0
    0
    0
   46
   71
   92
   88
   72
   75
   11
    0
    0
    0
    0
    0
    0
    0
    0
    0
    0
    0
    0
    0
    0
    0
    0
    0
    0
    0
  141
  153
   39
    2
    3
    0
    0
    0
    0
    0
    0
    5
    0
   88
   59
    0
    4
    0
   12
    3
   21
  106
   31
   41
    0
    0
    0
  110
   30
   35
    0
    0
    0
    0
    0
    2
   69
    0
    0
    0
  111
    3
   99
    0
   55
   32
    9
    0
    0
    0
    0
    0
    0
   98
   49
  101
   53
    0
   19
    0
    0
   47
    0
   62
    0
    0
    0
   36
  108
   89
    0
    0
    0
    0
    0
   10
    0
    0
    0
    8
   14
    0
    0
    0
    0
    0
    0
    0
  218
    9
    0
   13
    0
    0
  172
  312
   18
    0
    0
    4
    0
    0
   20
    2
   24
    0
    0
    0
    0
   11
   23
    0
    0
  203
   86
  123
  189
  111
    0
  147
  878
  685
   13
   12
    0
    0
    3
    0
    0
    0
   65
    7
    0
  272
    0
    0
    0
   91
    0
    0
  144
    0
    0
    0
    0
  108
    0
    0
    0
    0
  232
    0
    0
    0
   24
    0
   21
    0
    0
    0
    0
    0
   23
   11
   13
  116
   95
   54
    0
    0
    0
    0
    0
   91
    0
   76
   84
   28
    5
    0
    0
    0
    4
    5
    0
   54
   75
   46
   31
   11
    0
   51
   21
   11
    0
   75
   19
   33
   16
    8
    0
    5
   45
   76
  112
    1
    0
    0
   55
   94
   85
  115
   36
    0
    0
    3
    4
    0
    0
  135
  243
    0
    0
  171
    0
    0
    3
    9
    3
    0
  163
  174
    0
    0
    9
    7
    0
    0
    0
    0
    0
    0
    0
    0
    3
    0
    0
   40
   55
   12
    0
    0
    0
  178
    0
   19
    0
   18
    3
   16
  129
  233
    0
    8
  161
   68
   21
    4
   28
    2
    0
    0
    1
    0
   18
  131
    0
    0
    0
    0
    0
    0
    0
    0
    0
   99
   18
   38
   13
   41
   82
   58
    5
   49
    0
    7
   49
    0
   31
   33
   51
   25
    0
    0
    0
    0
    0
    0
   19
    0
    0
    0
    0
    0
    0
    0
    0
    0
    0
    0
    0
    0
    0
    6
   23
    0
    0
   59
    4
    8
    7
    0
   81
   61
    0
    0
    0
    0
    0
    0
    0
    0
    0
    0
    0
    1
    0
    0
   29
    0
   11
    0
    0
   28
   22
    8
    0
    0
   29
   11
    2
    0
   27
    0
    0
    0
    0
    0
    0
    0
   85
   57
    0
    0
    0
    0
    0
    0
    0
   53
    0
    0
    0
    0
    0
    0
    0
    0
    0
    0
  181
   29
   10
   24
   45
   42
   25
   11
    0
    0
   76
   47
   11
    3
    0
    0
    0
   12
   24
    0
    0
    0
    0
    3
    0
    0
    0
    0
   26
    0
    0
    0
    0
    8
    0
   96
    0
    0
    0
    0
   58
   27
   52
    0
    0
    0
   57
    0
    0
    0
    0
    0
   54
   77
   54
   31
   63
   61
   35
    0
    0
    0
   44
    0
    0
    0
    0
    0
    0
    0
  144
    0
    0
    0
    0
    8
    6
   43
    0
    0
  128
    6
    5
    0
    0
    0
    0
    0
    0
    0
    0
    0
    0
    0
    0
    0
   19
    0
   43
    0
    0
    9
   64
    0
    0
    0
    0
   28
    0
    0
    0
    0
   24
   96
    8
   13
   27
   37
    0
    0
    0
    0
    0
  115
    6
   86
  300
   87
    0
    0
    0
    0
    0
    0
    0
    0
    0
    0
   82
    0
    0
    0
    0
   44
    6
    0
    0
   12
   15
   48
   48
   37
  165
   95
   41
    8
    0
    0
    0
    0
    0
    0
    0
    0
    0
   13
   55
    5
    0
    0
    0
    4
    0
    0
   64
    3
    0
    0
    0
   25
    0
    0
    0
    0
    0
    3
    2
    0
    0
    0
    6
    0
   39
    3
    0
    0
    0
    0
    0
    0
    0
    0
    6
    3
   52
   16
    0
    0
    0
    0
    0
    6
   10
    0
    0
    0
    0
    6
    4
   68
   29
    0
   29
    0
    0
    0
    1
   14
  225
    0
    0
    0
    0
    0
    0
    0
    0
    6
    0
    6
    5
   68
   13
  106
    0
   22
   71
   28
   49
   57
   64
    0
   22
    0
    0
   12
   99
   39
   22
    0
    0
    0
   11
    0
    0
    0
    9
    0
    0
    6
  191
    4
    0
    0
    0
   21
   24
    9
   79
   26
   20
   34
   29
    0
    0
   18
    9
    3
    0
    0
    0
   21
    0
    4
   41
    0
    0
   18
   63
   13
    0
    0
    0
   16
    5
   16
   58
    0
    0
    0
   35
    0
    0
    0
    0
    0
   50
   57
    7
    4
   33
   82
    0
    4
    0
    0
    0
    0
    0
    0
    0
    0
   11
   25
    8
   16
    9
    6
   45
    0
    0
    0
    0
    0
    0
    0
   53
    4
    0
    0
    0
   45
   16
    0
   13
    0
    0
    0
    0
   51
   23
   25
    0
  215
  196
   56
   21
   76
  327
    8
   17
   27
    0
   97
    0
    0
    0
    0
    0
   35
   46
   65
    0
    0
    5
    0
    0
    0
    0
  191
   24
   15
    0
   68
   46
    0
    0
    0
   25
   37
  101
   87
    0
    0
    0
    0
   94
   25
   37
    0
   35
    4
    6
    0
    0
    0
    3
   15
    5
    0
  103
    5
  199
   37
   74
    0
    0
  245
    4
   42
   48
   45
    5
   25
    0
    0
   89
   87
  143
  212
    0
  208
   17
    0
   31
   38
    0
    0
    0
    0
    0
    0
    0
    0
    0
    0
    0
    0
    0
    0
    0
    0
  166
   28
    8
    0
    0
    2
    0
   54
    0
   49
    0
    0
   24
    0
   35
   25
    3
    0
   51
    0
    0
    0
    0
    0
    0
    0
    0
    0
    0
    0
  128
  168
    0
    0
    0
    0
    0
    0
    8
    0
   13
   89
  118
   97
  148
   31
    8
    4
   75
    0
    0
   38
    0
    0
    0
  108
    0
   29
    2
    0
    0
    1
    1
    1
   57
    8
    9
    0
    0
   34
    0
    0
    0
    0
    1
  129
    6
    0
    6
   97
    0
    0
    0
    0
   21
   11
  114
   34
   65
  276
    0
    0
   54
   23
    0
   27
   63
   28
  187
  106
   26
   25
   54
   75
    0
    0
   31
   54
    7
    5
    0
    0
    8
    0
    0
    0
    0
    0
    0
    0
    0
    0
    0
    0
    0
    0
    0
   80
   25
    3
    0
    0
    0
   30
   29
   47
  147
   60
    0
    0
   14
   31
   28
    0
    0
    0
   19
   28
    0
    0
    0
    0
    0
    3
    9
    0
    0
    0
    0
   17
   17
  174
   25
   26
   85
  105
   25
    0
   44
   15
    0
   25
  288
    0
  160
   11
    0
    0
    0
    0
    0
    0
   59
  139
  199
   43
   12
   13
   78
    7
    0
    0
    0
    0
   64
    0
    0
    0
   63
   38
    2
    0
    0
    0
    0
    0
   48
    8
   25
   18
    0
   31
    0
   18
    0
    0
    0
    0
  148
    0
    0
    0
    0
    0
    0
   92
    0
    0
    0
  135
    0
    0
    0
    0
    0
    0
   16
    7
    8
   14
    5
    0
    0
    0
    0
    0
    0
    0
   59
    0
    0
    0
    0
    0
   21
    0
   95
   25
    5
    0
    0
    0
    0
    0
  108
  133
   33
   37
   23
    0
   15
    8
    4
    0
    0
   51
   11
   23
   31
    3
    0
    0
    0
    0
   74
    0
    0
    0
    0
    0
    0
   40
    0
    0
    1
   10
    5
   22
  173
   55
    1
    0
   80
    0
    0
    0
   75
    0
    6
   18
    0
    0
    0
   73
    0
    0
   15
  200
    0
    0
    0
   35
    0
  159
    0
    0
   20
   97
    0
   28
   30
    5
    9
    0
    0
    0
   18
   19
    0
    0
    8
   59
   99
  144
   19
    0
   28
    0
    4
    0
    0
  334
    7
    0
    0
  175
  152
    5
  134
   61
   67
   66
    5
    0
    0
    0
   36
   38
   27
    0
    0
    0
    0
    8
    0
  504
   87
    0
   37
    0
    0
    0
    0
    0
    0
    0
    0
    0
    0
    0
    0
    0
    0
    2
    3
  143
  132
    0
    2
  132
  159
    8
    0
    0
    0
    0
    0
    0
    0
    0
   21
    0
  133
   72
    0
  151
   14
    0
    0
    0
    0
    0
    0
    0
    0
    0
    0
    0
    0
    0
    0
    0
    0
    0
    0
    4
    0
   51
   20
   15
    0
    0
    0
    0
    0
    0
    0
    6
    0
   59
   16
    0
    0
    0
    0
    0
    0
    0
    0
    0
   50
   69
   19
    6
   73
   88
   11
    0
    0
    0
    0
    9
   11
    0
    0
    0
    0
    0
   35
   13
    0
    0
    0
    9
   16
    0
    5
   17
   12
   16
   64
   56
   52
   11
   57
   17
   17
    6
   24
   35
   19
   18
    0
   86
    8
   12
    0
