Station: Lichtenstein-Heinichsort , scaling_factor: 10.0, latitude:  50.7277, longitude:  12.6378, altitude:  437, nodata_value: -9
start: ..1973-01-01  end: ..2006-12-31
    0
    0
   14
    3
    5
    3
    3
    4
    8
    2
    7
    0
    0
    0
    9
   15
    0
    0
    6
    0
    0
    0
    0
    0
    0
   17
   53
   40
   33
  110
   21
   44
    1
    0
    0
    8
    0
    0
   40
   12
    9
   28
    2
    0
    0
    0
    2
    2
   58
   14
   55
   30
   17
  112
   67
   34
   38
   13
    9
    0
   35
   73
   13
    0
    0
   14
   74
    1
    0
   14
    0
    1
    0
    1
    0
   58
   66
   26
    3
    0
    0
    0
    0
    0
    0
    0
    0
    0
    0
    1
   35
    6
   49
    0
    1
    2
    0
    0
   41
  273
   18
   95
    2
    0
    0
   17
   67
   24
   25
    0
   44
    7
    0
    0
    0
    0
    0
   25
    8
    0
   21
  278
    9
    0
    6
    9
    0
   25
   10
   12
    0
    0
    0
   36
    0
    0
    0
    0
    0
    0
  279
    0
   10
   71
    9
    0
    0
    0
    0
    2
    0
   88
    0
    0
    0
    0
    4
    4
  198
    0
   23
    0
    0
   63
    0
    6
    0
  134
   49
    0
    0
    0
    0
   29
    1
    0
    0
    0
    6
   11
    0
    0
    0
    0
    0
    0
    0
   28
    0
    0
    0
   12
   97
   27
    0
  245
    2
    3
   23
   23
  141
    0
   57
   30
    2
   37
  377
   27
  134
    0
    0
    0
    0
   14
   26
   44
    0
    0
   61
    0
    0
    0
    0
    0
    0
    0
    0
    0
    0
    0
   78
    0
    3
    0
    0
    0
    0
    0
    0
    0
    0
  143
   40
    0
   18
    0
    0
    0
    0
    0
    0
   22
    8
    0
    2
    0
    0
    0
   90
   18
    0
    6
    0
    4
    0
   36
   80
    0
    0
    0
    0
   20
    0
    0
    0
    0
    0
    0
    0
    0
    3
    0
    0
  116
    0
   21
   24
   29
   60
   35
    0
   70
   71
  104
    5
   51
    0
    0
    0
    0
    0
    0
   20
    0
    0
    0
    0
    0
   80
    0
    0
    8
    0
    0
    0
    3
   74
   58
   20
    7
    0
    0
   10
    0
    0
    0
    9
    1
    3
  106
   13
    1
   49
    1
   19
    1
   17
   48
    0
   37
   20
   55
   10
    0
   11
    0
   52
  140
   53
   29
    0
    0
    0
    0
    0
    0
    0
    0
    6
    3
    2
   18
    0
    0
    3
    0
    0
    0
    0
    0
   54
    5
    0
    0
    0
   19
    0
    0
    0
    9
    1
   65
  250
    4
    0
    0
   35
   28
   14
    0
    0
    2
    0
    0
    0
    0
    0
    0
    3
    0
    1
   65
   36
   15
   14
    0
    0
    0
    0
    4
    0
    0
    1
    5
  137
    2
   12
  116
  113
   12
   18
    0
    0
    0
    0
    0
    0
    0
   26
    0
    3
    0
    0
    0
    0
    0
   35
   37
    3
    3
   32
   30
    3
    0
    0
    0
    0
    0
    0
    0
    0
    0
   20
    2
    0
    0
    0
    0
    0
    0
    0
    0
    0
    0
    0
    0
    0
    0
    0
   96
   58
    8
    0
    0
    0
    0
    5
    0
   14
    0
    0
    0
    4
    3
    0
   13
    0
    0
  123
   63
  124
   20
    0
    2
    0
  296
   48
   14
   90
   23
    6
    2
    0
    0
    6
   95
  166
   50
   27
    3
    0
    0
    1
    0
   12
   72
   61
    0
   83
    0
    4
   15
   11
   31
   12
    3
   63
  160
  130
    6
    4
    2
    5
   21
    0
    7
    0
    0
    2
    0
    0
   44
   20
   32
   43
  267
  111
   11
   91
    1
    0
  109
    2
    8
  132
    4
   56
    0
   22
   51
    0
    3
   53
  201
    1
  121
   15
    0
    5
  214
   45
    0
    0
    0
    0
    0
    0
   48
    0
    0
   37
   10
    0
    0
    7
   88
   43
   16
    0
    0
    0
    0
    0
  117
   53
   37
   39
    3
    0
    0
    0
    0
    0
   96
    0
    0
    0
   38
    3
    0
   64
    0
    0
   29
    0
    0
   71
    0
    0
    0
    0
    0
    0
    0
    0
  123
    0
    0
    0
    0
    0
    2
    9
  100
    0
  179
   35
    0
   35
   65
   32
    0
    1
    1
   14
    0
   50
    0
    0
    0
    2
    0
   15
  204
   21
    0
    9
  154
  144
  343
   78
   38
   58
   12
   59
   23
   94
   25
   42
   81
   79
   11
    2
    2
    0
    0
    0
    5
    6
    0
    0
    0
    0
    0
    0
    0
   20
    0
    1
    1
  103
    5
   12
    5
    2
   41
   10
  106
   12
   31
    4
   23
   10
   51
  263
  367
  196
   28
   38
   43
   36
   22
    5
   24
    9
   65
    9
   12
    0
    0
    0
    0
    0
   11
  107
   12
   51
   84
   44
   55
   53
    6
    0
    1
    3
    0
   92
   48
    0
    0
    0
    0
    5
    0
    0
    0
    0
    0
    0
    0
    0
   25
    4
    7
   13
    0
   39
   27
    1
   37
   49
   13
   48
    2
    1
    1
    0
    0
    0
    0
    0
   20
    0
   10
   47
    0
    0
    0
   37
  107
    0
    0
    0
    0
    0
    4
    0
    0
    0
    0
    0
    0
    0
    0
    0
    0
    0
    0
    0
    0
    7
    5
   48
   11
   21
    0
    6
    2
   20
    0
    0
    0
  111
   47
   70
   13
    0
    0
    0
    0
    0
    2
    0
   38
   33
   18
    0
    0
    0
    3
    7
   64
   16
  114
  184
  118
    1
    0
    0
    8
    0
    0
    0
    0
   10
    0
    0
    0
    0
    0
    0
   26
  108
    0
    0
    0
    0
  243
   33
    0
   59
   19
    0
    0
    0
    0
   10
   14
    0
    0
    0
    0
    0
    0
    8
    0
    0
    0
    5
   25
    0
    0
    0
    0
    0
    0
    0
    0
   34
   71
   70
    0
    0
    0
    0
    9
   29
   10
  254
    0
   73
   89
   68
   19
  129
    0
    0
    0
    0
    2
   17
   20
   11
    0
    0
    0
    0
    0
    0
   16
    1
   89
    0
    0
    0
   16
    0
    0
   46
   77
   23
    0
   77
    0
   26
   22
    0
    0
    0
    0
    0
    0
    0
    0
    0
    0
    0
    0
    0
    0
    0
    0
   38
    0
    0
    0
   23
    0
   21
  140
    0
    7
    0
  863
   36
  159
  143
    1
    0
    0
    0
   12
    0
    0
    0
    0
   38
    0
    0
    2
    0
    0
    0
  178
   79
   22
    1
    0
    0
    0
    0
   10
    0
    0
    0
    0
    0
    0
   26
    1
    1
    0
    0
    5
   11
   24
    5
   60
    0
   28
   11
   54
    2
    0
    0
   36
    0
    3
    0
   61
   35
   39
   12
   12
   27
    0
    1
    1
    0
    0
    0
    0
    0
    0
    0
    0
    0
    0
    0
    0
    0
    0
    0
    0
    0
    0
    0
   64
    0
    0
    0
   57
  106
   42
  104
    0
    0
    0
    0
    0
    0
    0
   39
   16
    2
    0
    8
    4
   39
    0
    1
    1
    0
   14
    0
    0
   38
    1
    0
    0
   12
    0
    0
   10
    0
    0
    0
   14
   41
   57
    0
    0
    0
    0
   19
   83
   50
   34
   14
   87
   78
    1
    0
    3
   97
  129
   15
  154
  142
   70
   28
    6
    9
   10
   79
   57
   76
   72
   41
   56
    1
    1
    1
    0
    0
    0
    0
    0
    0
    0
    0
    0
    0
    0
    0
   58
    9
    8
   52
   17
    5
    0
    0
    0
    0
    0
    0
    1
    0
    3
    0
    0
    0
    0
    0
    0
    0
    0
    0
    0
    0
    0
   12
    7
    1
    0
    0
    0
    0
    0
   10
   22
   30
   97
    1
    2
    2
    0
    0
   46
   78
    8
    2
    0
   15
    0
    0
    0
    0
    6
   26
    4
   18
    1
    0
    0
    0
    0
    0
    0
    0
   17
    0
    0
    0
    0
    1
    0
   46
   57
   53
    0
    8
   12
    0
    2
    0
    0
    6
    0
    0
    0
    0
    0
    0
    0
   16
    3
    2
    0
    0
    0
    0
    0
   84
  100
   99
    5
    0
   37
    7
   53
    3
    2
   23
  116
  100
  300
  123
   10
   97
    0
    0
    0
    0
    0
    0
    0
    4
    1
    0
   62
   57
    0
    0
    0
    0
    0
    0
    0
    0
    0
    0
    0
    0
    0
    0
    0
    0
    0
    0
    0
    0
    0
   15
    0
    0
    0
    0
  122
   21
    0
    0
    0
    0
   12
   14
    0
    2
    0
   20
   52
   23
    1
    0
    0
    0
   87
  119
   30
   90
   18
    0
    0
    0
    0
    0
    0
    0
    0
   28
    0
    0
    0
   55
   20
   12
   14
    0
    0
    0
    0
    0
    3
   65
    0
    0
   34
    8
    1
   78
    6
   43
    1
    0
    0
    0
   50
    0
    0
    0
    1
   43
    0
   29
    0
    2
    0
    0
    0
    0
    0
    7
    0
    0
    5
   27
   25
    0
    0
    0
   46
   30
   23
    0
    0
    0
    0
    0
    0
    0
   36
    0
    1
   82
   65
    0
    0
    0
    0
    0
    0
    0
    0
    0
    1
    0
    0
   46
   10
    0
    1
   18
    1
    0
    0
  146
    0
    0
    0
    0
    0
   22
   86
   61
   25
    0
    0
   25
    2
    1
   28
   20
  135
   34
    0
   23
    5
   12
   12
    5
   33
    4
    6
    0
    0
   25
    5
   31
    0
   90
  147
  155
   22
   22
    1
    0
    0
    1
    2
    0
    1
    0
   16
   21
    1
    0
   10
    0
    0
    0
   27
    0
    0
    0
    0
    1
   13
   41
    6
    0
   38
    6
    0
    0
    4
   14
    2
    0
   24
    1
    0
    2
    0
    0
   54
    0
    0
    0
   94
    3
    0
    0
    0
    0
    0
   25
    5
   55
    3
    1
   35
    3
    0
    1
    0
    0
    0
    6
    8
   35
   17
    0
    0
    0
    0
    3
   58
   22
    4
    1
   53
   12
   53
    0
    0
    0
   47
    0
    0
    0
  184
   48
    6
   18
    0
    0
   22
  115
    0
    0
    0
    0
    0
    0
   30
   20
   99
   15
    0
    1
   12
    0
   10
   25
    0
    3
    8
   15
    2
   18
   26
   22
  143
   23
  115
    5
    0
    0
    0
    0
   13
   13
   53
   39
    0
   14
    5
    5
  135
   39
    3
    0
    0
    0
  191
    0
    0
   72
    0
    0
    0
   39
    0
   34
   32
   58
    0
    0
   12
   31
    5
    0
    0
    0
    0
    0
    0
    0
    0
    0
    0
    0
    0
   70
   11
   39
   13
    6
    1
    0
    6
    1
    0
    0
  109
  160
   11
   18
  263
  312
   25
   28
    1
    0
    0
    7
   19
    0
    0
   57
    0
    1
    0
    0
    0
   31
   97
   47
   24
    9
   73
    0
    0
  146
    9
   20
    0
    8
   31
    1
    0
   20
    0
    0
  210
  236
    1
    3
    0
    0
    0
  128
   96
    2
    4
    0
    0
    0
    5
    9
   90
  338
  158
   15
    3
   25
    0
    0
    1
    2
   42
    0
   51
  185
    0
    0
    0
   21
   10
    0
    0
    0
    1
   44
   14
  156
    4
    0
    0
   64
   67
    7
   67
    0
    1
    0
    0
   28
    6
    1
    0
    9
    0
   71
  170
    5
    0
    0
    0
    0
    0
    0
    0
   49
   40
   42
    1
    8
    0
    0
    0
    0
  115
    0
    0
    0
    0
    0
    0
    0
    0
    0
    0
    0
    0
    0
   25
    7
    2
    0
    2
   75
    0
   37
   68
   67
  112
   32
    0
    0
    0
   21
  218
    0
    0
   91
    0
   42
    0
    0
   41
   23
    0
    0
    0
    2
    1
    0
   32
   53
   88
    0
    0
   25
    5
   42
    6
    0
    0
   10
    0
    0
    0
    0
    2
   96
    6
   39
   12
    0
    0
    0
    0
    0
    0
    5
   12
   13
   24
    3
   29
    1
   11
   15
   51
    1
    6
   23
  101
    1
   27
    0
    0
    2
    7
    0
    0
    0
    1
    0
    0
    0
   12
    0
    0
    0
    0
    0
   48
   30
   23
    0
    0
    1
    1
    1
    0
   41
    6
    5
    0
    0
    7
   21
    1
    0
   39
    1
    0
    9
   13
    1
    1
    0
    0
    0
   14
    2
    0
    0
    0
    4
    0
   15
    0
    0
    0
    2
   75
    6
    0
   89
    4
   25
    0
    6
   14
    0
    2
    9
   28
   35
   57
   31
   58
    2
    1
    7
   53
    0
   25
    0
    0
    0
    0
    0
    2
    7
   57
    7
    0
    0
    0
    0
    9
   84
    0
    0
    0
   21
    4
    4
    0
    0
    0
   65
    0
    0
    0
    0
    3
    0
    0
   42
    0
   24
  122
    0
    0
    0
   99
  672
  297
   21
   32
   10
   59
   16
    4
    7
   10
   11
    1
  212
   87
    1
   48
    0
    8
   16
    2
    0
    0
    0
    0
    0
    0
    0
  119
   11
   19
    0
  132
   49
    2
    0
    0
   26
  191
  126
    0
   17
    0
    0
    0
   59
    2
   10
    5
   31
    3
   87
   80
    2
    0
   10
    2
   22
    2
   39
   28
   10
   32
  112
  118
   23
    0
    0
    0
    1
    0
    0
    0
   84
    7
    6
    3
    0
    0
    0
    0
    0
    0
    0
    0
    0
    0
    3
   63
   21
    4
    0
    0
  481
  400
    3
   31
    2
    2
    0
    0
    7
   16
  132
    0
    0
    0
    0
    1
   39
    0
    2
   22
   82
    0
   48
  116
  122
   77
   20
   26
    0
    0
   17
   21
    1
   30
    8
  184
    7
    7
    8
    0
    0
    0
    0
   44
   82
   10
  244
   40
    8
   20
  131
   28
   11
   62
    8
    1
   15
   87
  174
   68
    2
    0
    0
    0
    0
    0
    0
    0
    0
    0
   53
   35
    2
    0
   20
   12
   92
    2
    0
   80
   10
    9
   15
    5
    0
    0
    0
    0
    0
    5
    0
    0
    0
    0
    0
    0
    0
    0
    0
    1
    0
    0
    0
    0
    0
    0
    0
    0
    0
    0
   80
   10
    1
   16
  121
  148
   55
    1
    0
    0
    0
    0
    0
   83
   26
    2
    0
    2
   18
    0
   12
   35
    0
    0
    0
    0
    0
    0
    1
    6
    1
    4
    7
   17
  364
  206
   93
   20
    4
   16
   13
    2
    0
    0
    8
   21
    0
    0
   64
   14
   31
   41
  133
    0
    0
    0
    0
    0
    0
   28
    8
    0
    0
   45
    8
    0
   17
   25
   10
   25
    0
    8
   29
    0
   36
    6
    0
    0
   18
   58
   20
    8
    0
    2
    8
    2
    0
    0
    0
    0
    7
    4
    5
    0
    0
    4
    5
   17
    0
   72
    1
    0
    8
    0
   42
  100
  152
   64
   62
   33
    1
   89
    3
    3
   30
   34
    0
    3
    0
    0
    6
   31
    0
   11
   75
  306
   51
    6
    0
    0
  157
    0
   43
   81
    4
    0
    0
    0
    0
    0
    0
    0
   50
   27
    5
    0
    2
    3
   21
    0
    3
    0
   39
   94
    0
    0
   52
    0
    8
    0
    2
   26
   14
    0
    0
    0
    0
   39
   10
    0
    0
    0
    0
   13
   60
    0
    0
    0
    0
    0
    9
    0
    0
  139
    0
    0
    0
    0
    0
    0
    0
    0
   20
  419
  114
   21
    0
    0
    0
   64
    0
    0
    8
   95
    2
    0
    0
    0
    0
    0
    0
    8
    0
    0
  130
  156
    5
    0
    0
    0
    0
    0
    0
    0
  170
   14
  160
    0
    0
    0
   74
   64
   35
   23
   43
    0
   10
    0
    9
   12
    0
   35
   40
   81
   20
    0
  103
    3
   26
   95
    8
    0
   10
    0
    0
    0
   39
  151
   62
    0
    0
    0
    0
    0
    1
   61
    0
    0
    0
    7
   32
  150
    5
    4
    8
    0
    0
    0
    0
    0
    0
   25
   90
   27
    0
    0
    0
   17
   82
    0
    0
    0
   13
    0
   25
    0
    0
    0
    2
  243
  147
  292
   87
   65
    2
    0
    9
    8
    0
    0
    0
    0
    0
    0
    0
    0
    0
    0
    0
    0
    0
    0
    0
    0
    0
   25
   48
   16
    0
    0
    3
    0
    0
    0
    0
    0
    0
    0
   10
    5
   64
   20
   37
    9
   42
   54
    9
   74
   60
    3
   17
    0
    6
   33
    0
   59
    0
    3
   89
   15
   38
    9
    0
    0
    4
    0
   23
   12
    4
    0
    0
   29
    0
    0
    0
   35
   25
   38
    1
   24
  138
  168
   11
   26
   47
   12
   31
   78
    0
    0
  110
    0
    0
    5
    0
    0
    0
    0
    2
   21
   11
   22
   56
   89
   13
   20
   40
   17
   13
    1
    0
    5
    1
    0
    0
    0
    1
    2
    1
    1
    1
    0
    0
   19
   13
    0
   70
   60
   13
    1
    0
   24
   25
   57
   10
   36
   19
   81
   31
    3
    6
    0
   55
   24
   15
    2
    0
    5
   21
   11
    0
    0
    0
    0
    0
    0
    0
    0
    0
    4
   45
   36
    5
   24
   31
   10
    0
    0
    2
  129
   90
    6
    1
    1
    0
    0
    0
    0
    0
    2
  180
    2
    0
    0
    0
    0
    0
    3
    8
    1
    4
   15
    0
   70
   59
  266
    7
    1
    0
   16
   60
   86
   45
   13
    0
    0
    0
    0
    0
    0
   25
   63
   46
    5
   69
  527
  410
    1
   17
   57
    4
    0
    0
    0
    0
    0
    0
    0
    0
    0
  127
   23
    0
    0
    0
    0
    0
    0
    0
   13
    0
    3
    0
    0
    0
    0
    2
    0
    0
   29
    3
   30
    4
    5
    2
    0
   78
    1
    7
    0
    0
   12
    0
    2
   93
    0
    0
    0
   61
    1
  192
   30
   33
   10
   10
   20
    8
   49
    1
    3
   13
   20
   31
   21
   36
  185
  137
    0
    4
    0
   35
   60
   24
    0
  100
   36
   29
   31
  115
    8
    0
    2
   21
    3
  615
   22
    0
    0
    0
    0
    6
  136
    1
   14
    0
    0
    0
   17
   15
    0
    0
    0
    4
    2
    0
   25
  152
    0
    0
    0
    0
    0
    0
  161
    8
   38
   44
    9
   21
    0
    0
    0
    0
   30
   42
  186
   74
    0
    0
    0
   52
   19
    0
    0
    9
   39
    6
  174
   28
   62
   87
    0
   54
    0
    0
    0
    0
    0
    1
    0
  113
    1
    0
    0
    0
   27
   17
   16
    0
    2
    0
    0
   70
    0
    0
    0
    0
  178
  334
   10
    0
    0
    0
  115
   11
    0
    0
    0
   27
   59
    2
    1
    8
    0
   47
    3
    0
    0
    2
    6
    2
    6
  109
   13
   21
    4
    3
    0
    1
    0
    0
   42
   35
    0
    6
    9
    6
    0
    0
    0
    0
   90
    1
    0
   10
   82
   19
    0
   13
   58
   50
   29
   49
   17
    1
    0
    0
    4
    8
   34
   16
   21
    0
    0
    5
    7
    0
    4
   38
   50
    1
   12
    3
   10
    0
    0
    0
   51
   29
   70
   60
   64
   43
   52
   50
    0
    0
   54
    1
    1
   21
   23
   14
    4
    6
   36
   63
  129
   31
    0
    0
    7
   14
   19
    0
    0
    0
    0
    0
    0
    0
    8
   44
   38
   53
   17
    1
    0
    0
   16
    4
   45
    0
    0
    0
    8
    2
    6
   11
    5
    6
   46
    2
    0
    0
    0
    0
    9
    0
   56
   27
    1
    0
   31
   11
  173
  132
   44
  101
    2
    3
    0
    3
    5
   28
    0
    0
    0
    0
   37
   25
   14
   47
    0
    0
    0
    0
    0
    0
    0
    0
   10
   14
    1
    0
   12
    0
    0
    0
    0
    0
    0
    0
    0
    2
    0
    4
    0
    0
   59
   17
    0
    0
    0
  308
   12
   40
  199
   24
    0
    0
    4
   28
    0
    0
    0
    0
    0
    0
    0
    0
   52
  120
   75
   62
    0
    0
    0
    0
  214
    4
   21
   28
  107
    7
    1
    7
    0
    0
    0
    0
   40
    0
    0
    0
    0
   10
    1
    0
    0
   28
    0
   15
   43
    0
    8
  164
   55
  120
    4
   56
    3
   17
    7
    0
    0
    0
    7
    9
    0
   12
   92
    4
    0
    0
    0
    0
    0
    0
    0
   42
    2
   36
    0
    0
   15
  224
  202
    3
   40
    2
   34
  118
    5
  154
   59
   38
    1
    0
    0
    0
   14
    0
    0
    0
    0
    1
    0
  160
   49
   22
    0
    0
    0
    0
    6
   24
    0
   15
  122
    1
   37
  248
    8
    6
   10
  139
    0
    0
    0
    0
    0
    0
    0
    0
    0
    0
    0
    0
   96
    2
    0
    0
    0
    0
    3
  156
    0
   14
   47
    3
    2
   14
  156
    0
    0
    0
   15
  236
  151
    0
    0
    2
    0
    2
   18
    3
    3
    0
   63
   59
  152
   41
    2
    1
  193
    0
    2
  148
    2
   14
  125
   74
    6
    0
    0
    0
  267
    8
    6
   59
    0
   57
    7
    0
   58
   32
   57
   14
   36
   25
    0
   58
   31
   61
   33
    8
    0
   11
   15
   29
    0
   80
    0
   21
    7
   16
  165
   44
    3
   13
  103
   99
   38
   89
   95
   29
    2
   21
  115
   22
    4
   75
   45
    0
   47
   14
    4
    0
   76
   45
    2
    1
    0
    0
   13
    8
    8
    0
    0
    0
   41
    2
    2
    2
    5
   19
   26
   45
   11
    0
    3
    0
    0
    0
    0
    0
    0
    0
    0
    0
    0
    0
    2
    9
    0
    4
    0
    2
   12
   38
  104
  161
    0
    0
    0
    0
    0
    0
    8
    0
   59
    0
    0
    0
    0
    0
    0
    0
    0
    0
    0
    0
    0
    0
    0
    0
    0
    0
    0
    0
   28
    5
    7
   34
    0
    9
    0
    0
    0
    0
    0
   11
    6
   38
    0
    0
    0
    0
    6
   25
    0
    0
   13
    0
    0
    0
    0
    0
    0
    0
    0
    0
    0
   14
    8
    0
    0
    0
   37
  122
    3
   38
   12
    8
    6
    0
    0
    3
    0
    0
    0
    0
    8
    0
    0
    0
    0
   18
    0
   22
  100
   11
   22
    2
    0
   21
  166
  129
   13
    0
    2
  119
  109
    0
    0
    0
    0
    0
   28
    0
    5
    0
    4
   72
   22
    6
    0
    0
    0
   31
    0
    0
    0
    0
    0
    0
    0
    0
  255
    0
   26
    0
    0
   61
   17
   55
   52
    0
   74
    2
   36
    8
    4
    9
    4
   34
    0
   15
   35
   34
    0
   45
   11
    0
    0
  163
   62
    0
   78
    0
    0
    0
    0
    0
    0
    0
    0
   12
   28
    7
    0
    0
    0
    0
    0
    0
   10
  123
   53
    3
    0
    0
    0
    0
    0
    0
    0
    0
    0
  112
   43
    0
    9
    0
    0
    1
    0
    5
    0
    0
   72
    0
   77
   21
    0
    0
    0
    0
    0
    4
    0
    0
    0
    0
    0
    0
   36
    0
    0
    0
   17
   12
    0
    0
    0
    0
    0
    0
    0
    0
    0
    0
    0
    0
    0
   22
   41
    0
    0
    0
    3
    0
    0
    0
    0
    0
    0
    0
    0
    0
    6
    1
    0
    0
    0
   16
   32
   40
    5
   27
    0
    2
    0
    9
    0
    0
    0
    0
   24
    0
    0
    9
    1
    0
    0
    0
    0
    0
    0
   10
    0
    0
    0
    0
    0
    0
    0
    0
    0
    0
    0
   25
   18
    9
    3
    0
    0
   22
    0
   49
    0
    0
    8
   37
   15
    0
    0
    0
    1
    1
    0
   71
   11
   35
    0
   31
   39
   25
    2
    0
   46
   30
   25
   32
    0
   41
    1
    0
   10
   13
   17
    0
    3
   14
    0
    0
    0
    9
    5
   89
   39
   21
    0
   26
    8
    3
   26
    3
    0
    3
   15
  118
   57
   34
   32
    9
   31
   29
    2
    0
    0
   28
    1
   29
   41
    9
   43
   14
   15
    1
   55
    1
   11
    4
    1
    1
   36
   44
   26
  143
    6
    0
    2
    2
    0
    0
   32
   39
    0
    0
    0
    0
    1
   15
    2
    5
    5
    0
    0
    0
    5
   37
    3
    0
    0
    0
    6
    0
    0
    0
    5
    7
   33
   43
  151
    0
   54
   15
    0
   86
    9
   52
    0
   35
    2
    0
    5
  236
   47
   14
    2
    6
    6
   11
  198
    0
   15
   86
  162
   15
  152
   80
    0
    0
    0
   87
    0
    0
   41
    0
    0
    0
    0
    0
    0
    0
    0
   54
    6
    6
   25
    0
    0
   23
   34
    3
  111
   41
    0
   16
    1
    0
    6
    0
    0
   42
    0
   15
   10
   43
  215
   20
    0
   10
    0
    4
    0
    0
    0
    0
    0
    0
    8
    0
    0
    0
   42
    7
    0
    0
  178
  134
   15
   25
    0
    0
    0
    0
    0
    0
    0
    0
   20
  122
   76
    0
    0
    0
   15
    0
    0
    0
    0
    0
    0
    0
    0
    0
    0
    0
    0
    0
    0
   52
    0
    0
   53
    8
    0
    0
    0
   95
    0
    0
    0
    0
    6
    0
    0
   93
  152
  397
  472
  462
   18
    0
    0
    0
   56
    0
    5
    0
    0
    0
   33
    0
    0
    0
    0
    0
    0
   10
    0
    0
    0
    0
    0
    0
    0
    0
    0
    0
   11
    0
    0
    0
    0
    0
    2
   82
    7
    0
    0
   23
   46
    0
    0
    0
   53
   51
   11
   12
    0
    7
    0
    0
    0
    0
    0
    0
    0
   33
   20
    0
    0
    0
    0
   25
   13
    2
   11
    0
    0
    4
    0
    0
    0
    0
   22
    0
    0
    0
    0
    0
    0
    0
    0
    0
    0
    0
   26
    0
    0
    0
    0
    0
    0
    0
    0
    0
    0
   10
    0
    0
    0
   31
    5
    9
    5
    1
    1
   26
    0
    1
    4
   33
   51
   59
  118
   19
   15
    0
    0
    0
    0
    0
   35
    0
    0
    9
   35
   14
    0
    0
    0
    0
    0
    7
    0
    0
    0
    0
    9
    2
    8
   71
   56
    0
    3
   10
    0
    1
    0
    0
   18
   13
    4
    1
    8
    8
   97
    1
    0
    2
    7
   72
    1
    8
    7
    0
    0
   20
    0
   14
    0
    1
    5
    0
    0
    0
    7
   50
    2
    0
    2
   36
    7
   30
  222
   16
   87
   96
   47
    2
    0
    0
    0
    2
    1
    0
    0
    0
    0
    0
    8
    7
   72
   16
    0
    0
    0
    0
    0
    0
    0
    0
    2
    5
    3
   11
   16
    0
    0
    5
    0
    0
    0
    0
    0
    0
    0
    0
    0
    0
    0
    0
    9
    0
   18
    0
    7
   12
    0
   84
  209
   34
   41
    0
    4
    0
   16
   10
   17
    6
    7
    0
    0
    0
   43
    0
    0
    0
    0
    0
    0
    0
    0
    0
    0
    0
   24
    0
   65
    0
    0
   11
    9
   25
    0
   24
   25
    0
    4
    8
   62
   51
   28
    0
   65
    0
   22
    3
    3
   22
    0
   38
   94
   41
    2
  152
   41
    0
    0
   21
    0
    0
    0
  252
  244
  136
    9
   73
    2
    0
    0
    0
    8
   41
    3
    0
    0
    0
    0
    6
   10
    2
   74
    0
   73
    6
    0
   21
   14
   50
    0
  133
  152
   31
    5
    0
    0
    0
    0
    0
    0
    0
   55
   42
  271
  186
  103
   99
   81
   11
    0
    0
    0
    0
    0
   13
   39
   64
  127
    0
    0
  132
    0
    0
   42
  153
    0
    0
   15
   65
   21
  416
   22
    0
    0
    3
   29
    0
    0
    0
    0
    0
    0
    0
    0
    7
    4
    0
    0
    0
    0
    0
    0
    0
    0
    9
   74
   74
    3
   29
  104
    3
  156
   25
    0
    0
   90
    8
    6
    0
    6
   14
  121
   11
   33
   27
    3
   89
   51
    0
    0
    5
    0
   65
    0
    0
    4
    2
  105
   16
   31
    9
    2
    0
    0
   14
    0
    0
    0
    0
    0
   11
    0
    5
  100
    2
    0
   55
    6
    0
    0
    0
    0
    0
    0
    6
    0
    0
    0
    0
    0
    0
    0
    0
    0
    0
    0
    0
    0
    6
    0
    0
    3
   13
  161
   21
   36
    2
   45
    0
    0
    0
    0
    0
    0
    0
    0
    0
    0
    0
    0
   32
   93
   17
    0
    0
   33
    4
   32
   74
   35
    7
   36
    6
    2
    0
    0
    0
    0
    9
    1
   10
   20
    6
   50
   47
   57
   69
   15
    7
    2
    2
    0
    9
   36
   39
    9
    1
    0
    0
    0
    0
    0
    0
    1
   16
    6
    4
    2
   60
   14
    0
    7
   25
    6
   35
   55
    0
    0
    0
    6
    0
   34
   27
    3
    0
    0
    0
    4
    6
    0
   13
   15
    0
    0
   95
    5
   53
   17
    0
    0
    0
    6
   11
    2
    0
    0
    0
    0
    2
    1
   11
   12
    0
    0
    0
   25
    2
    0
  108
  198
    0
   11
    0
    0
    0
    0
    0
    0
   50
    8
    0
    6
   26
   49
    9
    0
    0
    3
    2
    0
    0
    0
   32
    3
    0
   35
    3
   73
   42
    0
    0
    0
    0
    0
    0
   39
    7
   52
    4
   50
   44
   93
   14
  102
   31
   22
    0
    0
    0
   32
    0
    0
    0
    0
    0
    0
    0
    0
    0
    0
    0
    0
    0
    0
  238
  212
    0
    0
    0
    0
   23
   66
    1
   55
   31
    0
    0
    0
   25
   29
   14
    5
    5
  110
   49
   32
   46
   19
   74
    0
   53
    0
    0
   67
   74
    3
   74
    6
   50
   21
    0
    5
   10
    0
   74
    0
    0
    0
    0
   60
    0
   40
   12
   17
    0
    0
    0
    0
    4
  108
    0
    6
    0
   38
   25
   14
    0
    0
    0
   72
    0
   98
   26
    0
   11
   19
    0
    0
    3
    0
   39
    4
    5
    0
    6
    0
    5
    0
    0
   91
  435
    0
    3
   28
    0
    0
   95
    0
   48
   12
    4
    0
    0
    0
    0
    0
    0
    0
   83
   43
    4
   16
   29
   10
    7
    0
    0
    0
    0
    3
   25
    5
   59
    0
    0
    0
    0
    9
    0
    0
    0
    0
    0
    0
    0
    0
    0
    0
    0
    0
    0
   73
    0
    7
    4
    0
    0
    0
    0
   93
   12
    7
    3
   31
    0
    0
    0
    1
    2
    1
    0
    0
    0
    1
    1
    0
    0
    0
    0
    0
    0
   27
   24
    2
    0
   30
   28
    0
    0
   54
   34
    0
    1
    0
    2
    6
   17
   45
   26
   17
    7
   17
    0
    0
    4
    0
   36
    0
    4
    0
    0
    0
   29
   11
    2
    0
   47
   46
   17
   54
    9
    4
   18
  270
   43
    8
   43
    0
    0
    0
    0
   16
    5
   27
   91
   13
    3
    0
    0
    2
   41
   28
    0
    8
    3
    0
    0
    7
   21
   10
   78
   75
  106
   90
   66
   88
   35
    0
    0
    0
   17
   14
   43
   25
    1
    0
    0
    0
    0
    0
    0
    0
    0
    0
    6
    7
   22
   91
    9
    0
    0
    0
    0
    0
    0
    0
   56
   31
    2
    1
    0
    1
    1
    0
    0
    0
    0
    0
    0
    2
   44
   38
   85
   18
   29
    7
    7
    2
    1
    2
    6
    7
    0
    0
    0
    0
    0
   83
    2
   39
   31
    0
    0
    0
    0
    2
    0
   82
    0
    7
   92
   38
    0
    0
    4
    9
   23
  131
   39
    1
    0
    0
    0
    0
   13
    8
    3
    1
    0
   11
    2
   20
   43
    8
    0
    0
    0
    0
    0
    0
    0
    0
    6
    0
  122
   49
   56
   18
   17
    0
   43
   26
    0
    0
    0
    7
   21
    0
   10
    0
    0
   28
    0
    0
   49
   50
  358
  237
   30
   13
    0
   35
  119
   61
   20
   51
    0
    0
    0
   53
   75
   34
    0
    0
    0
    6
   15
    0
    0
    0
    0
    0
    5
    0
    0
    0
    0
    0
    0
    0
    0
    0
    9
   33
   40
   59
    4
  108
   51
    0
    0
    0
    0
    0
    0
    5
    5
    2
    0
    0
    0
  106
   30
   71
    1
    0
    0
    0
    0
   71
   43
    0
    0
  271
    0
    0
    0
    0
    0
    0
   73
  313
    0
    0
    0
    0
   69
  438
  172
   18
    0
   27
   82
  145
   12
   17
    0
   43
    3
    1
   27
    0
    8
  127
    9
    0
   70
    0
   25
    0
    0
    0
  206
   14
    0
   11
  137
  121
   21
    0
    0
    0
    0
    0
    0
    0
    0
    0
    0
    0
    0
    0
    0
    0
    0
    0
    0
   57
    0
    0
    0
    0
    0
    0
    0
    0
    0
    0
    0
   14
   33
   73
  125
   44
    0
    1
    1
    0
    8
  130
    0
    0
   46
   49
    0
   10
   36
   24
    0
    1
    0
    0
    0
    0
    0
    0
   13
    0
   21
    0
    9
   12
    1
   17
    3
    0
    0
    7
    0
    0
    0
    0
    0
    4
    0
    0
    0
   41
    4
    0
    3
    9
    0
    0
    9
    0
    0
   22
   14
   28
    5
   47
  109
   35
   71
   29
    4
   28
   44
  140
  162
  151
   45
  138
   72
   24
   10
   36
   41
    5
   43
   66
   13
   19
   70
    0
    7
   34
    4
    1
    0
    0
    0
    1
   12
  203
    6
   42
   88
    0
   62
   22
    0
    0
    0
    0
    0
    1
    2
    4
    6
  210
    2
   36
    0
    2
   34
    4
   71
    1
    2
   75
   16
   75
    9
   11
    6
    0
    0
    0
   52
  159
   28
  102
    4
    0
    0
    3
    3
    0
    0
    0
    0
    0
    0
    0
   12
   73
   37
   10
    7
    0
    0
    4
   63
   22
   15
   36
    3
   22
    0
    1
    0
    2
    0
    0
   44
   37
    0
    2
    0
  239
  105
   13
   11
    0
    0
    0
   25
    0
    0
   12
   68
   78
    0
    0
    0
    0
    0
    0
    0
    0
    0
    0
   92
  291
    8
   17
   34
   15
    0
    0
   64
    1
   27
   36
    0
   13
    0
    0
    0
    7
   45
   47
  158
   10
    0
    0
    0
   46
   12
  115
   30
   49
   31
  108
   65
   78
   41
   12
    0
    0
    2
    0
   24
   49
   69
  115
   58
   12
   28
   17
    9
  101
   20
   13
   10
  215
    0
   89
    0
    6
    0
    0
    0
    0
    0
   21
    0
    0
    0
  138
    0
    0
    0
    6
    0
    0
    0
   28
  201
  191
    8
   49
    3
   27
    0
    0
   57
   23
  130
    5
    2
   20
    2
   80
   14
   80
    3
   60
   84
    7
    2
  101
    2
    0
   68
   14
   42
    0
   16
    0
   90
    7
    0
    0
    0
   24
    0
    0
    0
   12
   48
   23
    0
    0
    0
   89
    0
    0
    8
    0
  252
    4
    0
   23
    6
    0
    0
   95
    0
    0
    0
   65
    0
    0
    0
    0
   76
   72
    0
    4
   11
    3
    9
    0
    0
    0
    0
    0
    0
    0
    0
    2
    0
    0
    0
    0
    0
    0
    0
    0
   47
    0
    0
    0
    0
   34
    7
    0
    2
    0
    0
    0
    0
    0
    0
   23
   49
    3
    0
    0
    2
    0
    0
    0
   24
   10
    0
    0
    0
    0
   42
   36
   48
  196
   76
   22
   18
    0
    6
   41
    3
   11
    4
    0
    0
    2
    0
    0
    0
    0
    0
   22
    0
    0
   12
    0
    0
    0
    0
    0
   82
  102
  184
   94
  152
   34
   26
    0
    0
   14
   36
    0
    0
   16
    0
    0
   19
   17
    0
    8
   16
    0
    8
   36
    0
    0
   65
    0
    0
    0
    5
    1
   62
    0
    0
    0
    2
   75
   20
   41
    8
    5
    0
    5
    0
    0
   15
    0
   11
    1
    0
    0
    2
    0
    3
    4
    0
    9
  155
    0
    0
    0
    0
   29
  122
   68
    4
   19
    0
   64
   47
  169
   18
   41
   88
   65
   89
    7
    0
    8
    9
   16
  107
   76
    1
   47
   31
   35
   79
    0
   13
   17
   25
   66
    9
   59
   23
  107
   11
   41
   59
   31
   62
   46
    0
    0
   41
   87
    0
    0
    4
   62
    0
    0
   34
   32
    0
    0
    0
   73
    0
    0
    0
    9
    4
    0
   33
    5
    0
    7
    0
    0
    0
    0
    0
    0
    0
    0
    9
   29
    3
    3
    0
    0
    0
    0
    0
    0
    0
    0
    0
    0
    0
   12
   95
   65
    8
    0
    0
    0
    0
    0
    0
    0
   27
  275
    5
    0
    1
   17
    0
   50
   74
  186
    3
   16
    0
    0
   98
    0
    0
    0
    0
    0
    0
    0
   19
    1
    0
   84
   16
   14
    7
    4
    0
   42
   14
    5
    2
    0
   34
   12
  108
    0
   60
   50
   37
    0
    9
   19
   36
    0
  111
   30
   24
   49
    3
    1
    6
    0
    0
   44
    0
    0
   94
    0
   42
    0
    0
    0
    0
   51
    0
    0
    0
    0
   85
   32
    0
    0
    2
    0
    0
    0
    0
    0
    0
   68
    0
    0
    0
    0
    0
   44
   29
    0
    0
  226
   16
    0
   25
   77
   67
    3
   42
    0
    0
    0
    0
    0
    9
    1
    4
    0
    0
   21
   25
    9
    0
    0
    0
    0
   46
    0
    5
    0
    0
    0
   41
    6
    0
    0
    0
    0
   15
   54
   10
    0
   10
    0
   10
   64
    6
    6
    9
    6
    0
    0
    0
   39
   12
    0
    0
    6
    8
    0
    0
    0
    4
   26
   32
    0
   70
    0
    0
    0
    0
    0
    0
    0
    0
    0
    0
  135
  197
   65
    1
    0
   53
   53
   98
   27
    1
   20
  141
   12
    9
   28
    6
   25
  123
   27
   40
   60
   32
    0
  101
   29
  137
    5
  106
   36
   56
   23
    8
    0
    0
   28
   36
  246
   32
   25
    2
   82
   79
    7
    0
    2
    0
    1
    1
   10
   78
    0
    0
    2
   53
   52
  103
   76
    3
   58
    0
   14
    0
    5
    0
    0
    9
    0
    0
    0
    0
    0
    0
    0
    0
    0
    0
    0
    0
    0
    0
    0
    0
    0
    0
    4
    0
    0
    0
    0
    0
    0
   56
    5
   19
   16
    6
    0
   70
    2
   59
    0
    0
   11
    1
   37
    5
    6
    5
    2
   56
    3
   20
    0
    0
    0
   43
    1
    0
   61
   30
    8
    1
    2
   19
   23
    2
    0
    0
    4
   27
    3
   44
    0
    0
    0
    0
    4
    0
    8
    7
    0
    0
    3
   65
    2
    5
   77
    5
    0
    0
    7
    0
   41
   36
   31
    3
    0
   14
    2
   80
  169
    0
    0
    0
  161
   91
  157
    0
    0
    0
    0
    0
    0
    5
    6
    0
    0
    0
  197
   73
    9
    0
    0
    0
    0
    0
    0
    0
    0
    0
    0
    0
    0
    0
    0
    0
    0
   14
  181
    3
    3
  106
   49
   28
   27
    0
   24
    0
   12
    0
  181
    2
    0
    0
    0
    0
    0
    0
    0
    0
    0
    7
    7
    0
    0
   12
  107
    0
    3
   36
   47
  253
   20
    2
    0
    0
    0
   98
    8
    0
    0
    0
   50
    1
    0
    0
    0
   21
    0
    0
    0
    0
  273
    0
   16
  127
  287
    0
    0
   16
   34
   13
   33
   44
    0
    0
   12
   26
   99
    0
    0
    0
    8
    0
    0
    0
    0
   30
    1
    0
    0
    0
    0
    0
    0
   52
    0
   29
  219
   45
    0
    0
    8
    9
  113
    0
    0
    0
    0
    0
    0
    0
    0
    0
    0
   66
   94
    3
    0
    0
   16
    3
    0
    0
    4
    3
   32
   98
   12
    2
    0
   21
   11
   99
    0
    0
    0
   61
  140
   40
   41
   12
    7
    5
    0
   16
    3
    0
    0
    0
    0
    4
    0
    0
    0
    0
    0
    0
    0
    0
    7
   21
   52
  177
    0
   23
   52
    0
  231
  121
   12
    0
    0
    0
    0
    0
    0
    0
    0
    0
    0
    0
    0
   23
  113
    4
   39
   17
  164
   41
    0
    0
    0
    0
    0
    0
    0
    0
   11
    0
    6
   49
    0
    2
   22
   18
   51
  108
   19
    0
    1
    0
   36
    6
   47
    6
   14
    0
   12
    0
    0
    0
    0
    0
    0
    8
    0
    0
   20
    0
    0
   11
    0
    0
   15
    6
    0
    0
    1
    0
   23
    1
    0
    6
    1
    1
    0
    7
   21
    5
    0
    0
    0
    0
    0
    0
    0
    7
    0
    0
    0
    0
    5
    1
    8
    1
    1
   30
   41
  109
   80
    7
    0
    0
    0
    0
    0
    0
    0
    3
  104
   66
  135
   29
    7
   51
    1
    0
    2
    0
    0
   21
   56
    0
    0
    0
   17
    0
    0
    0
    0
    0
    4
    0
   37
    0
   16
    6
    1
   13
   16
    6
    0
    0
    0
    0
   93
   13
    1
    0
    0
    0
    0
    8
  173
   29
    0
   46
    1
    0
   23
   24
    7
    0
   49
    2
   92
  191
   97
    1
   33
    0
    0
    0
    0
    0
    0
    0
    0
    0
    0
   79
   37
    2
    0
    1
    0
    0
    0
   24
   11
    0
    0
    0
    0
    0
    0
    0
    0
    0
    0
    1
    0
    0
    0
    0
  171
    6
   18
    0
    0
    9
  136
    0
  424
   20
    0
   50
   16
    0
    0
    0
    0
    0
  196
    8
    6
  101
    0
    0
    0
   19
   32
    2
  172
    0
    2
   70
    0
   29
   59
    6
    4
  125
   51
    0
    0
    0
    0
    0
    0
    0
    0
    0
    0
    0
    0
    0
    0
    0
    0
    0
    0
    0
    0
    0
    0
    0
    0
    0
   42
   37
    0
    0
    0
    0
    0
    0
   21
    1
    0
   22
   19
   13
    0
  128
  270
    2
    4
    0
    0
    0
    0
    0
    3
    3
  219
    0
  135
   41
  252
    1
   80
    8
   17
   32
  224
    7
   18
    0
    0
    0
    0
   26
   18
    0
    0
   51
   29
    0
   35
   30
    0
    0
    0
    0
   88
   52
    0
    0
   75
    0
    0
   11
    3
    0
    0
    0
    0
    0
    0
    0
    0
    0
   91
    0
   13
    0
    0
    0
    0
    0
    3
    2
    0
  119
   19
   16
   17
   34
   46
   92
   17
    6
    1
    0
    0
    3
   37
   17
    0
   12
    5
    1
   62
   68
   13
   47
    0
   61
    7
    0
   12
    0
    2
    0
   93
    3
    5
    1
   24
  134
   25
    0
    0
    0
    0
   25
   77
   38
   18
   13
    1
   12
    0
    0
    7
   15
    2
    7
    0
    0
    0
    0
    8
    0
   30
    0
    5
   15
   13
  237
   28
    0
    0
   51
    0
    0
   21
   15
    0
   15
    0
    0
    0
    0
    0
    0
    0
   23
    0
    0
    9
    3
    5
    2
    0
    9
    0
    0
    0
    0
    0
    6
   10
    3
    1
   27
    0
   49
    0
   13
   33
   10
   47
   40
    0
    0
    0
    0
    0
    8
    7
    0
    0
    0
    0
    0
    0
    0
    0
    0
    5
    0
    0
    0
    5
    3
    0
    0
    0
    0
    3
    0
    0
    0
  117
   10
   15
   29
    3
    1
    0
    0
    0
   19
    1
    0
    0
   61
    0
    0
    0
    0
    0
    4
   22
    0
    0
    0
    0
    0
    0
    0
   21
   72
    0
  110
   38
    6
   14
   25
    2
    0
    0
   16
    0
   60
   40
   34
   25
    2
    0
    0
    5
    4
    0
    0
    4
  199
   15
    0
  112
   54
    1
    5
    0
    6
    0
    0
    0
   37
   50
   42
   27
    0
    0
    0
    0
    0
    0
    0
    5
    4
    9
   26
    1
    9
   22
   28
   12
    3
    9
    0
   13
   29
  453
   63
    1
   15
    0
   21
    0
   91
    9
    0
   44
  221
    0
    0
    0
    0
    0
    0
    0
    0
    0
    0
    0
    0
    0
    0
   86
  102
    0
    0
    6
    0
    0
    0
    0
    0
    0
   64
   10
   67
   10
    0
    0
    0
    0
   83
  179
    2
    0
    0
    0
    0
   96
    0
    7
   12
   22
    0
    0
    0
   20
   41
    0
    0
   54
    0
    0
    0
    0
    0
    0
    0
    0
    1
    0
    0
    0
    0
    0
    0
   14
    0
    6
   17
    0
    0
    7
    0
    0
    0
    0
  153
   29
    0
    0
    0
    0
   53
    0
    0
    0
   11
    1
    0
    0
   19
   22
   32
    0
    0
    0
    0
    0
    0
    0
    0
    0
    7
    0
    0
    0
    4
   60
    3
   20
   14
    0
   42
   14
  107
    4
    0
    0
    0
    0
    0
    0
    0
    7
  108
   23
   50
    9
   31
   34
   41
   19
   38
    0
   15
   12
    0
   35
   41
   13
    9
   23
    4
    0
    1
    0
    0
    0
    4
    0
    0
    0
    0
    0
    6
   50
    6
   51
   28
   12
    0
    0
    0
    0
    0
    0
    0
    0
   11
   15
  149
    5
   90
  123
   59
   46
    2
  166
   35
    0
   13
    0
    0
    0
    0
    0
   78
   86
   42
    0
    1
    0
    0
    0
   32
   10
   64
    0
    5
    0
  126
  152
    0
    0
    0
    0
    0
    0
   25
    0
    0
    5
    0
    6
    0
    0
    8
   20
  124
   21
    3
    0
    0
    0
    0
    0
  108
    2
   10
   49
   36
   26
   26
   15
   47
   38
   28
    0
    0
    0
    0
    0
    0
    0
   21
    3
    0
    0
   56
    0
    0
    0
   21
   25
   27
  173
   40
    8
   27
    0
    0
   30
   66
   11
   49
    0
  175
   30
   28
  113
   66
    2
    2
    0
   34
    4
    0
    0
   15
    0
    0
    0
    0
    0
    0
    0
   15
    0
    9
   83
    2
   10
   22
    1
    0
   17
   27
    0
    0
    5
   27
  125
    1
    0
    2
   19
    0
    0
    0
    0
   24
   16
   20
    5
   95
    0
    0
    0
    0
    0
    0
    0
    0
    0
    0
    0
    0
    0
    0
    0
    0
    0
    0
    0
    0
  109
   23
  154
   17
    0
  106
    0
  135
  109
    0
   13
    0
    0
    0
    0
   20
    0
   26
   68
   51
    0
    0
  268
    0
    0
    0
    0
    0
    0
    0
  156
    0
   80
  209
  131
  119
   40
    0
    0
   36
   99
    6
    0
   32
    0
    0
    0
    0
    0
    0
  270
   28
    0
    0
   65
    0
    1
    0
    0
  106
   42
   50
    0
   26
    0
    0
    0
    0
    0
    0
    0
    0
    0
  111
    3
    0
    0
    2
    2
   59
  322
    0
    0
   52
    3
    0
    3
    0
    0
    9
   40
  158
    6
   29
    0
   18
   30
    7
   10
    7
    0
    0
    0
    0
    0
   23
    1
    0
    0
    0
    0
    0
    0
    0
   25
   78
    0
    0
    0
    0
    0
    0
    1
    9
    0
    6
   18
    7
   27
    0
   35
    0
   23
    0
    0
    0
    8
    0
    0
    0
    0
    0
   14
    1
   14
   20
   98
   75
    1
   30
    9
    0
    0
    0
   23
    7
    0
   14
    0
   37
    0
    0
   14
   20
   10
   22
    7
   26
    1
   40
    2
   21
    1
   56
   66
   34
    1
    2
   19
    5
    6
    3
    0
    0
    0
    1
    1
    0
    0
   18
    1
    9
    8
   85
   49
   37
    0
    0
    0
    0
    0
    0
   67
    9
    6
    0
    0
    0
    0
    6
    0
    0
    0
    0
    0
    0
    0
    0
    1
   55
   67
   23
    2
    0
   48
   63
   10
    0
    0
    0
    0
   13
    7
    6
    6
   76
    0
   23
   10
   19
   27
  101
    8
    0
    0
    0
    0
    0
    0
    9
   57
    3
    0
    0
    0
    0
    0
    0
    0
    0
   61
   81
    5
   44
   87
   62
   27
   43
   67
    8
    0
    8
    2
    0
    0
   22
    5
   31
  115
    0
    0
    0
    8
    0
    0
    0
    1
    4
   19
   48
   16
    0
    0
    6
   18
   15
    0
   31
   50
    5
    6
   19
    0
    0
    0
    0
    0
    7
    1
   38
   60
   13
    1
    0
    0
    0
    0
   21
   17
    0
    0
  102
   98
    0
    6
    0
    0
    0
    0
    0
    0
    0
    0
    0
    0
   87
   12
    0
   15
    2
    0
   10
    0
    0
    0
    0
   36
  127
    6
    0
    0
    0
   94
    0
  329
   48
    8
    0
    0
   37
   99
   15
    0
    0
    0
    0
  221
  128
    0
    0
   49
    1
    0
    0
  243
  481
   24
    9
   83
   20
   93
   36
    0
   50
    0
    0
   15
   40
    1
    2
    2
   53
   48
    0
    0
    0
    0
    0
    0
  303
    1
    1
    0
    0
  125
   82
  162
   26
   15
   47
  182
   16
   17
  157
   17
    1
   12
   29
    2
   44
   27
   33
   38
    1
    0
   44
    0
    0
   50
   65
  118
    0
    0
    0
   31
   73
    0
    0
    0
    0
    0
   93
    0
    0
    0
    1
    0
   47
    7
    0
    0
    0
    0
    7
    0
  144
  136
   24
  101
   78
   82
   80
    0
    0
    4
    3
   12
  108
   21
   14
    0
    5
    4
    0
    0
    0
    0
    0
    0
    1
    0
    0
    0
    0
    0
    0
    0
    0
   34
    0
    0
    0
   17
    0
   30
   25
   31
    0
    0
    0
    0
   35
    0
    1
    0
    0
    2
    0
  140
   69
   97
    0
    0
    0
    0
    0
    0
    0
    0
    0
    0
    9
    2
   76
   49
   30
    0
    0
   12
    5
    4
   69
  185
   21
    5
    0
   13
    3
    0
   43
    0
    0
    0
    0
    2
   43
    2
    0
    0
    4
    0
   23
    2
    0
    0
   62
    8
  120
    7
   16
   38
   35
   26
    1
   42
    4
   52
  211
  104
   46
    7
    0
   66
    2
    7
    0
    8
    7
   14
    0
   32
   21
    1
    0
    0
    1
    0
    0
    0
   11
    8
   38
    7
    1
   30
    3
    0
    0
    2
    0
    6
   69
    0
   33
   42
   26
    5
    8
   22
    1
    3
   16
    1
    0
    0
    0
   32
   76
   24
   37
   23
    9
    2
    0
    0
    0
    0
    0
    0
    0
    5
   54
   76
   31
    4
    0
    0
   28
   37
    9
   52
    0
    8
    0
   30
    1
    0
    0
    0
   71
   48
   14
  271
   21
    7
   22
   41
   30
    0
   58
    3
  103
   31
   25
    0
    0
    2
    0
    0
    1
    8
   18
   11
    1
    0
    0
    1
    0
   10
   88
  312
   62
   26
    0
   12
  128
    0
    0
    0
    7
    0
    0
    0
    0
    0
    0
    0
    0
   10
    0
    0
    0
   33
   79
    0
    0
    0
    0
    0
    0
    7
    0
   47
    0
    0
   20
    0
  328
    6
   12
    6
   23
  123
   44
   59
   74
    5
    3
    0
    0
    0
   55
    0
    7
   91
    0
    0
   42
    0
    2
    2
    0
   13
    2
    0
  134
    2
    0
    0
    0
    0
    0
    0
    0
    0
    0
    0
    0
  113
    0
    0
    0
    0
   67
   10
    0
   72
    0
    0
    0
    0
    0
    0
   92
    0
    0
    0
  713
   19
    0
    0
    0
    0
    0
    0
  219
    0
    0
    0
    0
    0
  293
    0
    0
    0
    0
    0
    8
  109
    0
  128
   35
   57
    0
    7
    0
    0
  113
   67
   24
    0
    0
   65
   33
   33
  334
    1
    0
   61
    0
    0
   23
    0
   40
    0
    0
  103
    3
    5
  351
    0
   57
    0
    5
   13
   52
   22
    3
    0
   12
   46
    0
    0
    0
    0
    0
    0
    0
    0
    5
    0
    0
   23
   23
  205
    6
   14
    0
    3
    1
    7
    0
    0
    0
    0
    0
    0
    2
    0
    0
    0
    0
    0
    0
   13
    0
    0
   24
    1
   54
   25
   26
   17
    0
    0
    0
    0
    0
    0
    2
    5
    0
    0
    0
    0
    1
   66
   49
   19
  122
    6
   52
    4
    0
    0
    0
    2
   62
   66
   18
   13
    0
   10
    0
    0
    3
   27
   69
    9
    0
    3
    1
   63
    1
    3
  243
   15
    0
   15
    0
    0
    0
   14
    8
    2
    1
    0
    0
    1
   18
   13
    8
   26
    6
   16
   72
   19
    1
    0
    0
    1
    3
   65
   16
   30
   61
   12
    5
    0
    0
    0
   30
   23
   35
    1
   70
   30
    2
   28
   28
   18
   10
   13
   56
    0
    0
   32
    0
   29
    2
    1
    0
  170
    3
    9
    5
    0
    6
    0
   47
    0
   14
    8
    2
    5
   36
    0
    0
   56
    5
    4
   11
    0
    0
    8
    0
    0
    0
    1
   12
    1
   14
    0
    0
    0
    2
    3
   10
   10
   27
   37
    4
   14
   63
    2
    0
    0
   22
   13
  112
   31
  128
    0
  114
  171
    1
    0
    0
    5
   10
   20
   25
   33
  145
   92
   36
    1
    2
   42
   52
  192
   76
   96
    2
    0
    0
    0
    0
    0
   40
   12
    3
    2
   68
    2
    0
    0
    0
    0
    0
    0
   57
   20
   13
    0
   44
  372
    2
    0
    6
   44
  133
    0
    0
    0
    0
    0
    0
    0
    0
    0
    0
   28
   91
  165
  420
   52
    0
   29
   40
   47
   20
   28
   21
    2
   24
   57
   26
  106
   26
   23
  161
    2
    0
    0
   31
   33
   23
   14
   38
    0
    0
    0
    0
    0
    0
   79
    9
   27
    0
    0
    0
    0
    0
    0
    0
    1
    0
   43
   21
   48
    3
  112
    0
    0
    0
  265
    0
    0
    0
    0
   68
  298
    0
    0
    0
    0
    0
    0
    0
    0
    0
    0
    0
    0
    0
    0
    0
   86
   87
    2
   27
    0
    0
   17
   95
    0
    0
    0
   19
   26
   23
   81
  176
  106
   25
  607
  515
    1
   39
    1
    0
    3
    9
    6
    0
    0
   13
    0
   20
    1
    0
    0
    0
    0
   92
  174
   51
    3
    1
    3
    0
   68
   69
    7
   21
  122
    4
    0
    0
    3
    1
    0
    0
    0
    0
    0
    0
    3
    0
    0
    0
    0
    0
   32
    0
   26
    0
    0
    0
    0
    5
    0
   39
  132
   29
   11
    1
  143
  191
  199
  101
    2
  181
   68
   31
    5
    0
    0
    0
    0
    5
   25
   33
  108
   17
  113
    0
    0
    3
    1
    0
    0
    0
    0
    2
    3
    0
    0
    3
    0
   16
    6
    1
    1
    0
    0
    0
   85
   28
    9
    2
    0
    0
    0
   44
    2
  122
   18
   19
  150
   43
    0
    3
    0
    0
    0
    2
    2
    0
    3
    5
    0
    0
    0
   12
    2
    0
    0
    0
    0
    0
    0
    0
    0
    0
    0
    0
    0
    0
    0
    0
    0
    1
    1
    1
    0
    0
    0
    0
    0
    5
   21
    5
   17
    0
    0
    2
    0
    1
    1
    0
   42
   42
   54
   90
   32
   12
    5
   27
   29
   18
    6
    0
    0
    0
    0
    2
    2
   19
   19
   21
    3
   18
   19
    0
    0
    0
    2
    9
   12
    2
    1
    0
    0
    0
    0
    0
    0
    0
    8
   17
   60
    2
  135
    0
    3
   61
    7
   31
    3
    3
   72
   10
    3
    0
    0
    0
    1
    7
   72
    4
   32
    4
    0
    0
    0
    0
    0
    0
    0
    0
   27
   12
    0
    0
    0
   82
    2
   26
    0
   10
   87
   11
    3
    0
    0
   19
   75
    4
    1
   38
   77
   13
   58
   49
    3
  120
  182
    3
    2
   52
   13
    0
   24
   31
  172
    1
    0
    0
    0
    3
   13
   16
    0
    0
    0
    0
    1
  202
    8
    0
    1
    0
    0
    0
    0
    0
   15
    1
   74
   24
   50
   33
    3
    0
    0
    1
   13
  123
   37
   20
    2
    0
    5
   90
   96
  140
  613
   23
    3
  164
   25
    0
    0
    0
    0
    0
    8
    0
    0
    0
    0
   51
   90
   50
   15
    0
    0
    3
   76
    0
    0
    0
    0
    0
    0
    0
    0
    0
    0
    0
   11
  131
   52
   28
  161
  101
    1
    0
    0
    0
   15
  144
    0
    2
   26
    1
    1
   38
    0
    0
    0
    0
    0
    0
    1
    9
  216
   24
    0
    2
   26
   15
   76
  261
   51
   45
    1
    2
    5
    0
    8
   36
    0
   12
   73
   62
    2
   18
   17
   23
    0
   46
    7
    0
    2
   28
    0
    0
    3
    1
   23
    0
    0
    0
    0
    4
   60
  121
    3
    3
  202
  123
    0
    0
    0
    0
    2
   15
    2
   40
    2
    4
    6
    0
    0
    0
    0
    0
   55
   58
   12
    1
    0
    0
  105
    0
   16
    6
    1
   36
    6
   11
    0
    0
   24
   23
   16
    1
   14
   39
   37
   76
   18
   33
    0
    0
    0
    0
    0
    0
    1
    1
    1
    0
  108
    5
    3
    0
   13
   14
  197
   30
    0
    0
    0
    1
    3
    2
    0
    0
    3
    1
    0
    0
    0
    0
   32
    2
    0
    0
    0
    3
    4
    0
    0
    0
    0
    0
    0
    0
   35
   55
   18
    1
   26
    6
    8
    3
    0
    0
   31
    3
    3
   25
    1
    0
    0
    2
   52
    0
    0
    0
    0
    4
   30
   32
   38
    1
   14
    8
    0
   51
    6
    1
   57
    0
    0
    0
  112
   63
   24
    0
    0
   21
   12
    0
    4
    8
    0
    0
    0
    0
    0
    0
    0
   27
   76
  161
    7
   22
  134
    4
   23
   14
   40
    1
    0
   42
   22
    9
   24
   17
    0
    0
    0
    7
   12
  130
   17
    0
    0
    0
    0
   38
    2
    2
  101
    6
    3
    0
   41
    7
    0
    0
    0
    0
    0
   16
   25
   28
   35
   39
   65
    2
    0
    0
    1
   15
  117
   13
    0
   16
   11
    0
   14
    1
    7
    0
    0
    0
   37
    0
   50
    7
   76
   24
    2
    0
   10
   72
   39
    0
    0
    0
    0
    0
    0
    0
    0
    0
    0
    5
    0
    0
    0
  164
   39
  351
    3
    0
   15
   28
   35
    7
   67
    2
    6
   36
    4
   82
    4
    0
   30
   64
    5
    2
   20
   68
    1
    0
    0
    2
    0
    0
    0
    0
    0
   14
   27
   32
    0
  465
  259
  344
  144
    0
   46
    0
   73
   13
   24
    0
    0
    1
  112
   76
    0
    0
   47
    0
    0
    0
    0
    0
    0
    0
    0
    0
    0
    2
    0
    0
  105
   39
    1
    0
    0
    0
    0
    0
    0
    0
  151
   49
    1
    0
    0
    5
    1
    0
   24
    2
    1
    0
    9
    1
    0
  150
   12
    0
    0
    0
    0
    1
    0
    0
    0
    0
    3
    2
    0
    0
    0
    0
    8
    5
   17
   26
    3
    0
    0
    0
   69
   21
  113
    8
   95
  120
   48
   36
   50
    0
    0
    0
    0
   26
    0
    0
    6
    0
   24
    8
    0
    0
    0
    0
    0
    0
    4
    4
    0
    0
    1
    5
    9
    0
    0
    0
    0
    0
    0
  141
    1
    1
    0
    0
    0
    9
    3
    0
    0
    0
    0
    0
   21
    1
    0
   44
   67
   86
   18
    3
   50
   34
    1
    0
   17
   68
  145
   62
   25
    3
    0
    0
    7
    1
   91
    0
    2
    0
   23
   26
    4
    1
    2
    6
    0
    0
    0
    0
   25
   15
   10
   23
    7
    1
    0
    0
    0
    0
    0
    0
    2
   56
    2
    0
   16
   69
   45
   32
    2
   33
    0
    0
    0
   43
    5
   38
    0
    0
   11
    1
    0
    0
    0
    2
    0
    0
    0
    0
    0
    5
    0
    0
   78
    6
    0
    0
    0
    2
   59
    3
  160
   20
    2
    0
   28
   17
    1
   11
  108
   31
   74
    7
   52
    3
    2
    0
    0
    5
   33
   39
  218
   98
    8
   23
    4
    1
    0
    0
    0
    0
    0
    1
    0
    0
    0
    0
   20
   29
    2
    0
    0
    0
   15
   45
   39
   41
   51
  119
    0
    0
    0
    0
    0
    0
    1
    0
   28
    0
    0
    5
    5
    0
    0
    0
    0
    0
    0
    7
    9
    3
    2
    1
    0
    0
    0
    0
    0
    0
    0
    0
    0
    2
    0
    0
    0
    2
   82
    2
   12
    5
   95
    3
    0
   22
  128
   26
   10
   15
   51
    1
    0
    0
    0
   94
    2
    0
   77
   47
  393
    0
    0
   42
   58
   90
    2
    0
    0
    1
   14
   15
   22
    3
    0
    0
   16
    0
   38
   71
    0
    9
   96
   43
   36
   45
  291
   58
    2
   59
   21
   36
    0
    6
   26
    0
   39
    0
    0
   24
   19
   62
    1
   34
    0
  224
   44
   13
    1
    0
    8
  225
    2
    9
    0
    0
    0
    0
    0
    0
    0
  167
   28
    0
    0
    0
    0
    0
    0
    0
   79
   18
   19
   17
    0
  100
    3
   30
   81
    0
    0
    0
    0
   82
    3
  126
   19
    0
    0
    0
   71
   25
  141
    0
  132
  269
   53
   81
   57
    0
    0
    0
    0
    0
    0
    0
    0
    0
    0
    0
    0
  163
    8
    4
    0
    2
    1
  104
    3
    4
   13
   37
  145
    7
   65
    2
    0
   20
    3
    0
    8
    4
    0
   45
   33
   64
    7
   13
   74
   16
   17
   76
  196
   30
    4
   66
    0
    3
    0
   11
   95
   73
    0
    0
    2
  116
   19
   57
   34
    9
   16
   17
    0
    2
    1
    0
    1
    3
    7
    0
    0
    1
    0
    0
    0
   30
   45
   75
   17
    2
    0
    0
    1
   22
    5
   66
   61
    8
    0
    7
    8
   21
    1
   14
    0
    0
    0
    0
    0
    5
    0
    0
    0
    0
    0
    3
    1
    0
    0
   56
   22
    3
    0
   90
    2
   15
   11
    2
    0
    0
    0
    0
    0
    0
    0
    0
    0
   58
    2
   77
   68
   38
   19
   25
   24
   13
  100
   46
   42
   17
  114
   42
    5
    0
    0
   12
   85
    4
    3
   62
    5
    6
  129
   13
   48
   17
   67
   41
    6
   54
   21
    0
  131
  117
    1
    0
   35
    1
    0
    3
    5
   74
    2
    0
    0
    1
    0
    1
    0
    0
   15
   37
    2
   28
    7
    4
    0
   54
   76
   27
    3
    0
    0
    0
    0
    3
  195
    7
   65
   57
   20
    0
    0
   37
    0
   62
    1
    5
   92
   37
    0
    0
    0
    8
    1
    5
    1
    0
    0
   20
    5
    0
    0
    0
    0
    0
    0
    0
    0
   31
  150
    0
    2
   12
   42
    1
   38
   47
    0
    0
    0
    0
  111
  105
   36
    0
    0
   17
    0
    0
  115
    0
   66
    0
    0
  104
   17
    1
   15
    1
    0
  110
    0
   95
   39
    0
    0
    0
    0
    0
  116
  396
   35
   34
   42
   10
    0
  108
    0
    3
  124
    8
    0
   27
   42
    2
    0
    0
  326
   79
  151
  247
    4
    0
    0
    0
   97
  250
   54
    4
    0
    0
    0
    5
   26
    2
   92
    0
    0
    6
    2
    0
    0
    0
    0
    0
    0
    0
    0
   23
    0
   12
    0
    2
    2
   75
    0
    0
   12
   62
  118
    8
   41
    0
    5
    0
    0
    0
    0
    0
    3
    7
  116
    0
    3
   45
    1
    0
    0
    0
    0
   51
    2
    0
    0
    0
    0
    0
    0
    0
    0
    3
    0
    0
    0
   92
    0
    9
    4
    0
   48
    1
    0
    8
   41
    4
   24
    0
   34
    1
    3
   56
    5
   38
   66
    9
   16
    0
    0
   59
    0
    0
    0
    0
    0
    0
    0
    0
   22
    1
  114
    5
    0
    0
    0
    5
    3
    1
  131
    1
    0
    0
   12
   28
  196
  106
  136
    0
    1
   11
   65
    0
    0
    3
   20
   30
   16
   10
   16
    4
    2
    3
    0
    0
    0
    0
    0
    0
    1
   32
   25
    4
    2
   10
    0
    0
    0
    3
   13
   13
   51
   45
    6
   12
    3
   13
   17
    2
    0
    1
    0
   36
   99
   59
   27
   18
   15
    3
   54
    0
    0
   24
    0
    4
    0
    0
   49
    0
    0
    0
    0
    0
    8
   82
  137
   73
    0
   61
   49
   79
    3
    8
    0
    7
    0
    1
  130
   32
   48
    2
   10
   27
   60
    0
    0
    2
   27
    2
   35
    0
    1
   62
   16
   25
   28
   32
   29
   47
   42
    3
   35
    1
   84
   80
    0
    0
   20
   19
   81
   13
   60
   17
    7
    0
   13
  113
  165
   43
   50
   12
   29
  168
   76
  242
  113
    0
    2
    2
    0
    0
    0
   70
    0
   53
   68
    2
   18
   81
   37
    1
    0
    0
   19
    1
    0
   41
    0
    0
    0
    8
   14
    0
   16
   73
    0
   14
    1
    0
    0
    0
    0
    0
   76
    0
    0
    0
    0
    0
  235
   73
    1
    0
    0
    0
    0
    0
   78
    0
    0
    0
    0
    0
    0
    0
    0
    9
    1
   17
   33
   45
  139
    0
    0
   13
    0
    0
    0
   34
   47
    1
    0
    0
    0
    0
  258
    3
   12
    0
    0
    0
   16
    0
   15
    3
   79
    0
    0
    0
    0
    0
  130
    1
   15
   22
   45
    4
    0
    0
    0
    0
   14
   66
    0
   85
    6
    0
  243
   75
    5
   51
   20
    1
   25
  152
   22
    0
    3
    0
   25
    2
    2
    0
    0
    3
    0
  193
   16
   13
    5
   48
    0
    0
   30
    0
   12
    0
    2
    7
   10
    0
    4
    0
    0
    0
    0
   52
    0
    0
    0
    0
  158
  221
    1
    0
    0
    0
    0
    3
  128
    0
    0
    0
  124
   21
   56
   18
    4
   39
   41
    0
    0
    0
    0
    0
   22
    0
   12
   40
  105
    0
    0
   22
   87
    4
    0
    0
    1
    0
    1
    0
    0
    0
  181
    0
    0
    0
   22
   66
  220
    2
    0
    0
   11
    3
    0
    1
    0
    0
    1
    1
    0
    0
    0
    0
    3
    1
   12
   83
    4
    4
    0
    0
   24
    3
    0
   37
   16
    0
    1
    0
    0
    0
    0
    0
    0
    0
   86
    0
   25
   33
    0
   32
    8
   38
    0
    0
   24
   19
   42
    1
   71
    0
    1
    0
    0
    0
    0
    0
    0
    3
    1
    0
   11
   28
    7
    0
   12
   25
    2
    0
    0
    1
    0
    0
    0
    0
    0
   10
    2
    0
    1
    7
   22
    2
   12
    4
    0
    0
    4
   14
    0
    0
    1
   26
    1
    0
    0
    0
    0
    0
    0
    0
    0
    3
    1
   52
    4
   20
   61
    0
    1
    0
    0
    2
   28
   46
   25
   60
   37
    3
    0
    0
    0
    6
    0
    0
   39
    1
    0
    0
    0
    2
    0
    7
    8
    6
   83
   90
    8
    0
    9
    0
    0
    0
    0
   63
   45
    5
    0
    5
   82
    7
    9
    4
  108
   26
    3
   29
    7
   73
   42
   29
    0
   64
   32
   44
  112
  151
    2
    1
    0
    7
   31
    0
    0
    0
   10
   19
    3
    7
   30
    5
    1
   30
   27
    6
   48
   12
   73
   56
   16
   19
    0
   30
   31
    3
    0
    0
   40
    1
    6
   40
    7
    0
    0
    0
   11
   35
   90
   25
   14
    0
    0
    0
    0
    0
    0
    0
    0
    6
   13
    4
    0
    0
    0
    0
    0
    0
    0
    0
   10
   70
    0
   10
   96
    4
   44
  124
   60
    0
    0
   13
   25
    3
   70
   86
    0
    0
    0
    7
   19
   60
  207
    0
    0
   49
  101
    0
    0
    0
    0
    0
   11
    0
   83
    7
    0
    0
    0
    0
    7
  493
   73
   31
    8
   10
    5
    2
    0
  264
   98
   15
    0
    0
    0
    3
    0
    0
    0
    0
    0
    0
    0
    3
    0
   49
    0
    0
   33
   46
    5
   16
    0
   10
   19
    2
    4
    0
    2
    0
    0
   36
    0
    0
    7
  175
    9
    0
    0
    0
    0
    0
   54
    0
    0
    8
   21
   92
    1
   46
  105
   64
   23
  125
   38
   65
  197
   28
   68
   34
   10
    3
    8
    3
  123
   15
   19
   24
    0
    3
   40
   43
   79
   18
    0
    0
   34
  111
    0
  125
   51
    1
    0
   13
   44
    0
    0
    0
    0
    0
    0
    0
    0
    0
    0
    0
    0
  102
    4
    0
   37
    0
    0
    1
   53
   11
    0
   49
   25
    4
    0
    0
   11
   24
  169
  232
   63
    0
    0
   95
    3
    0
    6
    1
    0
    4
   39
    0
    0
  140
   12
   75
   31
   47
   42
    7
   22
    0
    4
    0
    0
   33
   64
  153
   13
    0
    0
   15
   35
   58
    2
    1
    8
   11
   23
    3
  108
    4
  118
   92
    4
   23
    2
   26
   37
   39
  129
   37
   32
    2
   16
    0
    0
    0
   43
   10
    1
    0
    0
    3
    2
    0
    0
    0
    2
    0
    1
    0
   15
    8
    0
    0
   15
    9
    3
   88
   23
    1
    0
    0
    0
    0
    0
    0
    0
    0
   14
   16
   59
    1
    5
  161
   68
    0
    0
    0
    0
    0
   38
   65
   15
   55
   68
   33
   36
   19
   49
   17
    5
    0
    0
    0
    0
    0
   17
    0
    1
    0
    0
    0
   18
   19
    0
    0
    0
   43
   31
  105
   81
   92
   57
   35
    1
    0
    0
    0
    0
    0
    0
    0
    0
    0
    0
    0
    0
    0
    0
    0
    0
    0
    0
   49
  233
   44
    3
    0
    0
    0
    0
    0
    0
    3
   17
    1
   88
   12
    1
    3
    0
   14
    4
   20
  125
   21
   56
    0
    0
    0
   81
  139
   74
    1
    0
    0
    0
    0
    3
   75
    0
    0
    0
  114
    3
   91
    4
   84
   50
   17
    0
    0
    0
    0
    0
    0
   76
    5
  121
   99
    0
   19
    0
    0
   71
    0
   81
    1
    0
    0
    3
   47
  124
    0
    0
    0
    0
    0
    2
    0
    1
    0
    2
   12
    0
    0
    0
    0
    0
    0
   27
  187
    5
    0
    5
    0
    0
  152
  512
   59
    0
    0
    0
    0
    0
   20
    1
   22
    1
    0
    0
    0
   11
  168
    1
    0
  232
    3
  178
  122
   65
    0
  179
  641
  649
   12
   10
    0
    0
    0
    0
    0
    0
  234
   57
    0
   42
    0
    0
    0
  133
    0
    0
  157
    0
    0
    0
    0
  122
    0
    0
    0
    0
  165
    2
    0
    0
   46
    0
   19
    0
    0
    0
    0
    3
   34
   47
    8
   51
  115
   12
    0
    0
    0
    0
    0
   72
    3
   79
  129
   22
    8
    0
    0
    0
    3
    3
    0
   93
   63
   33
    7
   52
    1
   93
   18
   12
    0
   77
    4
   45
   19
    5
    1
    1
   51
   90
  148
    5
    0
    0
   51
   76
   62
   91
   34
    0
    0
    1
    2
    1
    0
  103
  294
    0
    0
  166
    0
    0
    4
    7
    0
    1
  154
  193
    0
    7
    6
   11
    3
    0
    0
    0
    0
    0
    0
    0
    3
    0
    3
   17
   59
   14
    0
    0
    1
  195
    2
   14
    0
   19
    2
   10
  168
  226
    5
    4
  175
   60
   16
    6
   18
    3
    0
    1
    6
    2
   22
  212
    5
    1
    0
    0
    0
    2
    0
    0
    0
  104
   22
   39
   15
   77
   89
   76
   23
   43
    1
    7
   58
    0
    9
   20
   53
   21
    0
    1
    0
    0
    0
    1
   12
    1
    0
    0
    0
    0
    0
    0
    0
    0
    0
    0
    0
    0
    0
   17
   19
    1
    0
   46
    9
   14
    6
    0
   94
   41
    0
    0
    0
    0
    0
    0
    0
    0
    0
    0
    0
    0
    2
    0
   24
    0
   14
    6
    0
   35
   43
   40
    0
    4
   30
    9
    3
    0
   14
    1
    0
    0
    0
    0
    0
    0
   91
   81
    0
    0
    0
    0
    0
    0
   14
   88
    1
    0
    0
    0
    1
    0
    0
    0
    0
    0
  122
   29
    6
    1
   43
   21
   21
   16
    1
    2
  132
   39
    9
    0
    1
    0
    0
    6
    9
    0
    0
    0
    0
   14
    0
    0
    0
    0
   16
    0
    0
    4
    0
    0
    0
   47
    0
    0
    0
    0
   52
   92
   46
    1
    0
    0
   80
    0
    0
    0
    0
    0
   67
   79
   45
    6
   25
  173
   35
    2
    0
    0
   77
    0
    0
    0
    0
    0
    0
    0
  124
    1
    0
    0
    2
    3
    0
   99
    0
    0
  103
   12
    1
    0
    2
    0
    0
    0
    0
    0
    0
    0
    0
    0
    0
    0
    0
   11
   22
    0
    0
    3
   56
    2
    0
    0
    0
   20
    0
    0
    0
    0
   21
   57
   55
   19
    5
   41
    0
    0
    0
    0
    0
   71
    5
   48
  311
   84
   15
    0
    0
    0
    0
    0
    0
    0
    0
    0
   45
    0
    1
    0
    0
   50
    3
    0
    0
    2
    5
   19
   95
   23
  128
  107
   75
    6
    6
    0
    0
    0
    0
    0
    0
    0
    0
    1
   70
    2
    0
    0
    1
   13
    1
    0
   63
    7
    3
    0
    0
   45
    0
    0
    0
    1
    0
    2
    0
    0
    0
    0
    4
    0
   56
    6
    0
    0
    0
    0
    0
    0
    0
    1
    4
    3
   83
   23
    0
    0
    0
    0
    1
    2
   23
    0
    0
    0
    0
    2
   20
   72
   68
    5
   22
    0
    0
    0
    2
   35
  117
    0
    0
    1
    0
    0
    1
    0
    0
    6
    1
    6
    1
   83
    3
  138
    0
   29
   46
   32
   39
   58
   38
    5
   55
    3
    1
   15
  188
   35
   28
    1
    0
    5
   21
    0
    1
    1
   27
    1
    0
    5
  205
    3
    0
    0
    0
    2
   15
   14
  159
   22
   22
   23
   17
    0
    0
   21
    3
    5
    0
    0
    0
   16
    0
    2
   31
    1
    0
   12
   81
   30
   13
    0
    0
   15
    4
   12
   68
    5
    0
    0
   33
    1
    0
    0
    0
    0
   51
   43
    1
    2
   15
   70
    0
   15
    0
    0
    0
    0
    0
    0
    0
    0
   20
   10
   24
   12
   39
    1
   56
    0
    0
    0
    0
    0
    0
    0
   10
   37
    0
    0
    0
   46
   12
    1
   19
    0
    0
    0
    0
   16
   62
    2
    0
  168
  176
   47
    3
   57
  398
   35
   21
   41
    0
  108
    2
    2
    0
    0
    0
   38
   32
   82
    2
    0
   13
    0
    0
    0
    0
  188
    2
   10
    2
   36
   86
    0
    0
    0
    4
   15
  112
   40
    7
    0
   10
    0
   75
    1
   38
    0
   22
   18
    1
    0
    0
    0
   10
   11
    6
    0
   70
    5
  166
   39
   71
    0
    1
  310
    3
   27
   97
   34
    5
   19
    5
    0
    0
   74
    2
  158
    4
  231
   12
    0
   28
   31
    0
    0
    0
    0
    0
    0
    0
    0
    0
    0
    0
    0
    0
    0
    0
    0
  193
   14
    1
    0
    0
    0
    0
   44
    2
   82
    1
    0
   29
    0
   34
   16
   14
    3
   56
    2
    0
    0
    0
    0
    0
    0
    0
    0
    0
    0
  137
  116
    0
    0
    0
    0
    0
    0
    4
    0
    4
   78
  122
   81
   76
   37
    6
   10
   44
    1
    0
   37
    0
    0
    1
   80
    1
   21
    1
    0
    0
    0
    0
    0
   61
    1
    9
    4
    0
   38
    2
    0
    0
    0
    3
  125
    3
    0
   16
   80
    1
    3
    2
    0
   23
    2
  147
   46
   33
  181
    0
    0
   54
   16
    0
   16
   73
   72
  254
  151
   33
   29
   50
   78
    0
    0
   23
   52
    4
    0
    0
    4
    4
    1
    1
    0
    0
    0
    0
    1
    0
    1
    0
    0
    0
    0
    0
  123
   28
    4
    1
    0
    2
    6
   27
   28
  168
   57
    8
    0
    1
   33
   17
    1
    9
    2
   13
   15
    1
    8
    0
    0
    0
   12
   15
    0
    0
    0
    0
   14
   18
  227
   24
   37
   87
  127
   34
    4
   32
   15
    1
   20
  261
    2
   98
   23
    1
    0
    0
    0
    1
    0
   78
  146
   53
   88
   17
   47
   83
   20
    6
    6
    2
    8
   33
    1
    1
    1
   56
   25
    7
    0
    0
    0
    0
   12
   34
   23
   33
   31
    0
   50
   18
   15
    1
    0
    0
   11
  189
    6
    0
    0
    0
    0
    0
  108
    1
    0
    0
   20
    0
    0
    0
    0
    0
    0
    8
    1
   30
    8
   21
    3
    0
    0
    0
    0
    0
    1
   36
    0
    0
    0
    0
    0
    0
    0
  113
    6
   38
    0
    1
    0
    0
    0
   46
   70
   31
   53
   40
    5
   14
    1
   29
    0
    0
   62
   18
   43
   54
    8
    0
    0
    0
    3
   82
    0
    0
    0
    0
    0
    0
   61
    1
    0
    2
    6
    8
   24
  182
   60
    1
    0
   88
    0
    0
    0
   57
    0
    4
   19
    0
    0
    0
   83
    0
    0
   28
  218
    0
    0
    0
   23
   77
  162
    6
    0
   46
  134
    0
   19
   28
    3
    5
    0
    0
    0
    0
   16
    0
    0
    8
  118
  106
  145
   17
   32
   30
    1
    0
    0
    0
  365
    3
    0
    0
  153
  131
    0
  134
   60
  104
   29
    1
    3
    1
   74
   12
   47
   79
    1
    0
    0
    0
   16
    1
  324
  123
    0
   27
    0
    0
    0
    0
    0
    0
    0
    0
    3
    0
    0
    0
    0
    0
    0
    0
  362
  122
    0
    5
  120
  143
   19
    0
    0
    0
    0
    0
    0
    0
    0
   19
    1
   90
   67
    1
  130
   10
    1
    0
    0
    0
    0
    0
    0
    0
    0
    0
    0
    0
    0
    0
    0
    0
    0
    0
    1
    0
   73
    8
   17
    0
    0
    0
    0
    0
    0
    1
    6
    2
   36
   34
    0
    1
    0
    0
    0
    0
    0
    2
    0
   77
   66
   84
    2
   51
  157
   37
   31
    3
    1
    0
    0
    0
   13
    0
    0
    0
    0
   35
   17
    0
    0
    1
   12
    1
    0
    2
   12
   14
   27
   66
   80
   37
   42
   99
   30
   37
   18
   51
   25
   11
    3
   15
  101
    9
   25
    0
    0
    7
    4
    8
    0
    0
    0
    0
    0
    0
   22
    2
    0
    0
    0
    0
   23
   50
    9
   37
  118
    3
    0
    0
    0
    0
    0
    0
    0
    3
    0
    0
    2
    4
   30
    0
   83
  180
    8
  112
  108
   12
    1
    0
    0
    7
   26
    3
    0
    0
    3
    4
    6
    1
    0
    2
   26
   17
   11
   33
    0
   51
    4
    8
   64
    8
   22
  157
    3
  150
   94
    1
    0
    3
    5
   16
    1
    1
    0
   15
    0
    0
    9
   44
   80
    3
    5
   14
  106
   77
    8
   32
    3
    3
    0
    0
    0
    0
    0
    8
    0
    3
   19
   29
   14
   87
   38
    1
    0
    0
    0
   27
    2
    0
    0
  102
  167
   35
  114
    2
    0
    0
    0
    0
    0
    0
    0
    0
    0
    0
    0
    0
   21
   51
    2
  179
   70
   49
   13
   70
    0
   64
    0
    0
   14
  135
  213
   25
   76
   53
  127
   14
    0
   52
    1
    0
    3
    1
    0
    0
    0
    0
    0
    0
    0
   24
   20
    0
    0
    2
    0
   18
    0
    0
    0
    6
    0
  218
    0
    4
    0
    0
    0
    0
    0
    0
   35
    1
    6
    0
    0
    0
    0
    0
    0
    0
    0
    0
    0
    0
    0
    0
    3
    0
    0
    0
  100
    0
   30
   17
    9
   12
    6
    1
    0
   22
  290
  365
    0
   43
    1
   15
    5
   18
   59
   39
   21
    4
    1
   13
    1
    4
   15
   60
    0
    7
   26
   43
   26
   77
  152
    5
    1
    0
    0
   29
    0
    0
    0
   25
    0
    0
    0
    0
    0
    0
    0
    2
    0
    0
    5
   28
    4
    0
    0
    0
    0
    3
    0
   41
    0
    0
   36
    1
  102
  367
   21
  166
    1
   48
    0
    0
    0
    0
    0
    2
    0
    0
    0
    0
    0
    4
    1
    2
    0
   12
    2
    0
    0
   41
   93
   63
    2
   20
   20
   35
    5
   39
   77
    0
    0
   43
   48
    0
   37
   22
   37
    6
    0
    0
    1
    0
   38
    2
   53
    0
   13
    0
    0
    0
    0
    0
    0
    0
    0
    0
    0
    2
    0
    8
    0
    0
   39
    0
   50
   22
   19
    0
    0
   75
    2
    1
    3
   40
    0
    0
    0
    6
    0
    0
    0
   86
    0
    1
    4
