Station: Kletzen , scaling_factor: 10.0, latitude:  51.4523, longitude:  12.4156, altitude:  120, nodata_value: -9
start: ..1969-01-01  end: ..2002-12-31
  128
   83
    0
    7
    0
    0
    0
    0
    0
    0
    0
    0
    7
    0
    1
    0
    0
    3
    0
    0
    4
  151
    9
   32
   58
    5
   15
   26
    0
    1
    2
    0
   28
    3
    2
    0
    0
   37
    2
    6
   16
    0
    0
   17
    2
  282
   34
    0
    0
    0
   12
    0
    0
    0
    0
   40
    0
    0
    0
    0
    0
    0
    0
    0
    0
    0
    0
    0
    0
   37
   44
   97
    0
   47
    4
    0
    0
    0
    0
    0
    0
    1
    4
    7
    0
    9
    8
    0
    4
   72
    3
    4
    0
    0
    0
    0
    0
    0
    0
    3
  102
   32
    2
    1
   76
   37
   21
   34
    2
    4
   10
   81
   22
   29
   20
    4
   42
   25
   59
   19
    4
    0
  285
   96
    0
    0
   21
    1
    0
    0
    0
    0
    0
    0
   14
    7
    0
   13
    2
   48
    6
    0
    0
    0
   10
   67
    0
    8
   11
   59
    9
  106
   11
   43
    0
   37
   95
    0
    0
    0
    0
    0
    0
    0
    0
    0
    0
    0
    0
   32
   35
    0
    0
    0
   91
    1
   35
   25
   77
   50
    0
    0
    0
    0
    2
    0
    0
    0
    0
    4
   98
   39
   24
    0
    0
    0
    0
    0
    0
    0
    0
    4
    0
    0
    0
    0
    0
    0
    0
    0
    0
    0
    0
    0
    0
    0
    0
    0
    0
    0
    0
    0
    0
   24
   66
   27
    2
  181
   63
    0
    0
  338
   24
    6
    3
    0
    3
    5
   27
    7
  151
  136
    0
    0
    0
    0
    0
    0
    0
    0
    0
    0
    0
    0
    0
    0
    0
    0
  168
    6
    0
    0
    0
    2
   30
    0
    0
    0
    0
   16
    0
    0
    0
    2
   53
   17
    0
    0
    0
    0
    0
    0
    0
    0
    1
    1
    0
    0
    0
    0
    0
    0
    0
    0
    0
   90
    2
   75
    4
    0
    0
   17
   21
   24
    0
    0
    0
   48
    0
    0
   33
   27
   26
    0
    0
    0
    0
    0
    0
    1
    0
    3
    5
   15
    0
    0
    1
   41
    2
   77
   18
    1
   17
    0
    0
   13
   85
    0
    2
    3
    0
    9
    0
    2
    1
    2
    0
    0
   57
   15
    0
   67
    9
    0
    0
    0
   16
    8
    0
    0
    0
    0
   22
    3
    0
   38
   30
   36
    4
  130
    0
    8
    0
    3
    0
    0
    0
    0
    0
    0
   34
    0
    0
    0
    0
    0
    0
    0
    0
    0
   25
   85
    9
    0
    0
    0
    0
  149
    8
    3
   18
   19
    2
    2
   40
   53
   18
   11
   65
    0
    0
   12
    7
   17
    7
   13
    8
  191
  113
   37
    0
   22
   43
    5
   95
   97
    2
   93
  190
   22
    0
    0
    0
    0
    0
    0
    9
    0
    9
   10
   34
   14
    1
   37
    0
    0
    0
    5
   12
    0
    8
  182
    1
    0
   20
    4
    0
    4
    0
    0
   10
    2
    0
  168
    4
    3
    0
   34
    0
    2
   84
    3
    0
   17
   34
   12
    5
    3
   37
   29
    4
    3
    0
   40
  141
   68
   12
   10
    0
    0
    5
    0
    0
    0
    0
   58
   84
    0
    0
    0
    6
    0
    0
    0
   20
   40
   29
    0
    0
   25
  161
  210
   65
    1
   30
   47
    6
    0
    0
   48
   11
    0
    0
   32
    2
  142
    0
    0
    0
    0
    0
    0
    0
    0
    0
    0
    0
   98
   11
    3
    0
    0
    0
   62
   67
    0
  114
    2
   11
    0
    0
    0
    0
    0
    5
    0
    0
    0
    0
   53
   37
   25
    0
    0
    6
   34
    0
    0
    0
   38
  125
   31
   12
    0
    4
    0
   87
  172
    0
    0
    0
    0
    0
    0
  103
   12
    2
    0
    0
    0
   10
    0
   96
   18
    0
    0
    9
  342
  114
   11
   64
   16
    0
    0
    0
    0
    0
    0
   40
    0
   36
   37
    0
    5
    0
   18
    0
   17
   90
    3
    2
    2
    0
    3
    0
    0
    0
    0
    1
    0
    0
    0
    3
    0
    0
    0
    0
   48
   28
   76
  102
   50
    7
    0
    0
    0
    1
    0
    0
    0
    7
    0
    0
    3
    0
    0
   28
    4
   30
   48
   12
   64
    0
   52
    1
  139
    1
   55
    5
    0
  115
   40
   10
   39
   93
    4
    0
   36
   20
   43
    2
    0
   50
    0
    1
    2
   24
    3
    0
   86
   65
    0
    0
    0
    0
    2
    0
    5
    0
    9
    7
   61
   72
    1
    0
    4
    0
    2
    7
    0
    0
    0
    2
    0
    0
    3
    4
    0
   12
   10
   18
    2
    0
    0
    1
    0
   58
    0
   89
    0
    0
    0
    0
    0
    0
    0
    0
    0
    0
    0
    0
    0
    0
    0
   11
   27
    1
    0
   16
    0
    0
    0
   42
    1
    0
    8
   58
   53
    0
    0
    0
    4
    0
   10
    0
   11
    1
    7
    4
    2
    0
    0
   18
   24
    0
    0
    0
    1
    0
    2
    0
   37
   25
   28
   31
   18
    6
    5
   61
    2
    0
    0
   29
    0
    0
    0
    0
    0
   24
    0
   12
    0
    0
    0
    0
    1
    0
    2
    0
    0
   19
    0
   22
   29
    0
    0
    0
    0
    0
   12
    0
    0
    0
    0
    0
    0
    0
    0
    0
    0
    0
    0
    0
    0
    0
    0
   58
    0
    0
   69
    0
    0
    0
  184
   29
   42
    0
    0
    0
    0
    0
    0
    0
    0
    0
    0
    0
    0
   36
    0
    0
    0
   34
  103
    1
    0
    0
  286
    0
   43
    0
    0
    2
   52
    0
   23
    0
    1
   23
    1
    5
    0
    3
    0
    1
    0
   98
   48
  124
   54
   49
    1
   13
    2
    0
   15
   53
    6
   17
   68
   65
    7
    4
    0
    0
    0
   50
   30
   76
   38
   35
    0
   49
    0
    0
    0
    0
    0
    0
    0
    0
    0
    0
    0
   16
    0
    0
    0
    0
    0
    0
    0
    0
    0
    5
    0
    0
    0
    8
    5
    0
    0
    0
    0
    0
    0
    0
    0
    1
    6
    0
    0
    0
    0
    0
   34
    0
    0
    0
    0
    0
    0
  254
  165
  137
    0
    3
  131
    8
    0
    0
   60
    0
    0
    0
    0
    0
    0
    0
    0
    0
   84
    2
    0
    7
    0
    0
    3
    0
    0
   87
    0
    0
    0
    0
   22
    0
   73
    0
    0
   97
    0
    0
    0
    0
    0
    4
    0
    0
    0
    0
    0
    0
    0
   34
  142
   67
    0
    0
    3
    0
    6
    2
   27
    2
    0
    0
    0
    0
    0
    0
    0
    0
    0
    0
    0
    0
    0
    0
    0
    0
    2
    0
   12
    0
    9
    8
    8
    3
   29
   10
  167
    0
    0
   63
    0
   26
   13
    4
    9
    0
    0
    0
    0
    0
    0
    0
   14
    0
    8
   18
    2
   67
   58
   52
   69
    2
    0
    0
    0
    0
    0
   48
   64
    2
   59
   28
    0
    0
    0
    0
    8
    0
   20
    0
    0
    0
    5
    0
    0
    0
    0
    5
    1
    0
    0
    0
    0
    0
    0
    0
    0
    0
    0
    0
    2
    0
    0
    0
    1
    0
    4
    0
    1
    0
    0
    0
    0
    0
    0
    0
    0
    0
    0
    0
   36
    4
    0
    0
    2
    0
    0
    0
    0
    0
    0
    0
    0
    0
    0
   12
    2
    1
    0
    0
    0
    1
    0
    0
    0
    0
   61
    0
    0
  202
    0
    0
    0
    0
    0
    0
    0
    0
    0
    0
    0
    0
    0
    0
    0
    0
   57
   10
   11
    0
   70
    4
   53
    0
   16
    1
   17
   31
    0
    0
    0
   30
   14
    0
    0
   58
    1
    1
   75
   52
    0
   27
   10
    0
    0
    0
    8
   23
   10
    0
    0
    0
    0
   18
    0
    0
    0
    0
    0
   45
  171
    2
   17
   19
    0
    0
  202
    0
   61
   27
    0
   24
    0
    0
   34
    8
   41
   18
   71
   26
    3
    0
    1
    7
    0
    0
    0
   67
  101
    0
    0
   23
  144
  175
    0
    0
    0
    5
    0
    0
   26
    0
    0
   49
   11
   14
    0
    0
    0
   80
    0
   19
    0
    0
   26
    0
    0
    0
    0
    0
  225
   91
    0
    0
    0
    0
    0
    0
    0
    0
    0
    0
    0
    0
    0
    0
    0
    0
    0
    3
  214
  168
    0
    0
    0
    2
    1
    2
    0
    0
    0
   27
    0
  117
    0
   36
    0
  271
   14
   32
   54
    0
    0
    0
   40
    0
    2
   12
    1
    0
    0
    0
    0
    0
   62
    0
    0
    0
    0
    0
    0
    0
    0
  133
    0
    0
    1
   14
    0
   16
   28
    1
    0
    0
    0
   40
   22
   56
   15
   23
   37
   29
    1
    0
    0
    0
    0
    0
    0
    0
    0
    0
    0
    0
    0
    1
    0
    0
    0
    0
    0
    0
   45
    6
    4
  132
   13
    9
    0
    0
    0
  165
    0
    2
    0
    0
    0
    0
    0
    0
    1
    0
    0
    0
   42
   22
   42
    8
    0
    3
    0
  103
    2
    2
   36
    2
    0
   11
   23
    0
    0
    0
    0
    0
    0
    0
    0
   10
    0
    0
    0
   11
    0
    0
    0
    0
    0
    0
    0
    0
    0
    0
    0
    7
    0
    0
    0
    0
    0
    0
    0
    0
    0
    0
    0
    0
    0
    0
   12
    0
    4
    9
    5
    7
    6
    0
    3
    0
    0
    0
   43
   22
    0
    0
    3
    0
   20
    0
    0
    0
    0
   32
   72
    3
   15
   21
   50
   15
    0
    0
    0
    0
    1
    0
   23
    0
    4
    8
   20
    4
    0
    0
    0
   12
   68
   10
    0
   28
    2
   50
   98
    1
   13
    0
    0
    0
   22
    1
    1
    0
    0
   11
   21
    0
    0
    4
   20
    0
    0
    0
    0
   21
    5
   12
    4
    0
    0
    0
    0
    0
    0
    0
    0
    0
    0
    0
   26
   68
   60
    0
    9
    0
    4
    0
   15
   67
   26
   40
    0
    0
    0
   10
   25
   27
   13
    0
   22
    2
    0
    0
    0
    0
    0
    3
    8
    0
   25
   34
    0
    0
  106
    9
    1
   40
    0
   11
    0
    0
    0
   49
    0
    0
    0
    0
    0
    0
   46
    0
    1
   18
    2
    0
    0
    0
    0
    3
   42
  209
   36
    0
    0
    0
   18
    0
   21
    0
    8
    0
    0
  267
    0
    1
    0
   68
    0
    0
    0
    0
    0
  119
    6
    1
    0
    0
   17
    0
    0
    0
    0
    0
    0
    0
    0
   28
    0
    0
    0
   26
   28
   10
    0
  109
   18
    0
   28
   39
   10
    0
   14
   80
   21
   11
   81
   42
   17
    0
    0
    0
    0
    0
    0
   51
    0
    0
   85
   11
    0
    0
    0
    0
    0
    0
    0
    0
    0
    0
   28
    0
    4
    0
    0
    0
    0
    0
    0
    0
    0
  267
   18
    0
   31
    0
    0
    0
    0
    0
    0
   66
    8
    0
    0
    0
    0
    0
   25
    0
    0
   20
    3
   50
    0
   39
   52
    0
    0
    0
    5
    3
    0
    0
    0
    0
    0
    0
    0
    0
    0
   12
    5
   90
    0
    0
   33
   49
   90
   15
    0
   42
   88
   95
   28
  106
    0
    0
    0
    0
    0
    0
    4
    0
    0
    0
    0
    0
  114
    0
    8
   10
    0
   24
    0
   29
   60
   21
   16
   18
    2
    0
    7
    0
    0
    0
    0
   34
    0
   16
    7
   16
   32
    0
    4
    0
   52
    5
    4
   42
   64
   18
    0
    0
   32
    0
   22
    6
   12
   43
    1
    0
    0
    0
    0
    0
    0
    0
   17
    3
    0
    0
    0
    0
    0
    8
    4
    0
    0
    0
   42
   60
    0
    0
    0
   12
    0
    0
   18
   15
   33
   25
  182
    0
    0
    0
    3
    0
   24
    0
    0
    2
    0
    1
    0
    0
    0
    0
    0
    0
    6
  112
   43
   54
   17
    0
    0
    0
    0
    0
    0
    0
    0
    5
   50
    0
   26
  155
   53
    0
    0
    0
    0
    0
    0
    0
    0
    0
   27
    0
    0
    3
    0
    0
    0
    0
    0
    0
    0
    0
   39
   78
    0
    0
    0
    0
    0
    0
    0
    0
    0
    0
    0
    0
   15
    0
    0
    0
    0
    0
    0
    0
    0
    0
    0
    0
    0
    0
    0
   70
   12
    0
    0
    0
    0
   11
    0
    2
    2
    0
    0
    0
   18
   10
    0
    0
    0
    7
   40
   41
   89
    9
    0
    0
    0
   93
   53
    0
   86
    0
    1
    0
    0
    0
    0
  103
  122
    2
    0
    0
    0
    0
   20
    3
    0
   48
    7
    0
   12
    0
    0
   14
    0
   34
   45
    4
   17
   74
   36
    0
    0
    0
    1
   43
    0
    8
    0
    5
    0
    0
    0
   17
   42
   37
    0
   41
   19
    0
  101
   37
    1
  192
    4
    0
   17
   15
   24
    0
    0
   15
    0
    0
    0
    0
    0
   39
    0
    0
    0
   98
   70
    0
    0
    0
    0
    0
    0
    0
    0
    0
    0
   18
    0
    0
    1
   31
   26
   48
   17
    0
    0
    0
    0
  114
   43
   20
  228
    0
    0
    0
    0
    0
    0
  125
    0
    0
    0
   21
   10
    0
   59
   31
    0
    5
    0
    0
   32
    0
    0
    0
    4
    0
    0
    0
    0
   11
    0
    0
    0
    0
    0
    3
    0
   19
    0
  151
   15
    0
    0
   12
   23
    7
    8
    0
   23
    2
   22
    0
    0
    0
    4
    0
  286
  203
    4
    0
   13
   96
   91
  430
    2
   26
   51
   25
   16
   18
    2
   19
   41
  158
   43
    0
    0
    0
    0
    0
    0
   10
   13
    0
    0
    0
    0
    0
    0
    0
   11
    1
    0
   19
   54
    0
   17
   32
   12
   10
    5
   26
    8
   15
    4
    1
   36
   27
  129
  185
   43
   25
   14
   31
   81
    2
   16
   24
   10
   87
   10
    0
    0
    0
    0
    0
    0
   61
   24
   13
   31
    2
   35
   68
   30
    2
    0
    0
    0
    0
   36
   18
    0
    0
    0
    0
    0
    0
    0
    0
    0
    2
   21
    0
    6
   17
    1
    0
   13
    0
   22
   62
   18
    8
   32
    7
   21
    0
    0
    0
    0
    0
    0
    0
    0
    6
    1
   12
   28
    0
    0
    0
   14
   23
    0
    0
    0
    0
    0
    0
    0
    0
    0
    0
    0
    0
    0
    0
    0
   23
    0
    0
    0
    0
   22
    1
   34
    8
   21
    0
    0
   66
   43
    0
    0
    0
    7
   56
   18
   16
    1
    0
    0
    0
    0
   39
    8
   23
   83
   63
    0
   23
    0
    1
    2
   12
   10
  113
   65
   27
    0
    0
    0
    6
    0
    0
    0
    0
    2
    0
    0
    0
    0
    0
    0
   46
   59
    0
    0
    0
    0
  101
   67
    0
   38
   33
    0
    0
    0
    0
   17
   41
    0
    0
    0
    0
    0
    0
    0
    0
    0
    0
    0
    0
    0
    0
    0
    0
    0
    0
    0
    0
    2
   17
   71
    0
    0
    3
    8
  133
    4
    0
   17
    2
    0
  207
   84
    0
   86
    0
    0
    0
    0
    0
   18
    1
    0
    0
    0
    0
    0
    0
    0
   32
    0
  149
    0
    0
    7
    0
    0
    0
    8
   12
   70
    0
    0
    0
    3
   36
    0
    0
    0
    0
    0
    0
    0
    0
    0
    0
    0
    0
    0
    0
    0
    0
    0
    2
    0
    0
  139
    0
   10
    0
    0
    4
    0
  383
   22
   68
   38
    0
    0
    0
    0
    0
    0
    0
    0
    0
    0
    0
    0
    0
    0
    0
    0
   80
   29
   24
    7
    0
    0
    0
    0
    0
    0
    0
    0
    0
    0
    0
    1
    0
   15
    0
    0
    0
    8
   35
    4
   27
    0
    7
    2
   25
   31
    0
   13
   31
    0
    0
    0
   33
   24
   10
    8
   54
   55
    0
    0
    0
    1
    2
    1
    0
    0
    0
    0
    0
    0
    0
    0
    0
    0
    0
    0
    0
    0
    0
   13
   14
    0
    0
    0
    2
  108
   40
   35
    0
    0
    0
    0
    0
    0
    0
    1
    0
    0
   14
    0
    3
    0
    0
   11
    0
    0
   18
    0
    0
   12
    0
    0
    0
    1
    0
    1
    2
    0
    0
    0
    8
   22
   27
    0
    0
    0
    0
   12
   79
   50
    3
    6
   41
    0
    0
    0
   14
   71
   45
   78
   87
   77
   16
    0
    2
   27
   53
   58
   26
   36
   50
   23
    0
    0
    0
    0
    0
    0
    0
    0
    0
    0
    0
    0
    0
    0
    0
    0
   26
   10
   14
   43
    8
    1
    0
    0
    0
    0
    0
    0
    0
    0
    2
    0
    0
    0
    0
    0
    0
    0
    0
    0
    0
    1
    2
    0
    0
    0
    0
    0
    2
    0
    0
    0
    1
   38
   44
    0
    1
    7
    0
    0
   47
   35
    2
    0
    2
    0
    0
    0
    0
    0
    2
   10
    1
   13
    0
    0
    0
    0
    0
    0
    0
    0
    0
    0
    0
    0
    0
    0
    0
   13
   39
    0
    0
    4
    0
    0
   11
    0
    0
   10
    8
    0
    0
    0
    0
    0
    0
    5
    0
    0
    0
    0
    0
    0
    0
    0
   56
   62
    0
    0
    0
    0
    4
   20
    3
   49
   38
  112
   34
    4
    4
    1
    0
    0
    0
    0
    0
    0
    0
    0
    0
    0
   82
   28
    0
    0
    4
    7
    0
    0
    0
    0
    0
    0
    0
    0
    0
    0
    0
    0
    0
    0
    0
    0
    0
    4
    2
    0
    0
    0
   32
   10
    0
    0
   12
    0
    0
   58
   43
    0
    0
    0
    1
    0
    0
    0
    0
    0
  123
    0
   23
  130
    8
    0
    0
    0
    0
    0
    0
    0
   16
    0
    0
    0
    0
    0
    7
    0
    2
    0
    0
    0
    0
    0
    2
   37
   28
    0
    0
    0
    0
   32
    0
   14
    0
    0
    0
    0
   98
    0
    0
    0
    0
   21
    0
    0
    0
    0
    0
    0
    0
    0
    0
   25
    0
   15
   62
   21
    3
    0
    0
    3
   39
   24
    0
   30
    7
    0
    0
    0
    0
    0
   29
    2
    2
   34
   90
    0
    0
    0
    0
    0
    0
    0
    0
    1
    2
    0
    0
    4
    1
    0
    1
   30
    0
    0
    0
  147
    0
    0
    0
    6
    0
   15
   26
   24
    2
    0
    0
    4
    0
   13
   56
    5
  135
   14
    0
    0
    0
   22
   20
    9
    4
    1
    0
    0
    1
   21
    3
    0
    0
   29
   14
   27
   31
    7
   11
    0
    0
    2
    0
    0
    0
    0
   18
   15
    0
    0
    2
    0
    0
    0
   36
    1
    0
    0
    0
    5
    0
   18
   10
    0
   38
  149
    0
    0
    0
    0
   10
    7
    0
    0
    0
   13
    7
    0
   60
    0
    0
    0
   12
    0
    0
    0
    0
    9
    0
   18
   32
   50
   56
    0
   31
    0
    1
    0
    0
    0
    0
    6
    4
   27
   90
    0
    0
    0
    0
   68
   20
   10
    0
    0
   42
    1
   15
    0
    0
    0
   17
    0
    0
    0
  198
  105
    7
   25
    0
    0
   77
   40
    0
    0
    0
    0
    0
    0
   18
   60
   29
    0
    0
    0
   32
    0
   69
    0
   10
   34
   15
    0
    0
   16
   14
    7
   78
   54
   85
    0
    0
    0
    0
    0
   48
    0
   50
   17
    2
   10
    3
    1
   83
  138
   19
    0
    0
    0
   74
    0
    0
    0
    0
    0
    0
   22
   25
    0
    4
   48
    0
    0
   78
   60
    3
    0
    0
    0
    0
    0
    0
    0
    0
    4
    0
    0
   14
   42
   10
   11
    0
   12
   46
    0
    1
    0
    0
    0
  216
   59
    3
    2
   30
  641
    0
    0
    0
    0
    0
   64
    9
    0
    0
   19
    0
    0
    0
    0
    0
    0
   39
    6
   38
   16
   35
    0
    0
    0
    0
    2
    0
   23
   12
    0
    0
   15
    0
    0
  163
  105
    7
    5
    0
    0
    0
   10
   47
    0
    0
   26
    0
    0
    0
    9
    0
   68
  327
   89
   12
   14
    6
    0
    2
   36
   30
    3
    0
   29
    0
    0
    0
   64
   12
    0
    0
    0
   10
    0
    0
   65
    0
    0
    7
    5
  122
    0
   81
    0
    0
    0
    0
    0
    1
    0
    0
    0
    0
   46
   65
    4
    0
    0
    0
    0
    6
    0
    5
   13
    7
    8
   16
   71
    0
    0
    0
    0
  107
    0
    0
    0
    0
    0
    0
    0
    0
    0
    0
    1
    0
    0
    0
   14
    0
    0
    0
    0
    0
   49
   61
  116
   60
   54
    0
    0
    0
   74
  171
   23
    0
   63
    6
   29
    0
    0
    2
   13
    0
    0
   10
    6
    0
    4
   36
    5
   16
    0
    0
   21
    2
   11
    0
    0
    0
    4
    0
    0
    0
    0
   12
   92
    4
   13
    2
    3
    0
    0
    0
    0
    0
    0
    3
    5
    9
    4
   32
    0
    3
    8
    7
    0
    0
    7
   25
    8
    9
    0
    0
    0
    0
    0
    0
    0
    0
    0
    0
   42
    6
    0
    0
    0
    0
    0
   17
    6
    4
    0
    0
    6
    4
    2
    6
   21
   10
    4
    0
    0
    9
    5
    6
    0
    9
   15
    0
   21
    0
    0
    0
    0
    0
    0
   11
    9
    0
   13
    0
    0
    0
    0
    0
    1
    0
    3
   23
    0
    3
   91
    1
    0
    0
    0
   53
    0
    7
    5
    6
   28
  106
   14
    6
   21
   44
   12
    2
    0
   10
    0
    0
    0
    0
    0
    2
    5
    1
    0
    0
    0
    0
    0
    0
   38
    0
    0
    8
    0
    0
    0
    0
    0
   26
    4
    0
    0
    0
    0
    2
    0
    0
   15
    0
   87
  165
    0
    0
    0
   25
   75
   76
    0
   41
    0
   39
   10
    1
    2
    0
    9
    0
   26
   36
    0
  117
  220
    0
    0
    0
    0
    0
    0
    0
    0
    0
    0
    3
    0
    0
    0
   20
    0
    0
    0
    0
    2
   21
   82
    0
    0
    0
    0
    0
    0
    0
    0
   59
    2
   55
   62
   43
    2
    4
   45
    0
   75
   14
   26
   10
    0
   19
   87
   74
    0
    0
    9
    0
    0
    0
    2
    0
   18
   23
    9
    3
    0
    0
    0
    0
    0
    0
    0
    0
    0
    0
   38
   13
    0
    0
    0
    0
  519
  455
    9
    0
    0
    0
    0
    0
    7
   19
    4
    0
    0
    0
    0
    5
   49
    0
    0
    5
    7
    5
   55
  114
    8
   44
   30
    4
    0
    0
   18
   23
    0
   24
   14
   73
   13
    0
    0
    0
    0
    0
    0
   55
   34
    3
  138
   27
    0
    1
   25
    8
   26
   74
   25
    0
    7
   80
  261
   52
    0
    0
    0
    0
    0
    0
    0
    0
    0
    2
    5
   43
    1
   13
    9
    7
   76
    2
    0
   41
   10
    8
    2
    2
    0
    0
    0
    0
    0
    0
    0
    0
    0
    0
    0
    1
    0
    0
    4
    0
    0
    0
    0
    0
    0
    0
    0
    0
    0
    0
    6
    0
    0
    6
   14
  132
  103
    4
    0
    0
    0
    0
    0
   93
   26
    0
    0
   12
   28
   20
   31
   24
    2
    0
    0
    0
    0
    0
    4
   12
   16
   13
    0
   49
  120
  102
   46
    0
    2
    2
    8
    5
    0
   37
   45
   20
    0
   13
  114
    6
    9
   15
   74
    3
    0
    0
    0
    0
    0
   37
   11
    0
    0
   28
    3
    0
    0
   20
    2
   45
    0
    2
    0
    0
    6
    7
    0
    0
    2
   43
   65
   48
   14
    0
   90
    0
    0
    0
    0
    0
    5
    0
    0
    0
    0
    0
    8
    0
    0
   67
    0
    0
    5
    0
   43
   30
   86
    7
   55
   50
    1
   62
    2
   56
    6
   54
    0
   11
    1
    0
   30
    9
    0
    0
   32
  159
    5
    8
    2
    0
  231
   12
    0
   67
    0
    0
    0
    0
    0
    0
    0
    0
  115
    9
    0
    0
    0
    0
   18
   87
    5
    6
    0
    0
    0
   26
   53
   20
    3
    0
    3
    2
   63
    0
    0
    0
    0
   36
    0
    0
    0
    0
    0
    4
  129
    3
    0
    0
    0
    0
   56
    9
    0
  138
    0
    0
    0
    0
    0
    0
    0
    0
    4
    4
  120
   19
    1
    0
    0
   67
    0
    1
    8
   24
    0
    0
    0
    0
    0
   84
    0
    1
    0
    0
  106
    7
   10
    0
    8
    0
    0
    0
    0
    0
   75
   25
   73
    2
    0
    0
    0
    7
    5
   50
    6
   32
   12
    0
    7
   22
    5
   45
   42
   74
    0
    1
  113
    0
    5
   52
   30
    0
    9
    0
    0
    0
    1
  114
    7
    2
    0
    0
    0
    0
    0
    1
    0
    0
    0
   18
    8
   16
    0
    5
    0
   11
    0
    0
    0
    0
    0
   13
   65
   12
    0
    0
    6
   61
    0
    0
    0
    0
    0
    0
   28
    0
    0
    6
    0
   31
   22
  164
   12
    0
    0
    0
    2
    0
    0
    0
    0
    0
    0
    0
    2
    0
    0
    0
    0
    0
    0
    0
    0
    0
    1
    4
    0
    5
    0
    0
    0
    0
    0
    0
    0
    0
    0
    0
    0
    0
   39
   20
   10
    0
   60
   41
   42
   29
  142
   23
    0
    0
   54
   14
    7
   83
    9
    0
   27
    0
    0
    0
    0
    0
    0
    0
    7
    5
    0
    0
   11
   20
    0
    0
    0
    0
    0
   55
   10
   15
  189
   42
    0
   32
   59
   34
    3
   32
    0
    0
    8
    0
    0
    0
    0
    0
    0
    0
    2
   63
   28
   16
   28
   13
    0
   24
    4
    5
   23
    0
    0
    4
    3
    0
    0
    0
    0
    5
    0
    0
    0
    0
   34
    0
   13
    0
   29
   39
    0
    2
    7
   14
   27
   26
   18
  107
   33
  116
    9
    1
    0
    0
   30
   14
   16
    0
    0
    0
    3
    0
    0
    0
    0
    0
    0
    0
    0
    0
    0
    0
    5
   10
    1
   25
    8
    5
    0
    4
    4
    6
   13
    0
    0
    0
    0
    0
    0
    0
    0
    1
   40
    0
    0
    0
    0
    1
    0
    0
   24
   23
    6
   17
    0
  103
  161
   92
    2
    0
    0
    8
    6
   27
   22
    1
    0
    0
    0
    0
    0
    0
    7
    9
    6
    1
    0
  106
  269
    0
  193
  110
    7
    2
    0
    0
    0
    0
    0
    0
    0
    0
  120
    0
    0
    0
    0
    0
    0
    0
    0
    0
    0
    0
    0
    0
    0
    3
    0
    0
    0
    0
    2
    0
    8
    0
    0
    0
    0
    0
  101
    0
    0
    0
    0
   22
   16
    0
    0
   51
  100
    2
   21
    1
   23
    7
    6
   16
   33
    8
   18
   59
    3
   49
   58
  129
   21
  203
   43
    0
   38
    4
    5
    6
    0
    2
  145
    0
   35
   17
   44
    0
    0
    0
   62
    0
  116
    2
    0
    0
    0
    0
    0
   17
    0
   56
    0
    0
    0
    0
    0
    2
    0
    0
    0
    0
    0
   16
   55
    0
    0
    0
    0
    0
    2
   12
    0
  100
    0
    0
    1
    0
    0
    0
    0
   31
   27
   72
   23
    0
    0
    0
  102
   16
    0
    0
   15
   10
   95
   18
   24
   20
    2
    0
   75
    0
    0
    0
    0
    0
    0
    0
   69
    0
    0
    0
    6
    0
   13
    0
    0
    3
    0
    1
   80
    1
    0
    0
    0
   71
  229
    0
    0
    0
    0
   28
   17
    0
    0
    0
   10
   16
    0
    2
   53
    3
   15
    0
    1
    0
    0
    7
    1
    0
  110
   93
    0
    0
    0
    0
    0
    0
   30
  102
   28
    2
    0
    5
    0
    0
    6
    0
    0
  130
    0
    1
   11
   45
    2
    0
   18
   26
   33
   65
   22
    0
    0
    0
    0
    0
    0
    3
   34
   10
    0
    0
   36
    2
    0
    0
   16
   75
    0
    5
    2
    6
    0
    0
    0
   85
    2
   68
  114
   17
   14
   25
   19
    0
   15
   36
    0
   16
    9
   24
    0
   12
    1
   48
   86
   12
    1
    0
    0
    5
   18
    0
    0
    0
    0
    0
    0
    0
    0
    2
   29
   28
   66
   11
    0
    0
    1
    2
    0
    3
    0
    0
    5
    1
    2
    0
    1
    0
   19
   96
    3
    0
    0
    0
    0
   12
    0
   21
    8
    1
   11
   55
    3
  217
  134
  128
  109
   15
    7
    0
    5
    0
    0
    0
    0
    0
    0
   74
    0
   45
   90
    0
    0
    0
    0
    0
    0
    0
    0
    2
   17
    0
    0
    0
    0
    0
    0
    0
    0
    0
    0
    0
    0
    2
    6
    0
    0
    1
    0
    0
    0
    0
  455
   10
   37
  114
   12
   17
    0
    2
    0
    0
    0
    0
    0
    0
    0
    0
    0
    0
  114
    0
   69
    0
    0
    0
    0
   87
    0
   30
    6
   86
   15
    4
    0
    0
    0
    0
    0
   46
   11
    0
   87
   18
   32
    0
    0
    0
   61
    0
    4
   72
    0
   22
  117
    0
   55
    2
    1
    0
    6
    8
    0
    0
    0
  136
   21
    3
    2
  157
    9
    0
    2
    0
    0
    0
    0
    0
    0
    0
    2
    0
    5
    0
   40
    1
   11
    4
    7
    8
   51
   48
  117
   19
   30
    0
    0
    0
    0
   14
    0
    0
    0
    0
    9
    0
    0
   28
   23
    0
    0
    0
    0
    8
   10
    0
   53
   76
   17
   10
   36
    3
    4
    3
    0
    0
    0
    0
    0
    0
    0
    0
    0
    0
    0
    0
    0
    5
    0
    0
    0
    0
   41
    0
  102
    0
    0
  133
    8
    2
    7
   83
    0
    0
    0
    8
  252
  145
    0
    0
    0
   38
    0
    0
    0
    5
    0
   14
   10
    2
   31
   22
    2
   85
    0
   13
   40
   17
    5
   28
   20
    1
    0
    0
    0
  216
   21
   19
   30
    8
   23
   18
    0
    0
   24
   12
    2
    9
    2
    0
  103
   15
   55
   16
    0
    0
   12
   62
   51
   22
   62
    0
    0
    0
    0
  137
  125
    1
   14
   55
   31
    5
  178
   48
    9
   26
   34
  176
    0
    0
   82
    2
    0
   76
    0
    4
    3
   29
   15
    0
    4
    0
    0
    6
    2
    5
    0
    0
    1
   32
    2
   21
    8
    6
    5
   33
   10
    0
    0
    0
    0
    0
    0
    0
    0
    0
    0
    0
    0
    0
    0
    3
    7
    0
    0
    2
    0
    7
   32
   75
  146
    0
    0
    0
    0
    0
    0
   37
    0
   42
    0
    0
    0
    0
    0
    0
    0
    0
    0
    0
    0
    0
    0
    0
    0
    0
    0
    0
    0
   14
   34
    8
   37
    0
    0
    0
    0
    0
    0
   12
   46
    0
    0
    0
    0
    0
   55
    3
   23
    0
    0
    0
    0
    0
    0
    0
    0
    7
    0
    0
    0
    2
    0
    1
    0
    0
    0
   28
   22
    4
   31
   24
    8
   33
    0
    0
    0
    0
    0
    0
    0
    3
    0
    0
    0
    0
    3
    0
    1
   53
    8
   34
    0
    0
    9
   87
   62
   17
    0
    0
  184
   34
    0
    0
    0
    0
    0
    0
    0
    0
    1
    0
   50
   50
    9
    0
    0
    0
   29
    0
    0
    0
    0
    0
    0
    0
    0
    0
    0
    0
    0
    0
   81
   97
    7
   53
    0
  100
    0
   94
    0
   28
    3
    0
    0
   23
    6
    2
    0
   23
    3
   80
    0
    0
  136
   13
    0
   36
    0
    0
    0
    0
    0
    0
    0
    0
    0
  202
   13
    0
    0
    0
    0
    0
    0
    0
   33
   12
    4
    0
    0
    0
    0
    0
    0
    0
    0
    1
   53
   26
    9
    0
    0
    0
   16
    0
    0
   25
    0
    0
    0
   17
    0
    0
    0
   20
    0
    0
    0
    1
    0
    0
    0
    0
    0
   29
    0
    0
    6
    2
    0
    0
    0
    0
    0
    0
    0
    0
    0
    0
    0
    0
    0
    0
    2
   10
    0
    0
    0
    8
    0
    0
    0
    0
    0
    0
    0
    1
    6
  114
   93
    0
    2
    0
   19
   25
   35
   24
   40
    0
    4
    0
   11
    0
    0
    0
   12
   39
    0
    0
    1
    0
    0
    0
    0
    0
    0
    0
    2
    0
    0
    0
    0
    0
    0
    0
    6
    0
    0
    0
   70
   27
    7
    0
    0
    0
   13
    0
    0
    0
    0
    2
   15
    1
    0
    0
    0
    0
    0
    6
   64
   24
    0
    0
   39
   20
    1
    0
    0
   61
    0
    0
    7
    0
   32
    0
    0
    0
    7
    5
    0
    0
    5
    0
    0
    0
    4
    3
  101
   11
    2
    0
   15
   13
    9
    0
    0
    0
    3
    5
   42
   50
   12
   41
    7
   22
    5
    2
    0
    0
   70
    1
   62
   21
   13
   18
   74
    3
    6
   27
    0
   12
    2
    2
    6
   24
   71
    0
   34
    0
    0
    0
    0
    0
    0
    7
    0
    0
    0
    0
    0
    0
   28
   10
   21
    0
    0
    0
    0
    1
    1
    3
    0
    0
    0
    4
    0
    0
    0
   25
    0
   16
  146
   65
    2
   27
   13
   35
   52
   16
   50
    0
   17
    0
    1
    0
  206
   99
   18
   10
   23
    1
    0
  106
    0
   10
  145
   90
    2
   14
   42
    0
    0
    0
  264
    0
    0
    0
    0
    0
    0
   11
    0
    0
    9
    0
   92
    0
    6
    7
    0
    0
   33
   18
    1
   58
    9
   10
   11
   45
    0
   90
    0
    0
    0
    0
    0
    3
   33
   20
   70
    0
   21
    0
    1
    0
    0
    0
    0
    0
    0
   20
    0
    0
    0
  131
    4
    0
    0
   90
   77
    0
    8
    5
    0
    0
    0
    0
    0
    0
    0
    0
    0
   41
    6
    0
    0
   10
    0
    0
    0
    0
    0
    0
    0
    0
    0
    0
    0
    0
    0
    0
    7
    0
  189
   75
   28
    0
    0
    0
    0
    0
    0
    0
    0
    0
    0
    0
    3
    0
  109
 1013
  454
    2
    8
    0
  182
    0
   39
   14
    0
    0
    0
    0
    0
    0
    0
    0
    0
    5
    0
    0
    0
    0
    0
    0
    0
    0
    0
    0
    0
   13
    0
    0
    0
    0
    0
   14
   31
    0
    0
    4
  125
  137
    0
    0
    0
   80
   25
    7
   10
    0
    0
    0
    0
    0
    0
    0
    0
    0
    4
    9
    0
    0
    0
    0
   41
    4
    2
    0
    0
    0
    2
   10
    3
    0
    0
    0
    0
    0
    0
    0
    0
    0
    0
    0
    0
    0
    0
    8
    0
    0
    0
    0
    0
    0
    0
    0
    0
    2
    1
    0
    0
    0
   73
    0
    4
    5
    3
    0
   23
    0
    1
   12
   56
   97
   58
   17
   20
    2
    2
    0
    0
    0
    0
   36
    0
   13
  113
   10
   16
    0
    0
    0
    0
    0
    7
    0
    8
    0
    0
   29
   60
    6
   78
   51
    2
    1
   34
    0
    1
    0
   12
   10
    0
   13
    0
   20
    6
   37
    0
   13
    0
   19
   95
   22
   14
    0
    0
    0
    8
    0
   15
    9
    4
    8
    0
    1
    0
   10
   14
   11
    0
    2
   72
    1
   17
   72
    4
   18
    7
   19
    1
    0
    0
    0
    0
    0
    0
    0
    0
    0
    0
   28
    0
   49
   45
    0
    0
    0
    0
    0
    7
    0
    0
    2
    6
    0
   31
   10
    0
    0
    0
    0
    0
    0
    0
    0
    0
    0
    0
    0
    0
    0
    0
    0
    2
   10
    0
   20
    1
    9
   91
  212
   11
   89
    0
    0
    0
    4
    3
   18
    5
    0
    0
    0
    0
   25
    0
    0
    0
    0
    0
    0
    0
    0
    0
    0
    0
    2
    0
  102
    0
    0
    0
    0
   66
   57
    4
   18
    5
    1
    4
   41
   10
    5
    0
   91
    0
   10
    0
    0
   18
    0
    0
   57
   46
    0
   18
    0
   77
    0
   17
    1
    0
    0
   24
   41
   38
   19
   33
    0
    0
    0
    0
    5
   20
    0
    0
    0
    0
    0
    0
   18
   58
   65
   11
   26
   10
    4
   10
    0
   17
    0
   34
  136
    0
    2
    0
    0
    0
    0
    0
   13
    0
    7
   20
   48
   55
   89
   57
    5
    1
    4
    0
    0
    0
    0
    0
  137
   18
   18
    0
    1
  190
    0
    0
  151
   53
    0
    0
    2
    0
   59
   32
    0
    0
    0
    0
    6
    0
    0
    0
    0
    0
    0
    0
    0
    2
    0
    0
    0
    0
    0
    0
    9
    0
    0
   24
    1
  183
    0
   16
  115
    6
   53
    2
    0
    0
   12
    0
    0
    0
    7
    0
   14
    8
    1
   20
    3
   34
   38
    0
    1
   57
    0
   25
    0
    0
    1
    1
   81
    4
   65
    5
    0
    1
    0
    3
    0
    0
    0
    0
    0
    0
    0
  119
   20
    0
   14
   50
    4
    0
    0
    0
    0
    0
    0
    0
    0
    0
    0
    0
    0
    0
    0
    0
    0
    0
    0
    0
    0
   21
    0
    0
    0
   10
  267
    4
    5
   14
    6
    0
    0
    0
    0
    0
    0
    0
    0
    0
    0
    0
    0
    8
   10
    6
    0
    0
   17
    1
    2
   16
   47
    1
   83
    2
   14
    0
    0
    0
    0
    5
    0
   11
    4
   14
   23
   26
   28
   55
    4
    3
    0
    3
    9
    2
   52
   10
    0
   10
    0
    0
    0
    0
    0
    0
   16
   18
    0
    7
   44
   28
    0
    0
   51
    6
   41
   35
   15
    0
    0
    3
    4
    0
   10
   14
    0
    0
    0
    0
    5
    0
    0
    0
    0
    0
    0
   62
    2
   31
    8
    0
    0
    0
    0
    3
    0
    0
    0
    0
    0
    0
    7
    4
    0
    0
    0
    0
   18
    0
    6
   31
  198
    0
   24
    0
    0
    0
    0
    0
   29
   86
   34
    5
   41
   13
   36
   27
    0
    0
    0
   51
    6
    0
    0
   16
   20
   24
   22
    8
    3
    9
    0
    0
    0
    0
    0
    0
   19
    1
   15
    9
   32
    8
  154
   28
    4
   16
   11
    0
    0
    0
    0
    3
    0
    0
    2
    0
    0
    0
    4
    0
    0
    0
    0
    0
    0
   82
   71
    0
    0
    0
    0
    7
   10
    0
    0
    0
    0
    0
    0
   61
   15
    0
    3
    0
   19
   40
   86
   37
   54
   31
    1
  155
    4
    1
   32
    2
    0
    5
    0
   54
   60
   42
   51
    0
    0
   73
    0
    0
    0
    0
   60
    0
   64
   81
    5
    0
    0
    0
    4
    0
    0
    0
    6
    2
   47
   75
   52
    0
    0
    0
  111
    0
   36
   74
    0
    2
    0
    0
    1
    0
    0
    0
    0
    0
    0
   12
    0
    1
  298
    0
   14
   89
   77
   32
   63
    0
    8
    7
    0
  107
    6
    0
    0
    0
    0
    0
    0
    0
    0
   72
    2
   20
   25
    3
   27
    3
    0
    0
    0
    0
    0
   11
   19
   10
    0
    0
    0
    0
   34
    4
    0
    0
    0
    0
    0
    0
    0
    0
   24
    0
    0
    8
    3
    0
    1
    1
    6
    0
    0
    7
   29
    0
    7
    0
   13
    0
    0
    0
    0
    0
    0
    0
    1
    1
    0
    0
    0
    0
    0
    0
    0
    5
    6
    7
   39
    0
    5
   16
    0
    0
    0
   20
    0
    0
    0
    2
   18
   11
  100
   42
   14
    0
    0
    0
    0
   15
    0
    0
    0
   16
    0
    0
   31
    1
    7
    1
    3
   20
   69
    1
   92
   10
    5
   26
   68
   64
   10
   48
    0
    0
    0
    0
   14
   11
   73
   44
   21
    0
    0
    0
    6
   61
    9
    0
    1
    1
    0
    0
   45
   15
    1
   80
   51
    9
    8
    1
   97
   42
    0
    0
    0
   20
    5
    8
    1
    0
    0
    0
    0
    0
   21
    0
    0
    0
    0
    2
   14
    2
   77
    3
    0
    0
    0
    0
    0
    0
    0
   52
   61
    3
    0
    0
    0
    0
    0
    0
    0
    0
    0
    0
    0
   27
   29
  153
    2
    8
   13
    2
    0
    0
    0
    2
    4
    0
    0
    0
    0
    0
   75
    0
   62
   64
    0
    0
    0
    0
    0
    5
   95
   16
    0
   73
   38
    0
    0
    4
    6
   19
   81
    2
   17
    0
    2
    0
   13
    2
   33
    3
    8
    5
   12
   14
   51
   46
   10
    0
    0
    0
    0
    0
    0
    0
    0
    0
    7
   72
    8
   20
   15
   19
    0
   16
   19
    7
    0
    0
    8
    0
    0
    0
    0
    0
   77
    0
    0
    6
    7
  155
  223
   34
    3
   12
  110
   73
  103
  164
   62
    1
    0
    0
   37
    2
    0
    0
    0
    0
    0
    0
    0
    0
    0
    0
    0
    0
    0
    0
    0
    0
    0
    0
    0
    0
    0
    0
   16
   73
   12
    0
   27
   76
    0
    0
    0
    0
    0
    0
    0
    0
    0
    0
    0
   76
   78
   23
   41
    4
    0
    0
    2
    0
    4
    0
    0
    0
   14
    0
    0
    0
    0
    0
   46
   45
   52
    3
    0
    9
    0
    0
    4
  195
   31
    0
    4
   85
    6
    0
   33
    0
    6
    7
    5
   23
    0
    3
   35
    8
    0
   47
    0
    0
    0
    0
    0
   30
    2
    0
   65
   43
   73
   26
    0
    0
    0
    0
    0
    0
    0
    0
    0
    0
    0
    0
    0
    0
    0
    0
   12
    8
   56
    0
    0
    0
    0
    0
    0
    0
    0
    1
    1
    1
   40
   65
  112
  371
   18
    0
    5
    0
    0
   28
   53
    0
    1
    5
    1
    0
    5
   45
    4
    0
    0
    0
    0
    0
    0
    0
    0
    0
    0
   10
    0
   25
    2
    0
    0
    0
    0
    0
    8
    0
    0
    0
    0
    3
    0
    0
    0
    0
   23
    0
    3
    0
    0
    0
    0
   13
    0
   20
    0
   11
   26
   32
   48
   51
   28
   15
   32
    3
   30
   20
  104
  261
  143
   22
  156
   97
    5
   54
   53
   36
   52
  224
   24
    0
   12
   59
    0
    0
   29
    0
    0
    0
    0
    0
    0
   21
  104
    2
   34
   45
    0
   60
    8
    0
    0
    0
    0
    0
    0
    0
    1
    2
  102
    1
   19
    0
    0
   30
    5
   93
    0
    0
   55
    3
   54
   46
    0
    0
    0
    0
    0
   97
   56
    0
   23
    0
    0
    0
    0
    0
    0
    0
    0
    0
    0
    0
    0
   14
   53
   27
    9
   11
    3
    0
   15
   66
   11
   10
    8
    4
    0
    9
    4
    0
    0
    0
    0
    8
   52
    0
    2
    3
   30
   17
   11
    0
    0
    0
    0
    3
    0
    0
   38
  114
   27
    0
    0
    0
    0
    0
    0
    0
    0
    9
    0
   38
  273
    3
   12
   25
    4
    0
    0
   76
    1
   48
    0
    2
   16
    2
    0
    0
    0
   43
    3
  112
    0
    0
    0
    0
    5
    0
   43
    8
    5
   87
   14
   34
   25
   40
    0
    1
    4
    0
    8
   34
   45
   19
   64
  151
    3
    0
    4
    0
    0
    0
   10
   18
  157
    2
    0
   16
    0
    0
    0
    0
    0
    0
    0
    0
    0
    2
  110
    0
    2
    0
    3
    0
    0
    0
    4
   11
  131
    0
    1
   25
    0
   37
    2
   41
   52
   75
    7
   25
   68
   10
  145
   67
   26
   65
   16
   34
    0
    0
   40
   59
    0
   62
   68
    3
    6
   32
    1
  328
    0
    0
    0
    0
   10
    0
    0
    3
   44
   20
   21
    0
    0
    0
    0
    0
    0
   35
    3
   53
    0
   11
    2
    2
    2
   14
   45
    0
    0
    0
   86
    4
    0
    0
  127
  225
   26
    1
    0
    0
    0
    0
    0
    0
    0
    0
    0
    0
   12
    0
    2
    0
    0
    0
    0
    1
    3
    3
    2
   57
    0
    0
    0
    0
   34
    6
    0
    0
    0
    0
    0
    0
    0
    0
    9
    6
    0
    0
    0
    1
    0
    0
    0
   14
   11
    3
   38
    2
    0
   25
   26
   44
  226
   64
   28
    4
    0
   32
  108
    0
    2
    0
    0
    0
    0
    0
    0
    0
    0
    0
    7
    0
    0
   12
    0
    0
    0
    0
    0
   78
  115
   58
   60
   74
    9
    8
    0
    0
    3
   11
    6
    1
   66
    0
    0
   87
    8
    6
   34
    0
    0
    1
   36
    0
    0
   50
    0
    0
    0
    3
    4
   17
    0
    0
    0
    0
   36
   44
   85
   23
   15
    2
   43
    0
    1
    3
   42
   24
    2
    0
    0
    4
    0
    2
    5
    0
    4
   70
   11
    0
    0
    0
   43
   73
   62
    2
    9
    0
   40
   38
  141
    3
   12
   77
   46
   38
    4
    1
   17
    0
   45
   31
    9
    0
   85
   46
    1
   26
    0
   63
    4
    9
    7
    0
    8
   63
   61
    9
   25
   63
    5
   62
   24
    0
    0
   58
   29
    0
    0
    0
    0
    0
    0
    0
   10
    0
    0
    4
   32
    0
    0
    0
    0
    0
    0
   20
    0
    0
    0
    0
    0
    0
    0
    0
    0
    0
    5
   16
    9
   30
    0
    0
    0
    0
    0
    0
    0
    0
    0
    0
    0
    0
    0
    8
    5
    7
    0
    0
    0
    0
    0
    0
   22
   23
  127
    0
   23
   34
    1
    0
   34
   12
  212
    0
    0
   88
    3
   21
    0
    0
    0
    0
    0
    0
    0
    0
    0
    0
   89
   12
    9
    0
  201
   79
    0
    0
    8
   63
    0
   60
    0
    3
    0
   25
   37
    0
    0
   35
    0
   52
   17
    9
   26
   51
   53
    1
    2
    0
    0
    0
   75
    0
   43
    0
    0
   51
    0
    0
    0
    2
   72
    0
    0
    0
    0
    0
    0
    0
   90
    0
    0
    0
    0
    0
    0
    0
    5
    0
    0
    7
    0
    3
  112
   60
    0
    0
  161
    5
    0
    7
   36
   12
   13
  172
    0
    0
    0
    0
    0
    3
    5
    9
    0
    0
   13
    8
    2
    3
    0
    0
    0
   51
   78
   16
    0
    0
   12
    0
    0
    0
    0
    0
    0
    3
   18
    0
    0
    4
    0
   10
   36
    2
    3
    6
    2
    0
    4
    2
   48
    0
    0
    1
    5
    6
    0
    1
    3
    1
    0
   13
    0
   15
    0
    0
    0
    0
    1
    0
    0
    0
    0
   16
  107
   82
   20
    0
    0
   35
   33
    6
    0
    0
   24
   54
    4
    1
    1
   25
   21
   75
   43
   17
   63
   62
    0
   31
    0
   81
    0
   56
   85
    4
   35
    0
    0
    0
   26
   91
  261
    4
   11
    3
   30
    0
    4
    0
    6
    4
    0
    0
    1
   65
    0
    1
    8
   34
   10
   43
    9
    0
   40
    0
    4
    0
    0
    0
    0
    0
    0
    0
    0
    0
    0
    0
    0
    0
    0
    0
    0
    0
    0
    0
    3
    1
    0
    0
    5
    0
    0
    0
    1
    0
    0
   45
   11
   10
   20
    9
    2
   39
   42
   53
    0
    0
    3
    1
    8
    0
    0
   25
    0
    9
    0
    4
    0
    0
    0
   19
    0
    0
   73
    0
   12
    0
    2
   41
   40
    0
    0
    0
    2
   20
    0
   89
    0
    0
    0
    0
    0
    0
    0
    3
    0
    0
    0
   21
    0
    2
   29
    7
    0
    0
   52
    0
    0
   50
  134
    4
    6
   18
   15
  131
  240
    2
    0
    0
    0
   30
   59
    1
    0
    0
    0
    0
    0
    4
    0
    0
    0
    0
   41
  129
   37
    0
    0
    0
    0
    0
    0
    0
    7
    0
    0
    0
    0
    0
    0
    0
    0
    0
   10
    0
    0
   37
   23
   49
    0
    0
   72
    0
    4
    0
   80
    0
    0
    0
    0
    0
    0
    0
    0
    0
    0
    0
    0
    0
    0
    0
   78
    5
    9
   36
    6
   17
    8
    0
    0
    0
    0
    0
   28
    0
    0
    0
    0
    3
    3
    0
    0
    5
    0
    0
    0
    0
  209
   27
    0
  390
    0
    0
    0
   20
   37
    0
   29
   31
    0
    0
    3
   19
    0
    0
    0
    0
    0
   29
    0
    0
    0
    0
    0
    0
    0
    0
   11
    0
    0
   23
    0
   55
  143
    5
    0
    0
    0
    0
    0
    0
    0
    0
    0
    0
    0
    0
    0
    0
    0
   71
   56
   87
    0
    0
    4
    0
    0
    0
    0
    0
    3
   26
    2
    0
    3
   12
    4
   18
    0
    0
    0
   72
   95
   36
   31
   17
    1
    8
    5
   11
   12
    0
    0
    0
    0
   13
    0
    0
    0
    0
    0
    0
    0
    0
   12
  137
    1
  141
   25
   41
    1
    0
  155
   70
   16
    0
    0
    0
    0
    0
    0
    0
    0
    0
    0
    0
    0
  108
   65
    2
    0
   17
  120
   13
    0
    0
    0
    0
    0
    1
    0
    2
   17
    0
   28
    9
    0
    3
   27
   47
   15
   51
   39
    4
    0
    5
   39
    0
  155
    0
    7
    0
    0
    0
    0
    0
    0
    0
    0
    0
    0
    4
   41
    0
    0
    2
   15
    8
   21
    0
    0
    0
    4
    0
    2
    0
    0
    0
    0
    1
   20
   11
   33
    2
    0
    0
    0
    0
    0
    0
    8
    4
    0
    0
    0
    0
   17
    0
   28
    1
    3
   64
   26
  153
    0
    0
   12
    0
    0
    0
    0
    0
    0
    0
   67
   20
   78
    6
    2
    3
    0
    0
   14
    0
    0
   28
   53
    0
    0
    0
    0
    0
    0
    0
    0
    0
    9
    0
   16
    0
    5
    0
    4
    0
   17
    0
    0
    0
    0
    0
   72
    0
    0
    0
    0
    0
    0
   28
   74
    0
    0
   53
    2
    1
   10
    0
    0
    0
   25
    0
   36
   40
   15
    7
   23
    0
    0
    0
    0
    0
    0
    0
    0
    0
    0
    1
    0
    4
   27
    0
    3
    0
    0
   16
    4
    0
    0
    0
    0
    0
    0
    0
    0
    0
    0
    0
    0
    0
    0
    0
   82
   12
    7
    0
    0
   49
  107
  101
  415
    2
    0
    0
    3
    0
    0
    0
    0
    0
   45
    4
   26
    7
    0
    0
    0
    0
    0
   78
   45
    2
    0
   39
    0
    7
    2
    0
    6
   58
   20
    0
    0
    0
    0
    0
   23
    2
    0
    0
    0
    0
    0
    0
    0
    0
    0
    0
    0
    0
    0
    0
    0
    0
    0
    0
   58
    2
    4
    0
    4
   45
    0
  121
    0
    2
    0
  104
    3
   29
    0
   42
   47
    3
    5
    0
    0
    0
    0
    0
    0
   96
  236
   43
   44
    9
   89
    2
   11
    1
   58
   81
   74
    1
    0
    0
    0
    0
    0
   28
    3
   11
    0
   45
    3
   13
   17
    8
    4
    3
    0
   12
   13
    6
    0
    0
   31
    0
    0
    0
    0
    0
    0
    0
    0
    0
    0
    0
    0
    0
    0
    0
    0
    0
    0
    0
    0
    0
    0
    2
   19
   25
   42
    0
    0
    6
   38
   35
    7
   10
    0
    0
    0
    0
    8
   28
    2
   16
    3
   10
  323
    9
   30
   24
    0
   28
   60
    0
    8
    4
    0
    0
   68
    2
    0
    1
    3
   48
    0
    0
    0
    0
    0
   44
   89
   43
    8
    2
    0
   10
    0
    0
    5
   12
    6
    4
    5
    0
    0
    5
    9
    0
   63
    0
   16
    2
   76
   21
    2
    0
    0
    0
    0
    2
   14
   23
    9
    0
    0
    0
    0
    0
    0
    0
   12
   21
    1
    0
    8
    0
    1
    0
    0
    3
    0
    0
    0
    0
    0
    2
    4
    0
    3
   18
   39
   52
    0
    5
   12
    4
   62
    5
    0
    0
    0
    0
    0
   14
    5
    0
    0
    0
    0
    0
    0
   16
    0
    0
    0
    5
    0
    0
    0
    0
    0
    0
    0
    0
   91
    0
    0
    0
  125
   29
   38
    1
    0
   21
    0
    0
    0
    0
    0
    0
    0
   69
   18
    0
    0
    0
    0
    0
   22
    0
    0
    0
    0
    0
    0
    4
   37
    0
    0
   95
    3
    4
    0
   26
    7
   25
    1
    0
    0
   35
   78
   11
    3
    8
    0
    0
   36
    0
    0
   52
   11
   16
    0
    0
   23
   64
    2
   17
    0
    0
    3
    0
    1
   30
    2
   23
    5
    0
    0
    0
    0
    0
    0
    0
    0
   20
    0
    0
    0
    6
    9
    8
    6
    8
   39
    0
    0
   10
  286
   24
    7
    3
    0
    9
    3
    8
   14
   30
  109
  206
    0
    3
    0
    0
    0
    0
    0
    0
    0
    0
    0
    0
    0
    0
    9
    5
    0
    0
    7
    4
    0
    0
    0
    0
    0
   67
    0
    8
    0
    0
    0
    0
    0
    2
   74
    6
    0
    0
    0
    7
   45
    0
   19
   17
    1
    0
    0
    0
   17
   48
   13
    0
   34
    0
    0
   13
    0
    0
    0
    0
    0
   12
    2
    0
    0
    0
    0
    0
    4
    0
    2
   27
    0
    0
    0
    0
    0
    0
    0
   78
   25
    0
    0
    0
    0
   31
    0
    0
    0
    4
    2
    0
    0
   26
   12
   20
    0
    0
    0
    0
    0
    0
    0
    0
    0
    0
   15
    0
    0
    5
   40
    0
    0
    0
    0
   22
    0
   31
    0
    0
    0
    0
    0
    0
    0
    0
    7
   42
    3
   13
   85
   61
   26
   24
   10
   52
    0
   17
    0
    0
    0
    4
    0
    0
    1
    0
    6
   29
    0
    2
    0
    0
    3
    2
    0
    0
    1
    4
   14
    1
    7
    0
   11
    0
    0
    0
    0
    0
    0
    0
    0
   27
   12
  165
    0
   49
   64
   18
    3
    2
  110
    0
    0
    9
    0
    0
    0
    0
    0
   19
  138
    6
    0
    1
   23
    0
    0
   19
   12
   45
    0
   17
    0
  131
  108
    0
    0
    0
    0
    0
    0
   12
    0
    3
    7
    0
    6
    1
    0
    3
    4
  138
   34
    1
    0
    0
    7
    1
    8
   38
   24
   16
    5
   10
    2
   19
    1
   16
   54
    6
    0
    0
    0
    0
    0
    0
    0
    9
    0
    0
    0
   67
    0
    0
    0
   29
   28
   28
  130
   34
    0
    8
    0
    0
   15
   22
   64
   51
    0
  210
   72
    0
   28
   45
    2
    0
    0
   62
   16
   33
    0
    0
    1
    0
    0
    0
    0
    0
    0
    4
    3
    0
   42
    2
   57
    0
    0
    0
    0
   21
    0
    3
   27
   22
   13
   10
    0
    1
   54
    0
    0
    0
    0
   21
   39
   45
    9
   71
    0
    0
    0
    0
    0
    0
    0
    0
    0
    0
    0
    0
    0
    0
    0
    0
    0
    0
    0
    0
    0
    0
  143
    0
    0
    0
    0
   87
    0
    2
   12
    0
    0
    0
    0
   18
    0
   32
    0
    0
    0
    0
    0
    0
    1
    0
    0
    0
    0
    0
    0
    0
   33
   43
  337
  100
    0
    0
    0
   11
   15
    0
   38
   39
    0
    0
   35
    0
    0
    0
  308
   60
    0
    0
  171
    0
   14
    0
    0
    0
    5
    0
    0
    0
    0
    0
    0
    0
    0
    0
    0
    0
    6
   30
   32
    1
    0
   19
    0
    2
   57
    0
    0
   67
   38
    4
   23
    0
    0
   36
    5
  278
   24
    8
    2
   26
   84
    0
   16
    9
    0
    0
    5
    3
    0
   65
    0
    0
    0
    0
    0
    0
    0
    0
   27
   29
    3
    4
    0
    0
    0
    0
    0
    0
    0
   37
   65
    7
   10
    0
    4
    0
    8
    0
    0
    0
   12
    0
    0
    0
    0
    0
    0
  126
   33
   17
  117
   72
   30
   49
   47
    0
    0
    0
   27
    0
    0
    4
    0
    5
    0
    0
   15
   42
    0
   13
   14
   32
    0
    6
   23
    9
    0
   52
   20
   29
   21
   29
   24
    7
   12
    0
    0
    0
   14
    0
   49
    0
    0
   15
    0
    6
   15
  148
   17
   50
    0
    0
    0
    0
    0
    9
   84
   26
    7
    0
    0
    0
    0
    0
    0
    0
    0
    0
    0
    0
    0
    0
   41
   58
   36
    9
    4
    1
   73
  168
    0
    0
    0
    0
    3
    0
    0
   29
    7
  162
    8
    7
   15
   19
   13
    9
    0
    0
    0
    0
    0
    0
    0
   24
   40
    1
    4
    3
    2
    3
    2
    6
    2
    0
   54
   13
    4
   28
   39
   15
   14
   10
   11
   12
    0
   15
    0
    0
    0
    8
    1
   27
   34
    0
    0
    0
    0
    0
    0
    0
    7
    0
   19
   28
    0
    0
    0
    0
   30
   11
    0
   13
    4
    6
    0
    0
    0
    0
    0
    0
    0
    0
   15
   18
   17
    0
    0
    0
    0
    0
    0
    0
    0
    0
    3
  112
   57
    0
    0
    6
    0
    0
    0
    0
    0
    0
    0
    0
    0
   29
    0
    0
   21
    3
    0
    0
    0
    0
    0
    0
   32
    2
    8
    0
    0
    0
    0
    0
  471
   30
    7
    0
    0
  141
   63
   24
    0
   70
   53
    0
  126
   64
    0
    0
   43
    0
    0
    0
   45
  107
   40
    0
   12
   18
   42
   25
   25
    0
   10
    0
    0
    4
    7
    0
    3
   47
   12
    0
    0
    0
    0
    0
    0
  196
    0
   17
    0
    0
   74
    0
   33
   42
   56
  122
   71
    0
   48
   67
    0
    3
   56
   42
    2
   77
   25
  130
   34
    0
    4
  123
    0
    0
    3
    0
    7
    0
    0
   12
   36
   46
    0
    5
    0
    0
   37
   12
    0
    0
    0
    4
    0
   68
    0
    0
    0
    0
    0
    0
    0
   60
   30
    0
   41
  128
   26
    2
    0
    0
   30
    0
    5
   78
   76
   89
    0
   37
   13
    1
    0
    0
    0
   52
    0
    0
    0
    2
    0
    0
    0
    0
    0
    0
   12
    0
    0
    0
    0
    0
    7
    5
   30
    0
    3
    0
   19
    7
    0
    0
    0
    0
    6
    4
   11
  102
   11
    0
    0
    0
    0
    0
    3
    3
    1
    4
    4
    5
    1
   56
   41
   13
    6
    0
   12
    0
    0
  173
   49
    9
    0
    0
   26
    0
   15
   71
    0
    0
    0
    0
    3
   29
    0
    0
    0
   30
    1
   11
    0
    0
   23
   63
   10
   61
    4
   56
   25
   22
    0
    0
    2
    4
   30
   89
  164
   11
   49
   16
  141
   60
    0
    0
   33
   11
   38
    0
   56
   87
    3
   12
    0
    2
    4
    5
    3
   11
   52
   16
    0
    0
    9
    2
    0
    0
    1
    0
    1
   22
    2
   35
   56
   30
   14
   11
   23
    2
    4
    6
    0
    0
    0
    0
    1
   36
    5
   17
    9
   11
    0
    0
    0
    0
    0
    0
    0
    0
    8
   67
   20
   29
    6
    0
    0
    3
   23
   22
   86
    0
   12
    0
   37
    0
    0
    0
    0
   70
   73
   76
  297
   23
   16
   57
   38
   15
    0
   56
   47
   34
   36
    7
    1
    1
    0
    0
    0
    8
    9
    3
   53
    0
    0
    0
    0
    4
   53
  165
  562
   41
   12
    0
    3
   28
    0
    0
    0
    0
    0
    0
    0
    0
    0
    0
    0
    0
    5
   11
    0
    0
   32
   29
    0
    0
    0
    0
    0
    0
    0
    0
    4
    6
   10
    0
  167
  352
   19
   14
   27
  108
   74
   34
   36
   44
    4
    0
    0
    0
    0
   53
    0
    1
   76
    0
    0
    0
    0
   21
    0
    0
    6
    0
    0
   42
    0
    1
    0
    0
    0
    0
    0
    0
    0
    0
    0
    0
  350
    0
    0
    0
    0
  152
    6
    4
  234
   12
    0
    0
    0
    0
    0
    2
   21
    0
    0
    0
    0
    0
    0
    0
    0
    0
    0
  168
    0
    0
    0
    0
    0
  184
    0
    0
    0
   21
    0
   13
    0
    0
   69
  145
  192
   67
    3
    0
    0
  106
  143
    0
    0
    0
    0
   59
   32
   78
    0
   11
   94
    0
    0
   41
    0
   29
    0
    0
   19
  121
    8
  201
    0
   83
    0
   34
    3
   26
   38
    2
    0
    9
    0
    0
    0
    0
    0
    0
    0
    0
    0
    0
    0
    0
   15
    3
  125
    8
   41
    0
    0
    0
   12
    0
    0
    0
    0
    0
    0
    0
    0
    0
    0
    0
    0
   17
   11
    0
    8
    0
    3
    0
   61
   33
   28
    0
    0
    0
    0
    0
    3
    4
    2
    0
    0
    0
    0
    5
  126
   28
    5
   89
    0
   37
    0
    0
    0
    3
    4
   24
   37
    4
    1
    5
    2
    0
    0
    7
    2
   10
    0
    0
   15
    8
   65
    0
   75
   53
    0
    3
   20
    0
    0
    0
    3
    5
    0
    0
    0
    0
    9
   24
   48
   14
    3
   14
   18
   20
    8
    0
    0
    0
    7
   10
   72
    9
   10
   18
    0
    4
    7
    0
    0
   64
   70
   27
   31
   37
    5
    0
   13
   30
   67
   10
   38
   23
    0
   16
   29
    0
   35
    0
    4
    0
  145
    0
   14
    9
   18
   34
    1
   40
    4
    9
    5
   41
    3
   20
    0
    0
   12
   32
    0
   24
    0
    0
    3
    4
    0
    0
    0
    2
    0
    0
    0
    0
    0
    1
    0
   16
   12
   20
    0
    0
    5
    0
    0
    0
    0
   27
   18
   27
   59
   67
    0
   69
   67
    0
    0
    9
    3
    4
   34
   23
   26
  127
   49
   25
    0
    0
   27
   21
  203
   52
  121
    0
    0
    0
    0
    0
   57
   49
    0
    0
    0
    0
    0
    0
    0
    0
    0
    0
    0
   11
  100
    3
    0
   69
  112
    0
    0
   12
   15
   99
    0
    0
    0
    0
    0
    0
    0
    0
    0
    0
   44
   69
   12
  237
   76
    0
    0
    0
    7
   26
    4
    9
    5
   45
   21
   73
    0
    8
    5
   58
    0
    0
    0
   48
    4
    8
   22
    0
    0
    0
    0
    0
    0
    0
  125
    9
    0
    0
    0
    0
    0
    0
    0
    0
    0
    0
   61
   17
  102
    1
   19
    0
    0
    0
  187
    0
    0
    0
    0
    0
    4
    0
    0
    0
    0
    0
    0
    0
    0
    0
    0
    0
    0
    0
    0
    0
  317
   12
    0
   28
    0
    0
    3
   30
    0
    0
    0
   12
   38
   13
   52
   36
    7
    8
  289
  148
    0
    0
   11
    0
    0
   18
   13
    0
    0
    2
   11
  112
    0
    0
    0
    0
    0
  139
   47
    0
    0
    0
    0
    0
  140
   41
    0
   14
   28
   13
    0
    0
    0
    3
    3
    0
    0
    0
    0
    3
    0
    0
    0
    0
    0
    0
    9
    0
    4
    0
    0
    0
    0
   10
    0
   11
    4
    9
    2
    5
   66
   80
   85
   24
    0
  136
   29
   18
    6
    0
    0
    0
    0
    1
   30
   19
    2
    4
   53
    0
    0
    2
    1
    0
    0
    0
    0
    8
    3
    0
    0
    0
    0
   12
    6
    1
    2
    0
    2
    0
   34
    5
    0
    0
    0
    0
    0
   20
    6
   57
    0
   54
   85
    5
    0
    2
    0
    0
    0
    0
    0
    0
    4
    6
    0
    0
    0
    1
    1
    1
    0
    0
    0
    0
    0
    0
    0
    7
    0
    0
    0
    0
    0
    0
    0
    0
   30
    0
    0
    0
    0
    0
    0
   17
   15
    8
    7
    0
    0
    0
    0
    1
    0
   13
   27
    6
   45
   18
   19
   21
    0
   20
   18
    4
    0
    0
    0
    0
    0
    0
    0
    6
    1
    3
    0
    2
   49
    0
    0
    0
    1
    0
    1
    0
    0
    0
    0
    0
    0
    0
    0
    0
    0
   45
   14
    0
   21
    0
    5
   19
   35
    6
    4
    0
   39
    0
    0
    0
    0
    0
    0
    0
   97
    6
    5
    0
    0
    0
    0
    0
    0
    0
    0
    0
    5
   49
    0
    0
    0
    7
    4
    0
    0
  149
    0
   18
    0
   35
   64
   42
   76
    2
    5
    8
    6
    0
   65
    9
   27
   90
  106
    2
   12
   35
    7
   11
   15
    6
   29
    0
    0
    0
    0
    0
   54
    8
    0
    0
    0
    0
    0
    3
    0
   79
    0
    0
    0
    0
    0
    0
    0
    0
    5
    0
    0
    0
    0
    0
    0
    1
    0
   67
   31
   29
    0
    4
    0
   78
   60
   45
  294
   14
    0
  112
   17
    0
    0
    0
    0
    0
   25
    0
    0
    0
    0
  103
    7
   12
    0
    0
   10
  107
   60
    0
    0
    0
    0
    0
    0
    0
   11
   27
    0
    0
   42
   30
   37
    4
   18
   17
    0
    0
    0
    0
    0
    0
    0
   55
   37
    0
    0
   50
    0
    0
   12
    0
    0
    0
    0
    7
   31
    3
    0
    0
    3
    0
   38
  124
    9
    8
    0
    3
    0
    0
    2
   34
    0
    2
   17
   36
    0
   19
    4
   40
    0
   85
    4
    0
   14
   27
    0
    0
    0
    0
   11
    0
    0
    0
    0
    0
   76
   38
    1
    5
   24
   84
    0
    0
    0
    0
    0
   43
    0
   19
   16
   63
   27
    8
   19
    0
    0
    3
  106
   11
    1
    2
    0
    4
   79
    0
   15
   12
    2
   67
   18
   29
    3
    0
    1
   14
   15
   40
   36
   18
   67
   47
   10
   14
    3
    0
    0
    0
    0
    0
    0
    0
    0
    0
   47
    0
   22
    0
    0
   43
  165
    4
    0
    0
    0
    0
    2
    2
    0
    0
    9
    2
    0
    0
    0
    0
   26
    1
    0
    0
    1
    0
    1
    2
    0
    0
    0
    0
    0
    0
    2
   26
    5
    0
   10
    6
    1
    3
    0
    2
    4
    0
    4
    6
    0
    0
    0
   25
   80
    0
    0
    0
    0
    0
   61
   56
   52
    0
   13
    0
    0
   61
   22
    3
   12
    0
    0
    0
   31
   28
    2
    0
    1
    2
    0
    0
    0
    0
    0
    0
    0
    0
    0
    0
    0
   14
   34
   67
    3
   26
   75
   20
    5
    2
   30
    0
    0
   14
   48
   27
   15
    0
    0
    0
    0
   20
    0
   84
    3
    0
    0
    0
    0
   34
    7
   13
   22
    0
    0
    1
   12
    4
    0
    0
    0
    0
    0
   19
    6
    2
   21
  135
    5
    0
    0
    0
    0
   37
   94
    0
    4
    0
    6
    0
    0
    0
  153
    0
    0
    0
    0
    0
   53
   40
   67
   15
   25
    0
   22
   28
    6
    0
    0
    4
    0
    0
    0
    0
    0
    0
    0
    0
    0
    0
    0
    0
   45
   61
    3
    1
    0
   19
    0
   27
   76
    0
   30
   24
    3
   14
    0
    0
    0
   46
    7
    0
    1
   62
    3
    0
    0
    0
    0
    0
    0
    0
    0
    0
   11
   48
  237
  274
   94
  316
   51
    0
  255
    0
   13
   14
    0
    0
    0
   10
  134
   57
    0
    0
    0
    0
    0
    0
    0
    0
    0
    0
    0
    0
   25
    8
    0
    0
    4
    0
    0
    0
    0
    0
    0
    0
    4
    0
  112
    3
    0
    0
    0
    2
    2
    0
   40
    4
    0
    0
    8
    0
    0
   61
   60
    0
    0
    0
    0
    0
    0
    0
    0
    0
    1
    0
    0
    0
    0
    0
   19
    6
   24
   10
    0
    0
    0
    0
    3
    7
   23
   50
   55
   12
   48
   24
   43
    0
    0
    0
    0
    2
    0
    0
    3
   14
   30
   10
    0
    0
    0
    0
    0
    0
    1
    2
    0
    2
   28
    0
    4
    3
    1
    0
    0
    0
    0
   85
    0
    0
    0
    0
    0
    6
    7
    0
    0
    0
    0
    0
   17
    1
    0
   42
  187
  154
    0
    4
   63
   20
    1
    2
   53
   45
   67
   23
   49
    2
    0
    0
    0
   16
   45
    5
    0
    0
  112
   16
    0
   17
    2
   15
    0
    0
    0
    3
   27
    1
   15
   23
   18
   24
    0
    0
    0
    0
    0
    0
    0
   61
    0
    1
   92
   33
    4
    8
    9
    0
    0
    0
    0
   32
    0
   10
    0
    0
   20
    0
    0
    0
    0
    0
    0
    0
    0
    0
    0
    0
    0
    0
   56
    2
    0
    0
    0
    2
   79
    5
   28
    6
    0
    0
   61
    0
   31
   38
   32
   27
  101
   20
   33
    0
    0
    0
    4
    0
    0
   29
   56
   25
    5
    0
    5
    0
    7
    0
    0
    0
    0
    2
    0
    0
    0
    0
   32
   34
   41
    0
    0
   12
   23
   97
    3
    0
   57
    7
    0
    0
    2
    0
    0
    0
    3
    0
   85
    0
    0
    0
   12
    8
    0
    0
   13
    0
    0
   39
    1
    3
    6
    7
    0
    0
    0
    0
    0
    0
    0
    0
    0
    0
    0
    0
    0
   30
   19
    0
    5
    0
   10
    0
    4
    0
    0
   96
    2
   13
   66
    0
    0
    0
    0
   46
    0
    0
   20
   36
  166
    0
    0
    0
   12
   31
    0
    0
    0
  109
   63
   36
   41
    0
    0
    0
    2
    0
   29
    0
    0
   12
   48
   29
    3
    0
   90
   64
   14
   33
   26
   51
    0
    0
    1
    2
    0
    0
    0
   23
    0
   56
   14
    0
    0
  223
   35
   16
   47
    0
    6
   14
    0
   22
    0
    0
    0
    0
    0
    0
    0
    3
    0
    0
    0
    0
    0
    0
    0
    0
   25
   10
   37
    0
   16
  257
   24
   40
   13
    5
   32
    0
    0
   40
    0
  168
    7
    0
    0
   37
    2
    6
  115
    0
  298
  113
  172
  121
   14
    0
    0
    0
    0
    0
    0
    2
    0
    1
    0
    0
    0
  130
   37
    6
    0
    0
    0
  146
    8
    3
   32
   27
   26
   30
   52
    0
    0
   88
    3
    0
    1
    0
    0
   37
   71
    2
   14
   30
   84
   13
   40
   96
  145
   28
    3
   18
    1
    2
    0
   19
   69
   22
   26
    0
    5
   58
    3
   14
   13
    0
    2
    2
    0
    0
   18
    0
    3
    4
    1
    0
    3
    0
    0
    0
    0
   20
   21
   36
    0
    0
    0
    0
    2
   30
    7
   34
   37
    3
    0
   12
    0
    0
    0
    5
    0
    0
    0
    0
    5
    3
    0
    0
    0
    0
    2
   45
    4
    0
    0
    9
   40
    7
    0
   15
    0
   10
    0
    2
    0
    0
    0
    0
    0
    2
   20
    0
    0
   44
   20
   32
    4
    1
    0
    3
   10
    4
   51
    7
   51
    7
   48
   14
    4
    0
    0
    0
    5
    0
    4
   57
   15
    0
   76
    0
   42
   26
   42
    3
   14
    4
    0
    0
    4
   87
    0
    0
   23
    0
    0
    0
    8
   27
    0
    0
    0
    0
    0
    0
    0
    0
    0
    7
    3
   41
   25
    0
    0
    0
  125
    0
    0
    0
    0
    0
    0
    0
   56
    3
   77
    5
    2
    0
    0
   20
    0
   33
    5
   17
   38
   38
    0
    0
    0
   19
    0
    2
    0
   12
    6
    0
    0
    0
    0
    0
    0
    0
    0
    0
    0
    0
  112
    0
   60
   97
   49
    2
   49
    0
    3
    0
    0
    0
   74
   24
   12
    0
    0
    0
    0
    0
   32
    0
   16
   15
    4
  115
   13
    0
   15
    1
    0
   56
    0
   40
   50
    0
    0
    0
    0
    0
   86
   97
    2
   80
    5
   16
    0
    1
    0
    0
    0
    0
    0
    5
    0
    0
    0
  123
  129
  156
   65
   11
    0
    0
    5
    9
    0
  136
   12
    1
    0
    0
    0
   85
    0
   12
    2
    0
    0
    0
    0
    0
    0
    0
    0
    0
    0
    0
    0
    0
    0
    0
    0
   12
   78
    5
    0
    0
   43
   36
   10
   74
   46
    0
    0
    0
    0
    0
    0
    0
   27
    0
    0
    0
    0
   26
    0
    0
    0
    0
    0
   20
    0
    0
    0
    0
    0
    0
    0
    0
    0
    0
    0
    0
    0
   51
    0
    4
    0
    0
    0
   10
    0
    0
   24
   13
   33
    0
   20
    0
   21
   12
   34
   31
   78
    4
   28
    0
    0
    7
    0
    0
    0
    0
    0
    0
    0
    0
    4
    8
    3
    8
    0
    0
    8
    7
    3
   11
   97
    0
    0
    0
    1
   33
  197
  161
   56
    0
    0
    6
    8
    0
    0
    2
   31
   24
    5
    2
    4
    0
    0
    6
    0
    0
    0
    0
    0
   17
    0
    3
    0
   22
   18
   18
    0
    0
    0
   14
   28
   10
    7
    2
    4
    2
    0
    4
    2
    0
    0
   12
   23
   20
  129
   50
    1
    4
    1
    0
   23
    0
    0
   46
    0
    6
    0
    0
    3
    2
    0
    0
    0
    0
    0
   26
   51
   33
    0
   35
   41
   40
    0
    0
    0
    1
    0
    0
  126
   64
   62
    2
   51
   31
   24
    0
    0
    0
   27
    2
    4
    0
    2
   33
    4
   15
    2
   23
   38
   42
    5
    0
   33
    0
  139
   70
    0
    0
   16
    0
   10
   14
    9
    7
   10
    0
    6
   77
   70
   43
   45
    9
    4
  151
   34
   86
   30
    0
    0
    1
    0
    0
    0
   39
    4
   10
   15
   60
    2
   35
   16
    1
    0
    0
   10
    0
    0
    6
    6
    2
    0
    0
   34
    4
    0
   14
    0
    0
    4
   10
    0
    0
    0
    0
   10
    0
    0
    0
    0
    0
    0
  295
    0
    0
    0
    0
    0
    0
   54
    0
    0
    0
    0
    0
    0
    0
    0
   13
    0
   13
   91
   35
   22
    0
    0
    7
    0
    7
    2
   14
   40
    0
    0
    0
  175
    0
    1
    6
    0
    0
    0
   11
  280
    0
    0
    0
    0
    0
    0
    0
    0
    0
    0
    0
   35
   25
   53
    3
    0
    0
    0
    0
    0
    0
    5
    7
  180
    0
   62
    2
    0
    7
    0
    0
   16
   61
    0
    0
    0
    0
   16
    9
    0
   30
    0
    0
    0
    0
   10
   12
   25
    0
    0
    0
   21
    0
    0
    0
    0
   22
    1
    1
   41
    0
    0
    0
    0
    4
    0
   82
    0
   35
  231
   62
    0
    0
    0
    0
    0
   20
  140
    2
    0
    0
   81
   64
  153
    0
   10
   39
    2
    0
    0
    0
    0
    0
   54
    2
   21
   61
    0
    0
    0
    0
    6
    0
    0
    0
    2
    0
   32
    0
    0
    0
  134
    0
    0
    0
   18
   38
  129
   17
    4
   24
   21
    0
    0
    0
    0
    0
    0
    5
    0
    0
    0
    0
    0
    0
    0
    0
   24
   22
    0
    2
    4
    0
    0
   29
    0
    0
    0
    0
    0
    0
    0
    0
    4
    9
   75
    0
    0
   31
    0
   13
    0
   31
    0
    0
    0
    0
    0
    0
   21
    0
    0
    0
    0
    0
    0
    0
    0
    1
    9
    0
   28
   33
   30
    0
   42
   73
    0
    0
    0
    0
    0
    0
    0
    0
   29
   31
   21
    1
    0
    0
   10
    0
   20
    0
    3
    5
   75
    0
    0
    0
    2
    5
    0
    0
    0
    0
    0
    0
    0
    0
    0
    0
    0
   39
   27
   52
   17
    0
   16
    7
    1
    3
    1
   66
    9
   29
   56
    6
    0
    0
    0
    0
    0
    3
    0
    2
    0
    0
    6
    3
    0
    0
    0
    1
  133
   14
    2
    8
    7
    0
    0
    9
   11
    9
   72
    2
    0
    0
   40
    4
   40
    3
  100
    9
    1
    0
    0
   87
   39
   46
    0
   42
    0
   99
  126
  177
   12
    0
    4
   25
    7
    0
    0
    0
   12
   32
    0
   23
    0
    0
    0
   85
    0
    0
   23
    3
   94
    9
    6
    4
    7
    2
    6
    2
    0
    0
   69
    9
    3
   30
    0
    0
    0
    0
    9
    0
   98
   84
   38
    0
    0
    0
    0
    0
    0
    4
    4
   15
   80
    8
    0
    0
    0
    0
    0
    0
    0
    0
    0
   42
    0
    0
  107
   24
  108
  108
   58
    0
    0
   25
   15
   24
   34
   51
    0
    0
    0
    2
   20
    0
    0
    0
    0
   88
   70
    0
    0
    0
    0
    0
    3
   10
   88
    0
    0
    0
    0
    0
    2
  376
  285
  173
    0
    1
    2
   22
   75
  275
   24
    0
    0
    0
    0
    0
    0
    0
    0
   17
    0
    0
    1
   22
    0
  113
    0
    2
   77
   76
    8
   38
    0
    0
    0
    0
    0
    0
    3
    0
    0
    3
    1
    0
  295
   43
    5
    0
    0
    0
    0
    0
   42
    0
    0
    0
    0
    0
   24
   59
    5
    0
   11
  106
   25
  143
   98
   55
   29
   52
    5
   10
    0
    0
    0
   52
   15
    0
    0
    0
   75
    0
    0
  105
   13
    2
   25
   28
    0
   56
    0
    0
    0
   32
   25
    0
    0
    0
    0
    0
    0
    0
    0
    0
    0
    0
    0
   54
    7
    3
   32
    0
    0
   13
    8
   20
    0
    2
   18
    5
    0
    0
    0
    8
   62
   64
   33
    0
    0
   56
    0
    0
    0
    0
    6
    3
    3
    0
    3
   63
    0
   10
   10
   16
   32
    1
   28
    0
   20
    2
    0
   58
  109
   73
   20
    0
    0
   10
   20
    5
    0
    5
    4
   13
   15
   10
   36
    0
   16
   50
    0
   31
    0
    7
   10
   23
   28
   18
   15
    0
    7
    0
    0
    0
    8
    1
    0
    0
    0
    1
   13
    0
    0
    0
    2
    0
   24
    0
   35
    6
    0
    0
    0
   15
   14
   40
   41
    0
    0
    0
    0
    0
    0
    0
    5
    0
    3
   25
   95
   19
   17
    5
    0
    0
    0
    0
    0
    0
   49
   17
    0
   36
    4
   12
   51
   30
   10
    5
   20
    2
    0
    0
    0
   28
   50
    0
    3
    0
    0
    0
  108
   55
    4
    0
    0
   11
   14
    8
   15
    7
    0
    0
    0
    0
    0
    0
    0
    0
    0
    0
    0
    0
    0
    0
    0
    0
    0
    0
    0
    0
    0
   26
  172
  103
    0
   10
    0
    0
    0
    0
    0
    0
    9
    0
   23
   45
    3
   12
    0
   38
    0
   16
   63
   36
   51
    0
    0
    0
    0
    7
    0
    0
    0
    0
    0
    0
    6
   49
    0
    0
    0
  106
    8
   33
    4
   34
   24
    0
    0
    0
    0
    0
    0
    0
    0
  110
   32
   54
    3
   32
    0
   39
   79
   29
    7
   29
    0
    0
    0
  209
   58
    0
    2
    0
    0
    0
    6
    0
    1
    0
   20
    6
    0
    0
    0
    0
    0
    0
    0
  156
   21
    0
   22
    0
    0
  337
  434
   14
    7
    0
    0
    0
   20
   49
    1
    5
    0
    0
    0
    0
    0
    3
    0
    0
  123
    0
    7
  152
  116
    0
  180
  214
  383
   20
    0
    0
   48
    7
    0
    0
    0
    0
    0
    0
    0
    0
    0
    0
    0
    0
    0
    0
    0
    0
    0
    0
    0
    0
    0
    0
    0
   71
    0
    0
    0
   78
    0
    6
    8
    1
    0
    0
    7
   20
   30
    0
   13
   85
    0
    0
    0
    0
    0
    0
   13
    6
   98
   19
   18
    0
    0
    0
    0
    0
    0
    0
   31
   60
    8
   15
    0
   15
   42
   50
   10
    0
   45
   21
   52
   34
   13
    0
    0
   49
   72
   96
    8
    0
    0
   21
  124
   34
   12
   30
    0
    0
    0
   16
   18
    0
   23
  140
    0
    0
  100
    0
    0
   12
    0
    0
    0
  150
  175
    0
    0
    0
   13
    6
    0
    0
    0
    0
    0
    0
    0
    0
    0
    0
   27
   19
    0
    0
    0
    0
  130
    0
    3
    0
   17
    5
    7
  114
  309
    1
