Station: Koennern , scaling_factor: 10.0, latitude:  51.6723, longitude:  11.7791, altitude:  90, nodata_value: -9
start: ..1969-01-01  end: ..2001-12-31
   83
   35
    0
    4
    0
    0
    0
    0
    0
    0
    0
    0
    0
    0
    0
    0
    0
    0
    0
    0
   13
   46
    1
   35
   69
    0
   20
    0
    0
    0
   14
    3
    5
    4
    0
    0
    0
    0
    0
    1
   11
    0
   15
   11
    0
  241
   28
    3
    0
    0
   23
    0
    0
    0
    0
   54
    0
    0
    0
    0
    0
    0
    0
    0
    0
    0
    0
    0
    0
   22
   56
  131
   31
    5
    0
    0
    0
    2
    0
    0
    0
   13
    2
    2
    3
    2
    2
    0
    0
   25
    0
    4
    0
    0
    0
    0
    0
    0
    0
    0
   79
   11
    2
    1
   30
   15
   18
    1
    5
    0
    0
   29
   37
   48
    0
    2
   36
   11
   16
    8
   15
    1
   24
  145
    0
  414
   50
    0
   26
    3
    0
    0
    0
    0
    0
   21
    0
   18
    4
   24
    0
    1
    0
    0
    2
   62
    0
    1
    0
   10
    5
  170
   20
   48
    0
    3
   66
    0
    0
    0
    0
    0
    0
    0
   34
    0
    0
    0
   24
    8
    9
    0
    0
    0
  116
    0
    1
   47
    9
   60
    0
    0
    0
    0
    0
    0
    0
    0
    5
   22
   29
   27
    0
    0
    0
    0
    0
  135
    0
    0
    0
    0
    0
    0
    0
    0
    0
    0
    0
    0
    0
    0
    0
    0
    0
    0
    0
    1
    0
    0
    0
    0
    0
   23
   32
   25
   55
   30
   44
   74
    0
   34
   22
    8
    0
    0
    6
   15
   12
    4
  116
   19
    0
    0
    0
    0
    0
    0
    0
    0
    0
   63
    0
    0
    0
    0
    0
    0
    5
    0
    0
    0
    0
    0
   23
    0
    0
    0
    0
    3
    0
    0
    0
    5
   72
    7
    0
    0
    0
    0
    0
    0
    0
    1
    0
    0
    0
    0
    0
    0
    0
    0
    0
    0
    0
  140
   13
    7
    1
    0
    0
    2
    3
   17
    0
    0
    0
   19
    0
    0
   10
   15
   38
    0
    0
    6
   10
    6
    1
    0
    0
    0
    9
    5
    1
   21
   22
   92
    0
    0
    0
    0
   33
    0
    0
    0
   64
    0
    0
    0
    0
    8
    0
    0
    0
    0
    0
    0
   59
   15
    6
   52
    4
    1
    0
    0
    1
    0
    0
    0
    0
    0
   15
   13
    7
    1
    4
   36
   25
  120
    1
    0
    0
    0
    0
    0
    0
    0
    0
    0
   31
    1
    0
    0
    0
    0
    0
    2
    0
    1
   65
   83
   12
    1
    0
    0
    0
   72
    6
    0
   14
    0
   21
    0
   25
    5
    8
   21
    2
    0
    0
    0
    3
    0
   14
    3
   24
  145
  104
   18
    0
   39
   41
    0
    5
   40
    1
   75
  145
    2
    0
    0
    0
    0
    0
    0
    9
    0
    3
    2
    6
   16
   16
   13
    0
    0
    0
   33
    6
    0
    0
  135
    0
    0
   13
    0
    0
    5
    0
   12
    2
    0
    6
  130
    2
    0
    0
   60
    0
    3
   69
    1
    0
   30
    0
    0
    1
    0
    8
    5
    0
    1
    0
   26
   45
   26
    1
    2
    0
    0
    0
    0
    0
    0
    0
   26
  113
    3
    0
   18
   10
    0
    0
   33
   51
    1
    1
    6
    0
   58
   31
  112
   33
   22
   50
    2
    0
    0
    0
    7
    2
    0
    0
    0
   10
   77
    0
    0
    0
    0
    0
    0
    0
    0
    0
    0
    0
   86
   30
    3
    3
    0
    0
  103
   67
    0
   88
   20
    2
    8
    0
    0
    0
    0
    0
    0
    0
    0
    0
   18
   20
    0
    0
    3
   38
   27
    0
    0
    0
   15
   61
   14
    0
    0
  123
    0
   63
  108
    0
    0
    0
    0
    0
   71
  258
    0
   25
    0
    0
    0
  174
    0
   25
   10
    0
    0
  346
  313
  259
    0
    3
    0
    0
  106
    0
    0
    0
    0
   36
    0
   16
   40
    0
    0
    0
   20
    0
   24
   75
    0
    0
    0
    0
    0
    0
    0
    0
    0
    0
    0
    0
    0
   15
    0
    0
    0
    0
   90
   36
   58
   23
   27
    0
    0
    0
    0
    0
    0
    0
    0
   10
    0
    0
    0
    0
    0
   45
   26
   34
   36
    6
   27
    0
   50
   17
   73
    2
    2
   44
    0
  107
   20
    1
   65
   61
    0
    0
   23
   39
   31
   41
    0
   33
    0
    0
    0
   10
    1
    0
   21
    7
    0
    0
    0
    0
    3
    0
    0
    0
   31
    4
   20
   45
    1
    0
    1
    0
    0
    2
    0
    0
    0
    6
    0
    0
    2
    0
    0
    0
   10
    4
    6
    0
    0
    0
    0
   71
    0
   69
    1
    0
    0
    0
    0
    0
    0
    0
    0
    0
    0
    0
    0
    0
    0
    0
   25
    9
    0
    1
    0
    0
    0
   18
    0
    0
    3
   17
   11
    0
    0
    2
    0
    0
    0
   16
    1
    0
    0
    2
    0
    0
    0
   24
    1
    0
    0
    0
    3
    0
    3
    0
   44
   29
    7
    3
   53
    0
    3
   66
    4
    2
    0
   28
    0
    0
    0
    0
    4
    0
   12
    0
    0
    0
    0
    0
    0
    0
   29
    0
    0
    0
    0
   10
    1
    0
    0
    0
    0
    3
    3
    1
    0
   67
    0
    0
    0
    0
    0
    0
    0
    0
    0
    0
    0
    0
    0
   21
    0
    0
    0
    0
    0
    0
  234
   37
   43
   12
    0
    0
    0
    0
    0
    0
    0
    0
    0
    0
    0
   10
    0
    0
    0
   35
   84
   16
    0
    0
   58
    0
   88
    0
    0
   46
   18
    0
   98
    0
   15
   10
    1
    0
    0
    7
    0
    0
    3
    0
    0
    1
   25
   83
   75
    6
   15
   15
   83
   16
   15
   17
   54
   67
    0
   13
    0
    0
    0
   85
    6
   62
    1
   16
    0
    0
    0
    0
    0
    0
    0
    0
    0
   37
    0
    0
    0
   10
    0
    0
    0
    0
    0
    0
    0
    0
    0
    0
    0
    0
    0
  274
    0
    0
    0
    3
    0
    0
    0
    0
    0
    4
    6
    0
    0
    0
    0
    0
   17
    0
    0
    0
    0
    0
    0
  196
  377
   18
    0
    0
   14
   18
   14
    0
   26
   20
    0
    0
    0
    0
    0
    0
    0
    0
   64
   28
    3
    0
    9
    0
    0
    0
    0
   55
    1
    0
    0
    0
    0
   15
   56
    0
    0
   12
    0
    0
    0
    0
    0
    0
    0
    0
    0
    0
    0
    0
    0
    0
   57
   89
    0
    0
    2
    0
    2
    8
   30
    0
    0
    0
    0
    0
    0
    0
    0
    0
    0
    0
    0
    0
    0
    0
    0
    0
    0
    0
    0
    0
    0
    0
    0
    0
   42
    2
   64
    0
    0
    5
    0
   26
    2
    0
    0
    0
    0
    0
    0
    1
    1
    0
   12
    4
    5
   14
    0
   16
    5
   10
   49
    0
    0
    0
    0
    0
    0
   14
   37
    5
   37
   12
    1
    0
    0
    1
    0
    5
   27
    0
    0
    0
   10
    0
    0
    0
    0
    5
    3
    0
    0
    0
    0
    0
    0
    0
    0
    0
    0
    0
    0
    0
    0
    0
    2
    0
    4
    0
    0
    0
    0
    0
    0
    0
    0
    3
    5
    0
    0
    0
   16
    7
    0
    0
    0
    0
    0
    0
    0
    0
    0
    0
    0
    0
    0
    8
   14
    0
    0
    0
    2
    0
    0
    2
    0
    0
   71
    0
    4
  364
    0
    0
    0
    0
    0
    0
    0
    0
    0
    0
    0
    0
    0
    0
    0
    3
   31
   24
   16
    0
  101
    4
   39
    4
    0
   10
   37
    7
    0
    0
    0
    5
   14
    0
    0
   39
    0
    0
  113
   18
    0
   24
    2
    0
    0
    0
    4
    0
    0
    0
    0
    0
    0
   19
    7
    0
    0
    0
    0
   44
  116
    3
   21
   48
    0
    0
  179
    0
   26
   32
    0
   14
    0
    0
   42
    4
   14
   32
   39
    7
    0
    0
    2
    0
    0
    0
    0
  220
   39
    1
    0
    0
   16
  220
    2
    0
    0
    0
    0
    0
   11
    0
    0
   20
    9
    0
    0
    0
    0
    0
    0
  320
    0
   10
   27
    0
    0
    0
    0
    0
   25
   82
    0
    0
    0
    0
   35
    0
   20
    2
    0
    0
    0
    0
   26
  128
    0
    0
    0
    7
  240
  165
    2
    0
    0
    0
   10
    0
    0
    0
    0
  160
    0
   88
    0
   62
    4
  170
   14
   74
   58
    0
    0
    5
   30
    0
    1
    4
    0
    0
    0
    0
    0
    0
   22
    0
    0
    0
    0
    0
    0
    0
    0
  107
    0
    0
    0
   20
    0
   28
   82
   77
    0
    0
    0
    8
   12
    5
    0
   41
   26
    0
    0
    7
    0
    0
    0
    0
    0
    0
    0
    0
    0
    0
    0
    0
    0
    0
    0
    0
    0
    0
    0
   17
   15
   64
    9
    4
    0
   12
    1
  175
    0
    0
    0
    0
    0
    0
    0
    0
    0
    0
    0
    0
   30
    9
   42
    0
    0
    0
    0
   45
   13
    2
   12
    3
    3
    0
    0
    0
    0
    0
    0
    0
    0
    0
    0
   11
    0
    0
    0
    2
    0
    0
   28
    0
    0
    0
    0
    0
    0
    0
    0
    2
    0
    0
    0
    0
    0
    0
    0
    0
    0
    0
    0
    0
    0
    0
   10
    0
    6
    4
    7
    2
    8
    0
    1
    0
    0
    0
   18
   32
    0
    0
   32
    0
   20
    0
    0
    0
    0
    4
    3
    1
    0
   67
   20
    2
    0
    0
    0
    0
    0
    0
    8
    0
    3
    2
    2
    7
    0
    0
    0
    0
   22
   10
    0
    0
    8
   17
  112
    2
   17
    0
    0
    0
   18
   27
    2
    0
    0
   16
    5
    0
    0
    3
    3
    0
    0
    0
    0
    3
   73
    3
    0
    0
    0
    0
    0
    0
    0
    0
    0
    0
    0
    0
   18
   35
   21
    0
   22
    0
   12
   11
    1
    9
    7
   24
    0
    0
    2
    0
   23
   17
    9
    0
    5
   17
    0
    0
    0
    0
    0
   19
   18
    0
   34
   86
    0
    0
  191
    0
    0
   47
    0
    1
    3
    0
    0
   98
    1
    0
    0
    0
    0
    0
    0
    0
   36
   14
    1
    0
    0
    0
    0
    6
   11
   13
    0
    0
    0
    0
    0
    0
    0
    0
    0
    0
    0
   38
    0
    0
    0
   51
   55
    0
    0
    0
    0
  218
    0
    0
    0
    0
   93
    0
    0
    0
    0
    0
    0
    0
    0
    1
    0
    0
    0
   21
   13
    1
    0
  106
    0
    0
   15
    2
    2
    0
    3
   52
   16
   28
   13
   84
    6
    0
    0
    0
    0
    0
   26
   16
    4
    1
   18
   14
    0
    0
    0
    0
    0
    0
    0
    0
    0
    0
   33
    0
    0
    0
    0
    0
    0
    0
    0
    0
    0
  208
    6
    0
   20
    0
    0
    0
    5
    0
    0
   65
    0
    0
    0
    0
    0
    0
   52
    4
    0
   40
   35
   14
    0
   11
   54
    2
    0
    0
    6
    0
    0
    0
    0
    3
    0
    0
    0
    0
    0
    2
    1
   92
    0
    0
    0
    6
  106
    5
    0
   13
   42
   46
   23
   62
    0
    0
    0
    0
    0
    0
    2
    0
    0
    0
    0
    0
   41
    0
    1
    3
    0
    1
   10
   25
   17
   10
    8
    6
    0
    0
    7
    3
    0
    0
    0
    3
    1
    3
    2
    0
   25
    0
   18
    0
    2
   18
    1
   34
  101
   11
    0
    0
    2
    3
   13
    0
    5
    2
    3
    0
    0
    0
    0
    0
    0
    0
    2
    1
    0
    0
    0
    0
    0
    0
    1
    0
    0
    0
   51
   27
    0
    5
    0
   10
    0
    0
    6
   17
    4
   33
   40
    0
    0
    0
    2
    0
    3
    0
    0
    1
    4
    0
    0
    0
    0
    0
    0
    0
   17
  101
   11
   31
    4
    0
    0
    0
    0
    0
    0
    0
    0
    2
   10
    0
   31
  157
   37
    0
    0
    0
    0
    0
    0
    0
    0
    0
   38
    0
    6
    0
    0
    0
    0
    0
    0
    1
    0
    4
   17
   34
   18
    0
    0
    0
    0
    0
    0
    0
    0
    0
    0
    0
   22
    0
    0
    0
    0
    0
    0
    0
    0
    0
    0
    0
    0
    0
    0
   88
    2
    0
    0
    0
    0
   20
    0
    0
   11
    0
    0
    0
    2
    1
    0
    0
    0
   37
   32
   36
   40
   10
    0
    0
    0
   27
    2
   83
   39
    0
    0
    0
    0
    0
    0
  132
   39
    9
    3
    0
    0
    0
    0
    0
    0
   47
    5
    0
   28
    0
    0
    1
   36
   41
   33
    3
   40
   32
    1
   84
    3
    2
   13
  107
    0
   16
    0
    0
    0
    0
    0
   46
  150
   84
    6
   17
    8
    0
   54
    5
    8
   40
    0
    0
    0
    1
   31
    0
    2
    2
    0
    0
    0
    0
    0
   29
    0
    0
    0
   57
    5
    2
    2
    0
    0
    0
    0
    0
   62
    1
    0
   13
    0
    0
   13
   64
   65
  130
   18
    0
    0
    0
    0
  113
   23
  102
  137
    2
    0
    0
    0
    0
   11
   20
    0
    0
    0
   48
    7
    0
   61
    3
    0
    0
    0
    0
   44
    0
    0
    0
    0
    0
    0
    0
    0
   54
    0
    0
    0
    0
    0
    2
    1
   70
    7
   89
    5
    0
    0
  157
    2
    0
    2
    0
   31
    0
    9
    0
    0
   20
    7
    3
  126
   64
    3
    0
    1
   77
   55
  271
    3
   11
   65
    2
   23
   46
    2
   24
   18
   44
   16
    0
    7
    3
    0
    0
    0
    6
    2
    0
    0
    0
    0
    0
    0
    0
    2
    0
    0
    5
   56
    0
    1
    2
    3
    2
   13
    3
    3
    9
    1
    3
   32
    7
   46
   34
   13
   11
    0
   25
   25
    3
   11
    7
    6
   31
   10
    0
    0
    0
    0
    0
    0
   51
    7
    4
   15
    7
    3
    1
   36
    0
    0
    0
    0
    7
   27
   11
    0
    0
    0
    0
    0
    0
    0
    0
    0
   20
    0
    0
    0
    0
    4
    1
    6
    0
   37
   32
    3
   13
   29
   10
    5
    0
    0
    0
    0
    0
    0
    0
    0
   20
    2
    2
   14
    1
    0
    0
   25
   11
    0
    0
    0
    0
    0
    1
    0
    0
    0
    0
    0
    0
    0
    0
    0
   15
    0
    0
    1
    5
   28
    2
   82
   27
    0
    0
    0
  143
  105
    0
    0
    0
    2
   27
    7
   18
    2
    0
    0
    0
    0
   19
   62
   20
   36
   22
    0
    9
    0
    0
   10
   24
   11
   43
   75
   17
    1
    0
    0
   12
    0
    0
    0
    0
   10
    0
    0
    0
    0
    0
    0
   40
   35
    0
    0
    0
    0
  110
   66
    1
  160
   11
    0
    0
    0
    0
    0
   36
    0
    0
    0
    0
    0
    0
    0
    0
    0
    0
    0
    0
    0
    0
    0
    2
    0
    0
    0
    0
    0
   40
  102
    0
    0
    0
   24
   35
    2
    2
    1
    0
    0
  293
  100
    0
    0
    0
    0
    0
    0
    1
    0
    0
    0
    0
    0
    0
    0
    0
    0
    0
    0
    0
    0
    0
   17
    0
    0
    0
    1
    0
   31
    0
    0
    0
    2
    1
    0
    0
    0
    0
    0
    0
    0
    0
    0
    0
    0
    0
    0
    0
    0
    0
    0
   10
    0
    0
   34
    0
    0
    0
    0
    1
    0
  191
    4
   48
    1
    0
    0
    0
    0
    0
    0
    0
    0
   16
    3
    1
    0
    0
    0
    0
    0
   52
   39
   15
    0
    0
    0
    0
    2
    0
    0
    0
    0
    0
    0
    0
   11
    0
   18
    0
    0
    0
   38
   10
    3
   14
    0
    0
    0
   34
    0
    0
    3
   50
    1
    0
    0
   68
   35
   92
   16
   20
   32
    1
    0
    0
    0
    2
    0
    0
    0
    0
    0
    0
    0
    4
    0
    0
    0
    0
    0
    0
    0
    0
    0
    3
    0
    0
    0
    3
   48
   38
   24
    1
    0
    0
    0
    0
   14
    0
    8
    3
    0
    0
    0
    0
    0
   10
    5
    0
    0
   21
    1
    0
    5
    0
    0
    1
    1
    0
    1
    2
    0
    0
    0
   17
    6
    0
    0
    0
    0
    0
    1
   72
   26
    5
    0
   11
   26
    0
    0
   10
   65
    2
   18
  100
   50
   51
    0
    0
    0
    7
   27
   32
   19
   23
    2
    3
    0
    0
    2
    0
    1
    0
    0
    0
    0
    0
    0
    0
    0
    0
    0
    3
    0
    7
  106
    6
    2
    0
    0
    0
    0
    0
    0
    0
    0
   38
    0
    0
    0
    0
    0
    0
    0
    0
    0
    0
    3
    0
    6
    0
    1
    0
    0
    2
    0
    0
    0
    1
   43
   32
    0
    1
   15
    0
    2
   11
   25
    0
    0
    2
   16
    0
    0
    0
    0
    0
    0
    1
    0
    0
    0
    0
    0
    0
    0
    0
    0
    0
    0
    0
    0
    0
    0
    0
    4
   50
    0
    0
    0
    0
    0
    0
    0
    0
    0
    0
    0
    0
    0
    0
    0
    0
   36
    0
    2
    0
    0
    0
    0
    0
    0
   22
   25
    0
    0
  134
    0
   45
   40
    5
   42
   33
   48
  142
   22
    1
    2
    0
    0
    0
    0
    0
    0
    0
    0
    0
    0
   52
    2
    0
    0
    2
    0
    0
    0
    0
    0
    0
    0
    0
    0
    0
    0
    0
    0
    0
    0
    0
    0
    0
    6
    8
    0
    0
    0
   31
    7
    0
    0
  116
    0
    0
    0
   79
    0
    0
    0
   10
    0
    0
    0
    0
    0
  122
    0
    4
   54
   12
    0
    0
    0
    0
    0
    0
    0
    0
   15
   43
    0
    0
    2
    0
    1
    0
    0
    0
    0
    0
    0
    0
   20
   16
    0
    0
    0
    2
   52
    0
    6
    0
    0
    0
    0
   61
    0
    0
    0
    0
    9
    4
    5
    0
    0
    0
    0
    0
    0
    0
   16
    0
   21
   63
    2
   24
   12
    0
    0
   45
   25
   10
   20
    5
    0
    0
    0
    0
    0
   84
    0
    0
   36
   68
    0
    0
    0
    0
    0
    0
    0
    0
    0
    0
    0
    0
    0
   10
    0
    0
   37
    0
    0
    0
   78
    0
    0
    1
   25
    0
    6
   20
    5
    0
    0
    0
    0
    0
   11
   97
    6
   63
   10
    0
    0
    0
    0
   10
    0
   11
    0
    0
    0
    0
    2
    2
    1
    0
   25
    4
    8
   11
    5
    6
    0
    0
    5
    0
    0
    0
    0
    8
    2
    2
    1
    1
    0
    0
    0
   41
    3
    0
    0
    0
    7
   12
   12
    2
    0
   31
  185
    0
    0
    0
    1
    2
    0
    2
    0
    0
   35
    5
    0
   60
    0
    0
    0
    0
    0
    0
    0
    0
    2
    0
   38
    7
   20
   21
    0
   33
    0
    0
    7
    0
    0
    0
    2
    2
    1
   48
    0
    0
    0
    0
   37
    9
    4
    0
    0
   36
    0
   19
    0
    0
    2
    0
    0
    0
    0
  345
  151
    1
    0
    0
    2
   13
    4
    0
    0
    1
    0
    0
    0
   16
   98
   48
    1
    0
    0
   71
    0
   11
    0
    0
   15
    0
    1
    1
    2
   20
   21
   17
    9
   29
    3
    0
    0
    0
    0
   11
    0
   52
   20
    2
    0
    0
    0
    7
   94
   44
    0
    0
    0
   95
    0
    0
    0
    0
    3
    0
    2
    0
    0
    2
   94
    0
    0
  206
  151
    7
    0
    0
    0
    0
    0
    0
    0
    0
   38
    0
    0
   12
   28
   10
    3
    0
    0
   26
    0
   31
    0
    0
    0
  269
   10
   11
    0
    0
  373
    0
    0
    0
    0
    5
  136
   39
    0
   10
   36
    0
    0
    0
    0
    0
    0
   30
   19
   16
   16
   13
    0
    0
    0
    0
   10
    0
    7
   42
    1
   20
    0
    0
    0
   82
  112
   23
    9
   10
    0
    0
    0
   18
    0
    0
    4
    0
    0
  137
   29
    4
   30
  209
   31
   39
    0
    0
    0
   25
   48
   41
    0
   56
    0
    0
    0
    0
  115
    6
    1
    0
    0
   71
    0
    0
   29
    0
    0
    0
    2
  250
    0
   31
    0
    0
    0
    0
    2
    0
    0
    0
    0
    0
   41
   26
    1
    0
    0
    0
    0
    0
    0
    0
   31
   11
    1
   31
   61
    0
    0
    0
    0
  101
    0
    0
    0
    0
    0
    0
    0
    0
    0
    0
    0
    0
    0
    0
    0
    0
    0
    0
    0
    0
   72
    3
  180
    0
   45
    0
    0
    0
   84
   80
    0
    0
   62
    3
   39
    0
    0
    3
    1
    0
    0
    3
    9
    2
    8
    2
    2
   43
    1
    2
   15
    3
    4
    0
    0
    0
    0
    6
    0
    1
    0
   62
  126
    0
    1
    6
    0
    0
    0
    0
    0
    0
    0
    5
   12
    0
   16
    6
    0
   16
    8
    0
    0
    4
   17
   22
    6
    8
    0
    0
    2
    0
    1
    0
    0
    0
    0
    0
    0
   21
    0
    0
    0
    0
    0
    0
   12
    0
    0
    2
   20
    2
    2
    0
   18
   23
   10
    0
    0
    0
   11
    8
    2
    0
    6
    0
    0
   15
    1
    0
    0
    0
    0
    0
    3
    0
    6
    0
    2
    0
    0
    0
   12
    0
    3
    2
    0
    0
   24
    0
    1
    0
   16
   39
    0
    2
    1
    0
    7
   70
    0
    4
    2
    0
    0
    0
    0
   33
    0
    0
    0
    0
    0
    0
   18
   15
    0
    0
    0
    0
    0
    0
    1
    0
    0
   11
    0
    0
    0
    0
    0
    0
   21
    0
    0
    0
    0
    0
    0
    0
    0
    1
   71
  156
    0
    0
    0
    0
   27
   14
    0
   21
    0
   43
   21
    0
   16
   18
    1
    0
    0
   86
    3
  140
  121
    0
    0
    0
    0
    0
    0
    0
    0
    0
    4
    4
    0
    0
    0
    0
    1
    0
    0
    0
    2
    5
   24
    0
    0
    0
    0
    0
    2
   14
    0
   53
    0
    2
   21
    6
    0
    0
  102
    0
   93
    6
    0
    0
    0
   32
   75
  125
    0
    0
    2
    0
    0
    0
    2
    0
   14
   32
    4
    0
    0
    0
    0
   10
   11
    1
    0
    0
    0
    0
   56
   45
    1
    0
    0
    8
  193
  171
    0
    0
    0
    0
    0
    0
    0
    0
    7
    0
    0
    0
    0
  121
    0
    0
    0
    0
    0
   13
   52
   76
    4
   43
    5
    1
    0
    0
   70
  115
    0
   20
    0
   91
    2
    0
    0
    0
    0
    0
    0
   65
   30
    0
   88
   12
    0
    1
    0
    0
    6
   70
   10
    0
    0
   25
  101
   22
    0
    0
    0
    0
    0
    0
    0
    0
    0
    0
   15
    5
    0
    0
    0
    3
   14
    0
    0
   39
    0
    0
    0
    0
    0
    0
    0
    0
    2
    0
    0
    0
    0
    0
    0
    0
    0
    0
    8
    0
    0
    0
    0
    0
    0
    0
    0
    0
    0
    0
   10
    0
    0
    1
    2
   20
  140
   10
    0
    0
    0
    0
    0
  109
   14
    0
    1
    2
   12
    6
   44
   44
    0
    0
    0
    1
    0
    0
    4
   20
    3
    2
    8
   55
   16
   89
  165
    5
    0
    1
    2
    2
    0
   21
   40
   21
    0
    0
   26
    3
    0
    0
   30
   50
    0
    0
    0
    0
    0
   24
    4
    0
    0
    9
   37
    0
    0
    5
    0
   32
    0
    0
    0
    0
   10
    0
    0
    0
    0
   55
   60
   57
   28
    0
   84
   16
    0
    0
    0
    0
    0
    0
    0
    0
    0
    0
    0
    0
    0
   12
    0
    0
    0
    0
   20
    0
   64
    4
   23
   48
   11
   34
    6
   15
   55
   82
    0
    3
    2
    0
    5
   14
    0
   22
   11
  112
    3
    0
   18
    1
  151
   27
    0
   35
    0
    0
    0
    0
    0
    0
    0
    0
  136
   13
    0
    0
    0
    0
   17
    3
    0
   93
    0
    0
    0
   11
   42
   10
    0
    8
   18
    4
   28
    0
    0
    0
    0
   48
    0
    0
    0
    0
    0
    0
   47
    0
    0
    0
    0
    0
   70
    8
    0
   95
    0
    0
    0
    0
   40
    0
    0
    0
    0
    1
   65
  144
    2
    0
    0
  109
   44
    1
    0
   14
    0
    0
    0
    0
    0
    6
    0
    0
    0
    0
   33
    0
   26
    0
    0
    0
    0
    0
    0
    0
   38
   10
   43
    0
    0
    0
    0
    0
    0
   56
   17
   33
    1
    0
    0
   11
    0
   32
   63
  124
    0
    0
  218
    0
    3
   30
    6
    0
   37
    0
    0
    0
    0
   70
    8
    0
    0
    0
    0
    0
    0
    0
    0
    0
    0
    7
    0
    0
    0
    0
   22
    0
    0
    0
    0
    0
    0
   26
   46
    2
    0
    0
    0
   23
    0
    0
    0
    0
    0
    7
   21
    0
    0
    0
    0
   45
    0
   46
    1
    0
    0
    0
    0
    0
    0
    0
    0
    0
    0
    0
   34
    0
    0
    0
    0
    0
    0
    0
    0
    0
    6
    2
    0
    7
    0
    0
    0
    0
    0
    0
    0
    0
    0
    0
    0
    0
   37
    5
    2
    0
   80
    3
   29
    2
  214
    0
    0
    0
    0
    0
   15
  102
    0
    0
    0
    0
    0
    6
    0
    0
    3
    0
    0
    0
    1
    0
    0
   29
    0
    0
    0
   12
    0
   56
    0
   69
   91
   25
    4
   38
   51
    9
    0
    5
    0
    0
    0
    0
    0
    0
    2
    0
    0
    0
    0
   32
    3
    4
    4
   18
    3
   25
    0
    5
   18
   12
    1
    2
    0
    0
    0
    0
    0
    2
    0
    0
    0
    0
    3
    0
    0
    0
   18
   38
    9
    0
    0
    4
   17
    0
    7
   55
   29
   38
    1
    0
    0
    0
    0
    6
    3
    0
    0
    0
    0
    0
    1
    0
    0
    0
    0
    0
    0
    0
    0
    0
    0
    1
    0
   10
    1
   15
    0
   11
    0
   10
    9
    0
    0
    0
    0
    0
    0
    0
    0
    0
    5
    0
    0
    0
    0
    0
    0
   23
   30
   31
    0
    5
    0
   70
   28
   91
   31
    0
    0
   13
    0
   18
   24
    0
    0
    0
    0
    0
    0
    0
    0
   18
    0
    0
    0
   93
  254
    5
  174
  148
    0
    0
    0
    1
    1
    0
    0
    0
    0
    0
  105
    0
    0
    0
    0
    0
    0
    0
    0
    0
    0
    0
    0
    0
    0
    0
    0
    0
    0
    0
    4
    0
   23
    0
    0
    0
    0
    0
   32
    0
    0
    0
    0
    0
   10
    0
    0
  154
   29
    8
  101
    4
   29
    5
    1
    0
    0
    0
   35
  142
    2
   20
   15
   86
    4
   44
   18
    0
   67
    0
   20
    3
    0
  120
  285
    5
   65
   30
   25
    0
    0
    5
   80
    6
  124
    0
    0
    0
    0
    0
   20
    0
    0
  169
    0
    0
    0
    0
    0
    0
    0
    0
    0
    0
    0
   12
   43
    0
    0
    0
    0
    0
    0
   16
    7
   67
    1
    0
    1
    0
    0
    0
    0
   20
   15
  115
    0
    0
    0
    0
   28
   22
    0
    0
   29
   25
   44
    0
    8
   28
    0
    0
   86
    0
    0
    0
    0
    0
    4
    7
   38
    0
    0
    0
    0
    0
    0
    0
    0
    0
    0
    2
   40
    0
    0
    0
    0
    0
  192
    0
    0
    0
    0
    0
    8
    0
    0
    0
   13
   20
    0
    2
   23
    5
    0
    0
    0
    0
    0
    0
    1
    0
  103
  114
    2
    1
    0
    0
    0
    0
   40
  127
   10
    0
    3
   15
    0
    0
   11
    0
    0
   34
    0
    0
    0
   16
    5
    1
    9
   14
    7
   30
   34
    0
    0
    0
    0
    0
    0
    2
   33
    1
    0
    0
   44
    0
    0
   10
   24
   23
    0
    0
    0
    0
    0
    0
    0
   70
    6
   20
   88
   20
    9
   28
    4
    0
    0
   20
    0
    4
    0
    2
    6
    0
    3
    8
   33
   23
    0
    0
    0
    0
    6
    0
    0
    0
    0
    0
    0
    0
    0
    1
    4
    0
   24
    4
    0
    0
    0
    3
    1
    1
    3
    0
    6
    3
    2
    6
   10
    0
   20
   85
   11
    0
    0
    0
    0
   14
   15
   34
    4
    2
   53
   54
    1
  129
  108
   49
   81
    6
    0
    0
  131
   28
   28
    0
    0
    0
    0
   16
    0
   38
   97
    0
    0
    0
    0
    0
    0
    0
    0
    9
    4
    0
    0
    0
    0
    0
    0
    0
    0
    0
    0
    0
    0
   18
    1
    0
    0
    5
    3
    0
    0
    0
  281
    5
   16
   73
    3
    1
    0
    0
    0
    0
    0
    0
    0
    0
    0
    0
    3
   20
    2
    6
   66
    0
    0
    0
    0
   60
    6
    3
   16
  100
   54
    6
    0
    0
    0
    0
    0
  194
    5
    0
   90
   15
    0
   20
    0
   53
   28
    0
    0
   15
    0
   32
   53
    0
   41
   14
   10
    0
   27
    0
    0
    0
    0
   72
   19
    0
   10
   53
    0
    0
    0
    0
    0
    0
    0
    0
    0
   51
    8
    0
   14
    0
   14
    0
   18
   10
    0
    1
   30
    0
  128
    7
   10
    1
    0
    0
    0
    5
    0
    0
    0
    0
   15
    0
    3
   70
   30
    0
    0
    0
    0
    7
    7
    0
   68
   83
    9
   30
    0
    0
    6
    0
    1
    0
    0
    0
    0
    0
    0
    0
    0
    0
    0
    0
    0
    8
    0
    0
    0
    0
   75
   10
   88
    0
    5
    0
    0
    5
   89
   22
    0
    0
    0
   20
  285
   23
    0
    0
    0
    7
    0
    0
    0
    2
    0
    0
    0
    3
   13
   38
    0
   62
    0
   29
   76
   33
    1
    0
    0
    1
    0
    1
    0
  147
    2
   19
    6
    2
    5
    0
    2
    0
   34
   13
    0
    3
    6
    0
   43
    6
   68
    0
    0
    0
    1
   34
   15
   15
   16
   10
    0
   20
    1
   80
   95
    1
    2
   33
   35
    2
  176
   32
    1
   11
    7
  183
    9
    0
   77
    0
    0
   27
    0
    0
    5
   52
   12
    0
    0
    5
    0
   29
    0
    2
    0
    0
    0
    6
    0
    0
   25
    2
    3
   29
   26
    6
    0
    0
    0
    0
    0
    0
    0
    0
    0
    0
    0
    0
    0
    3
    0
    0
    0
   22
    0
    1
    8
   42
   32
    0
    0
    0
    0
    0
    0
   28
    0
   29
    0
    0
    0
    0
    0
    0
    0
    0
    0
    0
    0
    0
    0
    0
    0
    0
    0
    0
    0
    1
   11
    0
   20
    0
    0
    0
    0
    0
    0
   28
   22
    0
    0
    0
    0
    1
   96
    0
    0
    0
    0
    0
    0
    0
    0
    0
    0
    0
    0
    0
    0
    0
    0
    0
    0
    0
    0
   21
    5
    0
    1
    1
    8
   17
    0
    0
    0
    0
    0
    0
    0
    4
    0
    0
    0
    0
    0
    0
    0
   22
    0
   13
   12
    0
    0
    9
   62
   41
    0
    0
   20
   33
    0
    0
    0
    0
    0
   42
   20
    0
    5
    0
   33
   52
    6
    0
    0
    0
   48
    0
    0
    0
    0
    0
    0
    0
    0
    0
    0
    0
    0
    0
   49
    3
    0
    0
    0
   69
    0
   22
   38
    6
    0
    0
   27
   10
   24
    0
   30
    2
    1
   33
    0
    0
  137
    0
    0
   32
    0
    0
    0
    0
    0
    0
    0
    0
   76
    0
    0
    0
    0
    0
    0
    0
    0
    0
    0
    2
    0
    0
    0
    0
    0
    0
    0
    0
    0
    0
    0
    1
    0
   29
    0
    0
    0
    0
    0
   26
    0
    0
    3
    4
    0
    0
    0
    1
    5
    3
   21
    0
    1
    0
    0
    4
    0
   29
    0
    0
   20
    3
    0
    0
    0
    0
    0
    0
    0
    0
    0
    0
    0
    0
    0
    0
    6
    3
    0
    0
    0
    5
    0
    0
    0
    0
    0
    0
    0
    0
    1
  132
   65
    0
   10
    0
   15
   40
   19
    0
    0
    0
    8
    0
   27
    0
    0
    0
   17
   13
    0
    0
    0
    0
    0
    0
    0
    0
    0
    0
    0
    0
    0
    0
    0
    0
    0
    0
    0
    0
    0
    0
   30
   19
    8
    0
    6
    0
    3
    0
    0
    0
    0
    8
    3
    0
    0
    0
    0
    0
    2
    0
   33
   36
    1
    9
   45
    6
    0
    0
    0
   30
    1
    0
    1
    1
   42
    0
    0
    1
   20
    1
    0
    8
   15
    0
    0
    0
    0
    0
   48
   24
    6
   18
    3
    8
   13
    0
    1
    0
    1
    8
   24
   26
    2
   15
    4
    2
    0
    0
    0
    0
   46
    1
   33
   28
   24
    5
   42
    7
   14
   31
    0
    1
    0
    4
    7
    1
   66
    7
   15
    0
    0
    0
    0
    0
    0
    0
    1
    0
    0
    0
    0
    0
    7
    9
    2
    0
    1
    0
    0
    0
    0
    0
    0
    0
    0
    0
    0
    0
    0
   12
    0
   17
   26
   65
   10
    6
    5
    3
    0
    5
   40
    0
   38
    0
    0
    0
  182
  166
    0
    8
   33
    9
    0
  101
    0
    4
  169
   38
    1
   34
   16
    0
    0
    0
  270
    0
    0
    2
    0
    0
    0
    0
   13
    0
    0
    0
  135
    0
    0
   25
    0
    0
   20
    0
   17
    5
    2
    0
   18
   28
    0
  121
   25
    0
    0
    0
    0
   31
   91
   37
   64
    0
   27
    5
    0
    0
    0
    0
    0
    0
   13
   96
    0
    0
    0
   28
    0
    0
    0
   35
   20
    0
    0
    0
    0
    0
    0
    0
    0
    0
    0
    4
    5
   51
    5
   30
    0
    2
    0
    0
    0
    0
   20
   90
    0
    0
    0
    0
    0
    0
    0
    0
   89
    0
  207
  144
    2
    0
    0
    0
    0
    0
    0
    0
    0
    0
    0
    0
    0
    0
    0
  239
  331
    0
    5
    0
    0
    0
    0
    0
    0
    0
    0
    0
    0
    0
    0
    0
    0
    4
    7
    0
    0
    0
    0
    0
    0
    0
    0
   28
    0
    1
    0
    0
    0
    0
    0
    0
   35
    0
    0
   16
  140
   48
    2
    0
    0
   44
    0
   19
    1
    0
    0
    0
    0
    0
    0
    0
    0
    0
    2
    3
    0
    0
    0
    0
   47
    3
    0
    0
    0
    0
    1
    2
    0
    0
    0
    2
    0
    0
    0
    0
    0
    0
    0
    0
    0
    0
    0
    1
    0
    0
    0
    0
    0
    0
    0
    0
    0
    8
    0
    0
    0
    0
   21
   28
    1
    4
    0
    1
    1
    0
    0
   43
   48
    5
  123
   27
   12
    1
    0
    0
    0
    0
    1
   34
    0
   58
  155
    0
    3
    0
    0
    0
    0
    0
    0
    0
    5
    0
    0
   22
   60
    5
   22
    2
    2
    1
   27
    0
    0
    0
    0
    2
    0
    3
    0
   24
    2
    7
    0
    5
    0
   14
   68
   15
   23
    0
    1
    0
    4
    0
    1
   37
   25
    1
    0
    4
   22
    0
    0
    9
    3
   15
   14
    2
    2
   56
    2
   26
    8
   82
    2
    0
    1
    0
    0
    0
    0
    0
    0
    0
    0
   36
    0
   29
   40
    0
    0
    0
    0
    0
    0
    0
    0
    1
    8
    0
    2
    0
    0
    0
    0
    0
    0
    0
    0
    0
    0
    0
    0
    0
    0
    0
    2
   31
    2
   53
    0
    6
    0
    0
   92
  185
   91
   50
    0
    0
    0
    0
    0
   72
    0
    2
    0
    0
    0
   41
    0
    0
    0
    0
    0
    0
    0
    0
    0
    0
    0
    1
    0
  120
   11
    0
   14
    0
   10
  127
   25
    9
    0
    8
   20
   34
    0
    0
    0
  133
   44
    0
    0
    0
   15
    0
   64
   47
    0
    0
    0
   24
  185
    0
   22
    1
    0
    0
   95
   38
    6
   32
    4
    0
    0
    0
    0
    6
   15
    0
    0
    1
    0
    0
    6
   37
   82
    6
   12
   13
    0
    0
    0
    4
   14
    0
   29
   80
    0
    2
    0
    0
    0
    0
    0
    1
    0
   15
   30
  223
   25
   31
   69
    2
    0
    0
    0
    0
    0
    0
    0
   28
   38
    0
    0
    0
  252
    2
    0
   52
   35
    0
    0
   28
  310
   12
   39
    3
    0
    0
    0
    0
    0
    0
    0
    0
    0
    0
    0
    0
    0
    0
    0
    0
    0
    0
    0
    9
    0
    0
    0
    0
  310
    0
   27
   50
    4
    2
    0
    0
    0
   26
    0
    0
    0
    0
    0
    0
    2
    2
    1
    7
   25
   15
    0
   35
    0
    0
    5
    0
   11
   21
    3
   58
    4
   85
    1
    0
    0
    0
    1
    0
    0
    0
   12
    0
    4
    0
  147
   19
    0
    5
   55
    0
    0
    0
    0
    0
    0
    0
    0
    0
    0
    0
    0
    0
    0
    0
    0
    0
    0
    0
    1
    0
   42
    0
    0
    5
    2
  148
   15
    7
    0
    0
    0
    1
    0
    0
    0
    0
    0
    0
    0
    0
    0
    0
    1
    9
    0
    0
    0
   20
    2
    0
   15
   28
    1
   52
   15
    2
    0
    0
    0
    0
    5
    3
   14
   10
    3
    6
   45
   14
   16
   11
   10
    3
    1
    6
    1
   54
   10
    2
    7
    4
    0
   20
    6
    0
    0
    3
    8
    0
    5
   30
    9
    2
    0
   39
    0
    3
   14
    7
    0
    0
    0
   11
    1
   32
    3
    1
    0
    0
    0
    0
    0
    2
    0
    0
    0
    0
   20
    0
   12
    3
    0
    0
    0
    4
    0
    0
    0
    0
    0
    0
    0
   10
    1
    1
    0
    0
    0
    0
    5
    2
   23
  149
    5
   33
    0
    0
    0
    0
    0
    0
    0
   17
   47
   11
    2
   41
    0
    0
    0
    1
    3
   45
    0
    0
   33
    3
    3
   22
   25
    0
   19
    0
    0
    0
    0
    0
    0
    1
    0
    0
    0
    1
   32
   42
    2
    8
   54
   12
   22
    0
    0
    0
    0
   55
    0
   20
    0
    0
    0
    0
    0
    0
    0
    0
    0
    0
    6
   46
    0
    0
    0
    0
   38
    0
    0
    0
    0
    0
    0
    0
   72
   10
    0
   10
    0
   23
   35
   79
    8
   45
   10
   11
   43
    0
    0
   19
    0
    0
   16
    0
   85
   34
    0
   14
    1
    0
   44
    0
    0
    0
    0
    0
    0
   36
   25
    0
    0
    0
    0
   33
    0
    0
    0
   33
    0
    1
    0
   92
    0
    0
    0
   55
    2
   12
   20
    0
    0
    0
    0
    0
    0
    0
    0
    0
    0
    0
   19
    0
   31
   10
    6
    0
   95
   25
   80
   61
    0
    0
  134
    0
  118
    0
    0
    0
    0
    0
    0
    0
    2
    0
   58
    2
   15
    5
   23
   22
    0
    0
    0
    0
    0
    0
   14
    7
   48
    0
    0
    0
    0
    0
    8
    0
    0
    0
    0
    0
    0
    0
    0
    0
    0
    0
   17
    0
    0
    0
    8
    1
    0
    0
    0
   12
    0
    4
    0
    0
    0
    0
    0
    0
    0
    0
    0
    0
    0
    0
    0
    0
    0
    0
    0
    0
    0
   32
   14
   29
    1
   33
    6
    0
    0
    4
    4
    0
    0
    0
    3
    9
   23
   92
   52
    5
    1
    0
    0
    0
    2
    0
    0
   10
    4
    0
    0
   14
    0
    1
    4
    0
    8
    8
    0
   65
    2
    4
    8
   76
   35
   21
   15
    0
    0
    0
    0
    0
    3
  107
   30
   13
    0
    0
    0
    0
   50
    5
    0
    0
    1
    0
    0
   11
   21
    5
   46
   27
    5
    7
   20
   20
   29
    0
    0
    0
    1
    0
    5
    7
    0
    0
    0
    0
    0
   39
    0
    0
    0
    0
    0
    6
   28
   72
    0
    0
    0
    0
    0
    0
    0
    0
    1
  102
   11
    0
    0
    0
    2
    0
    0
    0
    0
    0
    0
    0
   30
   10
  152
    0
    0
   41
    0
    0
    0
    7
    5
    0
    0
    0
    0
    0
    5
   38
    0
   26
   71
    0
    0
    0
    0
   13
    2
  153
    5
    0
   35
  108
    0
    0
    7
    5
   23
  141
    0
    9
    0
    0
    0
   21
    0
   20
    0
    3
    2
   15
    2
   50
   62
   22
    0
    0
    0
    0
    0
    0
    0
   82
    0
   10
  103
    0
   20
   35
    5
    0
   25
   50
  106
    0
    0
   18
    0
    0
  103
    0
    0
  114
    0
    0
    0
    7
  139
  167
    4
    8
   10
  150
   52
  100
  124
   18
   14
    0
    0
   70
    0
    0
    0
    0
    0
    0
    8
    0
    0
    0
    0
    0
    0
    0
    0
    0
    0
    0
    0
    0
    0
    0
    0
   18
   52
    2
    0
    9
   55
    0
    0
    0
    0
    0
    0
    0
    0
    0
    0
    0
   40
   53
    0
   29
    0
    0
    0
    0
    0
    0
    0
    0
    0
    3
    0
    0
    0
    0
    0
   21
   18
  217
    0
    0
   96
    0
    0
    0
  245
   10
    0
   12
    3
    0
    0
   41
    0
    0
   46
    9
    0
    0
    0
   31
    3
    0
   21
    0
    0
    0
    0
    0
    0
    5
   19
  312
   15
   73
   11
    0
    0
    0
    0
    0
    0
    0
    0
   54
    0
    0
    0
    0
    0
    0
    0
    0
    0
   12
    0
    0
    0
    0
    0
    0
    0
    0
    5
    0
    0
   23
   70
   82
  209
    0
    0
    0
    0
    0
   38
    7
    0
   12
    5
    0
    0
    6
    9
    2
    0
    0
    0
    0
    0
    0
    0
    0
    4
    0
    2
    0
   34
    0
    0
    0
    0
    0
    0
    5
    0
    0
    0
    0
    0
    0
    0
    0
    0
   11
    0
    0
    0
    0
    0
    0
    5
   10
   36
    2
   15
   28
   50
    8
   26
    0
    4
    2
    5
   23
    3
   70
  161
  118
   39
  222
  112
    2
   51
    8
    0
    1
  118
   38
    2
    1
   97
    2
    0
    0
    7
    0
    0
    0
    0
    0
    5
   41
    0
    8
   12
    0
   17
   11
    0
    0
    0
    0
    0
    0
    0
    0
    2
   44
    0
    9
    0
   20
   40
   24
   60
    0
    0
   50
    0
   43
  115
    0
    0
    0
    0
    4
  115
   22
   40
  112
    0
    0
    0
    0
    0
    0
    0
    0
    0
    0
    0
    0
   22
    7
    8
    3
    3
    2
    0
    3
   64
    7
   28
    1
    0
    6
    0
    0
    0
    0
    2
    0
    0
    2
    0
    0
    0
    1
    0
   20
    0
    0
    0
    0
    0
    0
    0
    6
   14
    6
    0
    0
    0
    0
    0
    0
    0
    0
    4
    0
    6
  265
   10
    4
    6
    0
    0
    0
   40
    0
    2
    0
    0
    0
    0
    0
    0
    0
    1
    0
   96
    0
    0
    0
    0
   30
    0
    0
   19
   24
   83
    0
   70
   22
   37
    0
    0
    0
    0
   10
   25
   38
  142
   82
  207
    0
   12
   65
    4
    0
    0
   32
    4
   53
    0
    0
    0
    0
    0
    0
    0
    0
    0
    0
    0
    0
    0
   42
    0
    0
    0
    0
    0
    0
    0
   52
  119
  179
    0
   36
   32
  109
  234
    0
   55
    0
   77
    0
    8
  290
   99
   35
    3
   11
   10
   20
   10
    0
    0
   45
   20
    0
   45
   85
    0
    0
   15
    0
   35
    0
    0
    0
    0
   10
    0
    0
    0
    0
   10
   37
    0
    0
    0
    0
    0
    0
   79
    0
   29
    0
   10
   15
    8
    0
  150
   31
    0
    0
    0
   53
    7
    0
    0
   52
  197
   46
    8
    0
    0
    0
    2
    0
    0
    0
    0
    0
    0
    0
    0
    0
    0
    0
    0
    0
    0
   12
   17
   29
   18
    0
    0
    0
   24
   30
   48
    0
    0
    0
    0
    0
    0
    0
    0
   30
   46
    0
    0
    0
    0
    0
    0
    0
   15
    6
    0
   30
    0
    0
   22
   10
   30
   95
   25
   17
    3
    0
   16
  104
    0
    0
    0
    0
    0
    0
    0
    0
    0
    0
    0
    0
    0
    0
    8
    0
    0
    0
    0
    0
   75
  112
   45
    9
   82
   15
    0
    0
    0
    0
   12
    0
    0
    0
    0
    0
   30
    4
    0
   65
    0
    0
    0
    1
    0
    0
   30
    0
    0
    0
    8
   30
   16
    0
    0
    0
    0
   51
    2
   78
    0
    0
    8
   32
    0
    0
    0
   11
   12
    0
    0
    0
    1
    0
    8
    5
    6
    0
   54
    0
    0
    0
    0
   16
   34
   14
    0
   10
    4
   27
   24
   96
   20
    0
   60
    0
   20
    0
    0
    0
    0
   50
    7
    0
    0
   24
   20
    0
   33
    0
   31
    6
    0
    5
    0
   28
   57
   41
   15
    4
   70
    0
   17
    3
    0
    0
  105
   59
    0
    0
    0
    0
    0
    0
    2
   17
    0
    0
    9
    0
    0
    0
    0
    0
    8
    0
    7
    0
    0
    0
    0
    0
    0
    0
    0
    5
    0
    2
    0
    0
    0
    0
    0
    0
    0
    0
    0
    0
    0
    0
    0
    0
    0
    0
    0
    0
   16
    0
    0
    0
    0
    0
    0
    0
   58
   10
    0
    0
    5
    2
    0
   40
    0
  219
    2
   10
  228
    0
   38
    0
    0
    0
    0
    0
    0
    0
    0
    0
    0
  139
    0
    0
    0
    0
   10
    0
    0
   45
   15
    5
   41
    0
    5
    0
    0
    0
    0
    0
   18
    0
   64
   14
    0
   37
    0
    2
    8
    0
    5
    0
    0
   47
    0
   30
    0
    0
    0
    0
    0
    0
   82
   24
    0
    0
    0
    0
    0
    0
    0
   65
    0
    0
    0
    0
    0
    0
    0
    0
    6
    0
    0
    0
   24
   34
    7
    0
    0
    4
    0
    0
    0
    2
   10
   12
   95
    0
    0
    0
    0
    0
    0
    0
   35
    5
    5
    0
    0
    0
    0
    0
    0
    0
   15
  180
    0
    0
    0
   15
    0
    0
    0
    0
    0
    0
    5
    6
    0
    0
    0
    0
   22
   25
    5
   10
   10
    1
    0
   15
    0
    0
    2
    0
    0
   20
   20
    0
    0
    0
    0
    0
    2
   23
   27
    0
    0
    0
    0
    0
    0
    0
    0
    0
    0
   33
  133
   47
    0
   25
   15
   30
    0
    0
    2
    0
   28
    8
    0
    2
    2
   32
  120
   50
    3
   70
   20
    0
   10
   25
   20
   20
   14
   60
    0
    0
    0
    0
    0
   10
   33
  111
    0
    0
    0
   10
    5
    0
    0
    0
    0
    0
    0
    0
   20
    0
    0
   10
   50
   15
   10
    0
    0
   10
    0
    0
    0
    3
    0
    0
    0
    0
    0
    0
    0
    0
    0
    0
    0
    0
    0
    0
    0
    0
    0
    8
    0
    0
    0
    0
    0
    0
    0
    0
    0
    0
   30
    0
    0
    2
    0
    5
   46
   75
   20
    0
    0
    0
    0
   28
    0
    0
    0
    0
   30
   10
    0
    0
    0
    0
    5
    0
    0
   15
    0
    0
    0
    0
   60
   30
    0
    0
    0
    0
   15
    0
   85
    0
    0
    0
    0
    0
    0
    0
    0
    0
    0
    0
    7
    0
    0
   10
    0
    0
    0
    6
    0
    0
    0
   40
    0
    2
   19
    0
   20
   78
    0
    0
    0
   10
   21
   97
    0
    0
    0
    0
    0
    0
    0
    0
    0
    0
    0
   31
   64
   43
    0
    0
    0
    0
    0
    0
    0
    0
    0
    0
    0
    0
    0
    0
    0
    0
    0
  112
    0
    0
   23
   40
   86
    0
    0
    0
    0
    0
    0
   84
    0
    0
    0
    0
    0
    0
    0
    0
    0
    0
    0
    0
    0
    0
    0
    8
    5
   40
   23
   64
   72
    8
    0
    0
    0
    0
  108
    0
    8
    0
    0
   27
    0
    0
    0
    0
    0
    0
    0
    0
    0
   66
  270
    0
  182
    0
    0
    0
    0
    0
    8
    0
   20
    0
    0
    0
    0
    0
    0
    0
    0
    0
    0
    0
    0
    0
    0
    0
    0
    0
    0
   36
    0
    0
   19
    0
   92
   40
   45
    0
    0
    0
    0
    9
    0
    0
    0
    0
    0
    0
    0
    0
    0
    5
   65
   12
    3
    0
    0
    8
    0
    0
    0
    0
    0
    7
   25
    4
    0
    0
   15
    5
    0
    0
    0
    0
    4
   15
   83
    0
   10
    0
    0
   10
    0
   10
    0
    0
    0
    3
   15
    5
    0
    0
    0
    0
    0
    0
    0
   40
  115
    3
  165
    3
   30
    0
    0
  130
    0
   15
    3
    0
    0
    0
    0
    0
    0
    0
    0
    0
    0
    0
   40
   49
    0
    0
    0
   25
    0
    0
    0
    0
    0
    0
    0
    0
    0
    0
    0
    3
    0
    0
    0
   20
   36
   32
   51
   38
   12
    0
    1
   39
    0
   97
    0
    0
    0
    0
    0
    0
    0
    0
    0
    2
    0
    0
    1
    0
    0
    0
    0
    9
    3
    0
    4
    0
    0
    0
    0
    0
    0
    0
    0
    0
    0
   13
    0
   30
   13
    0
    0
    0
    0
    0
    0
    0
    0
    0
    0
    0
    0
    5
    0
   40
   15
    0
   55
   43
   90
    0
    0
    0
    0
    0
    0
    0
    0
    0
    6
   38
    4
   82
   12
    2
    4
    0
    0
   10
    5
    0
   16
   17
    0
    0
    0
    0
    0
    0
    0
    0
    0
   10
    0
   18
    0
    0
    0
    2
    3
    0
    0
    0
    0
    0
   14
   18
    0
    0
    0
    0
    0
    0
   15
   57
    0
    0
   49
    2
    0
    0
    0
   12
    0
   17
    3
  102
   70
   17
   11
   31
    0
    0
    0
    0
    0
    0
    0
    0
    0
    0
   20
    0
   11
    0
    0
    0
    0
    0
   21
    0
    0
    0
    0
    0
    0
    0
    0
    0
    0
    0
    0
   14
    0
    0
    0
  101
   10
    3
    0
    0
    2
   82
  126
  272
    3
    0
    4
    0
    0
    0
    0
    0
    0
   21
    0
   11
    1
    0
    0
    0
   13
    0
  150
  199
    0
    0
   48
    1
   23
    0
    0
    0
   13
   10
    0
    0
    0
    0
    0
   10
    0
    0
    0
    0
    0
    0
    0
    0
    0
    0
    0
    0
    0
    0
    0
    0
    0
    0
    0
    4
    0
    0
    0
   21
   17
    0
    0
    0
   24
    0
   30
    6
   90
   11
   72
   89
    0
    0
    0
    0
    0
    0
    0
    0
    0
  252
   43
    9
   43
    3
   17
    0
    0
   31
   15
   61
   34
    0
    0
    0
    0
    0
   43
   12
    0
   24
   39
    0
   46
   37
    0
    0
    0
    0
   33
  135
   17
    0
    0
   24
    0
    0
    0
    0
    0
    0
    0
    0
    0
    0
    0
    0
    0
    0
    0
    0
    0
    0
    0
    0
    0
    0
    2
   51
   30
   23
    0
    0
    1
   27
   12
   20
   17
    0
    0
    0
    0
   20
    4
    1
    5
    0
    0
  329
   14
    8
    6
    0
   34
   54
    0
   15
    0
    0
    8
   49
    3
    6
   10
    4
   36
    0
    0
    0
    0
    0
   59
   54
   40
    5
    9
    0
    2
    1
    0
    0
   19
    6
    0
    0
    0
    0
   31
   13
    0
   82
    0
   13
    4
   67
   31
    3
    7
    0
    0
    0
    0
    4
    7
    6
    0
    0
    0
    0
    0
    0
    0
    3
    2
    0
    0
    0
    0
    0
    0
    0
    0
    0
    0
    0
    0
    0
    0
    1
    0
    1
   16
   41
   32
    0
    7
    4
    0
   38
    1
    0
    0
    0
    0
    0
   13
    6
    0
    0
    0
    0
    0
    0
    0
    0
    0
    6
    4
    0
    0
    0
    0
    0
    0
    0
    0
   42
    0
    0
    0
  107
   25
  197
   34
   10
   13
    0
    0
    0
    1
    0
    0
    0
   41
    3
    0
   47
    0
    0
    0
    6
    0
    0
    0
    0
    0
    0
    0
    8
   21
    0
   24
    4
    0
    0
   20
    6
    3
   29
    0
    5
    0
   51
    8
   30
    1
    2
    0
   39
    0
    0
    0
   11
   52
    0
    9
   31
   46
   29
   39
    0
    0
    0
    0
    0
   15
    6
   11
    0
    0
    0
    0
    0
    0
    0
    0
   30
    3
    0
    0
    1
    9
    0
   12
    7
   18
   29
    0
    0
    0
  169
   13
    6
    0
    0
   36
    6
    0
    5
    8
   33
  149
    0
   17
    0
    0
    0
    0
    0
    0
    0
   38
    0
    0
    0
    0
   11
   12
    0
    8
   12
    0
    0
    0
    0
    0
    0
   48
    0
    0
    0
    0
    0
    0
    0
    0
   54
    0
    0
    0
    0
   11
    7
    4
   16
    7
    0
    0
    0
    0
    0
    9
    0
    0
   65
    0
    0
    4
    0
    0
    0
    0
    0
    0
    0
    0
    0
    0
    0
    0
    0
    0
   15
    3
    0
    0
    0
    0
    0
    0
    8
   21
    0
    0
    0
    0
    0
   35
    0
    0
    0
    0
    0
    0
    0
   19
   14
    7
    0
    0
    0
    0
    0
    0
    0
    0
    0
   10
    4
    0
    0
    0
   14
    0
    0
    0
    0
   16
    0
   13
    0
    0
    0
    0
    0
    0
    0
    1
    0
   17
    8
    0
   62
   44
   65
    0
    0
   30
    1
    0
    0
    0
    0
    0
    4
    8
    0
    0
    9
   23
    0
    0
    0
    0
    0
    0
    0
    0
    0
    1
    0
    0
   14
    4
    6
    0
    0
    0
    0
    0
    0
    0
    0
    8
   11
  109
    0
   50
   70
   10
    3
    2
   21
    6
    0
    0
    0
    0
    0
    0
    0
    0
  101
   40
    0
    0
    3
    0
    0
   11
    0
    9
    0
    0
    0
    7
   60
    0
    0
    0
    0
    0
    0
    2
    1
    0
    0
    0
    4
    0
    0
    0
    4
   26
    2
    0
    0
    0
   10
    2
   20
   46
   11
   12
    9
    6
    5
    0
    4
    6
   20
    0
    0
    0
    0
    0
    0
    0
    0
    0
    0
    0
    0
   40
    0
    0
    0
   10
   18
   48
  127
   17
    2
    0
    0
    0
   12
   10
   48
   16
    0
   31
   96
    0
    0
   23
    4
    0
    0
   84
    0
   23
    0
    0
    0
    0
    0
    0
    0
    0
    3
    6
    0
   20
   16
   20
   30
    0
    0
    0
    0
    0
    0
    1
   25
    0
    0
    8
    0
    0
   22
    0
    0
    0
    0
    5
   15
   24
   95
   80
    0
    0
    0
    0
    0
    0
    0
    0
    0
    0
    0
    0
    0
    0
    0
    0
    0
    0
    0
    0
    0
    0
  233
   80
    0
   28
    0
   14
    0
    3
  220
    0
    0
    0
    0
    0
    0
   58
    4
    0
    0
    0
    0
    0
    0
    0
    0
    0
    0
    0
    0
    2
   52
    3
  155
    4
    0
    0
    0
   41
   16
    0
   91
    0
    0
    0
   25
    0
    0
    0
  129
    0
    0
    0
   81
    0
    0
    0
    0
    0
    0
    0
    0
    0
    0
    0
    0
    0
    0
    0
    0
    0
   16
    4
    3
    0
    0
   10
    0
   14
   91
    0
    0
   10
   20
    0
   42
    0
    4
    0
    0
  339
    0
    6
    6
   18
   23
    0
   24
    0
    0
    0
    0
    0
    0
   81
    0
    0
    0
    0
    0
    0
    0
    0
    3
   25
    0
    0
    0
    0
    0
    0
    0
    0
    0
   56
  190
   20
   12
    0
    0
    0
    0
    0
    0
    0
    0
    0
    0
    0
    0
    0
    0
   87
   22
    0
   82
   80
    3
   39
   27
    0
    0
    0
    5
    0
    0
    2
    0
    2
    0
    0
    3
   50
    0
    6
   14
   35
    0
    0
    0
   40
    0
   74
   17
   10
   45
   43
    0
   15
    6
    0
    0
    0
   32
    0
   74
    0
    0
   52
    0
    0
    1
  121
    9
    0
    0
    0
    0
    0
   32
   58
   45
   58
   15
    0
    0
    0
    0
    0
    0
    0
    0
    0
    0
    0
    0
    0
  109
   41
    5
    0
    0
    0
   20
  119
    0
    0
    0
    0
    0
    0
    0
   15
    0
   68
    0
   22
   27
   30
    5
    0
    0
    0
    0
    0
    0
    0
    0
   32
   29
    0
    0
    2
    0
    0
    0
    0
    0
    2
   37
    1
   18
   15
   22
    4
    9
    0
    0
    0
    0
    0
    0
    0
    0
    2
    6
    2
   24
    0
    0
    0
    0
    0
    0
    0
    0
    3
    0
    0
    0
    0
    0
    2
    1
    6
    0
   42
    0
    2
    4
    2
    0
    0
    0
    0
    0
    0
   10
    6
    4
    0
    0
    0
    0
    0
    0
    0
    0
    0
    0
   58
   16
    0
    0
    0
    0
    0
    0
    0
    0
    0
    0
    0
    0
   40
    0
    0
    0
    0
   50
    0
    0
    0
    0
    0
   53
    0
   20
    0
    0
    0
    2
   50
  289
    0
    0
    0
    0
  204
   55
   31
    0
   24
   25
    0
   35
  268
    0
    0
    0
    0
    0
    0
   37
  117
   56
    0
   15
    0
   35
    2
    0
    6
    0
    0
    0
    6
    0
    0
   27
   40
    0
    0
    0
    0
    0
    0
    0
  313
    0
    0
    0
    0
   15
    5
    5
    0
   77
   85
   89
    0
    8
   25
   25
   21
   20
   31
   32
   15
    8
  134
    8
    0
   45
   66
    0
    0
    0
    0
   24
    0
    0
   14
   76
   51
    0
    0
    0
    0
    0
    0
    0
    0
    0
    3
    1
   80
    0
    0
    0
    8
    0
   15
    0
   59
    5
    0
   54
   45
   19
   20
    0
    0
   25
    0
    4
   20
   35
  158
    0
    5
   20
    5
    0
    0
    0
   25
    4
    0
    0
    0
    0
    0
    0
    0
    0
    0
    2
   20
    0
    0
    2
    0
    1
    0
   15
    0
    0
    5
   49
   15
    0
    0
    0
    0
   25
    0
    0
   56
    2
    0
    0
    0
    0
    0
    0
    0
    0
    0
    0
    0
    0
   70
   15
    0
    0
    7
    0
    0
    5
   55
   41
    0
    0
    0
    0
   11
   10
   35
    0
    0
    0
    0
    0
   47
    0
    0
    0
   18
    0
    0
    0
    0
   16
   52
    1
   40
    2
   45
   40
   15
    3
    0
    0
    0
   20
   51
   72
   41
    2
    5
   90
   26
    0
    0
   15
    5
   35
    0
   80
   70
    0
   15
    0
    3
    0
    0
   19
   14
   28
   12
    0
   15
    1
    0
    0
    1
    0
    0
    0
   22
    0
   51
   11
   40
   10
    0
    4
    0
    0
    0
    2
    6
    0
    0
    0
    0
    0
   15
   40
    2
    0
    0
    0
    0
    0
    0
    0
   24
   36
   40
   25
    8
    0
    0
    0
   45
   23
   15
   58
    0
    0
    8
    2
    0
    0
    0
    0
   36
   50
   22
  201
   43
   33
   45
   25
   24
    0
   34
    4
    9
   59
    0
    0
   10
    0
    0
    8
    5
    0
   21
   41
    0
    0
    0
    0
    0
   71
  191
  325
   70
    0
    0
    0
    0
    0
    0
    0
    0
    0
    0
    0
    3
    0
    0
    0
    0
    0
    0
    0
    0
   35
  200
    0
    0
    0
    0
    0
    0
    0
    0
    6
   14
   60
    0
  348
  271
    4
   37
   15
  114
   52
   49
  114
    0
    0
    0
    0
    0
    0
   43
    0
    8
  114
    0
    0
    0
    0
  110
    0
    0
    0
    0
    0
   38
    0
    0
    0
    0
    0
    0
    0
    0
    0
    0
    0
    0
    1
    0
    0
    0
    0
  100
    0
    0
  390
    9
    0
    0
    0
    0
    0
   15
    0
    0
    0
    0
    0
    0
    0
    0
    0
    0
    0
    0
    0
    0
    0
   22
    0
  150
    0
    0
    0
    2
    0
   24
    0
    0
   30
  140
   33
   40
    0
    0
    0
   78
  165
    0
    0
    0
    0
  286
   42
   10
    0
   30
   35
    0
    0
   20
    0
    0
    0
    0
   76
  102
    0
  125
    0
   67
    0
    3
    0
   41
   50
    0
    0
  120
   34
    0
    0
    0
    0
    0
    0
    0
    0
    0
    0
    0
    5
    0
   89
    0
    4
    0
    0
    0
   27
    0
    0
    0
    0
    0
    0
    0
    0
    0
    0
    0
    0
   49
    7
    0
    0
    0
   10
    0
   14
   10
   10
    0
    0
    0
    0
    0
   10
   17
    0
    0
    0
    0
    0
    3
   50
    2
   31
   61
    0
   25
    0
    0
    0
    0
    0
   24
   29
    2
    0
    0
    0
    0
    0
    3
    1
    1
    0
    0
   10
    0
   40
    0
   65
   36
    0
    0
    1
    2
    0
    0
    0
    3
    0
    0
    0
    0
    6
   16
    4
   30
    2
    4
   11
    4
    0
    0
    0
    0
    1
   29
   39
    7
    2
    3
    0
    0
   12
    0
    0
   39
   43
    0
   53
   40
   13
    0
   17
   31
   41
    0
   19
    0
    0
   18
    6
    0
    8
    0
    0
    6
   48
    0
    9
    0
    0
   12
    0
   15
   18
    0
   18
    1
    0
   10
    0
    0
    5
   40
    0
    3
    0
    0
   15
    0
    0
    0
    0
    0
    0
    0
    0
    0
    0
    0
    0
    2
    3
   25
    1
    2
   10
    2
    0
    0
    0
    9
   31
   46
   76
   32
    0
   52
   54
    0
    0
    0
    0
    1
    3
    8
   36
   18
    0
   46
    0
    0
   11
    4
   83
   28
   81
    0
    0
    0
    0
    0
    5
    0
    0
    0
    0
    9
    0
    0
    0
    0
    0
    0
    0
    9
   63
   48
    0
  136
    0
    0
    0
   11
   37
  158
    0
    0
    0
    0
    0
    0
    0
    0
    2
    0
    0
  141
   14
  186
  131
    0
    0
    7
    0
    8
    0
    0
    0
    0
    4
   23
    0
    0
   10
   29
   25
    0
    0
    0
   24
    3
   30
    0
    0
    0
    0
    0
    0
    0
   53
    0
    0
    0
    0
    0
    0
    0
    0
    0
  220
    0
   16
   40
   17
   19
    8
    0
    0
    0
    5
    0
    0
    0
    0
   32
  154
    0
    0
    0
    0
    0
    0
    0
    0
    0
    0
    0
    0
    0
    0
    0
   35
    0
    0
   94
    0
    0
    0
    0
    0
    0
   15
   22
   33
    0
    4
   39
   63
    0
  132
  130
    0
    5
   43
    0
    0
    7
   41
    0
    0
   14
    1
    0
    0
    0
    0
    9
    0
  234
  124
    0
    0
    0
    0
    0
   95
   72
    0
   32
   30
   15
    0
    0
    0
    2
    0
    0
    0
    0
    0
    0
    0
    0
    0
    0
    0
    3
    0
    0
    0
    0
    0
    0
    0
    9
    0
    7
    0
    6
    0
    0
   53
   68
   28
   21
    0
   42
   14
   32
    0
    0
    0
    0
    0
    0
   10
    2
    0
   20
   43
    0
    0
    0
    0
    0
    0
    0
    0
    8
    2
    0
    0
    0
    0
    9
    7
    8
    0
    0
    0
    0
    8
    0
    4
    0
    0
    0
    0
   10
    6
   40
    1
   50
   23
    8
    0
    0
    0
    0
    0
    0
   17
    8
    1
    8
    0
    0
    0
    0
    0
    0
    0
    0
    0
    0
    0
    0
    0
    0
    0
    0
    2
    0
    0
    0
    0
    0
   30
   12
    0
    0
    0
    0
    0
    2
    7
    8
    0
    0
    0
    0
    0
   13
    0
   12
   34
    3
   23
   15
    2
    0
    2
   36
   14
    3
    0
    0
    0
    0
    0
    0
    0
    0
    0
    1
    0
    2
   50
    0
    0
    0
    0
    7
    0
    0
    0
    0
    0
    0
    0
    0
    0
    0
    0
   30
    0
    0
    0
    0
    4
    2
   15
    5
    0
    0
    0
    0
    0
    0
    0
    0
    0
    0
   95
   20
    4
    0
    0
    0
    0
    0
    0
    0
    0
    0
   33
   66
    0
    0
    0
   55
   11
    0
    0
   36
    0
    0
    0
   15
   39
  172
   50
    9
    3
    0
   87
    0
    1
    0
   62
   15
  167
   27
   73
    0
    0
    0
   64
    0
    0
   15
    0
    0
    0
   75
   21
    0
    0
    0
    0
    0
    0
  202
    0
    0
    0
    0
    0
    0
    0
    0
    0
    0
    0
    0
    0
    0
    0
    0
    0
    0
    3
   55
   10
   23
    5
    0
   42
   78
   37
   96
  365
    0
    0
   81
   14
    0
    0
    0
    0
    0
    0
    0
    0
    0
    0
   15
  115
   74
    0
    0
    0
   38
    0
    0
    0
    0
    0
    0
    0
    0
   85
    0
    0
    0
   83
   21
   82
   13
   13
    0
    0
    0
    0
    0
    0
    0
   11
    4
    0
    0
    7
   70
    0
    0
   12
    0
    0
    0
    0
   41
   43
    0
    0
   35
    4
    0
   43
   30
    0
    0
    0
    0
    0
    0
    0
  129
    0
    4
   10
    7
    0
    0
   30
   11
    0
  189
    0
    0
    0
    0
    0
    0
    0
    9
    2
    0
    3
    0
    0
    2
   79
   15
    0
    0
   42
   53
    0
    0
    0
    0
    0
   53
    8
    0
    0
   89
    3
    0
    0
    0
    0
    2
   57
    0
    0
   10
    0
   20
   20
    0
   72
   22
    0
   92
   18
   10
    0
    0
    2
    0
   25
   35
   40
   27
   58
   11
    4
    5
    0
    0
    0
    0
    0
    0
    0
    0
    0
    0
    8
    0
   52
    0
    0
   43
  199
    0
    0
    0
    0
    0
    0
    1
    0
    0
   10
    0
    0
    0
    0
    0
   21
    0
    0
    0
    0
    0
    0
    0
    0
    0
    0
    0
    0
    0
    0
   36
    2
    0
    0
    0
    2
   45
    0
    0
    1
    0
    0
    0
    0
    0
    0
   23
   66
    0
    0
    0
    0
    0
   80
   31
   16
    0
   10
    0
    0
   40
   10
    0
    3
    0
    0
    0
  140
   23
    0
    0
    0
    0
    0
    0
    0
    0
    0
    0
    0
    0
    0
    0
    0
    7
   14
   87
   13
   15
   57
   30
   45
    2
   64
    0
    0
    5
    0
   50
    3
    0
    0
    0
    0
    8
   15
   45
    5
    0
    0
    0
    0
    2
    0
    3
    1
    0
    0
    0
    8
    0
    0
    0
    0
    0
    0
   40
    3
    0
   20
   37
    1
    0
    0
    0
    3
    1
  148
    0
    0
    0
    0
    0
    0
    0
   40
    0
    0
    0
    0
    0
   20
   18
  102
   25
    2
    0
   36
    5
    0
    0
    0
    0
    0
    0
    0
    0
    0
    0
    0
    0
    0
    0
    0
    0
   94
   20
    0
    0
    0
   15
    0
   35
    0
    0
   18
   21
    1
    5
   50
    0
    0
   21
    0
    0
    0
   15
    6
    0
    0
    0
    0
    0
    0
    0
    0
    0
  760
   34
    0
  115
   34
  265
   21
    0
    8
    0
    0
    0
   11
    0
   39
   24
   15
   23
    0
   11
    0
    0
    0
    0
    0
    0
    0
    0
    0
    0
    0
   25
    0
    0
    0
    0
    0
    0
    0
    0
    0
    0
   70
    0
   82
    0
    0
    0
    0
    0
    0
    0
   27
    0
    0
    0
   11
    0
    0
   18
   10
    0
    0
    0
    0
    0
    0
    0
    0
    0
    0
    0
    0
    0
    0
    0
   20
    0
    8
    4
    0
    0
    0
    0
    3
    8
   20
   35
   21
    8
   20
    8
   40
    0
    0
    0
    0
    2
    0
    0
    0
    2
   16
    8
    0
    0
    0
    0
    0
    0
    0
    0
    0
    8
   52
    0
    0
    0
    0
    0
   22
    2
    0
  103
    0
    0
    0
    0
    0
    0
    0
    0
    0
    0
    0
    0
   15
    0
   15
   10
  150
  125
    0
    0
   72
    8
    0
    8
   38
   42
   82
   21
   20
    0
    0
    0
    3
    9
   98
   28
    0
    0
  104
   14
    0
    4
   10
    2
    0
    0
    5
    0
   15
    0
   10
   22
   22
   40
    0
    0
    0
    0
    0
    0
    0
   42
    0
    0
   42
   30
    2
    4
   10
    6
    0
    0
    0
   14
    0
    4
    0
    0
   18
    0
    0
    0
    0
    0
    0
    0
    0
    0
    0
    0
    0
    0
    2
    0
    0
    0
    0
    0
   22
   13
   23
    2
    0
    0
   42
    0
    0
   28
   50
   21
   51
    0
   74
    0
    0
    0
    4
    0
   32
    2
   17
    0
    0
    0
    0
    0
   42
    0
    0
    0
    0
    0
    0
    0
    0
    0
   42
   80
   15
    0
    5
   15
   27
   40
   30
    0
   75
    0
    0
    0
    0
    0
    0
    0
   10
   17
   20
    0
    0
    0
    0
    0
    3
   50
   29
    0
    0
   60
    8
    0
    6
    0
    0
    0
    0
    0
    0
    0
    0
    0
    0
    0
    0
    0
    0
   54
    0
    0
    0
    0
   27
   31
   10
    0
    0
    0
   10
   22
   50
    0
    0
    0
    0
  140
    0
    0
   60
    0
    2
    0
    0
   12
   25
   25
    0
    0
    0
  200
    0
   45
   12
  168
    0
    0
    0
    0
   35
    0
    0
    0
   45
   18
    0
   30
    8
   77
    0
    2
   20
  141
    0
    5
    0
    0
    0
    0
   10
    5
    0
   10
    0
    0
    5
   15
   26
   30
    0
    0
    7
    0
    4
    0
    0
    0
    0
    0
    0
    0
    0
    4
    0
    0
    0
    0
    0
    0
    0
    0
   30
   35
   37
   38
    0
  201
    2
   15
    3
    0
   14
    0
    0
  105
    0
   85
    0
    0
    0
   60
    0
   58
   80
    0
  128
   81
   56
  105
    0
    0
    0
    0
    0
    0
    0
    0
    0
    7
    0
    1
    0
   85
    2
   18
    0
    0
    0
  148
    5
    0
   34
   25
   27
   16
    0
    0
    0
   20
   18
    0
    0
    0
    0
  102
   35
   10
    0
   59
  280
   20
    2
   70
  133
   31
    0
    3
    8
    0
    0
    5
   62
   32
    0
    0
    0
   80
   10
    7
   10
    0
    7
    0
    0
    0
    1
    0
    0
    1
    3
    0
    1
    6
    0
    0
    0
   10
   28
    6
    0
    0
    0
    0
    0
   24
   16
   20
   28
    0
    0
   22
    0
    2
    0
    5
    0
    0
    0
    3
    0
    0
    0
    0
    0
    0
    0
   31
    1
    0
    0
   20
   17
   19
    0
    9
    4
    3
    0
    0
    0
    0
    0
    0
    3
   13
    0
    0
    8
    5
   14
    3
    2
    0
    0
   10
   15
    8
   40
    6
   80
    7
   38
    0
    0
    0
    0
    0
    0
    0
    3
   75
   30
    0
   55
    0
   10
   14
   60
   79
   10
    0
    0
    0
    2
  105
   37
    5
   37
    0
    0
    0
    0
    0
    0
    0
    0
    0
    0
    0
    0
    0
   15
    3
   15
    8
   32
    0
    0
    0
   80
    0
    0
    0
    0
    0
    0
    0
   30
    9
   43
   22
    0
    0
    1
    0
    0
   27
   45
    0
   26
   24
    0
    0
    0
   19
    0
    0
    0
    8
    8
    0
    0
    0
    0
    0
    0
    0
    0
    0
    0
    0
  154
    0
   54
  142
   80
   28
   40
    0
    0
    0
    0
    0
    0
   60
    0
    0
    0
    0
    0
    0
   64
    0
   40
   28
    0
  204
    0
    0
   32
   16
    0
   36
    0
    8
   36
    0
    0
    0
    0
    0
  140
   17
    0
   94
    3
    0
    0
    0
    0
    0
    0
    0
    0
    0
    0
    0
    0
    2
  136
   32
    0
    0
    0
    0
    0
  143
   40
  121
    3
   53
    0
    0
    0
  108
    0
   63
   10
    0
    0
    0
    0
    0
    0
    0
    0
    0
    0
    0
    0
    0
    0
    2
    0
    0
   25
    0
    0
    0
  105
    0
   40
   49
    7
    0
    0
    0
    0
    0
    0
    0
   42
    0
    0
    0
   10
   30
    0
    0
    0
    0
    0
   20
    0
    0
    0
    0
    0
    0
    0
    0
    0
    0
    0
    0
    0
   71
    0
    3
   10
    0
    0
   70
    0
    0
   43
    6
    8
   10
    0
    0
    0
    0
   13
    0
   43
    0
    3
    0
    0
    8
    0
    0
    0
    0
    0
    0
    0
    0
    0
    0
    0
    0
    0
   11
   10
    4
    0
   20
   79
    0
    0
    0
    0
   10
   87
  137
   40
    0
    1
    1
    4
    0
    0
    0
   12
   78
   10
    2
    1
    0
    0
    3
    0
    0
    0
    0
    0
   20
   25
    2
    0
   14
   16
    6
    0
    0
    0
    5
   63
   16
   10
    9
    0
    0
    0
    0
    0
    0
    0
   30
   50
   90
  170
   43
    0
    0
    0
    0
   28
    0
    0
   40
    0
    0
    0
   18
    0
    0
    0
    0
    0
    0
    0
    7
   21
   30
    0
   24
   29
   45
    0
    0
    0
    6
    0
    0
   82
   19
    4
    6
    5
    0
    0
    0
    0
   17
   16
    2
   10
    0
   19
   51
    4
    6
    6
    1
   40
   25
   13
    0
   20
    0
  140
   70
    0
    0
    9
    0
   20
    0
    8
   32
    2
    0
   10
   48
   20
   28
   73
   37
   18
   90
   24
   60
   11
    4
    0
    0
    0
    0
    0
   50
    9
    5
    6
   85
   23
   52
    2
    0
    0
    0
    6
    0
    0
    0
    0
    0
    0
    0
    8
    2
   20
    0
    0
    0
  102
   30
    0
    0
    0
    0
    0
    0
    0
    0
    0
    0
   14
   15
    0
    0
    0
    0
    0
    0
   78
    0
    0
    0
    0
    0
    0
    0
    0
    0
    4
   22
   35
    3
   12
    0
    0
    2
    0
    6
    0
   17
    0
    0
    0
    0
   56
  286
   64
    0
   12
    0
    0
   15
   23
    0
    0
    0
    8
    0
    0
    0
    0
    0
    0
    0
   46
   55
    1
    5
    0
    0
    0
    0
    2
    0
    0
  170
  172
    0
   30
    5
    0
   60
    3
    0
    7
   10
    0
    0
    3
    0
    5
    0
    0
   35
    0
    0
    2
    0
    5
   35
   35
    0
    0
    0
    0
   16
    0
    0
   30
    5
   15
    0
   35
    0
    0
    0
    0
  120
    0
   86
   17
   65
  273
   15
    0
    0
    0
    0
    0
    0
    0
    0
   42
    0
   18
   12
  145
    0
   30
   42
    7
    0
    0
    0
    0
   55
    0
    0
   20
   21
    0
    0
    0
    0
    0
    0
    0
    0
    0
    0
    0
    0
    0
    0
   92
    0
    0
    0
   27
   28
  102
    0
   10
   10
    0
    0
    0
    0
    1
    0
    0
    0
    0
    0
    0
    0
    0
    0
    0
    0
   50
   18
    0
    0
    0
    0
    0
   29
    0
    0
    2
    0
    0
    0
    0
    0
    0
    9
   49
    0
    0
   24
    0
   12
    0
    0
    0
    0
    0
    0
    0
    0
   33
    0
    0
    4
    0
    0
    0
    0
    0
    1
    0
    0
    3
   33
   23
    0
   30
   30
    0
    0
    0
    0
    0
    0
    0
    0
   53
   30
   29
    0
    0
    0
    3
    0
   40
    0
    0
    0
   61
    0
    0
    0
    0
    4
    0
    0
    0
    0
    0
    0
    0
    0
    0
    0
   30
   62
   20
   10
    0
    0
   28
    0
    0
    0
    9
   22
   32
   46
   48
    0
    0
    0
    0
    0
    1
    0
    8
    0
    0
    0
    8
    0
    0
    0
    0
    0
  135
    4
    0
    0
    0
    0
    0
    0
    0
   17
   90
    2
    0
    0
   25
    5
   20
    2
   72
   14
    0
    0
    0
   96
   31
   14
    0
    1
    3
  100
   84
  170
    0
    0
    0
   13
    3
    0
    0
    0
    5
   40
    0
   26
    0
    0
    0
    3
    0
    0
   48
   12
   40
    9
    0
    0
    2
    6
    0
    0
    0
    0
   52
   21
   48
    0
    0
    0
    0
    0
    0
    0
  165
   66
    0
    0
    0
    0
    0
    0
    0
    0
    0
    3
   10
    2
    0
    0
    0
    0
    0
    0
    0
    0
    0
   19
    0
    0
    4
    1
   71
   52
   21
    0
    0
   28
    2
   10
    0
   31
    0
    0
   20
    0
    0
    6
    0
    0
    0
   27
   57
    0
    0
    0
    0
   54
   18
    6
   25
    0
    0
    0
    0
    0
    0
  482
   98
  287
    3
    5
    0
   50
   16
  150
   44
    0
    0
   62
    0
    0
    0
    0
    0
    0
    0
    0
   65
    0
    0
    0
    0
    0
   18
   23
   17
    1
    0
    3
    0
    0
    0
    6
   12
    0
    0
    0
    0
    0
    0
   16
    6
    0
    0
    0
   52
    0
   12
    0
    0
    0
   35
    0
   70
   42
  106
   31
    5
  120
   26
   61
    4
   36
    5
   41
   30
    0
    0
    0
    0
   72
   20
    0
    0
    0
   45
    0
    0
   85
   10
    0
   52
   10
    0
   22
    0
    0
    0
   13
   12
    0
    0
    0
    0
    0
    0
    0
    0
    0
    0
    0
    0
   48
    3
    0
   30
    0
    0
   10
   18
    0
    0
    3
    0
    0
    0
    0
    6
    4
   21
   71
   10
    0
    0
   30
    0
    0
    0
    0
   10
    0
    0
    0
    0
   32
    0
    0
   42
   32
   37
    0
   23
    0
   31
   11
    0
   43
   50
   65
    0
    0
    0
    0
   30
    9
    0
    0
    3
    4
    3
    2
   30
    4
   25
   57
    0
    0
   26
   11
    0
   18
    8
   10
   15
