Station: Leuben , scaling_factor: 10.0, latitude:  51.1634, longitude:  13.3075, altitude:  168, nodata_value: -9
start: ..1969-01-01  end: ..2002-12-31
   76
  101
    6
    0
    0
    0
    0
    0
    3
    0
    0
    0
    9
    0
    4
    0
    8
    1
    0
    8
    0
   85
   22
   42
   28
    3
    0
    0
   25
    5
   42
    0
    9
   13
    2
    0
    0
   23
    1
    9
    8
    0
    3
   10
   11
  240
   33
    0
    0
    0
    2
    0
    0
    0
    0
   11
    0
    0
    0
    0
    0
    0
    0
    0
    0
    0
    0
   13
    0
   39
   88
  124
    8
   84
    8
    0
    0
    1
    0
    0
    0
    0
    1
   34
    2
   26
   22
    0
   78
  148
    0
   13
    0
    0
    0
    0
    0
    0
    0
    0
  151
  132
   11
    4
   70
   35
   18
   26
   20
    0
    3
   98
   20
   41
    7
    2
  237
   11
   40
  122
    6
    0
   80
    7
    0
    1
    8
    0
   12
    0
    1
    0
    0
    0
    0
    2
    0
    3
    0
   40
    5
    0
    0
    0
    1
  156
    0
   15
    0
   63
    2
   12
   14
   60
    1
   29
  112
    0
    0
    0
    0
    0
    0
    0
   45
   32
   75
    1
    2
  302
   45
    0
    0
    0
  185
    0
   33
    6
   21
  160
    0
    0
    0
    4
    0
    3
    8
    0
   57
   18
   16
    9
    4
    5
    0
    0
    0
    0
    0
    0
    1
   16
    0
    0
    0
    0
    0
    0
    0
    0
    1
    0
    0
    0
    0
    0
    0
    0
    1
    0
    0
    0
    0
    0
   46
  105
    3
    6
    7
    0
    0
  164
    3
    0
    2
    0
    0
   11
    8
    1
  148
  137
    0
    0
    0
    1
    0
    0
    0
    0
    0
    0
    0
    0
    0
    0
    0
    0
    6
   15
    0
    0
    0
    2
   45
    0
    0
    0
    1
   36
    0
    0
    0
    1
   38
   24
    2
    0
    0
    0
    0
    0
    0
    3
    0
    0
    0
    0
    2
    3
    0
    0
    0
    0
    2
   25
   19
   29
    2
    0
    0
    3
   55
   58
    0
    0
    0
   43
    4
    0
   31
   29
   15
    8
   11
    1
    0
    0
    0
    0
    0
   21
    8
   13
    1
    0
    2
   65
    3
  120
    2
    3
    4
    0
    0
    1
   51
    0
    0
    1
    3
    0
    0
    0
    0
    0
    0
    0
   44
    5
   11
   61
    7
    3
    0
    0
    0
   20
    6
    0
    0
    0
   43
    0
   25
   21
    8
   13
    3
  102
    0
    6
    0
    0
    0
    0
    0
    0
    0
    0
   34
    1
    6
    1
    0
    0
    0
    0
    0
    0
   18
   67
   21
    1
    0
    4
    0
  150
   17
   18
    0
   19
    3
   35
   59
   61
   36
    2
   15
    1
    1
    2
   11
   15
   28
   44
   34
  165
   80
   37
    4
   47
   44
   25
   15
   64
    0
  205
  191
    3
    0
    0
    0
    0
    0
    0
    0
    0
    5
    9
   24
   32
    6
   33
    0
    3
    0
    0
   15
    0
   17
   90
   16
    0
   65
    6
    1
    3
    2
   18
   14
   18
   17
  246
   42
    7
    1
   90
    0
    0
   42
    0
    8
   59
   32
   13
    3
   20
   13
   29
   10
    5
    0
   59
  109
   65
   13
    1
    0
    0
    0
    0
    0
    0
    0
   45
   65
    8
    0
    8
    0
    0
    0
   18
   31
   24
   15
   13
    0
   13
  118
  114
   56
    9
   81
   25
    7
    5
    0
   71
    6
    0
    0
    0
    0
    3
    1
    0
    0
    0
    0
    6
    0
    0
    0
    0
    0
   90
    3
    6
   71
    3
    0
   47
   13
    0
   24
   21
   10
    0
    2
    0
    0
    0
  181
    3
    1
    0
    0
   54
    3
   54
    0
    0
   22
    6
   37
    0
    0
   35
   40
   31
    6
    0
    3
    0
  129
  415
    0
    0
    0
    2
    0
   42
  128
    0
   20
    3
    0
    0
   70
    0
   11
    6
    0
    0
   59
  200
   87
   15
   15
    0
    0
    0
    0
    0
    0
    0
   16
    0
   14
   25
    0
    9
    0
   10
    0
    0
   26
    0
   13
    0
    0
    6
    0
    0
    0
    0
   13
    0
    0
    0
   34
    0
    0
    0
    0
   51
  103
  188
  104
   80
   52
    0
    0
    1
    1
    0
    0
    1
    5
    2
    0
    3
    0
    0
   23
    0
   45
   76
    8
   71
    1
   63
    2
  151
    1
   36
   14
    0
  152
   44
   11
   65
   78
    0
    8
   52
   28
   25
    1
   20
   48
    6
    8
    0
   34
    6
    0
   11
   41
    0
    0
    0
    2
    3
    0
   16
    7
   20
   33
   76
   65
    9
    2
    8
    0
    5
    3
    0
    0
    2
    5
    9
    0
    9
   21
    1
   15
   29
    8
   11
   10
   15
    0
    0
   45
    1
  135
    1
    0
    0
    0
    0
    0
    0
    0
    0
    0
    0
    0
    0
    0
    0
    2
   10
    0
    0
    3
    6
    0
    0
   47
   11
    1
   28
   40
   13
    0
    1
    0
   11
    0
   12
    1
    9
    3
    7
   39
    1
    0
    0
    5
   31
    0
    1
    0
    3
    6
   49
    2
    6
   55
   13
   53
   19
   10
    9
   30
   16
    1
    5
   32
    8
    0
    5
    0
   15
    8
    5
   10
    0
    0
    5
   20
    8
    0
   52
    1
    1
   14
    0
    1
   10
   31
    0
    2
    0
    5
   49
    0
    1
    0
    0
  110
    1
    1
    0
    0
    0
    2
    0
    0
    0
    0
    0
   79
    0
    0
   58
    0
    0
    0
  101
   72
   31
   15
    1
    0
    0
    0
    3
    0
    0
    0
    0
    0
    0
   41
    0
    0
    0
    0
    0
   58
    0
    0
   61
    3
   80
    0
    3
    8
    7
    0
   81
    0
   32
    5
    4
   16
    0
    0
    0
    6
  103
  349
   73
   12
  146
   81
    0
   93
   69
    0
   38
   29
   28
   23
   51
   29
   14
   55
    0
    0
    0
   34
   16
  101
   80
  205
    0
   65
    1
    0
    0
    0
    0
    0
    0
    0
    0
    0
    0
   23
    0
    0
    0
    0
    0
    0
    0
    0
    0
    0
    0
    0
    0
    0
   43
    0
    0
    0
    0
    5
    0
    0
    0
    4
  148
    0
    0
    0
    0
    0
   45
    0
    0
    0
    0
    0
    0
   16
   70
   41
    0
   38
   11
   42
    0
    0
    7
   19
    0
    0
    0
    0
    0
    0
    0
    0
  130
   28
    1
   11
    0
   30
   34
   21
    3
   86
    0
    0
    0
    0
   15
   16
   32
    0
    0
  114
   25
    0
    1
    0
    0
   11
   14
    0
    0
    0
    0
    0
    0
    0
   51
  176
    0
    0
    0
    2
    0
   34
   12
    0
    0
    0
    0
    0
    0
    0
    0
    0
    0
    4
    1
    6
    0
    0
    0
    0
    5
   20
   82
    3
    1
    0
   32
   30
   60
   81
  252
    0
    0
   51
    0
   60
    8
    3
    0
    0
    0
    0
    0
    2
    3
    1
   21
   13
   12
   26
    2
   40
   64
   45
   72
    2
    0
    0
    0
    0
    0
   29
   64
   26
   46
   21
    0
    0
    0
    0
   21
    1
    3
    0
    0
    0
    0
    0
   45
    0
    1
    9
    5
    0
    0
    0
    0
    0
    0
    0
    1
    0
    0
    0
   56
    1
    0
    0
    0
    5
   11
    0
   15
   18
   17
    0
    0
    0
    0
    0
    0
    0
    0
    0
   16
    5
    0
    0
    1
    0
    0
    0
    0
    0
    0
    0
    0
    0
    0
    0
    6
    0
    0
    0
    1
    0
    0
    0
    0
    0
    3
    1
    0
  158
    0
    0
    0
    0
    0
    0
    0
    0
    0
    0
    0
    0
    0
    0
    0
   15
   66
   21
   16
    0
  105
   26
   46
   38
   32
    0
   21
   25
    5
    0
    2
   16
    2
    0
    0
    5
    0
    1
   20
   18
    0
   24
    3
    0
   12
    0
    4
    8
   20
    0
    0
    0
    0
   19
    0
    0
    6
    5
    0
    3
   24
  120
   10
    5
   36
   41
   81
    0
   79
   62
  100
   10
    0
    0
   11
    5
   73
    2
   45
   28
   42
    0
   16
    5
    0
    0
    0
    6
   41
    0
    0
   72
  106
  245
    0
    1
    0
    2
    0
    0
   68
    0
    0
    9
   75
   12
    0
    0
    0
    9
    0
   35
    0
    1
   21
    0
    0
    0
    0
    0
   10
  109
    0
    0
    0
    0
    0
    5
    0
    0
    0
    0
    0
  115
    0
    0
   28
    0
    0
    5
   58
   50
   75
    0
   83
   48
    0
   17
    0
    0
    0
    5
    0
  290
    0
    0
    0
  277
    4
    0
   85
    0
    0
    8
   12
    0
    1
    0
    0
    0
    0
    0
    0
    0
   69
    0
    1
    0
    0
    0
    2
    3
    0
   25
   15
    2
    0
   15
    0
    0
   14
    0
    0
    0
    0
   66
   31
    2
   36
   11
   18
   26
    0
   16
    0
    0
    0
    0
    0
    0
    0
    0
    0
    0
    0
    2
    0
    0
    0
    0
    2
    0
   54
   55
   17
   95
   30
    7
    0
    0
    5
  110
    8
    3
    0
    0
    0
    0
    0
    2
    4
    0
   16
    6
   48
   65
   28
    3
    0
   29
    0
  100
   42
   10
    3
    6
    0
   26
   23
    1
    0
    0
    0
    0
    1
    0
    0
    3
    0
    0
    0
   15
   25
    1
    0
    0
    0
    0
    1
    0
    0
    0
    0
   11
    0
    0
    0
    0
    0
    0
    0
    0
    0
    0
    0
    0
    0
    0
    4
    4
    5
    2
    1
    2
    1
    2
    5
    0
    0
    0
   50
    9
    0
    0
    4
    0
    0
    0
    0
    0
    0
   31
   51
   27
   25
   17
   19
   37
    0
    0
    0
    0
    3
    0
    1
    8
   11
   12
   18
    0
    0
    0
    0
    6
   44
    2
   31
   55
   34
   55
   60
   35
   24
    3
    0
    0
   34
   87
    6
    0
    1
    6
    8
    0
    0
    1
    9
    0
    0
    0
    0
    8
  110
    5
    1
    0
    0
    0
    0
    0
    0
    0
    2
    0
    0
    2
    6
   73
   31
    0
   10
    5
    3
    0
   46
  270
   22
   62
    0
    0
    0
    7
   41
   32
    9
    4
   70
    0
    0
    0
    0
    0
    0
   20
    2
    0
    0
  340
   37
   28
   23
    9
    2
   33
   20
    4
    1
    0
    0
   65
    0
    0
    0
    0
    0
    0
  162
    3
    1
   51
    7
    0
    0
    0
    0
   33
    3
   51
    0
    0
    0
    0
   11
   11
  445
   10
    9
    0
    0
   79
    0
    2
    0
    0
    0
    0
    0
    0
    0
   21
   24
    0
    0
    0
    7
   14
    0
    0
    0
    0
    0
    0
    0
   43
    0
    0
    0
   21
    5
    0
    0
   86
   45
    6
   62
   70
   47
    0
   13
   54
   17
   15
  241
   32
  129
    0
    0
    0
    0
    0
    1
   99
   13
    0
   77
   10
    0
    0
    2
    0
    0
    0
    0
    0
    0
    0
  111
   48
   18
    0
    0
    0
    0
    0
    0
    0
    0
   87
   12
    5
   50
    0
    0
    0
    0
    0
    0
   54
    9
    0
    0
    0
    0
    0
    0
    6
    0
   18
    0
    4
    0
    0
   15
    0
    0
    0
    3
   20
    0
    0
    0
    0
    0
    0
    0
    0
    0
   23
    6
  145
    2
    0
   46
   30
   49
   20
    0
   93
   95
  108
   15
   53
    0
    0
    0
    0
    0
    0
   10
    0
    0
    0
    0
    0
   46
    0
    7
   18
    0
    3
    0
    8
  119
   47
   45
   64
    0
    0
   32
   13
    0
    0
    2
    0
   24
   18
   22
    4
   35
    0
   10
    0
   12
   43
    0
   55
   61
   74
   26
    0
   10
    5
   60
   11
   12
   15
    0
   11
    0
    0
    0
    2
    0
    0
    6
    3
    0
    1
    0
    7
    0
   33
    0
    0
    0
    0
   60
   55
    3
    0
    0
    5
    0
    0
    8
    7
    6
   25
  112
    3
    0
    0
   22
    0
   21
    0
    0
    2
    0
    5
    0
    0
    0
    0
    2
    0
    6
   57
   26
   33
    8
    0
    0
    4
    0
    9
    0
    0
    3
   16
  169
    1
   11
  112
   80
   35
    3
    0
    0
    0
    0
    0
    0
    0
    9
    0
    2
    1
    0
    0
    0
    0
    0
    5
    0
    3
   62
   61
    3
    0
    0
    0
    0
    0
    0
    0
    0
    0
   18
    0
    2
    0
    1
    0
    0
    0
    0
    0
    0
    0
    0
    0
    0
    0
    0
   85
   46
    3
    0
    0
    0
    9
   23
    0
   16
    0
    0
    6
   52
    0
    0
    0
    0
    0
   16
   70
   81
   20
    0
    2
    0
  115
   22
   28
  182
    0
   35
   12
    0
    0
   22
   80
  143
   10
    0
    4
    0
    0
    0
    2
    0
   43
   36
    2
    4
    0
    0
    7
    6
   55
    7
   17
   42
   69
  210
   36
    0
   15
    0
   30
    0
   41
    0
   21
  209
    2
    0
   68
   44
   22
   12
   69
   80
   12
   37
   35
    3
   83
    8
    0
   23
   26
   70
    0
    5
    6
    0
    0
    0
   39
    2
   77
    3
    0
    2
   37
  102
    2
    0
    0
    0
    0
    0
   16
    3
    0
   18
   22
    0
    0
    3
    0
   14
    4
    6
    0
    0
    0
    0
  118
   56
   40
   61
    1
    1
    0
    0
    0
    0
   12
    0
    0
    0
    0
    5
    2
   58
    5
    0
  136
    0
    0
   59
    0
    0
    0
    3
    0
    0
    0
    0
  111
    0
    0
    0
    0
    5
    3
   18
  125
    0
   89
   21
    0
    1
   24
   36
    3
    0
    2
    5
    8
   27
   17
    0
    0
    4
    5
   26
  252
    7
    0
    6
  184
  198
  471
   48
   30
   91
   19
   31
   46
    3
   10
   29
  178
   55
    2
    0
    1
    0
    0
    0
    9
   17
    0
    0
    0
    0
    0
    0
    0
   30
   19
    3
    0
   59
    9
    9
   16
   14
   57
   28
   30
   16
   19
   21
    2
   35
   52
  163
  149
   98
   10
   26
   34
   45
   14
    5
   17
   50
   63
   52
   11
    0
    0
    0
    0
    0
   35
   53
    9
   46
   35
  124
   63
   47
    0
    0
    0
    2
   31
   62
    5
    0
    0
    0
    0
    6
    0
    0
    0
    3
    0
    0
    0
    8
   51
   13
    0
   30
    0
   56
   45
   46
   12
    0
   11
   49
    3
    0
    0
    0
    0
    0
    0
    0
    9
    2
   35
   27
    0
    0
    0
    8
   69
    0
    0
    0
    0
    0
    0
    0
    0
    0
    0
    0
    0
    0
    0
    0
    2
    0
    0
    0
    2
   51
    5
   50
   15
   18
    0
    7
   10
    8
    0
    0
    0
    6
   62
   90
   10
    3
    0
    0
    2
    0
    3
    9
   46
    4
   36
    0
    0
    0
    1
   15
   20
   12
   80
  151
   30
    7
    0
    0
   10
    0
    0
    0
    0
    3
    0
    0
    0
    0
    0
    0
   16
   96
    0
    0
    0
    0
  159
   31
   16
  134
    9
    0
    0
   29
    0
    1
    8
    0
    0
    0
    0
    0
    1
   19
    0
    0
    0
    0
   18
    0
    0
    1
    0
   13
    0
    0
    0
   14
  139
   55
    3
    0
    0
    3
    4
    3
    0
  160
    5
   25
    3
  268
    0
  142
    0
    0
    0
    0
    0
    5
  128
    0
    0
    0
    0
    0
    0
    0
    8
    0
   11
    0
    0
    2
    0
    2
    0
  218
   10
    6
    4
    5
    0
    2
   11
    5
    0
    0
    0
    0
   10
    9
    0
    0
    0
    0
    0
    0
    0
    0
    0
    0
    2
    0
    0
  155
    0
   89
  129
    0
    9
    0
  260
   32
  135
  171
    2
    0
    0
    0
    5
    1
    0
    0
    0
   99
    0
    0
    0
    0
    0
    0
  433
   40
    0
   14
    0
    0
    0
    1
    2
    0
    0
    0
    0
    0
    0
   15
    3
   14
    0
    0
    1
    3
   12
   29
   61
    0
   10
   26
   72
    4
    0
    0
   50
    0
    2
    1
   25
   36
   42
   30
   87
    9
    1
    2
    0
    2
    1
    2
    0
    0
    0
    0
    0
    0
    0
    0
    0
    0
    0
   17
    0
    2
    0
    5
   55
    0
    0
    0
   85
   31
   39
   71
    0
    0
    0
    0
    0
    3
    9
   27
   15
    0
   35
   16
    6
    9
    2
    1
    0
    0
   14
    0
    0
   24
    3
    0
    0
    6
    0
    0
    5
    7
    0
    0
   32
   56
   40
    0
    0
    0
    0
   21
  118
   61
   18
   31
   37
   36
    0
    0
   24
  107
   75
  110
  104
   82
    4
   35
    0
   27
   29
   54
   86
  101
   18
   32
    0
    0
    0
    3
    0
    0
    0
    0
    0
    0
    0
    0
    0
    0
    0
    0
   48
    3
    0
   17
   20
   14
    2
    0
    0
    0
    0
    0
    0
    0
    5
    0
    0
    0
    0
    5
    0
    2
    0
    0
    1
    9
    0
    0
    2
    0
    0
    0
   12
    0
    0
    3
    2
   28
   52
    0
    5
    4
    0
    0
   13
   16
    4
    0
    0
    8
    0
    0
    0
    0
   21
   10
    0
   15
    4
    0
    0
    0
    0
    0
    0
   16
    4
    0
    0
    0
    0
   13
    4
   50
   13
   31
    0
   12
    1
    0
    6
    0
    0
   13
    0
    0
    0
    0
    0
    0
    0
    1
    7
    8
    0
    0
    0
    0
    0
   13
  141
   69
    4
    0
    0
    2
    7
   18
    8
   55
   16
  103
    0
   31
   24
   49
    0
    0
    0
    0
    0
    0
    0
    0
    3
    0
  112
   12
    0
    0
    6
    9
    0
    0
    0
    0
    0
    0
    0
    0
    0
    0
    0
    0
    0
    0
    0
    0
    0
   12
  162
    0
    0
    0
   35
    9
    0
    0
  148
    0
    0
    4
    5
    0
    0
    0
   11
    0
    0
   11
    0
    0
   52
   63
   42
  196
    6
    7
    0
    0
    0
    0
    2
    0
    1
    0
    0
    0
    0
   39
   55
    0
   19
    0
    0
    0
    0
    0
    3
    5
    0
    0
    1
    5
    0
   28
    4
   10
    0
    7
    0
    0
   20
    0
    0
    0
    0
   77
    0
    0
    7
    9
    0
    0
    2
    0
    0
   13
    0
    0
   31
   14
    9
    0
    0
    0
   35
    9
   39
   13
    2
    0
    0
    0
    0
    0
    3
    0
    5
   78
  116
    0
    0
    0
    0
    0
    0
    0
    0
    0
    0
    0
    0
   30
    2
    0
    3
   10
    0
    0
    2
  121
    0
    0
    0
    3
    0
   20
   51
   48
   21
    0
    8
   13
    0
    2
   44
   20
  110
   16
    0
    3
   11
    6
    0
   20
    2
    1
    0
    0
    9
   40
    8
    0
    1
   44
   82
   19
   37
   11
    0
    0
    0
    2
    0
    0
    0
    0
    2
    9
    2
    0
    1
    0
    0
    0
   31
    8
    0
    0
    0
    2
    7
   13
    5
    0
   18
    2
    0
    3
    0
    0
    0
    1
   11
    0
    0
    0
    7
    0
   65
    0
    0
    0
   75
   11
    0
    0
    0
    0
    2
   17
   30
   37
   67
    0
   30
    0
    0
   10
    0
    0
    0
    0
   17
   38
   67
   16
    0
    0
    0
   27
   38
   15
    5
    1
   43
   10
    7
    1
    0
    0
   69
    0
    0
    0
   46
   21
    3
   14
    0
    0
  121
   68
   24
    4
    0
    0
    0
    0
   34
  106
   41
    6
    0
    2
   10
    0
   30
    0
    8
   29
   13
    3
    7
   18
   15
    9
   70
   29
   60
    0
    0
    0
    0
    0
    3
    2
   52
   15
    0
   14
    7
    8
   70
   15
   16
    0
    0
    0
  230
    0
    0
    0
    0
    0
    0
  100
    0
    0
   65
    5
    0
    0
   39
  172
    5
    0
    0
    0
    0
    0
    0
    0
    0
    0
    0
    0
    6
   29
    2
   24
   10
    3
    3
  198
   18
   37
    0
    0
  134
   26
   16
    2
  151
  365
    1
    0
    0
    0
    0
    0
   29
    0
    0
   14
    0
    0
    2
    0
    0
    1
  353
    6
   34
   32
   16
    0
    0
   43
    0
   27
    0
    7
   14
    8
    0
    0
    0
   26
   84
  277
    3
   10
    0
    0
    0
   93
    1
    6
   11
   17
    0
    0
    0
    1
   35
  232
  155
   34
    3
    2
    4
    0
    1
   19
   25
    0
    0
  141
   20
    0
    0
    7
   27
    0
    0
    0
    4
  337
    0
  315
    0
    0
    5
   16
  158
    3
   45
    0
    0
    0
    2
    7
    0
    2
    0
    3
    0
   11
   45
    0
    0
    0
    0
    0
   14
    0
   15
   24
   10
    9
   12
   31
    0
    0
    0
    0
   56
    0
    0
    0
    0
    0
    0
    0
    0
    0
    0
    0
    1
    2
   45
   15
    2
    0
   28
   29
    1
   35
   58
  105
  130
   19
    0
    0
    0
    0
  235
    7
    0
  126
    0
   32
    2
    8
   14
   70
    1
    0
    5
   15
    0
   11
   32
   11
   23
    5
    0
    9
    3
   18
    2
    0
    0
    9
    0
    0
    0
    0
    3
   63
   14
   31
    2
    0
    0
    0
    0
    0
    0
    5
    9
   24
   13
   11
   30
    0
   39
   45
    9
    1
    0
   51
   13
    3
    7
    0
    0
    0
   10
    0
    0
    0
    0
    0
    0
    0
    4
    0
    2
    0
    0
    0
   61
   52
    7
    0
    0
   13
    0
    7
    0
   26
   13
    9
    0
    0
    8
   10
    2
    1
   40
    5
    0
    0
    6
    2
    0
    0
    0
    0
   12
    5
    0
    0
    2
    3
    0
    0
    0
    0
    0
    0
    5
    0
    0
   73
    9
   11
    0
    0
   30
    0
    3
   21
   30
   14
  150
   25
    2
   12
   17
    9
   26
    0
   16
    0
    0
    0
    0
    0
   23
   21
   64
    0
    0
    0
    0
    0
    9
   46
    0
    0
    3
    2
    0
    0
    0
    0
    3
    0
    2
    0
    8
    0
    0
    0
    0
    3
    0
  131
  145
    0
    0
    0
   64
  486
  165
    3
   21
    5
   49
    0
   10
   62
   45
   26
    0
   15
   51
    0
    0
  196
    4
    0
    0
    0
    0
    0
    0
    0
    0
    0
    0
   33
    0
    0
    7
   15
    2
    0
    0
   31
   36
   27
    0
    2
    0
    0
    0
    0
    0
    2
    9
    5
    6
    8
   38
    2
    1
    3
    0
   31
    6
   16
    9
   70
   74
   66
   52
    2
    0
   15
    0
    0
    0
    0
    0
   30
   15
   66
   26
    0
    0
    0
    0
    0
    0
    0
    1
    0
    0
    0
    0
    2
    0
    0
    0
  409
  795
   73
  158
    6
    0
    0
    0
    6
    9
   33
    1
    0
    0
    0
    0
   35
    0
    8
    5
    9
    0
   58
   74
   61
   45
   52
   58
    1
    0
   30
    6
    0
   18
   14
  176
   17
    0
    6
    0
    0
    0
    0
   85
   54
   14
  121
   37
    3
   10
   95
    5
   24
   83
    3
    0
   25
  113
  207
   28
    2
    0
    0
    0
    0
    0
    0
    0
    0
    1
   25
    9
    1
    0
    6
   21
   79
    1
    5
   76
    1
   16
    6
    2
    0
    0
    0
    0
    0
    8
    0
    1
    0
    0
    0
    0
    0
    0
    2
    0
    0
    0
    2
    0
    0
    1
    2
    0
    0
    0
   29
    8
    0
   11
   40
  190
   52
    2
    0
    0
    0
    0
    0
   65
   70
    0
    0
   38
   33
   19
   56
    0
   13
    0
    0
    6
    0
    0
    0
    0
   24
   27
   16
   42
  134
  239
   65
   13
    0
    6
    0
    9
    2
    0
   32
   22
    0
    9
   40
    5
   10
   24
   75
    0
    0
    0
    0
    0
    0
   31
    3
    0
    0
   51
    7
    0
   19
   15
   49
   40
    0
    0
    3
    0
   19
   11
    0
    0
    0
   65
   68
   32
    0
    3
   25
    0
    0
    0
    0
    0
    5
    0
    0
    0
    0
    0
    4
    0
    0
   76
    0
    0
    9
    1
   71
    6
   15
   54
   40
   45
    0
   47
    2
    0
   35
   21
    2
    0
    5
    0
   12
   11
    0
    0
   49
  185
    6
    4
    0
    2
  177
    0
   38
  165
    0
    0
    0
    0
    0
    0
    0
    0
   25
   21
    0
    0
    0
    2
   23
   26
   15
    0
    0
   34
    0
    2
   53
   16
   19
    0
    6
   11
   39
    0
    0
    0
    0
   33
    2
    0
    0
    0
    0
  298
   25
    3
    0
    8
   13
    0
   23
    0
    0
   93
    0
    0
    0
    0
    0
    0
    0
    0
   41
  241
   53
   93
    0
    0
    1
   67
    8
    0
  168
   54
    0
    0
    0
    0
    0
    0
    0
   12
    0
    0
  128
   55
    3
    2
    8
    0
    0
    0
    0
    0
   91
   21
   75
    5
    0
    0
    0
    8
    1
   30
   17
    2
   49
    0
    2
   23
    0
   34
   35
   35
    3
    0
   74
    0
    2
   63
    2
    0
   16
    0
    0
    0
    7
  137
    8
    2
    0
    0
    0
    0
    0
    0
    0
    0
    0
   13
   15
  168
    5
    2
   20
    0
    1
    0
    0
    0
    0
    0
   78
   18
    0
    0
    0
   26
    8
    2
    0
    0
    0
    0
   11
    0
    0
    0
    0
  112
  109
  229
   77
   82
    1
    0
    8
    5
    0
    0
    0
    0
    0
    0
    4
    0
    0
    0
    0
    0
    0
    0
    0
    0
    4
    2
    8
    9
    0
    0
    2
    1
    2
    0
    0
    0
    0
    0
    0
    0
   37
   28
   22
    0
   61
   75
   20
   27
  155
   11
    0
    0
   11
   24
    7
   76
    0
   12
   78
   18
   46
    2
    0
    0
    2
    0
    8
    6
    1
    0
    6
   35
    0
    0
    0
    9
    0
   38
    6
   30
  100
  111
    9
   15
   41
   45
   84
   29
    0
    0
   83
    0
    0
    5
    0
    0
    0
    0
   12
   31
   33
   16
   36
   25
    0
   28
   20
   25
   15
    0
    0
    3
    1
    0
    0
    0
    0
    9
    0
    0
    0
    0
    0
    2
    2
    0
   36
   43
    7
    2
    0
   46
   40
   51
   50
   68
   25
  141
   53
    0
    0
    0
   30
   32
   18
    0
    0
    0
   29
    4
    0
    0
    0
    0
    0
    0
    0
    0
    0
    1
   24
   12
    5
   28
   12
    5
    0
    0
    4
   73
   78
   12
    0
    0
    0
    0
    0
    0
    0
   15
  105
    0
    0
    0
    0
    0
    0
    3
   10
    2
   14
   55
    0
   75
  191
   98
    0
    0
    0
    7
   39
   76
    9
    0
    0
    0
    0
    0
    0
    0
    7
   24
   11
   24
    3
  427
  235
    8
   50
   29
    0
    0
    0
    0
   14
    0
    0
    0
    0
    0
   40
    9
    0
    0
    0
    0
    0
    0
    0
    0
    0
    0
    0
    0
    0
    1
    0
    0
    0
    0
   35
    0
    2
    0
    0
    0
   71
    0
    3
    0
    0
   51
    0
    0
   91
    0
    0
    0
   63
    6
  253
   85
   29
    2
    6
   12
    0
   22
    3
    0
   50
   25
   55
   80
   34
  246
  127
    0
   28
    0
   24
   42
   33
    0
   42
    2
   97
   18
   87
    1
    0
    0
   26
    2
  381
   52
    0
    0
    0
    0
    0
  178
    0
   19
    3
    0
    0
    0
    0
    6
    0
    0
    0
    0
    0
    0
  118
    2
    0
    0
    0
    0
    0
   31
    3
  103
   21
    0
   33
    0
    0
    0
    0
   37
    5
  210
   53
    0
    0
    0
  132
    8
    0
    0
   38
   17
   83
    8
    2
   25
   16
    0
   71
    0
    0
    0
    0
    0
    0
    0
  150
    0
    0
    0
    3
   15
    0
    6
    0
    3
    0
    0
   80
    0
    0
    0
    0
  294
  304
   11
    0
    1
    0
   98
   20
    0
    0
    0
   30
   31
    0
    1
   26
    0
   27
    0
    1
    0
    0
    9
    2
    0
  102
   81
    0
    0
    0
    0
    2
    0
   17
   85
   27
    0
    0
   11
    4
    0
    0
    0
    0
   90
    0
    0
    5
   52
    3
    0
    5
   16
   27
   73
   29
    1
    2
    0
    0
    9
    0
   44
   34
   16
    7
    0
    6
   15
    0
    0
    2
   37
    0
    0
   10
   12
    0
    0
    0
   16
   26
  107
  187
   18
   42
   89
   10
    0
    3
   43
    0
    0
    9
   33
    5
   12
   21
   25
   61
   36
   11
    0
    0
    0
    1
    0
    0
   14
    0
    0
    0
    0
    0
   10
   28
   21
   16
    0
   14
    0
    7
   25
    5
    7
    0
    1
    0
    7
    5
    3
   27
    2
   13
   15
    0
    0
    0
    0
    0
    6
    7
    8
   47
    6
    0
   30
    6
  135
  167
   75
  116
    9
   13
    0
    0
    1
    2
    0
    0
    0
    0
   78
    1
    9
   66
    0
    0
    0
    0
    0
    0
    0
    0
    6
    6
    0
    0
   13
    0
    0
    0
    0
    3
    0
    0
    0
    8
    2
    0
    0
    0
   29
    1
    0
    0
    0
  388
   17
   24
  282
   19
    8
    0
    3
    0
    0
    0
    0
    0
    0
    0
    0
   11
   40
   41
    0
  114
    0
    0
    0
    0
  157
   36
   17
   51
   45
    3
    0
    0
    0
    1
    4
    0
    0
    0
    0
    0
    0
   55
    0
    0
    0
   24
    0
   35
   18
    0
    2
  177
   28
   63
   20
    8
    0
    6
   14
    0
    0
    0
    5
    2
    0
   20
  175
    0
    0
    0
    0
    0
    0
    0
    0
   70
   41
   22
    9
   18
    3
  273
  382
   12
   73
    7
  158
   57
   17
  154
   91
    4
   15
    0
    0
    0
   15
    1
    1
    0
    0
    0
    0
   45
  252
    7
    0
    1
    0
    0
   11
    3
    0
   13
   51
   16
   23
   34
    0
    2
    0
    9
    0
    0
    0
    0
    0
    0
    0
    0
    0
    0
    0
    5
   48
    1
    2
    0
    0
    2
    5
  121
    1
    3
    4
    4
    2
   25
   63
    0
    0
    0
  200
  220
   18
    0
    0
    0
    5
    1
    2
    0
   20
    0
   34
   26
   26
   29
   51
    4
  154
    0
   13
   45
    3
    5
   87
  145
    9
    0
    2
    0
  169
   27
    6
   39
    6
   -9
   -9
   -9
   -9
   -9
   -9
   -9
   -9
   -9
   -9
   -9
   -9
   -9
   -9
   -9
   -9
   -9
   -9
   -9
   -9
   -9
   -9
   -9
   -9
   -9
   -9
   -9
   -9
   -9
   -9
   39
   23
   57
   75
   16
    7
   28
  165
    7
    0
  101
    9
    0
   56
    7
    0
    0
    5
    1
    0
    0
    0
    7
    0
    0
    0
    0
    0
    0
   45
    0
    6
    4
    2
   28
   76
    2
    0
    0
    6
    0
    0
    0
    0
    0
    0
    0
    0
    0
    0
    0
    0
    6
    0
    0
    0
    0
    0
    0
  106
  112
    0
    0
    0
    0
    0
    0
    1
    0
   37
    0
    0
    0
    0
    0
    0
    0
    0
    0
    0
    0
    0
    0
    0
    0
    0
    0
    0
    0
    6
    3
    0
   60
    0
    0
    0
    0
    0
    0
    0
    0
    0
    0
    0
    0
    0
    0
   34
   65
    0
    0
    0
    0
    0
    0
    0
    0
   21
    7
    0
    0
    0
    7
    0
    0
    0
    0
   12
   62
    6
   40
    1
   14
    0
    0
    0
    0
    0
    4
    0
    0
    0
    0
    0
    0
    0
   11
    0
    0
   68
    9
   26
    0
    0
   10
  167
  159
    0
    0
   11
   60
  228
    0
    0
    0
    0
    0
    2
    9
    0
    0
    0
   28
   16
    0
    0
    0
    0
    7
    0
    0
    0
    0
    0
    0
    0
    0
   34
    0
    0
    0
    0
   71
    3
   30
    7
    0
  138
    0
   26
    2
    2
   15
   15
    0
   39
   13
   79
   11
    0
    0
   50
    0
    0
  123
    5
    0
   22
    0
    0
    0
    0
    0
    0
    0
    0
    0
    0
    0
   14
    0
    0
    0
    0
    0
    0
  108
   29
    0
    0
    0
    0
    0
    0
    0
    0
    0
    0
  120
   75
    0
    0
    0
    0
    0
    0
    0
    0
    0
    0
    0
    7
   10
    0
    0
    0
    0
    0
    8
    0
    0
    0
    0
    0
    0
    0
    0
    0
    0
    5
   35
    0
    0
    0
    0
    0
    0
    0
    0
    0
    0
    0
   29
    0
   23
   11
    0
    0
    0
    0
    0
    0
    0
    0
    0
    0
    0
    0
    0
   11
  118
    0
    7
   42
   15
   17
   67
    4
   12
    0
   16
    1
   13
    0
    0
    0
    0
    6
    0
    0
    1
    0
    0
    0
    0
    0
    0
    0
   11
    0
    0
    0
    0
    0
    1
    0
    0
    0
    0
    0
    0
   17
   32
    5
    0
    2
   30
    0
    5
    0
    0
    0
    0
   19
    7
    0
    0
    0
    0
    0
   54
   31
   28
    0
    0
   67
    1
    0
    0
   38
    0
    9
   10
    3
    7
    3
    0
    0
    5
   10
    0
   13
   23
    0
    0
    0
   18
    0
   43
   60
    6
    0
   13
   11
   11
    4
    1
    0
    2
   28
   66
   59
   23
    0
   22
   21
   11
    0
    0
    0
   40
    0
   85
   50
    0
   86
   61
   24
    9
   43
    0
    5
    5
   16
    7
   22
   68
   67
  105
    9
    0
    1
    0
    0
    0
    2
    3
    0
    0
    0
    0
    0
    6
    2
   10
    2
    0
    0
    0
    6
    5
    3
    0
    0
    0
    6
    0
    0
    0
    0
    1
    0
  213
   47
    2
   18
    5
    0
   54
    0
   10
    0
    5
    0
    0
    0
  220
   31
    0
    1
    6
   26
   20
   51
    0
   13
  100
   66
    4
   36
   50
   61
    0
    0
   41
    0
    0
    0
    0
    0
    0
    0
    0
    0
    0
    0
    7
    0
    0
   30
    0
    0
   27
   28
    1
   76
    7
    3
   10
    0
    0
    0
    0
    0
   42
    0
    4
    0
   37
   33
    4
    0
    0
    0
   15
    0
    0
    0
    0
    0
    0
   20
    0
    0
    0
   27
    0
    0
    0
   49
   87
    2
    6
   10
    0
    0
    0
    0
    0
    0
    0
    0
    0
   36
    0
    0
    0
    0
    0
    0
    0
    0
    0
    0
    0
    0
    0
    0
    0
    0
    0
    0
  190
    0
    4
    0
  109
    0
    0
    0
    0
    0
    0
    0
    0
    0
    0
    0
  175
  175
  220
  100
  525
  145
   12
    0
   55
    0
    0
    0
    0
    0
    0
    0
    0
    0
    0
    0
    0
    0
    0
    0
    0
    0
    0
    0
    0
    0
    0
    0
    0
    0
    0
    0
    0
    0
    0
   12
  160
    0
    0
    0
   60
   56
    0
    0
    0
    1
   96
    4
    1
    0
   60
    0
    0
    0
    0
    0
    0
    0
    5
    9
    0
    0
    0
    0
    1
   46
    9
    0
    0
    0
    0
    0
    0
    0
    0
    2
    0
    0
    0
    0
    0
    0
    0
    0
    0
    0
    0
    8
    0
    0
    0
    0
    0
    0
    0
    0
    0
    4
    0
    0
    0
    0
   20
   12
   10
    2
    5
    2
    6
    3
    3
    4
   27
   83
   16
   34
   15
    0
    3
    0
    0
    0
    0
   24
    4
    0
    0
   20
   25
    0
    0
    0
    0
    0
    9
    0
    1
    0
    0
   45
   68
   72
   83
   80
    0
    2
    4
    2
    0
    0
   17
   11
    6
    5
    0
    0
    6
   28
    1
    0
   18
   30
   82
   10
   40
    1
    0
    0
    0
    0
   22
   30
    0
    8
    0
    0
    0
    3
   30
    0
    0
    0
   31
   40
   25
  130
    1
   36
   16
   12
    7
    0
    0
    0
    0
    0
    0
    0
    0
    0
    0
    4
   21
   55
   20
    0
    0
    0
    0
    0
    7
    0
    2
    2
    2
    2
   11
    3
    0
    0
    1
    0
    0
    0
    0
    0
    0
    0
    0
    0
    0
    0
    0
    0
    2
    6
    0
   10
    0
    7
   69
  178
   28
   54
    0
    5
    0
    7
    4
    0
   16
   20
    0
    0
    0
   55
    0
    0
    0
    0
    0
    0
    0
    0
    0
    0
    4
   14
    0
   54
    0
    0
    3
    5
    0
    5
    6
    2
    0
   16
    5
   60
   61
   30
    0
   19
    0
    0
    0
    0
   28
    0
   42
   43
  135
    2
    0
    0
    1
    0
   25
    0
    0
    0
   24
  155
   70
   10
   28
    0
    0
    0
    0
   14
    8
    0
    5
    0
    0
    0
    0
   25
    0
   96
    0
   19
    3
   10
    5
    0
    5
    0
   42
   68
    3
    2
    0
    0
    0
    0
    0
    0
    0
   11
   15
   75
   23
   74
   33
   23
    0
    0
    0
    0
    0
    0
    0
  105
   28
   52
    0
    0
  310
    0
    0
    0
   72
    0
    0
    9
  348
  222
  325
    2
    0
    0
    6
   26
    0
    0
    0
    0
    0
    0
    0
    0
    0
    0
    0
    0
    0
    0
    0
   10
    0
    0
    0
   25
   88
    0
   20
   34
    0
   83
    9
    0
    0
   58
    0
    0
    0
    3
    5
  165
   15
   47
    0
    3
   29
   64
    0
    0
    3
    0
   63
    0
    0
    0
    0
   61
    0
   59
   13
    0
    0
    0
    5
    0
    0
    0
    0
    0
    0
    0
   10
    6
    0
    3
    0
    0
    0
    0
    0
    0
    0
    0
   13
    0
    0
    0
    0
    0
    0
    0
    0
    0
    0
    0
    2
    0
   12
   14
    0
    0
   11
  185
   55
    0
   17
   25
    1
    0
    0
    0
    0
    0
    0
    0
    0
    0
    0
    0
   20
   24
    8
    0
    0
    0
   22
    0
   15
   29
    0
   57
    0
    0
    0
    0
    0
    0
    0
    0
   30
   20
   15
   20
   27
   14
   22
   20
    2
    0
    0
    0
    3
   38
   31
    5
    6
    0
    0
    0
    0
    0
    0
    0
   24
    2
    9
   23
   28
    0
    0
    0
   24
   53
   85
   39
    0
    0
   10
   15
    0
   16
   32
    1
    0
    0
    0
    4
    0
    0
    4
    2
    0
    0
   59
    2
   29
   11
    0
    2
    0
    1
    0
    0
    0
    0
    0
    0
    0
    3
    4
    0
    0
    0
    0
    0
    8
    0
   75
  239
    0
    7
    0
    0
    0
    0
    0
    3
   38
   31
   10
    7
   12
   10
   28
    0
    0
    0
    0
    0
    0
    6
    0
    7
    7
   75
   11
    2
   11
    0
    0
    0
    0
    0
    0
   27
    0
   13
    0
   20
   10
  131
   31
   16
   65
   18
    0
    0
    0
   24
    7
    1
    0
    0
    0
    0
   48
    3
    0
    0
    0
    0
    0
    0
   56
  114
    0
    0
    0
    0
    0
   11
    0
    7
   36
    0
    0
    0
   50
   12
    5
    5
    3
   27
    9
   23
   67
    0
  102
    0
  111
    0
    0
   54
   25
    0
   25
    0
   16
   52
    0
   54
    0
    0
   31
    0
    0
    0
    0
  200
    0
   65
   84
   45
    0
    0
    0
    0
    0
   49
    0
    0
    0
   33
   19
   17
    0
    0
    0
   70
    0
   50
    9
    0
    0
    7
    0
    0
    0
    0
    2
    0
    0
    0
  200
    0
   94
    0
    0
  180
  225
    2
    1
   19
    0
    1
   24
    0
   30
    4
    0
    0
    0
    0
    0
    0
    2
    0
   51
    3
    4
    2
   13
   24
    3
    2
    0
    0
    0
    0
   33
   24
   17
    0
    0
    0
    0
    0
    5
    0
    0
    0
    0
    0
    0
    0
    0
    4
    0
    0
    0
    0
    0
    3
    4
    2
    0
    0
    5
   43
    0
    4
    2
   31
    0
    0
    0
    0
    0
    0
    0
    0
    3
    0
    0
    0
    0
    0
   28
    0
    0
   56
    2
    8
    1
   89
   27
    0
    0
   17
   13
    3
    0
    3
    7
   21
   11
   84
   30
   10
   22
   11
    0
    0
   16
    1
    0
    0
    0
    0
    5
    0
    7
    0
    0
    6
   14
   45
    6
   38
    5
   19
   27
   85
   65
   11
   50
    2
    0
    0
    0
   17
    6
   11
   87
    1
    0
    0
    0
    0
   34
    8
    0
    5
    3
   11
    0
   35
   40
   33
   90
   56
   45
   50
    6
   73
   22
    0
    0
    2
   20
    7
    7
    5
    2
    0
    0
    0
    0
    1
    0
    0
    0
    0
    8
   19
    0
   85
    5
    2
    0
    0
    0
    0
    0
    0
   31
   58
    2
    1
    0
    0
    0
    1
    2
    0
    0
    0
    0
    0
    0
   47
   64
   17
   11
   13
    3
    0
    1
    0
    8
    2
    0
    0
    0
    0
    0
   70
    0
   95
   36
    0
    0
    0
    0
    0
    8
   97
    3
    1
   82
   10
    0
    0
    3
    6
   42
  113
   22
   12
    0
    4
    0
    0
   49
    2
   24
    1
    0
    5
    0
   62
   26
    1
    0
    0
    0
    0
    0
    0
    0
    0
    0
    0
    4
   15
    2
    5
    2
    0
    5
   45
    5
    0
    0
   55
    0
    0
    5
    0
    0
    4
    0
    0
   33
   14
  269
  158
   71
   10
   14
   60
   62
   78
  129
   97
    0
    0
    0
   74
   44
    8
    0
    0
    0
    0
    0
    0
    0
    0
    0
    0
    0
    0
    0
    0
    0
    0
    0
    0
    0
    0
    0
   40
   14
   58
    0
   17
   37
   11
    0
    0
    0
    0
    0
    0
    0
    0
    0
    0
    0
  102
   30
    0
   43
    0
    0
    0
    0
   12
   44
    0
    0
  126
   23
    0
    0
    0
    0
   51
   74
  108
    0
    0
   35
    0
    0
   79
  131
    8
    0
    4
   44
   34
    0
   20
    0
    5
    9
    7
   18
    0
    1
  111
    5
    0
   35
    0
    0
    0
    0
    0
  111
    3
    0
    9
   65
   93
   23
    0
    0
    0
    0
    0
    0
    0
    0
    0
    0
    0
    0
    0
    0
    4
    0
    0
   11
   34
    1
    0
    0
    0
    0
    0
    0
    0
    0
    0
    0
   13
   39
   61
  306
   14
    0
    7
    0
    4
    1
   85
    0
    0
    4
    0
    0
    0
   21
    7
    0
    0
    0
    0
    0
    0
    0
    0
    4
    0
    0
    0
   21
    5
    4
    5
   11
    0
    0
    0
    0
    0
    0
    0
    0
    0
    0
    0
    0
   25
    0
    0
    0
   12
    0
    0
    5
    0
   38
   34
   31
   35
   49
   30
   39
   50
   38
   12
    0
   39
   42
  150
  224
  176
   40
  151
  108
    0
   23
   87
   12
    2
  102
   58
    0
   21
   51
    1
    3
   11
    0
    0
    0
    0
    1
    0
   23
  110
    0
   41
   20
    2
   73
   13
    0
    0
    0
    0
    0
    0
    0
   13
    3
   76
    0
    0
    0
    0
   32
    7
   79
    0
    0
   85
    0
   90
    0
    5
    0
    0
    0
    0
   35
   99
   17
   27
    5
    0
    0
    6
    5
    0
    0
    0
    0
    0
    0
    0
   15
   38
   29
    3
   18
    4
    0
    3
   50
   12
    8
    2
   13
   10
    0
    2
    0
    0
    4
    0
    4
   59
    4
    0
    0
  161
  126
   10
    0
    0
    0
    0
    5
    0
    0
    0
   20
   40
    0
    0
    0
    0
    1
    0
    0
    0
    3
    0
  290
  240
    0
    8
    2
    2
    0
    0
   72
    0
    6
    0
    0
   16
    0
    0
    0
    6
    7
   22
   86
    0
    0
    0
    0
    1
    0
   30
   12
    4
   76
   50
   10
    6
    0
    0
    2
   13
    0
    0
    1
   38
   40
  100
  127
   15
   14
   15
    0
   22
  118
    3
   10
   70
    0
   10
   10
    4
    0
    0
    0
    0
    7
    0
    0
    0
    4
  208
    0
    0
    0
    0
    0
    0
    0
    5
   86
  256
   25
    6
    6
   56
    0
    0
    8
   15
  129
    0
    0
  264
    2
  189
   69
   57
   59
   34
   35
    0
    0
  107
  156
    8
   75
    0
   36
   51
    4
    0
  171
    3
    7
    0
    0
   11
    5
    2
    0
    0
    8
    7
    0
    0
    0
    0
    0
    0
   40
    0
  110
    0
    0
    9
    0
    0
    0
   22
    0
    0
    0
   70
    0
    0
    0
    0
   49
   31
    0
    0
    0
    2
    0
    0
    0
    0
    0
    0
    0
    7
    0
    0
    0
    0
    0
    0
    0
    0
    0
    0
  138
    1
    0
    0
    0
   42
    2
    0
    0
    0
    0
    0
    0
    0
    0
   33
   35
    1
    0
    0
    0
    0
    0
    1
    9
    4
    0
    3
    7
    0
   22
   50
   38
  161
  102
    9
   11
    0
    0
   34
    0
   24
    0
    0
    0
    0
    1
    0
    0
    0
    0
   12
    0
    0
   14
    0
    0
    0
    0
    0
   62
   70
   92
   53
   72
   17
    7
    0
    0
    0
    2
    0
   10
   21
   25
    0
   17
    0
    0
   35
    3
    0
    4
    8
    0
    0
   50
    0
    0
    0
    3
    1
   35
    0
    0
    0
    0
   47
   39
    7
   20
    8
    0
   27
    0
    0
   10
    8
   15
    4
    0
    4
    0
    0
   11
    2
   18
   30
   75
    0
    0
    0
    0
   34
   43
   80
    3
    0
    3
   55
    8
  134
    5
   15
   45
   33
   41
    3
    1
    0
    0
   26
   39
   11
    0
   21
   75
    0
   26
    0
   50
   11
    2
   15
    5
   20
   60
   55
    0
   22
   60
    2
   34
    3
    0
    0
   12
   19
    0
    0
    2
   11
    0
    0
    7
    6
    0
    0
    0
   12
    0
    0
    0
    0
   15
    0
   25
    0
    0
    0
    0
    0
    0
    0
    0
    0
    2
   25
   64
   50
    0
    0
    0
    0
    0
    0
    0
    0
    0
    0
    0
    0
    0
   17
   20
    2
   30
    0
    0
    0
    0
    0
   11
    0
    0
   99
   32
   30
    0
    0
    0
   14
   37
  190
    0
    3
    4
   21
   45
    0
    0
    0
    0
    0
    0
    0
    2
    0
    0
   33
   11
    8
    7
  239
   50
    2
    0
  110
    0
    0
   25
   13
   30
    0
   27
    0
    7
    0
    4
    0
   16
    0
   65
   22
    9
   17
    0
    0
    0
    0
    0
   90
    0
    0
   63
    0
   35
    0
    0
    0
    8
  117
    0
    0
    0
    0
    0
    0
    0
    8
    0
    0
    0
    0
    0
    0
    0
   60
    0
    0
    0
    0
    0
   71
   73
    0
    0
   10
    8
    0
    5
  110
    0
    4
   74
    0
    0
    0
    0
    0
   10
    7
    0
    0
    0
    4
    9
    0
    0
    0
    0
    0
   52
   39
   50
    3
    0
    0
    8
    0
    0
    0
    0
    0
    0
   25
    5
    0
    0
    0
   11
   26
   19
    0
   11
    2
    1
    7
    0
   23
    3
    0
    0
   27
   10
    0
    1
    4
    0
    5
    6
    2
   40
    1
    0
    0
    0
    5
    0
    0
    0
    0
    0
  106
   74
   37
    5
    0
   42
   23
   45
    3
    2
   12
   75
    5
    3
    2
   11
   30
  145
   29
   35
   41
  115
    2
   45
    3
   77
    5
    8
   75
   24
    2
    0
    0
    0
   20
   91
  397
   30
    0
    0
   62
   10
    5
    0
    5
    2
    0
    0
    1
   42
    2
    0
    0
   31
   23
   41
   12
    0
   43
    0
   10
    0
    0
    0
    0
    7
    0
    0
    0
    0
    0
    0
    0
    0
    0
    0
    0
    0
    0
    2
    0
    0
    0
    0
   14
    0
    0
    0
    0
    0
    0
   51
   10
   23
   18
    3
    1
   11
   50
   41
    0
    3
    6
    0
   13
    0
    5
   30
    0
   24
    0
   15
    0
    0
    0
   28
    3
    0
   68
    0
    3
    4
   18
    8
   18
    0
    0
    0
    6
   15
   12
   70
    0
    0
    0
    0
    0
    0
    0
    0
    0
    0
    0
   38
    0
    0
   35
    1
    0
    0
    0
    0
    0
   13
   11
    0
    0
    0
    0
  157
   63
    1
    0
    0
   37
   55
  103
    0
    0
    0
    0
    0
    0
    2
    6
    0
    0
    0
   94
   11
    0
    0
    0
    0
    0
    0
    0
    0
    0
    0
    0
    0
    0
    0
    0
    0
    0
    0
   38
    0
    2
   73
    0
    2
   36
    0
    0
    0
    1
    0
   43
    0
    0
    0
    0
    0
    0
   11
    0
    0
    0
   28
    6
    6
    0
    0
   24
    0
    0
   13
   47
   54
    9
    0
    0
    0
    0
    0
   44
    0
    0
    0
    5
    0
    0
    0
    0
   44
    0
    0
    0
    0
  122
   11
   80
    0
  305
    0
    0
   28
    5
   24
    5
   35
    0
    0
    0
   35
    5
    0
    0
   23
    0
    0
    0
    0
    0
    0
    0
    0
    0
    0
    3
    0
    0
   20
    0
  129
   39
   72
    0
    0
    0
    2
   79
    0
    0
    0
    0
    0
    0
    0
    0
    0
    0
   58
  180
   61
    0
    0
   12
   14
    0
    0
    0
    0
    0
   66
    0
    2
    0
    3
    0
   18
    0
    0
    0
   41
   88
    0
    0
   10
    7
    8
    0
    2
   24
    0
    0
    0
    0
   10
    0
    0
    0
    0
    0
    0
    0
    0
    0
   90
    9
  285
    0
   12
   53
    0
  228
  130
   11
    0
    0
    0
    0
    0
    0
    0
    0
    0
    0
    0
    0
   24
   65
    7
   13
   29
   66
   27
    0
    0
    0
    0
    0
    0
    0
    2
    7
    0
   11
   21
    0
    2
   36
   54
    0
   83
   28
    2
    0
    0
   42
    0
  123
    0
    0
    0
    0
    0
    0
    0
    0
    0
    0
    0
    0
    0
    8
    0
    0
    0
    0
    6
    2
    3
    0
    0
    0
    0
    8
    0
    0
    0
    9
    4
   15
   17
   38
    0
    0
    0
    0
    0
    0
    0
    1
   31
    0
    0
    0
    0
    0
    0
   12
    0
    0
   71
   28
  136
    0
    0
    0
    0
    0
    0
    0
    0
    0
    0
   45
   25
   50
   12
    0
   18
   16
   11
   13
    0
    0
   17
   37
    0
    0
    0
    0
    0
    0
    0
    0
    0
    5
    0
   30
    0
    6
    0
    0
    0
   28
    2
    0
    0
    0
    0
   68
    9
    0
    0
    0
    0
    0
   11
   24
    0
    0
   30
    6
    0
    0
    0
    0
    0
   49
    0
   39
   64
  165
    0
   14
    0
    0
    0
    0
    0
    0
    0
    0
    0
    0
   10
    0
    0
    0
    0
    0
    0
    0
   20
    4
    0
    0
    0
    0
    0
    0
    0
    0
    0
    0
    0
   11
    0
    0
    0
  190
    0
   17
    0
    0
   10
  182
   13
  275
    5
    0
    0
    0
    0
    0
    0
    2
    0
  162
   28
    0
   28
    0
    0
    0
   20
    7
   60
   20
    0
    0
  123
    0
   11
    6
    0
    0
   23
   39
    0
    0
    0
    0
    0
   14
    0
    0
    0
    0
    0
    0
    0
    0
    0
    0
    0
    0
    0
    0
    0
    0
    0
    0
    0
    4
   42
    0
    0
    4
   15
    0
    0
    4
    3
    0
    2
   19
   30
    0
   43
  109
    3
    0
    0
    0
    0
    0
    0
    0
    0
   35
   35
   37
    0
   46
    8
    1
    5
   40
   53
  156
  102
    0
    0
    0
    0
    0
   14
   46
    0
    0
   21
    8
    7
   43
   10
    0
    0
    0
   10
   17
    2
    0
    0
   33
    0
    0
    0
    3
    0
    0
    0
    0
    0
    0
    0
    0
    0
   35
    0
   12
    0
    0
    0
    0
    0
    0
    0
    9
   49
   60
   72
    1
   13
   25
   40
    8
    0
    0
    0
    0
    0
    0
   18
    0
    3
    3
    0
  280
   16
   42
   62
    0
   51
    7
    0
   23
   46
    2
    0
   59
    0
    0
    0
    3
   50
    3
    0
    0
    0
    0
   14
   94
   44
    8
   11
    0
    6
    0
    4
    0
   20
    0
    0
    0
    0
    0
   12
   19
    0
   46
    0
    6
    7
   53
    0
   29
    0
    0
    0
    0
    0
   13
   14
   13
    0
    0
    0
    0
    0
    0
    0
    0
   11
    0
    0
    7
    0
    0
    3
    0
    0
    0
    0
    0
    0
    0
    6
    7
    0
    2
    0
    0
   68
    2
    8
    7
    3
   45
    6
    2
    0
    0
    0
    0
    4
    3
    0
    0
    0
    0
    0
    0
    0
    0
    0
    1
    0
    0
    0
    0
    0
    0
    0
    0
    0
   29
    0
    0
    0
   99
   14
   13
    3
    0
    0
    3
    0
   15
    0
    0
    0
    0
   31
    0
    0
   29
    0
    0
    0
   33
    0
    0
    0
    0
    0
    0
    0
    9
   55
    0
   56
   18
    0
    1
   25
    5
   16
    0
    0
    3
   20
   46
    0
    0
    0
    0
    0
   11
    0
    0
    0
   35
  110
   20
    0
   40
   50
    0
    0
    0
    0
    0
    0
    0
   32
   30
   40
   36
    0
    0
    0
    0
    0
    0
    0
    1
    1
    0
    0
    5
   10
    2
    0
   11
   28
    0
    0
    7
   21
  456
    4
    0
   52
    0
   31
    0
   31
    7
    4
   29
  152
    0
    3
    0
    0
    0
    0
    0
    0
    0
    0
   57
    0
    0
    0
    8
   18
    0
    0
    0
    0
    0
    0
    0
    0
    0
   69
    0
   98
    0
    0
    0
    0
    0
   96
  130
    0
    0
    0
    0
    0
    4
   12
    1
    1
   48
    0
    0
    0
    0
   40
    0
    0
   26
    0
    0
    0
    0
    0
    0
    0
    3
    7
    0
    0
    0
    0
    0
    0
    0
    0
    0
   23
    0
    0
    0
    0
    0
    0
    0
   27
   67
    0
    0
    0
    0
   24
    0
    0
    0
    6
    0
    0
    0
    4
   11
   42
    0
    0
    0
    0
    0
    0
    0
    0
    0
    3
    0
    0
    0
    0
   51
    0
    0
    0
    0
   12
    0
   56
    0
    0
    0
    0
    0
    0
    0
    0
    2
   41
   22
   11
   23
   89
   10
   10
    8
   38
    0
   18
    6
    5
   54
   50
    0
    0
    0
    0
    0
    4
    0
    0
    0
    2
    0
    0
    0
    0
    0
    2
   10
   10
    9
    8
   10
    0
    0
    0
    0
    0
    0
    0
    0
   33
   39
  100
    0
   88
   94
   20
   51
    0
  133
    9
    0
    6
    0
    0
    0
    0
    0
   47
  148
   19
    0
    0
   31
    0
    0
    6
    5
   19
    0
    9
    0
   89
   92
    0
    0
    0
    0
    0
    0
    0
    0
    0
    0
    0
    0
    0
    0
   22
    5
   86
   27
    0
    0
    0
   10
    0
    0
   47
   16
   10
    0
    9
    3
   18
    0
   40
   20
    4
    0
    0
    0
    0
    0
    0
    0
   28
    0
    0
    0
  108
    0
    0
    0
   14
   10
   60
  123
   27
    3
    4
    0
    0
   10
   14
   31
   55
    0
  131
   16
   25
   65
   70
    0
    0
    0
   22
    0
    6
    0
    0
    0
    0
    0
    0
    0
    0
    0
    0
    0
    0
   21
    3
   42
    0
    0
    0
    0
    2
    0
    0
    4
   77
  115
   10
    0
    2
   22
    0
    0
    0
    0
    6
   24
   42
    3
   38
    0
    0
    0
    0
    2
    0
    0
    0
    0
    0
    1
    0
    0
    0
    0
    0
    0
    0
    0
    0
    0
    2
   19
    0
    0
   42
    2
    0
   65
    0
   35
    0
    0
    0
    0
    0
    0
   27
    0
    0
    1
    0
    3
    0
    0
    0
    0
    0
    0
    0
    0
    0
    0
  113
  503
   58
    6
    0
    0
    0
   70
    0
    0
   50
    0
    0
   20
    0
    0
    0
  269
    1
    0
    0
   41
    0
    0
    0
    0
    0
    0
    0
    0
    0
    0
    0
    0
    0
    0
    0
    2
    5
    0
    5
   15
    0
    0
   23
    6
   21
   74
    0
    0
   46
   20
    0
    0
    0
    0
   40
   29
  169
   45
    8
    7
    0
  104
    0
    5
    0
    0
    0
    0
    0
    0
   26
    0
    0
    0
    0
    0
    0
    0
    0
    8
   76
    0
    0
    0
    0
    0
    0
    0
    0
    0
   32
   27
    5
   17
    0
   15
    0
    8
    0
    0
    0
   21
    0
    0
    0
    0
    0
    0
   49
    5
   15
   90
   67
   34
   53
    0
    0
    0
    0
   34
    0
    0
    3
    0
   21
    0
    0
   19
   40
    2
   15
   25
    5
    0
   13
   13
   10
    0
   39
   21
   25
    0
   45
    9
    0
    9
    0
    0
    0
   12
   10
    6
    0
    0
    0
    0
    0
    1
  119
   36
   43
    0
    0
    0
    0
    0
    0
   47
   19
    0
    0
    0
    0
    0
    0
    0
    0
    0
    0
    0
    0
    0
    0
    3
   59
   20
    0
    0
    3
   48
   48
    3
    0
    0
    0
    1
   24
    0
   11
   18
  145
    0
    7
   19
   51
    9
    0
    0
    0
    0
    0
    0
    0
    0
   18
   30
    1
    0
    1
    0
    0
    0
    0
    0
    0
   24
   24
   11
   23
   77
   20
   21
    9
   86
   18
    0
    3
    0
    0
    0
   15
    0
    3
    0
    0
    0
    0
    3
    0
    0
    0
    5
    0
   10
    7
    7
    0
    0
    0
   23
   33
    0
   13
    1
    0
    3
    0
    0
    0
    0
    0
    0
    4
   10
   10
   70
   12
    0
    0
    0
    0
    0
    0
    0
    0
    0
   72
   45
    0
    0
    0
    0
    0
    0
    0
    0
    0
    0
    0
    0
    0
    0
    0
   12
    0
    0
    0
    0
    0
    0
    0
    0
   50
    5
    0
    0
    0
    0
    0
  240
   65
   51
    0
    0
  130
   28
   55
    0
   18
   29
    0
   62
   58
    0
    0
   63
    0
    0
    0
   32
  208
   13
    0
   10
    0
   73
   10
   30
   54
    0
    0
    1
   38
    0
    2
    5
   80
   14
    0
    0
    0
    0
    0
    0
  430
    0
    0
    0
    0
  130
   72
   20
   17
   30
   84
   30
   50
  204
   47
    0
    0
   10
   50
    0
    6
    6
   60
   59
    0
    0
   85
    0
    0
  100
    0
  101
    0
    0
   10
   12
  130
    0
    0
    0
    0
    0
  140
    0
    0
    0
    0
    0
   96
    0
    0
    0
    0
    0
    4
    0
   87
   35
   39
    1
   58
  135
   85
   20
    2
   13
   15
    1
   55
   45
    5
    0
    0
   30
    0
    0
    0
    0
    0
    0
    0
    0
    6
    0
    0
    0
    0
    0
    0
   10
    0
    0
    0
   35
    0
   54
    0
   36
    0
    0
    0
    0
   20
    0
    0
    0
    0
    0
    1
  111
   27
  127
    0
    0
    0
    0
    0
    0
    0
    0
    0
    0
    0
    3
   67
   32
   16
    5
    0
   20
   12
    0
   70
   85
    0
    5
    0
   30
   10
   10
  105
    0
    0
    0
    0
    0
   31
    0
    0
    0
   25
    0
    0
    0
    0
   30
   37
   10
  134
    7
   10
   80
   29
    0
    4
    0
    2
   23
  119
  180
    9
   16
    0
   20
    4
    0
    0
   35
    5
   20
    0
   60
   90
    0
   18
    0
    0
    4
    0
    4
    3
   40
   13
    8
    1
    9
    2
    0
    0
    2
    0
    0
   54
    0
   51
   40
   43
   25
    5
   20
    3
    4
    0
    0
    0
    0
    0
   20
   60
    4
   30
   20
    9
    0
    0
    0
    0
    0
    0
    0
    0
   15
   60
   20
   24
    0
    0
    0
    0
   53
   10
   80
    5
   20
    0
   71
    1
    0
    0
    0
   50
   65
  200
  370
   35
   20
   50
   65
   60
    0
    4
   14
   96
   50
   30
    3
    0
   26
    0
    2
    0
    0
    5
   30
    0
    0
    0
    0
    0
   35
  100
  300
   25
   45
    0
   10
   56
    0
    0
    0
    0
    0
    0
    0
    0
    0
    0
    0
    0
   10
    0
    0
    0
   40
   10
    0
    0
    0
    0
    0
    0
    0
   35
    0
   10
    0
    0
   20
  334
   25
   25
    0
   40
   60
   29
  100
  101
    0
    0
    0
    0
    0
   70
    0
    4
   82
    0
    8
    0
    2
    0
    0
    0
    0
    0
    0
   85
    0
    0
    0
    0
    0
    0
    0
    0
    0
    0
    0
    0
    0
    0
    0
    0
    0
   20
  108
    4
  167
   32
    0
    0
    0
    0
    0
    0
    0
    0
  107
    0
   26
    0
    0
    0
    0
    0
    0
   45
    0
    0
    0
    0
    0
    0
    0
    0
    0
    0
    0
    2
   39
    0
   59
  321
  114
    0
    0
    0
    0
   34
  235
    5
    0
    0
    0
   10
  202
  268
    0
    0
   20
    0
    0
  136
    4
   83
    0
    0
  127
    0
    0
  282
    0
   76
    0
   23
   11
    1
   17
    0
    3
    8
   51
    0
    0
    0
    0
    0
    0
    0
    0
    0
    0
    0
   21
    0
  124
    0
   56
    0
    2
    0
    0
    0
    0
    0
    0
    0
    0
    3
    0
    0
    0
    0
    0
    0
   16
    0
    0
    0
    0
    0
   40
   43
   50
    0
    0
    0
    0
    0
    0
    0
    0
    0
    0
    0
    0
    0
   86
   27
    5
  102
    0
   23
    0
    0
    0
    0
    5
   55
   32
    0
    5
    0
   13
    0
    0
   10
   20
   24
    0
    0
   49
   10
   60
    0
   62
  128
    0
    0
   11
    0
    0
    0
   11
    0
    0
    0
    0
    0
   35
   45
   21
   23
   28
    3
    7
   41
    7
    0
    0
    0
    0
   10
   71
   12
   34
    7
    0
   12
    0
    0
    0
    0
   50
   34
   18
   38
   12
    0
   23
    9
   63
    5
   40
   51
    0
    0
   35
    0
   26
    2
    0
    0
  111
    0
   21
   15
    0
    6
    5
   15
    0
    0
    4
   23
    2
   19
    0
    0
   23
   28
    0
   10
    0
    0
    5
    0
    0
    0
    4
    0
    0
    4
    0
    0
    0
    0
    0
    4
    0
   29
    6
   19
    8
    0
    3
    0
    0
   45
   15
   75
   46
   23
    0
   37
   44
    0
    0
   45
    0
    2
   11
    1
   20
   98
   50
    8
    2
    2
   76
   74
  124
   33
   62
    1
    0
    0
    0
    0
    7
   65
    2
    0
    0
    6
    0
    0
    0
    0
    0
    0
    0
    0
   55
    3
    0
   17
  475
    0
    0
    3
    7
   70
    0
    0
    0
    0
    0
    0
    0
    0
    0
    0
    6
  211
   58
  296
   28
   11
    0
    0
   45
    2
   70
   15
    6
   60
  106
  140
  212
   38
    0
   35
   11
    0
    0
  271
   55
    6
   34
    0
    0
    0
    0
    0
    0
    0
   91
    6
    0
    0
    0
    0
    0
    0
    0
    0
    7
   15
    0
    0
   37
    4
    8
    0
    0
    0
  180
    0
    0
    0
    0
    0
   11
    0
    0
    0
    0
    0
    6
    0
    0
    0
    0
    0
    0
    0
    0
    0
   62
  112
   21
    2
    0
    0
   12
   83
    0
    0
    0
   10
    0
   15
  157
  112
   15
   11
  510
  227
    5
   13
    0
    0
    0
    3
    5
    0
    0
    0
   18
    0
    4
    0
    0
    0
    0
   96
  249
   19
    0
    0
    0
    0
  102
   94
   19
   36
   60
   17
    0
    0
    0
    0
    0
    0
    0
    0
    0
    0
    0
    0
    0
    0
    0
    0
    2
    0
   12
    0
    0
    0
    0
    0
    0
   26
  103
   10
    0
    7
   74
   47
   60
   24
    0
  178
   10
   25
    5
    0
    0
    0
    0
    4
   48
   51
   48
   29
  123
    0
    0
    0
    0
    0
    0
    0
    0
    0
    9
    0
    0
    0
    0
   15
    9
    3
    5
    0
    0
    5
   46
   11
    0
    0
    0
    0
    0
   11
    9
   65
    0
   83
   59
   24
    0
    0
    0
    0
    0
    0
    0
    0
    2
    2
    0
    0
    0
    8
    2
    0
    0
    0
    0
    0
    0
    0
    2
    0
    0
    1
    0
    0
    0
    0
    0
    0
    3
    0
    0
    0
    0
    0
    0
    9
    6
    3
    5
    0
    0
    0
    0
    0
    0
    0
   24
   20
    6
   32
   24
   53
    0
    7
    6
    3
    0
    0
    0
    0
    0
    0
    4
    0
   24
    5
    4
    0
   11
    0
    0
    0
    8
   17
    0
    3
    0
    0
    0
    0
    0
    0
    0
    0
    3
   25
   15
    0
   81
    0
    0
   11
    8
    8
    1
    6
   63
    6
    2
    1
    0
    0
    0
    1
   80
    3
   10
    0
    0
    0
    0
    0
    0
    0
    0
    0
   13
   35
    0
    0
    0
   27
   25
    0
    0
    9
   97
   95
    0
    3
    0
   20
  106
    1
    5
   10
    0
    4
   10
   40
   10
  121
  133
   15
    5
   29
    5
    0
   31
   12
   48
    0
    0
    0
    0
   13
  204
   26
    0
    0
    0
    0
  153
    6
   15
    0
    1
    0
    0
    0
    0
    2
    0
    0
   17
   13
   40
    5
    0
    0
    0
    0
    0
   18
   30
   28
    0
    0
   17
  192
   36
   27
  473
    5
    0
   65
   16
    0
    0
    0
    0
    0
   63
    0
    0
    0
    0
   50
  142
   39
    0
    0
   20
    0
   80
    0
    0
    0
    0
    0
    0
    0
    0
    0
    0
    0
   63
   43
   32
   10
   28
  178
    0
    0
    0
    0
    0
    0
    0
   68
    4
    5
   15
    0
    0
   16
    0
    0
    0
    0
    0
   28
  118
    2
   19
   18
   13
    2
    6
   75
   11
   28
    1
   22
    1
    0
    4
   42
    1
    0
  101
   42
    1
    2
   13
   27
    0
   22
    2
    0
    0
   39
    0
    0
    0
    9
   15
    2
    0
    0
    0
    1
  189
   43
    4
    5
    1
   65
    5
    0
    0
    0
    1
   19
    0
   11
    5
    9
    4
    2
    8
    0
    0
    0
   96
   13
    0
    7
    0
    0
   56
    1
   28
    1
    0
   20
    1
    3
    0
    0
    0
    0
   11
   15
   18
    5
   47
   18
   31
   18
    0
    0
    0
    0
    0
    0
    0
    0
    0
    0
   85
    2
   25
    0
   10
   42
  175
   37
    0
    0
    0
    2
    3
    1
    0
    0
    3
    0
    0
    0
    0
    1
   21
    3
    1
    0
    0
    0
    3
    2
    0
    0
    0
    0
    0
    0
   15
   36
   11
    0
   10
    9
   20
    0
    0
    0
   11
    2
    2
   10
    0
    0
    0
    7
   31
    0
    4
    0
    0
    3
   50
   60
   32
    0
   25
    0
    0
   61
   32
    8
   15
    0
    0
    0
   52
   41
    5
    0
    0
    4
    0
    0
    0
    0
    0
    0
    0
    0
    0
    0
    0
    8
   17
   68
    3
   33
   55
    1
    0
   10
    0
    0
    0
    6
   18
   39
   29
    8
    0
    0
    0
   52
    9
   76
    8
    0
    0
    0
    0
   10
    7
    8
   32
   31
    5
    4
   56
    5
    1
    0
    0
    0
    0
   11
   23
   12
   23
   21
    2
    0
    0
    0
    7
   17
   41
    0
    0
    6
   15
    0
   49
    0
    2
    0
    0
    0
    0
    0
   12
   17
   14
   66
   29
    0
   18
  166
   21
    5
   14
    0
    0
    0
    0
    0
    0
    0
    0
    0
    0
    0
    0
    0
    0
   91
    4
    0
    0
    9
    0
   46
   52
    0
   51
   15
    0
    0
   20
    6
    0
    0
    0
    0
    0
   53
   48
    2
    0
    0
    0
    0
    0
    2
    0
    4
    6
   19
   45
  224
  110
  415
  288
    0
   64
    0
  298
    8
    0
    0
    8
    0
  173
   31
    0
    0
    3
    0
    0
    0
    0
    0
    0
    0
    0
    0
    0
   35
    0
    0
    0
    0
    0
    0
    0
    0
    0
    0
    0
    0
   98
   80
    0
    0
    0
    0
   12
  107
   31
    0
    0
    0
    7
    0
    0
  212
   34
    0
    0
    0
    0
    3
    0
    0
    0
    0
    5
    0
    0
    0
    0
    0
   10
    4
   65
   19
    0
    0
    0
    0
    4
    8
   74
   39
   61
   25
   29
   90
   24
    0
    0
    0
    0
    7
    0
    0
    7
    8
   46
    1
    0
    0
    0
    0
    0
    0
    2
    5
    0
    0
    8
    6
   33
    0
    0
    0
    0
    0
    0
  134
    4
    0
    0
    0
    0
   34
    0
    0
    0
    0
    0
    0
   12
    2
    2
    8
  130
   64
    0
   10
   52
   40
    0
    3
   30
   19
   52
   64
   18
    6
    0
    0
    0
    5
   60
    2
    1
    0
   38
   12
    3
    8
   12
    6
    0
    0
    0
    2
   30
   10
   27
   25
   17
    3
    0
    0
    0
    0
    0
    0
    3
   45
    2
    0
   60
   12
   39
   15
    0
   28
    0
    0
    0
   17
   29
   16
    0
    0
   25
    0
    0
    0
    0
    2
    0
    0
    0
    0
    0
    0
    0
    0
   32
    0
    0
    0
    0
    5
   59
    0
   26
   12
    0
    0
   54
    2
   10
   47
   35
   18
  134
   26
   45
    7
    5
    0
   10
    1
    4
   16
  148
   71
    3
    8
    6
    0
    1
    0
    0
    0
    0
    0
    0
    0
    0
    0
   33
   37
    6
    0
    0
    3
   11
   70
  100
    0
   45
   25
    0
    0
    0
    0
    3
    0
    0
    0
   16
    0
    0
    0
    1
    3
    0
    0
    0
    0
    0
    0
   72
    7
    1
   12
    0
    0
    0
    0
    0
    0
    0
    0
    0
    3
    0
    0
    0
    0
   61
    8
    0
    0
   11
    3
    0
    0
    0
   28
    0
    0
   47
   11
    0
    0
   35
   15
    0
    0
   17
  162
  294
    1
    0
    0
   35
   51
    0
    0
    0
   81
    6
   39
   28
    0
    3
    0
    1
    0
   31
    5
    0
   21
   57
   38
   14
    0
   57
   52
    3
   77
   11
    7
    0
    0
   48
    0
    1
    0
    0
   15
    3
   35
    0
    8
    0
  161
   74
   12
   67
    0
    0
  279
    0
    2
    0
    0
    0
    0
    0
    0
    0
  166
   14
    0
    0
    0
    0
    0
    0
    0
   18
  100
   26
   16
    5
  208
   13
   26
   21
    6
   55
    0
    1
   32
    2
   58
    2
    0
    0
    0
   71
    0
  211
    0
   74
  123
   63
   45
    0
    0
    0
    0
    0
    5
    0
    0
    0
    0
    0
    5
    0
  105
   10
   11
    0
    0
    0
   20
   29
    2
   13
   20
   88
   17
   15
    0
    0
   30
    0
    0
   24
    8
    0
   11
   52
    9
   10
   26
  108
   10
   56
   80
  150
   23
   11
   35
   20
    0
    0
   30
   49
   42
    8
    0
    0
   31
    8
   23
    4
    2
    5
    4
    0
    0
    0
    0
    0
    1
    3
    0
    5
    2
    0
    0
    0
    7
   20
    8
    2
    0
    0
    0
    0
   31
   22
   46
   24
    0
    0
    5
    5
    5
    3
    6
    0
    2
    0
    2
    0
    3
    0
    0
    0
    0
    3
   35
    1
    0
    0
   10
   53
    0
    0
   77
    0
   20
   18
    3
    0
    0
    0
    0
    0
    1
   19
    0
    0
   10
    0
   50
   39
   12
    7
    9
    3
    3
   75
   10
   38
    4
   68
    3
    3
    0
    0
    0
   20
    5
    2
   50
    5
    6
   62
    4
   48
   17
   25
   36
    5
   17
    5
    0
   35
   62
    0
    0
   21
    2
    0
    0
   12
   66
    0
    0
    0
    0
    1
    0
    0
    0
    2
   25
    3
    2
   27
    0
    0
    2
   21
    4
    0
    0
    0
    0
    0
    0
    0
    0
   27
   35
   10
    0
    0
   11
    0
   34
    0
   11
  134
   37
    0
    0
    0
    0
    0
   11
   12
  222
   37
   29
    1
    0
    0
    0
    0
    0
    0
    0
    0
    0
  125
    0
   24
   63
   39
   34
  126
    3
   27
    0
    0
    0
   91
   68
   11
    0
    0
    0
    0
    0
   10
    0
   75
    0
    0
   36
    9
    0
   13
    3
    0
   78
    0
   45
   11
   14
    0
    0
    0
    0
  113
  416
    2
   27
    0
    0
    0
    3
    0
    1
   10
    0
    0
    0
    0
    0
    0
    1
  158
  243
  148
   21
    7
    0
    0
    0
    0
  182
    8
    0
    0
    0
    0
   25
   73
    0
   12
    0
    0
    0
    0
    0
    0
    0
    0
    0
    0
    0
    0
    0
    0
    0
    0
   23
   14
   39
    0
    0
   23
    2
   76
   31
   19
    0
    7
    1
    0
    0
    0
    0
    0
    0
    6
    0
    0
   41
   46
    6
    0
    0
    0
    0
    0
    0
    0
    0
    0
    0
    0
    0
    0
    0
  174
    0
    0
   36
    1
    0
    0
    0
   11
   17
    0
    5
   19
    3
    0
    0
   26
    5
    0
    2
    7
    4
   80
    2
   22
    0
    0
   12
    0
    0
    1
    0
    0
    0
    0
    0
   18
    0
   84
    8
    0
    3
    2
    3
    5
    0
  140
    0
    0
    0
    6
   26
   29
  100
  121
   11
    0
    8
   39
    0
    0
    4
   25
   45
    3
    8
    3
    0
    0
    0
    0
    0
    0
    0
    0
   39
   15
    0
   16
   20
    0
   28
    0
    0
    0
   21
    6
   22
   12
    0
    0
   19
    0
   11
    2
    0
    0
    1
    3
   18
   58
   38
    4
   10
   11
    0
   18
    0
    0
   19
    0
    2
    1
    5
   18
    1
    0
    0
    0
    2
    0
   15
   30
   38
    0
   83
    6
   30
    0
    4
    0
    1
    0
    5
  164
   24
   56
   11
   23
    9
    6
    0
    0
    3
   41
   13
   29
    0
   18
   73
    6
   53
   11
    9
    5
   40
    6
    0
   10
    0
   75
   82
    0
    0
   28
   10
   39
   43
   23
   10
    5
    0
   26
  144
  106
   41
   84
   21
    0
  124
   55
  102
   15
    0
    0
    1
    0
    0
    0
   30
    0
   58
   84
   14
   13
   21
   27
    1
    0
    0
    0
    0
    0
    8
    0
    0
    0
    0
   31
    0
   18
   58
    0
   35
   12
    0
    0
    0
    0
    0
    1
    0
    0
    0
    0
    0
    0
   69
    0
    0
    0
    0
    0
    0
    5
    0
    0
    0
    0
    0
    0
    0
    0
  355
    2
   41
   18
   39
   15
    0
    0
    0
    0
   13
    0
    7
   10
   43
    0
    0
    0
    0
   23
    0
   25
    0
    0
    0
   35
    0
   48
    0
   38
    0
    0
    0
    0
    0
    0
    0
    0
   19
   27
    0
    3
    0
    0
    0
    9
   20
    0
   12
   92
    0
  239
   20
    4
    0
    0
    0
    2
   25
    0
    6
    4
    0
   13
    0
    0
   21
    0
   16
    0
   39
   11
   45
   44
    0
    0
    0
    0
    0
    0
    0
    9
    8
    0
    0
   39
    0
    0
    0
    0
    3
    0
    3
    1
    0
  340
  130
    7
    0
    0
    0
    0
    3
  108
    0
   10
    0
  170
   19
  134
    3
    0
   35
   33
    0
    0
    0
    0
    0
    0
    1
    0
   50
    6
    0
    0
    0
   65
    0
    0
    0
    4
    0
    3
    0
    0
    0
   81
    0
    0
    0
    5
   77
  135
    0
    0
    0
   10
    5
    0
    0
    0
    0
   29
    2
    0
    0
    0
    0
    0
    0
    0
    5
    1
    5
    0
    0
    6
    1
    0
   60
    0
    0
    3
    0
    0
    0
    0
    0
    0
    0
   82
    0
    0
   33
    0
    0
    5
   38
    0
    0
   19
   20
   12
    3
    9
    0
    0
    0
    0
    0
    0
    0
    0
    0
   11
    0
   25
   31
    0
    0
    7
   90
    3
    0
    0
    0
    0
    0
    0
    0
   32
   40
    8
    0
    3
    0
    9
    0
   13
    0
    0
    3
   39
    1
    0
    0
    0
    6
    0
    0
    0
    0
    0
    0
    0
    6
    0
    0
    0
   19
    6
   34
   25
    0
    4
    0
   23
   19
    1
   25
   12
   47
   79
    3
    0
    0
    0
    2
    0
    0
   11
    0
    0
    0
    0
    9
    0
    8
    0
    5
   96
   74
    1
    0
    6
    0
    0
    7
    0
   66
   54
    1
    0
    0
   56
   11
   45
    0
   85
   16
    0
    8
    0
  124
   49
   34
    0
   63
   15
  120
   94
  115
    3
    0
    0
    0
   11
    0
    0
    0
    5
   10
    5
   29
   14
   11
    0
   35
    2
    4
   14
   15
   80
   10
   19
    2
    0
    8
   11
    6
    0
    0
   59
    0
    2
   10
    0
    0
    0
    0
    5
   67
  163
   43
    3
    0
    0
    0
    0
    0
    0
    0
    0
    0
   42
    9
    0
    0
    0
    0
    0
    0
    0
    0
    1
   20
    0
    0
   45
    6
   15
   96
   74
    0
    0
    8
   10
    0
   49
   25
    1
    0
    0
   22
   46
   97
  197
    0
    0
   39
  118
    1
    0
    0
    0
    0
    1
    0
  112
    0
    0
    0
    0
    0
    2
  242
  124
   84
    5
    7
    0
    4
    0
  190
   54
   31
    0
    0
    0
    0
    0
    0
    0
    0
    0
    0
    0
   10
    0
    3
    0
    0
    1
   55
    2
   10
    1
    9
    3
    0
    6
    0
   11
    0
    0
   13
   23
    0
   23
   33
    4
    0
    0
    0
    0
    0
   55
    0
    0
    0
    2
   34
    6
   30
    7
    0
   24
   56
   45
  116
   85
   39
   32
   29
    0
    3
   22
    0
   14
   34
   20
   21
    0
   10
  111
   20
    0
    7
   20
    0
   25
   40
    0
   78
   30
    0
    0
    8
    5
    0
    0
    0
    0
    0
    0
    0
    0
    0
    0
    0
    0
   35
   27
    7
    9
    0
    0
    6
   25
    3
    0
   22
   11
    8
    0
    0
    0
   24
  100
  162
    1
    0
    0
   49
    0
    0
    0
    0
    0
    8
    7
    0
   10
   74
    0
    0
   16
   35
   20
   12
   38
    1
    0
    0
    0
   38
   85
   57
    7
    0
    0
   16
   33
    0
    0
    0
   11
    7
    0
    7
   61
    1
   50
   25
    0
   25
    5
    9
   22
   24
   50
   22
    5
   12
    3
    0
    0
    0
   15
    3
    1
    0
    0
    2
   23
    0
    0
    0
    0
    0
    0
    2
   58
    7
    0
    1
    6
   35
    7
   67
   21
    0
    0
    0
    0
    0
    0
    0
    0
    1
    6
    7
   61
   20
   19
   51
    0
    0
    0
    0
    0
    0
   79
   24
    3
   52
   44
   20
   61
   72
   20
    0
    4
    1
   10
    0
    0
   20
   31
    0
    0
    0
    0
    0
   49
   43
    2
    0
    0
    3
    6
   46
   16
    6
   30
    2
    0
    0
    0
    0
    0
    0
    0
    0
    0
    0
    0
    0
    0
    0
    0
    0
    0
    0
    0
    0
  187
   69
    0
    5
    0
    1
    0
    0
    0
    0
    0
    0
   49
   32
    0
   12
    0
    9
    0
    1
   24
   76
    6
    0
    0
    0
    1
  143
   91
    5
    0
    0
    0
    0
    0
   33
    0
    0
    0
   11
    0
   60
    6
   36
   30
    0
    0
    8
    0
    0
    0
    0
    8
    5
   67
   79
    1
   58
    4
    0
   27
    1
   62
    5
    0
    0
    2
  229
    3
    0
    0
    0
    0
    0
   20
    0
    0
    0
    9
   11
    5
    4
    0
    9
    0
    0
    0
  135
    0
    0
   10
    0
    0
   63
  307
    0
    1
    0
    0
    0
   25
   14
    0
    6
    0
    0
    0
    0
    0
  178
    0
    0
   83
   11
    7
  187
   70
    8
    0
  118
 1615
   46
    5
    0
    0
    0
    4
    0
    0
    0
    0
    0
    0
    0
    0
    0
    0
    0
    0
   10
    0
    0
    0
  136
  276
    0
    0
    0
    0
   15
    0
    0
    0
   45
    0
    5
    0
    0
    0
    0
    6
   23
   37
    0
    0
  171
    2
    1
    0
    0
    0
    0
    3
    3
   45
   42
   32
   15
    0
    0
    0
    0
    0
    0
   33
   37
   24
   79
    7
    0
   96
   30
    3
    4
   27
    7
   42
   65
   13
    0
    0
   40
   35
   98
    3
    0
    0
   13
  129
   65
   27
   41
    0
    0
    0
    2
    0
    0
  145
  220
    0
    0
  159
    7
    0
    6
    1
    0
    0
  100
  195
    0
    0
    1
    0
    1
    0
    0
    0
    0
    0
    0
    0
    0
    0
    5
   20
   27
    9
    0
    0
    0
  144
    0
    4
    0
    6
    2
    6
  125
  231
    1
