Station: Lonnewitz , scaling_factor: 10.0, latitude:  51.2884, longitude:  13.1414, altitude:  130, nodata_value: -9
start: ..1971-01-01  end: ..2001-12-31
    0
    0
    0
    0
    0
    0
    0
    0
    0
    0
    0
    0
    0
    0
    0
    1
    0
    0
    3
    2
    0
    0
   50
    0
    0
   10
   33
   34
    0
    0
    0
    3
    0
    0
    0
    5
    1
    5
   28
    4
    0
    0
    3
   12
    0
    0
    0
   32
    0
    0
    0
    7
   15
   19
   37
   31
   10
    0
   52
    6
    6
    2
   32
    7
    0
    0
    0
   10
   16
    4
   22
    0
    0
    2
    2
    0
    0
    0
    0
    0
   16
    0
    0
   26
   29
    0
    0
    0
    0
   46
    0
    0
    0
    0
   48
    3
    0
    0
    0
    0
    0
    0
    0
    0
    0
    0
  114
    0
    0
   24
    0
    0
    0
  142
   32
   32
   16
    0
    0
    0
    0
    0
    0
    0
    0
    0
    0
    0
   18
    0
    0
    0
    1
    0
    2
    0
    0
   15
    0
  245
    0
    0
   20
   91
    0
   63
    0
   25
    0
    5
   30
    0
    0
    0
    0
   25
    1
    2
   12
  140
  112
    0
   31
   51
    6
   13
   30
   58
   24
   14
   38
    8
   18
    0
    0
    0
  247
    3
   82
   79
  135
    0
   36
    0
    0
    0
    0
    0
    0
    0
    0
    0
    0
    0
   27
    0
    0
    0
    0
    0
    0
    0
    0
    0
    0
    0
    0
    0
    0
   10
    0
    0
    0
    0
    1
    0
    0
    0
    9
    0
    0
    0
    1
    0
    0
   45
    0
    0
    0
    0
    0
    0
    0
  112
   45
    0
   16
    3
   22
    0
    0
    3
    1
    0
    0
    0
    0
    0
    0
    0
    0
   82
    6
    0
   10
    0
    9
    3
    0
    0
   52
    0
    0
    0
    0
   21
    4
   51
    0
    0
  142
   12
    0
    0
    0
    0
    3
    0
    0
    0
    0
    0
    0
    0
    0
   33
  142
    0
    0
    0
    0
    0
   22
   64
    0
    0
    0
    0
    0
    0
    0
    0
    0
    0
    0
    0
    1
    0
    0
    0
    0
    1
    0
   58
    0
    0
    0
   21
   13
   43
   31
  263
   13
    0
   45
    0
   41
   10
    2
    0
    0
    0
    0
    0
    0
    1
    0
   11
    2
    9
   31
    1
   46
   56
   58
  129
    2
    0
    0
    0
    0
    0
   35
   71
    7
   51
   32
    0
    0
    0
    0
    8
    0
   25
    0
    0
    0
    0
    0
   40
    0
    0
    6
    3
    0
    0
    0
    0
    0
    0
    0
    0
    0
    0
    0
    6
    0
    0
    0
    0
    0
    8
    0
   11
   17
    8
    0
    0
    0
    0
    0
    0
    0
    0
    0
   22
    5
    0
    0
    0
    0
    0
    0
    0
    0
    0
    0
    0
    0
    0
   16
    3
    0
    0
    0
    0
    0
    0
    0
    0
    0
    3
    0
    0
  159
    0
    0
    0
    0
    0
    0
    0
    0
    0
    0
    0
    0
    0
    0
    0
   11
   55
   12
   11
    2
   83
   28
   28
    8
   48
    1
   38
   15
    5
    1
    0
   13
    6
    0
    0
    1
    2
    0
   15
   45
    2
   15
    6
    0
    1
    2
   15
   11
   15
    1
    0
    0
    0
   20
    1
    0
    0
    0
    0
    1
   21
  147
    7
    6
    2
    3
   74
    0
   34
   31
    2
   24
    0
    0
   11
   23
   57
   19
   60
   28
    9
    0
   82
    1
    0
    0
    0
   88
   86
    3
    0
   70
  105
  212
    1
    0
    0
   22
    0
    0
   19
    0
    0
    9
   51
    0
    0
    0
    0
    0
    0
   41
    0
    0
   18
    0
    0
    0
    0
    0
    5
   53
    1
    0
    0
    0
    0
    0
    0
    0
    0
    0
    0
   45
   48
    0
    9
    0
    0
    0
   44
  148
   19
    3
   15
   38
    0
    2
    0
    0
    0
    3
    0
  107
    0
    2
    0
  204
    7
    5
   74
    0
    0
    6
   69
    0
    0
    0
    5
    0
    0
    0
    0
    0
   56
    0
    0
    0
    0
    0
    0
   35
    0
   28
   24
    0
    5
   20
    0
    5
   15
    0
    0
    0
    0
   48
   24
    3
    8
    6
   11
   13
    0
   11
    0
    0
    0
    0
    0
    0
    0
    0
    0
    0
    0
    0
    0
    0
    0
    0
    0
    0
   21
   20
   10
   97
   16
   14
    0
    0
    1
  118
    2
    0
    0
    0
    0
    0
    0
    0
    4
    0
   13
    0
    0
   21
   44
    2
    0
   13
    0
  105
   16
    2
   11
    1
    0
   10
   20
    0
    0
    0
    0
    0
    0
    0
    0
    1
    0
    0
    0
   31
   11
    0
    0
    0
    0
    0
    0
    0
    0
    0
    5
    6
    0
    0
    0
    0
    0
    0
    0
    0
    0
    0
    0
    0
    0
    0
    8
    3
    1
    0
    3
    0
    2
    0
    0
    0
    0
    0
   46
   16
    3
    0
    5
    0
    0
    0
    0
    0
    0
    6
   38
   14
   23
    1
   29
    5
    0
    0
    0
    1
    0
    0
    0
    5
   14
   15
   11
    0
    0
    0
    0
    0
   38
    1
    1
   21
   20
   22
   47
    9
    5
    0
    0
    0
   23
   46
    0
    0
    0
    0
    6
    0
    0
    3
    9
    0
    0
    0
    0
    1
   53
    6
    0
    0
    0
    0
    0
    0
    0
    0
    0
    0
    0
    0
   34
   42
   14
    0
    1
    0
    2
    0
   29
  206
   43
   59
    0
    0
    0
    8
   26
   13
    0
    0
   24
    2
    0
    0
    0
    0
    0
   19
    2
    0
   26
  222
   52
    1
   19
    4
    2
   41
    0
    1
    4
    0
    0
   62
    0
    0
    0
    0
    0
    0
  120
    0
    5
   18
    0
    0
    0
    0
    0
  194
    0
   30
   17
    0
    0
    0
    9
    1
  261
    0
    2
    0
    0
   68
    0
    0
    0
    0
    0
    0
    0
    0
    0
   17
    0
    0
    0
    0
    1
    0
    0
    0
    0
    0
    0
    0
    0
    6
    0
    0
    0
   58
    1
    0
    0
   87
   38
    3
   46
    0
   34
    0
    0
   11
    2
    3
  217
   25
   88
    0
    0
    0
    0
    0
   10
   18
    0
    0
   62
    2
    0
    0
    0
    0
    0
    0
    0
    0
    0
    0
   55
   12
    6
    0
    0
    0
    0
    0
    0
    0
    0
  120
    6
    0
   28
    0
    0
    0
    0
    0
    0
   67
   10
    0
    0
    0
    0
    0
    0
    0
    0
    3
    0
   48
    0
    0
   72
    0
    0
    0
    0
    6
    0
    0
    0
    0
    0
    0
    0
    0
    0
    8
    2
  137
    0
    0
   42
   20
   34
   20
    0
   92
   75
   57
    1
   48
    0
    0
    0
    0
    0
    0
    2
    0
    0
    0
    0
    0
   53
    1
    2
   15
    0
    0
    0
   38
   89
   22
   14
   57
    2
    0
    6
   14
    0
    0
    0
   28
   10
   19
   27
    2
   21
    0
    5
    0
   49
   45
    2
   46
   85
   42
    6
    0
    9
    0
    0
    4
   22
   52
    3
    0
    0
    0
    0
    2
    0
    0
    0
    0
    0
    0
    0
   10
    0
   29
    0
    0
    0
    0
   47
   67
    0
    0
    0
    6
    0
    0
    4
   11
    4
   14
  116
    2
    0
    0
   16
    0
   17
    0
    0
    0
    0
    0
    0
    0
    0
    0
    0
    0
    4
   57
   18
   23
   12
    0
    0
    2
    0
    0
    0
    0
    1
    4
  129
    0
    3
  107
   78
    0
   20
    0
    0
    0
    0
    0
    0
    0
   10
    0
    0
    0
    0
    0
    0
    0
    0
    1
    0
    0
   61
   41
    0
    0
    0
    0
    0
    0
    0
    0
    0
    0
    0
    0
   46
    0
    0
    0
    0
    0
    0
    0
    0
    0
    0
    0
    0
    0
    0
   86
   45
    2
    0
    0
    0
    0
    0
    7
    0
    0
    0
    1
   46
    0
    0
    0
    0
    0
   62
   49
   74
   20
    0
    0
    0
   73
   20
    0
   76
    0
   15
   11
    0
    0
    0
   99
  131
    0
    0
    0
    0
    0
    0
    0
    0
   21
   10
    0
    6
    0
    0
   18
   13
   58
   28
   11
   18
  141
  135
   14
    0
    0
    0
   16
    8
   13
    0
   30
  126
    0
    0
    0
   26
    3
   36
   75
   16
   18
   86
   51
    0
   62
    2
    0
   19
   11
   23
    0
    0
    1
    0
    0
    0
   24
    0
   43
    0
    0
    0
   51
   30
    0
    0
    0
    0
    0
    0
    0
    0
    0
    0
   14
    0
    0
   19
    0
   13
   16
    3
    0
    0
    0
    0
  140
   82
   18
   80
   11
    0
    0
    0
    0
    0
   16
    0
    0
    0
    0
    1
    0
   27
   10
    0
   34
    0
    0
   33
    0
    0
    0
    0
    0
    0
    0
    0
  131
    0
    0
    0
    0
    4
    0
   10
   84
    0
   80
   22
    0
    0
   17
   32
   41
    1
    0
    2
    1
   20
   12
    0
    0
    0
    3
   79
  278
   10
    0
    6
  103
   76
  356
   31
   16
   82
   18
   32
   41
    0
    0
   19
  187
   73
    0
    0
    1
    0
    0
    0
    0
   14
    0
    0
    0
    0
    0
    0
    0
   12
   14
    0
    1
   57
    3
   10
    7
   29
   24
   27
   50
   13
   18
    4
    2
   46
   19
  144
  139
   66
    2
   21
   26
   39
   15
    7
   14
   18
   57
   16
    4
    0
    0
    0
    0
    0
   65
   39
   11
   45
   18
   83
   45
   29
    1
    0
    1
    2
   35
   44
    4
    0
    0
    0
    0
   11
    0
    0
    0
    0
    0
    0
    0
    5
   47
    8
    0
   30
    0
   57
   39
   21
    3
    0
    3
   32
    0
    0
    0
    0
    0
    0
    0
    0
    0
    6
   20
   33
    0
    0
    0
    1
   51
    0
    0
    0
    0
    0
    0
    0
    0
    0
    0
    2
    0
    0
    0
    0
    2
    0
    0
    0
    0
   24
    0
   50
    1
   18
    0
    8
   51
   14
    0
    0
    0
   11
   51
   69
   12
    0
    0
    0
    0
    0
    2
    6
   61
    6
   84
    0
    0
    0
    0
    0
   15
   17
  138
  130
   26
    3
    0
    0
    8
    0
    0
    0
    0
    0
    0
    0
    0
    0
    0
    0
   28
   69
    0
    0
    0
    0
   82
   34
    0
   45
   24
    0
    0
    9
    0
    0
   15
    0
    0
    0
    0
    0
    0
    3
    0
    0
    0
    0
   13
    0
    0
    0
    0
   17
    0
    0
    0
   17
  130
   74
    1
    0
    1
   20
  157
   10
    0
   59
    9
   12
   20
   94
    0
   51
    0
    0
    0
    0
    0
    3
  101
    3
    0
    0
    0
    0
    0
    0
    0
   33
    3
    0
    0
    0
    0
    0
    0
   32
   41
    0
    2
    0
    0
    3
   15
    0
    0
    0
    0
    0
    0
   75
    0
    0
    0
    0
    0
    0
    0
    0
    0
    0
    0
    0
    0
   22
    0
   21
   19
    0
    0
    0
  532
   76
  100
  182
    0
    0
    0
    0
    5
    0
    0
    0
    0
   53
    0
    0
    0
    0
    0
    0
  262
   20
   15
   10
    0
    0
    0
    0
    0
    0
    0
    0
    0
    0
    0
   15
    1
   11
    0
    0
    0
    0
    6
   10
   30
    0
   18
   19
   59
   16
    0
    1
   32
    0
    0
    0
   21
   18
   23
   16
   67
   27
    0
    0
    0
    0
    0
    0
    0
    0
    0
    0
    0
    0
    0
    0
    0
    0
    0
    9
    0
    0
    0
    3
   28
    0
    0
    0
   12
   42
   38
   60
    0
    0
    0
    0
    0
    0
   13
   19
   10
    0
   63
   10
    7
    2
    3
    7
    0
    0
    8
    0
    0
    9
    0
    0
    0
    7
    0
    0
    2
    2
    0
    0
   31
   41
   30
    0
    0
    0
    0
   32
   60
   79
    9
   36
   23
   25
    0
    0
   27
  130
   56
   85
   83
   95
    3
   19
    0
   19
   13
   58
   50
   75
   44
   21
    0
    0
    0
    6
    5
    0
    0
    0
    0
    0
    0
    0
    0
    0
    0
    0
   25
    2
    6
   29
   16
   12
    0
    0
    0
    0
    0
    0
    0
    0
    0
    0
    0
    0
    0
    0
    1
    0
    0
    0
    0
   14
    1
    0
    2
    0
    0
    0
    9
    0
    0
    2
    0
   25
   37
    0
    0
    5
    2
    0
   24
   39
    0
    1
    0
    7
    0
    0
    0
    0
   11
   13
    0
    9
    1
    0
    0
    0
    0
    0
    0
    3
    0
    0
    0
    0
    0
    0
    0
   29
   17
    1
    0
    9
    0
    0
    0
    0
    0
   20
    0
    0
    0
    0
    0
    0
    0
    0
    2
    0
    0
    0
    0
    0
    0
   21
   88
   50
    1
    0
    0
   12
    0
   21
    0
   61
   57
   65
    0
   22
   13
   26
    0
    0
    0
    0
    0
    0
    0
    4
    2
    0
   97
   25
    0
    0
    0
    7
    0
    0
    0
    0
    0
    0
    0
    0
    0
    0
    0
    0
    0
    0
    0
    0
    0
   47
  104
    0
    0
    0
    0
   85
    0
    0
    0
    0
    0
   47
    1
    0
    0
    0
    5
    0
    0
    0
    0
    0
   76
    1
   20
   81
    1
    0
    0
    0
    0
    0
    0
    0
    0
   60
   19
    0
    0
  125
   28
    0
   22
    0
    0
    0
    0
    0
    0
   19
    0
    0
    0
    0
    0
   25
    0
    0
    0
    0
    0
    0
   22
    0
    0
    0
    0
   56
    0
    0
    0
   20
    0
    0
    0
    0
    0
   18
    0
    0
   35
   66
   71
    0
    0
    0
   37
    0
   26
    3
    0
    0
    0
    0
    0
    0
    1
    0
    0
   42
  121
    0
    0
    0
    0
    0
    0
    0
    0
    0
    0
    0
    0
   18
    0
    0
    0
    0
   11
    0
    0
   92
    0
    0
    0
    2
    0
   18
   22
   30
   15
    0
    0
    3
    0
   21
   11
   15
   98
   14
    0
    0
    4
    4
    1
   20
    8
    1
    0
    0
    7
    0
   51
    0
    1
   47
   40
   40
   39
    1
    1
    0
    0
    0
    0
    0
    0
    0
   14
    8
    0
    0
    1
    0
    0
    0
   49
    0
    0
    0
    0
    0
   19
   25
    0
    0
   24
    1
    0
    0
    0
    0
    0
    0
   14
    0
    0
    0
    9
    0
   74
    0
    0
    0
   50
    0
    0
    0
    0
    7
    0
   16
   29
   33
   82
    0
   35
    1
    0
    9
    0
    0
    0
    0
   13
   22
   76
    0
    0
    0
    0
   30
   23
   10
    0
    0
   39
    6
   39
    0
    0
    0
   30
    0
    0
    0
   56
    2
    2
   19
    0
    0
   60
   61
    3
    1
    0
    0
    0
    0
   19
   63
   41
    0
    0
    0
   26
    0
   15
    0
   16
   18
   14
    8
    0
   34
   92
    3
   31
   55
   49
    0
    0
    0
    0
    0
    3
    0
   87
   26
    0
    0
   22
    5
   50
   26
   11
    0
    0
    0
  112
    0
    0
    0
    0
    0
    0
   75
    0
    0
   30
    0
    0
    0
   32
   82
    0
    0
    0
    0
    0
    0
    0
    0
    0
    0
    0
    0
   17
   28
    1
   54
   23
    0
    7
    0
    6
    0
    0
    0
  171
   61
   24
    0
  203
  308
    0
    0
    0
    1
    0
    0
    7
    0
    0
   19
    0
    0
    0
    0
    0
    0
  246
   11
   28
   30
   29
    0
    0
   18
    0
   18
    0
    0
   20
    2
    0
    0
    0
    0
  240
  100
   10
    0
    0
    0
    0
  120
   30
    0
   10
   60
    0
    0
    0
    0
   20
  200
  212
    6
    0
    0
    0
    0
    0
   20
   11
    0
    0
   30
    0
    0
    0
   34
   24
    0
    0
    0
    0
  448
   10
  330
    0
    0
    0
    0
  119
    0
   50
    0
    0
    0
    0
    1
    0
    0
    0
    0
    0
    8
   19
    0
    0
    0
    0
    0
   15
    0
    6
   20
   29
   11
   12
   50
    0
    0
    0
    0
   87
    0
    0
    0
    0
    0
    0
    0
    0
    0
    0
    0
    0
    0
   30
   10
    0
    0
   19
    1
    0
   22
   61
  121
   76
   64
    0
    0
    0
    0
  178
   27
    0
   60
    0
   18
    0
    0
   14
   17
    0
    0
    2
    8
    0
    2
   29
    9
    9
    0
    0
   10
    0
    5
    0
    0
    0
    0
    1
    0
    0
    0
    0
   81
   11
   17
    0
    0
    0
    0
    0
    0
    0
    0
    2
    4
    9
   11
   35
    0
   34
   30
    1
    0
   15
   21
   27
   11
    2
    0
    0
    0
    0
    0
    0
    0
    0
    0
    0
    1
    9
    0
    0
    0
    0
    0
   47
   26
    6
    0
    0
   14
    0
    1
    0
   31
   19
    4
    0
    0
    3
    2
    1
    0
   24
    3
    0
    3
    0
    2
    0
    0
    0
    0
    0
   15
    0
    6
    0
    0
    0
    0
    0
    0
    0
    4
    0
    0
    0
   79
    0
    3
    0
    0
   12
    0
    1
   14
    6
   16
  116
   46
    7
   16
   30
    0
   17
    0
    9
    0
    0
    0
    0
    0
    3
   18
    0
    0
    0
    0
    0
    0
    0
   30
    0
    0
    0
    1
    0
    0
    0
    0
    0
    1
    0
    0
    0
    0
    0
    0
    0
    2
    0
  150
  236
    0
    0
    0
   20
  240
  149
    1
   18
    3
   41
   36
    2
    5
   10
   99
    0
   14
   49
    0
    0
  101
    0
    0
    0
    0
    0
    0
    0
    0
    0
    0
    0
    0
    0
    0
    1
    4
    0
    0
    0
   20
   37
   60
    0
    0
    0
    0
    0
    0
   32
    0
    6
    0
    0
   14
   29
    0
    0
    4
    0
   37
   13
    0
    0
    0
   32
   60
   40
    0
    0
   11
    0
    0
    0
    0
    0
   13
    1
   48
   30
    0
    0
    0
    0
    0
    0
    0
   33
    0
    0
    0
   10
    0
    0
    0
    0
  409
  671
   51
   45
    0
    0
    0
    0
    7
    1
   10
    0
    0
    0
    0
    0
   25
    0
    0
    0
    9
   10
   31
   76
   38
   24
   40
    7
    0
    0
   41
    4
    0
   16
    1
  107
   14
    0
    0
    0
    0
    0
    0
   72
   26
   22
  121
   25
    0
    4
   69
    1
   29
   76
    8
    0
   14
   88
  199
   46
    0
    0
    0
    0
    0
    0
    0
    0
    0
    0
    5
   25
    0
    0
   10
    5
   91
    0
    0
  114
    0
   12
   10
    0
    0
    0
    0
    0
    0
    1
    0
    0
    0
    0
    0
    0
    0
    0
    2
    0
    0
    0
    1
    0
    0
    0
    0
    0
    0
    0
   29
    0
    0
   10
   10
  159
   61
    1
    0
    0
    0
    0
    0
   43
   65
    2
    0
   34
   30
   20
   27
    4
    1
    0
    0
    1
    0
    0
    3
   12
   32
   18
   11
   35
  100
   61
   32
    2
    1
    4
    2
    2
    0
   12
    1
   10
    0
   10
   42
    9
   11
   10
   30
    1
    0
    0
    0
    2
    0
   28
    4
    0
    0
   24
    0
    1
    0
   19
   31
   38
    0
    1
    0
    0
   10
   14
    0
    0
    1
   26
   60
   31
    0
    6
   21
    0
    0
    0
    0
    0
    5
    1
    0
    0
    0
    0
    4
    0
    0
   73
    0
    0
   10
    0
   67
   32
   48
   43
   30
   40
    4
   70
    0
    8
   30
   18
    0
    0
    6
    0
   16
   10
    0
    0
   48
  114
    4
    2
    1
    5
  160
    0
   17
  110
    0
    0
    0
    0
    0
    0
    0
    0
    0
    9
    0
    0
    0
    0
   25
   21
    9
    0
    0
    6
    0
   12
   40
    3
    0
    0
    0
   16
    9
    0
    0
    0
    0
   21
    0
    0
    0
    0
    0
   14
   39
    0
    0
    0
    0
    0
    3
    1
    0
  109
    0
    0
    0
    0
    0
    0
    0
    0
  122
   49
   38
   41
    0
    0
    0
   11
   10
    0
  115
   78
    0
    0
    0
    0
    0
    0
    0
   15
    0
    0
   86
   29
    0
    0
    1
    0
    0
    0
    0
    0
  127
    1
   38
    0
    0
    0
    0
    1
    0
   14
    4
    1
   28
    0
    0
   24
    1
   28
   23
   50
    0
    0
   86
    0
    2
   35
   20
    0
    5
    0
    0
    0
    0
  121
   13
    0
    0
    0
    0
    0
    0
   38
    0
    0
    0
    8
   29
   51
    0
    0
    3
    0
    0
    0
    0
    0
    0
    0
   35
   12
    0
    0
    0
    0
   10
    0
    0
    0
    0
    0
    0
    0
    0
    3
    0
  154
   20
  254
   69
   27
    1
    0
    0
    0
    0
    0
    0
    0
    0
    0
    2
    0
    0
    0
    0
    0
    0
    0
    0
    0
    0
    0
    0
    3
    0
    0
    0
    0
    0
    0
    0
    0
    0
    0
    0
    0
   26
   25
   19
    0
   59
   48
   17
   14
  151
    4
    0
    0
    9
   44
    5
  108
    0
    3
   64
    3
   10
    1
    0
    0
    1
    0
    6
    2
    4
    0
    9
   20
    0
    0
    0
    0
    1
   34
   24
   25
  115
  111
    3
    2
   57
    4
   89
    4
    0
    0
   26
    0
    0
    1
    0
    0
    1
    0
   18
   40
   28
   14
   35
   14
    0
   20
    7
   18
   24
    1
    0
    1
    1
    1
    0
    0
    4
    1
    0
    0
    1
    0
    2
    0
    4
    0
   29
   20
    2
    1
    1
   26
   55
   24
   37
   98
   28
  119
   29
    1
    1
    0
   13
    7
    6
    0
    0
    0
    6
    3
    0
    0
    0
    0
    0
    0
    0
    0
    0
    0
   23
   10
    1
   16
    6
    1
    0
    4
   10
   30
   50
    1
    0
    0
    0
    0
    0
    0
    0
    4
   10
    9
    0
    0
    0
    0
    0
    0
   10
   10
    5
   33
    0
   64
  214
   94
    0
    0
    0
    2
   15
  115
    6
    0
    0
    0
    0
    0
    0
    0
   14
    4
    6
    4
   18
  184
  256
    1
    8
   39
    0
    0
    0
    0
    0
    0
    0
    0
    0
    0
   11
    8
    0
    0
    0
    0
    0
    0
    0
    0
    0
    0
    0
    0
    0
    0
    0
    0
    0
    0
   54
    0
    2
    0
    0
    0
   20
    0
    0
    0
    0
   15
    0
    0
    0
    0
    0
    0
  143
    1
   42
  110
   21
    0
    0
   10
    6
    2
    1
    5
   33
   25
   55
  148
   15
  116
   94
    0
   77
    0
   14
   17
   33
    0
   56
    0
   39
   24
  104
    1
    0
   10
   11
    0
  289
   27
    0
    0
    0
    0
    0
  106
    4
    2
    0
    0
    0
    0
    0
    0
    0
    0
    0
    0
    0
   20
  101
    0
    0
    0
    0
    0
    0
   27
    0
   88
   24
    2
   14
    0
    0
    0
    0
   27
    7
  180
   23
    0
    0
    0
  150
    4
    0
    0
   19
    8
  114
    3
    5
   38
    4
    0
   19
    0
    0
    0
    0
    0
    0
    0
  117
    0
    0
    0
    0
   15
    4
    0
    0
    0
    0
    0
   66
    0
    0
    0
    0
  138
  230
   14
    0
    0
    0
  104
   24
    0
    0
    0
   23
   24
    0
    0
   32
    0
   32
    0
    5
    0
    0
    1
    1
    0
   80
   71
    2
    0
    0
    0
    0
    0
   15
  100
   30
    1
    3
    2
    6
    0
    0
    0
    0
  111
    4
    0
    4
   22
    1
    1
    1
   17
   24
   84
   13
    2
    1
    0
    0
   32
    0
   41
   19
   29
    0
    0
    4
    5
    0
    0
    0
   39
    0
    5
    9
    5
    0
    0
    0
   95
    4
  160
  204
   20
    9
   24
    5
    0
    4
   39
    0
    0
    6
   29
    1
    0
   40
   17
  114
   12
    8
    0
    0
    2
   20
    1
    1
    0
    0
    0
    0
    0
    0
   14
   27
   16
   25
   23
    0
    1
   14
    6
    2
    8
    0
    0
    0
    1
    1
    0
    5
    2
   19
   18
    1
    0
    0
    0
    0
    4
    9
   24
    9
    8
    0
   40
    4
  155
  154
  128
  140
    6
   29
    0
    0
    2
    0
    0
    0
    0
    0
   70
    0
   21
   86
    0
    0
    0
    0
    0
    0
    0
    0
    2
    2
    0
    0
    0
    0
    0
    0
    0
   16
    0
    0
    0
    2
    0
    0
    0
    0
    5
    0
    0
    0
    0
  493
   11
   28
  149
   20
   14
    0
    3
    2
    0
    0
    0
    0
    0
    0
    0
    0
    0
   30
    0
   74
    0
    0
    0
    0
  143
   56
   13
   15
   49
   11
    0
    2
    0
    0
    2
    0
    0
    2
    0
    0
    0
   50
    2
    0
    0
   15
    0
   18
   86
    0
   18
  115
    0
   58
    0
    2
    0
    2
    8
    0
    0
    0
   39
    4
    0
    0
  138
    0
    0
    0
    0
    0
    0
    0
    0
    8
   26
   11
    0
   37
    1
  214
  194
    3
   32
   52
    0
    0
    0
  311
   84
    3
    0
    0
    0
    4
   10
    0
    0
    0
    0
    0
    0
   15
  166
   11
    0
    0
    0
    0
    4
    7
    0
    5
   33
  120
   20
   25
    0
    0
    1
    0
    0
    0
    0
    0
    0
    0
   48
    0
    0
    0
    0
    0
   14
    1
    0
    0
    0
    0
    0
  101
    0
    1
    0
    1
    0
    0
   99
    0
    0
    0
    9
  319
   58
    0
    0
    0
    0
    0
   15
    0
   10
    0
   34
   23
    0
   30
   51
    2
  100
    0
    7
   33
    2
    8
   41
   98
   24
    0
    0
    0
  157
   17
    8
   23
    7
    2
    1
    1
    8
   18
   18
    4
    2
    6
    0
   44
   14
   56
   24
    1
    0
    3
   45
   35
    4
   74
    0
   28
    0
    0
   52
   83
    1
    5
   30
   38
    8
   82
  118
   35
   19
   43
  136
   17
    0
   88
    1
    0
  108
    2
    1
    0
   16
    7
    0
    0
    0
    1
    0
    0
    1
    0
    0
    2
   42
    1
    2
    3
    5
   14
   90
    1
    0
    0
    0
    0
    0
    0
    0
    0
    0
    0
    0
    0
    0
    0
    0
    1
    0
    0
    0
    0
    0
   43
   90
  179
    0
    0
    0
    0
    0
    0
    0
    0
   39
    0
    0
    0
    0
    0
    0
    0
    0
    0
    0
    0
    0
    0
    2
    0
    0
    0
    0
    0
    1
   29
    9
   89
    0
    1
    0
    0
    0
    0
    3
   71
    1
   14
    0
    0
    0
    2
    3
   20
    0
    0
    0
    0
    0
    0
    0
    0
   24
    0
    0
    0
    0
    0
    0
    0
    0
    0
   35
   50
   19
   47
   38
   37
   25
    0
    0
    0
    0
    0
    0
    0
    0
    0
    0
    0
    0
   10
    0
    0
   68
    7
   34
    0
    0
   42
  140
  140
   11
    0
    0
   95
  200
    0
    0
    0
    0
    0
    0
    0
    0
    0
    0
  119
    4
    0
    0
    0
    0
    0
    0
    0
    0
    0
    0
    0
    0
    0
    0
    0
    0
    0
    0
   52
   19
   10
   24
    0
  106
    0
   32
    0
    3
    3
    4
   11
    1
   17
   25
    0
   44
    0
   77
    0
    0
   73
   30
    0
   54
    0
    0
    0
    0
    0
    0
    0
    0
   12
    0
   27
    2
    0
    0
    0
    0
    0
    0
    0
   18
    0
    0
    0
    0
    0
    0
    0
    0
    0
   19
   89
   91
    0
    1
    0
    0
    0
    0
    0
    0
    0
    2
    0
    6
    5
    0
    0
    0
    0
    0
    7
    0
    0
    0
    0
    0
    0
    5
    0
    0
    0
   18
    5
    0
    0
    0
    0
    0
    0
    0
    0
    0
    0
    0
    0
    0
   12
    9
    0
    0
    0
    1
    0
    0
    0
    0
    0
    0
    0
    0
   33
   27
   98
    0
    0
    0
   25
    9
   78
    7
   24
    0
    3
    2
    6
    0
    0
    0
    0
    7
    0
    0
    0
    0
    0
    0
    0
    0
    0
    4
    0
    0
    0
    0
    4
    0
    0
    0
    3
    0
    0
    0
   31
   53
    9
    0
    0
    0
   39
    1
    0
    0
    0
    1
    9
    5
    0
    0
    0
    0
    0
    0
   59
   38
   20
    1
  100
   54
    3
    0
    0
   78
    0
    1
    9
    0
   25
    0
    0
    0
    1
    1
    0
    0
   30
    0
    0
    0
    8
    0
   31
   30
    3
    0
    9
   15
   36
    5
    1
    0
    4
   31
  124
   78
   34
   21
    3
   39
    4
    1
    0
    0
   52
    0
   37
   68
    7
   40
  111
   51
    6
   25
    0
   16
    0
    6
    3
   10
   64
    3
   31
    0
    0
    0
    0
    0
    0
   11
    1
    0
    0
    0
    0
    0
    7
    0
    5
    0
    0
    0
    0
    2
   11
    1
    0
    0
    0
    3
    0
    0
    0
    0
    0
    0
   73
   29
    0
   48
   17
    0
   12
    0
   11
    0
    3
    0
    0
   19
  187
   10
   31
    3
   30
   20
    2
  175
    0
   12
  185
   14
   21
   31
   60
    0
    0
    0
   51
    0
    0
    2
    0
    0
    0
    0
    0
    0
    0
    0
   17
    0
   19
   16
    0
    0
   31
   12
    0
   62
   21
    0
   10
    0
    1
    0
    0
    0
   44
    0
    0
    1
   58
   28
   22
    0
    2
    0
    0
    0
    0
    0
    0
    0
    0
   10
    0
    0
    0
   51
    2
    0
    0
   19
  125
    7
    0
    3
    0
    0
    0
    0
    0
    0
    0
    0
    0
   87
   10
    0
    0
    0
    0
    0
    0
    0
    0
    0
    0
    0
    0
    0
    0
    0
    0
    0
   74
    0
   33
   48
   34
    0
    0
    0
    0
    0
    0
    0
    0
    0
    0
    0
   90
  100
  250
  800
  398
    0
   31
    0
    0
    0
    0
    0
    0
    0
    0
    3
    0
    0
    0
    0
    0
    0
    0
    0
    0
    0
    0
    0
    0
    0
    0
    0
    0
    0
    0
    0
    0
    0
    0
    7
   90
    1
    0
    3
  146
   71
    0
    0
    0
    0
   72
    1
    0
    0
   10
    0
    0
    0
    0
    0
    0
    0
    0
    5
    0
    0
    0
    0
   57
   14
   14
    0
    0
    0
    1
    0
    0
    0
    0
    0
    0
    0
    0
    0
    0
    0
    0
    0
    0
    0
    0
    9
    0
    0
    0
    0
    0
    0
    0
    0
    0
    0
    3
    0
    0
    0
    5
    4
    9
    1
    0
    2
   12
    4
    0
    0
   39
   93
   65
   18
    8
    0
    0
    0
    0
    0
    0
   32
    2
    0
   37
   22
   20
    0
    0
    0
    0
    0
    8
    0
    0
    0
    0
   13
   88
    8
   94
   98
    0
    0
    1
    0
    0
    0
   15
    9
    5
   10
    0
   39
   24
   32
    0
   10
    5
   50
  140
    9
   26
    0
    0
    0
    0
    0
   11
   18
    0
   14
    0
    0
    0
    1
   53
    0
    0
    0
   70
    0
   27
  136
    0
   33
   11
   18
    0
    0
    0
    0
    0
    0
    0
    0
    0
    0
    0
   10
    5
   35
   20
    0
    0
    0
    0
    0
   10
    0
    0
    0
    0
    0
   20
    1
    0
    0
    0
    0
    0
    0
    0
    0
    0
    0
    0
    0
    0
    0
    0
    1
    5
   16
    0
    1
    0
    0
   49
  197
   41
   54
    0
    0
    0
    3
    5
    7
   25
    3
    0
    0
    0
   22
    0
    0
    0
    0
    0
    0
    0
    0
    0
    0
    0
    2
    0
   33
    0
    0
    8
    0
   60
    3
    9
    0
    0
    2
    0
   30
   43
   14
    0
   11
    0
    0
    0
    0
   21
    0
    5
   32
   40
    0
    0
    0
   17
    0
   49
    0
    0
    0
   36
   58
  125
    4
   10
    0
    0
    0
    0
    4
   24
    0
    2
    0
    0
    0
    0
   28
    2
  107
    2
   40
    4
   49
   11
    0
   21
    0
   27
   68
    1
    5
    0
    0
    0
    0
    0
    0
    0
   10
    5
   81
   20
   60
   47
   20
    9
    1
    0
    0
    0
    0
    0
   40
   15
   10
    0
    0
  153
    0
    0
    0
  108
    0
    0
    0
  244
  223
   75
    0
    0
    0
    0
    0
    0
    0
    0
    0
    0
    0
    0
    0
    0
    0
    0
    0
    0
    0
    0
   10
    0
    0
    2
    9
  130
    0
    6
   60
    9
   62
    0
    0
    0
   45
    0
    0
    0
    4
    0
   99
   20
   48
    0
    2
   29
   83
    0
    0
    9
    0
   74
    0
    0
    4
    0
   72
    0
   71
   38
    0
    1
    0
    8
    0
    0
    0
    0
    0
    0
    0
   40
    6
    0
   10
    8
    2
    1
    0
    0
    0
    0
    0
    0
    3
    0
    0
    0
    0
    1
    0
    0
    0
    0
    0
    0
    0
    9
   12
    0
    0
    8
  295
   78
   17
    0
   24
    4
    0
    0
    0
    0
    0
    0
    0
    0
    0
    0
    0
   19
   19
    7
    0
    0
    8
    0
    1
   11
   33
    0
   65
    2
    1
    0
    0
    0
    0
    6
    1
   19
    2
    3
   12
   14
   11
   19
    4
    2
    0
    0
    0
    1
   39
   18
    4
    0
    0
    0
    0
    0
    0
    0
    2
   25
    1
    0
   22
   10
    4
    0
   49
   31
   45
   89
   60
    0
    0
    5
   14
    0
    4
    5
    1
    0
    0
    0
    1
    0
    1
    0
    0
    0
    0
   43
    0
   29
   13
    0
    0
    0
    0
    0
    0
    0
    0
    0
    0
    0
    0
    9
    2
    0
    0
    0
   11
    0
    0
   40
  139
    0
   10
    0
    0
    0
    0
    0
   19
   58
   29
   32
   20
   17
    8
   36
    0
    0
    0
   28
    1
    0
    9
    1
   42
   18
   28
    1
    5
   15
    0
    0
    0
    0
    0
    0
    5
    0
   17
    0
   33
    9
  164
   22
   10
   20
   25
    0
    0
    0
   11
   14
    6
    0
    0
    0
    0
   83
    0
    0
    0
    0
    0
    0
    0
   58
   65
    0
    0
    0
    0
    0
   27
    0
    0
   30
    0
    0
    0
   20
    0
   17
    1
    0
   49
   47
   45
   45
   40
   59
    0
  143
    0
    0
   52
    7
   19
   41
    0
   31
   35
    2
   22
    0
    0
   60
    0
    0
    0
    0
   59
    0
   32
   60
    2
    0
    0
    0
    0
    0
   89
    0
    0
    0
   30
   39
   25
    0
    0
    0
   68
    0
   89
   10
    0
   15
    9
    0
    1
    0
    0
    0
    0
    0
    0
   29
    0
   51
    0
    0
  218
  229
  138
    0
   19
    0
    0
   85
    0
   64
    3
    0
    0
    0
    0
    0
    0
  140
    0
   71
    2
    0
   19
    0
   10
    0
    0
    0
    0
    0
    0
    6
   16
   23
    0
    0
    0
    0
   10
    1
    0
    0
    0
    0
    0
    0
    0
    0
    0
    0
    0
    0
    0
    0
   20
    0
    2
    0
    0
    3
   40
    0
    0
    4
   21
    0
    0
    0
    0
    0
    0
    0
    2
    0
    0
    0
    0
    0
    0
    5
    0
    0
   37
    0
   50
    0
   20
   28
    0
    0
   10
    8
    0
    0
    2
    0
   49
    0
   78
   32
   19
    5
    3
    1
    0
    5
    0
    0
    0
    2
    0
    3
    0
   27
    3
    1
    1
    6
   46
    4
   37
   10
   20
   28
   88
   77
   14
   74
    0
    0
    0
    0
   18
   24
   47
   39
    3
    0
    0
    0
    0
   35
    7
    0
    1
    0
    3
    0
   39
   48
   25
   76
   80
   60
   59
    4
   92
   36
    2
    0
    0
   20
    3
    2
    3
    0
    0
    0
    0
    0
    1
    0
    0
    0
    0
    2
   14
    0
   55
    1
    0
    0
    0
    0
    0
    0
    0
   34
   70
    1
    0
    0
    0
    0
    0
    0
    0
    0
    0
    0
    0
    5
   13
   98
    0
   17
    2
    4
    0
    0
    0
    3
    0
    0
    0
    0
    0
    4
   91
    0
   79
   40
    0
    0
    0
    0
    0
   15
  171
    4
    0
   76
   23
    0
    0
    0
    4
   43
   69
    0
    8
    0
    0
    0
    0
    3
    0
   22
    2
    0
   16
    0
   15
   31
    8
    0
    0
    0
    0
    0
    0
    0
    0
    0
    0
   39
   34
   15
    8
   92
    0
   28
    9
    0
    0
    0
   45
    0
    0
  200
    0
    0
   10
    0
    0
   28
   30
  185
  181
   45
    0
   14
   70
   39
   98
  120
   34
    0
    0
    0
   49
   47
   17
    0
    0
    0
    0
    0
    0
    0
    0
    0
    0
    0
    0
    0
    0
    0
    0
    0
    0
    0
    0
    0
   22
   36
   56
    1
   32
   64
    4
    0
    0
    0
    0
    0
    0
    0
    0
    0
    0
   50
   55
   42
   28
   38
    0
    0
    0
    0
   40
   28
    0
    0
   48
   19
    0
    0
    0
    0
    0
   39
  136
    0
    0
   45
    0
    0
   11
  144
    5
    0
    1
   34
   14
    0
   27
    0
    0
   10
   21
    3
    0
    0
   79
   16
    0
   30
    0
    0
    0
    0
    0
   94
    0
    0
   16
   53
  110
   16
    0
    0
    0
    0
    0
    0
    0
    0
    1
    0
    0
    0
    0
    1
    0
    0
    0
   13
   58
    1
    0
    0
    0
    0
    0
    0
    0
    0
    2
    0
   30
   46
   50
  279
    0
    0
    0
    0
    0
   13
   56
    0
   20
    2
    0
    0
    5
   44
   10
    0
    1
    0
    0
    0
    0
    0
    0
   10
    0
    0
    0
   49
    1
    0
    2
    6
    0
    0
    3
    0
    0
    0
    0
    0
    0
    0
    0
    0
    9
    0
    0
    1
    5
    0
    0
    5
    0
   45
   30
   23
   57
   63
   19
   27
   46
   30
    2
    0
   36
   55
  195
  330
  220
   47
  167
   78
    3
   28
  123
    5
    1
   57
   30
    0
    7
   35
    0
    0
    0
    2
    0
    0
    0
    2
    0
   10
  110
    1
   70
   10
    0
   88
   18
    0
    0
    0
    0
    0
    0
    0
    4
   16
   64
    0
    7
    0
    0
   32
    0
   80
    0
    0
   58
    0
   54
    2
    1
    0
    0
    0
    0
   34
   71
    0
    1
    0
    0
    0
    0
    0
    0
    0
    0
    0
    0
    0
    0
   14
   32
   25
   12
    1
    7
    0
    0
   45
   10
    3
    0
    4
    0
    9
    0
    0
    0
    1
    0
   17
   68
    0
    0
    0
  327
  122
   10
    0
    0
    0
    0
    5
    0
    0
   16
   26
   26
    0
    0
    0
    0
    0
    0
    0
    0
    0
    0
  109
  201
    0
   10
   17
    0
    0
    0
  111
    0
   34
    0
    0
    6
    0
    0
    0
    8
   10
   23
   78
    0
    0
    0
    0
   71
    0
   28
    5
    2
   81
   30
    3
   35
    0
    1
    1
   10
    0
    0
    0
   48
   24
    9
   86
    0
    7
   33
    0
    4
   76
    1
   16
   88
    0
   15
    2
    0
    0
    0
    0
    0
    0
    0
    0
    0
    0
  110
    0
    0
    0
    0
    0
    0
    0
    0
  193
  209
    4
   31
   77
   23
   10
    0
   18
   35
   48
    2
    1
   61
    4
  168
   60
   41
   25
    8
   22
    0
    0
  132
  136
    0
   73
   40
    5
    6
    2
    0
   94
    5
    0
    0
    0
   11
    0
    6
    0
    0
   28
   50
    0
    0
    0
    0
    0
    0
   49
    0
   97
    0
   10
   19
    1
    0
    0
   44
    0
    0
    0
   55
    2
    0
    0
    4
  155
   22
    0
    0
    0
    0
    0
    0
    0
    0
    0
    0
    0
   12
    0
    0
    0
    0
    0
    0
    0
    2
    4
    0
   97
    0
    2
    2
    0
   25
    1
    0
    0
    0
    0
    0
    0
    0
    0
   27
    7
    0
    0
    0
    0
    0
    0
    0
    6
    0
    0
   15
    3
    0
   28
   65
   39
  215
   70
   14
    9
    0
    0
   41
    0
    4
    0
    0
    0
    0
    0
    3
    0
    0
    0
    9
    0
    0
   23
    0
    0
    0
    0
    0
   52
   50
   84
   52
   95
    8
    4
    0
    0
    0
    0
    0
   19
   57
    0
    1
   59
    6
    0
   16
    4
    3
    1
    2
    0
    0
   42
    0
    0
    0
    0
    0
   19
    0
    0
    0
    0
   31
   54
   40
   13
    1
    0
   26
    0
    0
    9
   20
   37
   10
    0
    3
    0
    0
   14
    3
    9
   23
   70
    0
    0
    0
    0
   39
   60
   59
    1
    5
    0
   62
   16
   64
    5
    5
   50
   28
   42
    3
    0
    5
    2
   40
   18
    8
    0
   36
  100
    0
   19
    0
   47
    9
    5
    7
    1
   29
   65
   71
    5
   41
   81
   10
   39
    4
    0
    0
   22
   12
    0
    0
    0
    9
    0
    0
    3
    4
    0
    0
    0
   10
    0
    0
    0
    0
    0
    0
   21
    0
    0
    0
    0
    0
    0
    0
    0
    0
    0
    0
   88
   59
    0
    0
    0
    0
    0
    0
    0
    0
    0
    0
    0
    0
    0
    9
   25
    0
   22
    0
    0
    0
    0
    0
    0
   20
    0
  105
   50
    3
    0
    0
    0
   78
   28
  180
    0
    0
   26
   37
   39
    0
    0
    0
    0
    0
    0
    0
    0
    0
    0
   35
    3
    2
    0
  110
   14
    0
   21
  188
    2
    0
   15
    0
  320
    0
    6
   38
    0
    0
   17
    8
   25
    0
  186
   17
    9
   18
   19
    0
    0
    0
    0
   52
    0
    3
    5
    0
   39
    0
    0
    0
   19
   40
    0
    0
    0
    0
    0
    0
    0
   89
    0
    0
    0
    0
    0
    0
    0
   62
    0
    0
    0
    0
   30
  134
   33
    0
    2
   30
    1
    0
    0
  100
    0
    0
   99
    0
    0
    0
    0
    0
   11
   13
    0
    1
    0
    0
    0
    0
    2
    0
    0
    0
   46
   78
   20
    0
    0
    0
    0
    0
    0
    0
    0
    0
    1
    3
    0
    0
   13
    0
    2
   22
    9
    0
    6
    0
    0
    3
    1
   12
    3
    0
    0
   19
    7
    0
    2
    1
   14
    7
   11
    6
   40
    0
    0
    0
    0
    2
    0
    0
    0
    0
    4
   60
   51
   20
    1
    1
   42
   16
    0
    0
    0
    9
   45
    5
    2
    1
   16
   21
  101
   37
   18
   40
   87
    8
   43
    7
   70
    1
   18
  121
   16
    2
    0
    0
    0
   14
  151
  285
    9
    5
    0
  103
    6
    1
    0
    0
    0
    0
    0
    0
   30
    0
    0
    0
   15
   11
   50
    7
    0
   27
    0
    8
    0
    0
    0
    0
    0
    0
    0
    0
    0
    0
    0
    0
    0
    0
    0
    1
    0
    0
    0
    0
    0
    0
    0
   33
    0
    0
    0
    0
    0
    0
   53
   14
   17
   21
   13
    6
   18
   47
   64
    0
    0
    6
    0
   17
    1
    6
   30
    0
    3
    0
    6
    0
    0
    0
    7
    1
    0
   44
    0
    0
    1
   19
   36
   15
    0
    0
    0
    8
    5
    0
  106
    0
    0
    0
    0
    0
    0
    0
    0
    0
    0
    0
   11
    0
    0
   24
   21
    0
    0
    0
    0
    0
    3
   36
    4
    0
   39
    0
  169
  161
    0
    0
    0
   48
   47
   59
    0
    0
    0
    0
    0
    0
    4
    0
    0
    0
    0
   95
   17
   40
    0
    0
    0
    0
    0
    0
    0
    0
    0
    0
    0
    0
    0
    0
    0
    0
    0
   26
    0
    0
   50
    9
   14
   46
    0
   24
    0
    0
    0
   12
    0
    0
    3
    0
    0
    0
    0
    0
    0
    0
    0
    2
    0
    0
    0
   99
    0
    0
   19
   16
  258
    4
    0
    0
    0
    0
    0
   21
    0
    0
    0
    0
    9
    4
    0
    0
   37
    0
    0
    0
    0
  113
    4
  493
    1
  408
    0
    0
   37
   90
    5
   10
   34
    0
    0
    0
   40
    0
    0
    0
    0
    0
    0
    0
    0
    0
    0
    0
    0
    0
    0
    5
    0
    0
   17
    0
   31
  103
   52
    0
    0
    0
    0
   22
    0
    0
    0
    0
    0
    0
    0
    0
    0
    0
   47
  115
   89
    0
    0
    1
    0
    0
    0
    0
    0
    0
   65
    0
    0
    0
    6
    0
   30
    0
    0
    0
   27
   70
    0
    0
   12
   10
    0
    0
   10
   10
    0
    0
    0
    0
    4
    0
    0
    0
    0
    0
    0
    0
    0
   10
  180
    1
  218
    1
   22
   56
    0
  220
  201
   16
    0
    0
    0
    0
    0
    0
    0
    0
    0
    0
    0
    0
   47
   70
   23
   10
    4
   99
   23
    0
    0
    0
    0
    0
    0
    3
    0
    5
    0
    8
   15
    0
    0
   41
  109
    5
   45
   36
    1
    0
    0
   45
    0
  149
    0
    1
    0
    0
    0
    0
    0
    0
    0
    0
    0
    0
    0
    1
    0
    0
    3
    0
    2
    1
    1
    0
    0
    0
    0
    0
    0
    5
    0
    7
    0
   34
   14
   40
    0
    0
    0
    0
    0
    0
    0
    3
   55
    0
    0
    0
    0
    0
    0
   22
    6
    0
   69
   40
  116
    0
    0
    3
    0
    0
    0
    0
    0
    0
    0
   40
   34
   98
   17
    4
   20
    0
    1
   52
    0
    0
   20
   49
    0
    0
    0
    0
    0
    0
    0
    0
    0
    9
    0
   29
    0
    4
    0
    0
    0
   20
    0
    0
    0
    0
    0
   60
    0
    0
    0
    0
    0
    0
   20
   25
    0
    0
   54
    0
   10
   19
   17
    0
    0
   15
    0
   18
   39
   57
    0
   27
    0
    0
    0
    0
    0
    0
    0
    0
    0
    0
   14
    0
    0
    0
    0
    0
    0
    0
    0
    2
    0
    0
    0
    0
    0
  100
    0
    0
    0
    0
    0
    0
    0
    0
    0
   83
    5
   10
    0
    0
    9
  228
   30
  324
    1
    0
    0
    0
    0
    0
    0
   20
    0
  302
   22
   29
    9
    0
    0
    0
    6
    0
   82
   33
    0
    0
   67
    0
   15
   19
    0
    0
   19
   70
    0
    0
    0
    0
    0
   17
    0
    0
    0
    0
    0
    0
    0
    0
    0
    0
    0
    0
    0
    0
    0
    0
    0
    0
    0
   56
   25
    0
    0
    0
    6
    0
   16
    3
    0
    0
   10
    0
   25
    0
   90
  112
    0
    0
    0
    0
    0
    0
    0
    0
    0
  187
   61
   30
    0
   36
   11
    4
    0
   30
   36
   83
    4
    0
    0
    0
    0
    0
   12
    8
   15
    0
   43
    4
   10
   30
   43
    1
    0
    0
    6
    6
    2
    0
    0
   27
    0
    0
    0
    0
    0
    0
    0
    0
    0
    0
    0
    0
    0
   39
    0
    0
    0
    0
    0
    0
    0
    0
    0
   29
   46
   67
   10
   27
   15
   35
   20
    6
    0
    0
    0
    0
    0
    3
    8
    1
   10
    0
    3
  354
   18
   62
   50
    0
   36
   37
    0
    5
   34
    0
    0
   50
    0
    0
    0
   10
   60
    0
    0
    0
    0
    0
   23
   77
   56
    4
    6
    0
    1
    0
    0
    1
   33
    9
    1
    1
    0
    0
    9
    9
    0
   47
    0
    7
    0
   59
   20
   27
    0
    0
    0
    0
    0
   41
   10
   15
    0
    0
    0
    0
    0
    0
    0
    0
   10
    0
    0
    5
    0
    0
    0
    0
    0
    0
    0
    0
    0
    0
    4
    3
    0
    0
   10
    1
   61
    0
    6
    8
    2
   41
    0
    0
    0
    0
    0
    0
    2
    3
    0
    0
    0
    0
    0
    0
    0
    0
    0
    0
    0
    0
    0
    0
    0
    0
    0
    0
    0
   85
    0
    0
    0
  116
   31
   24
    5
    0
    4
    0
    0
    0
    0
    0
    0
    0
   18
    0
    0
   66
    0
    0
    2
   15
    0
    0
    0
    0
    0
    0
    0
   13
   40
    0
   93
   13
    4
    4
   20
    0
   35
    1
    7
    0
    9
   47
    5
    4
    0
    0
    0
   18
    0
    0
    5
   30
  146
    0
    0
   24
   69
    0
    0
    0
    0
    0
    0
    0
   31
    8
   26
   15
    0
    0
    0
    0
    0
    0
    0
   20
    0
    0
    0
   39
    5
    5
    1
    8
    5
   15
    0
    0
   20
  331
   15
    0
   27
    0
   98
    0
   46
    5
   23
   47
  188
    0
    0
    0
    0
    0
    0
    0
    0
    0
    0
   34
    0
    0
    0
  111
   24
    0
    0
    0
    0
    0
    0
    0
    0
    0
   48
    0
  130
    0
    0
    0
    0
    1
    2
  155
    0
    0
    0
    0
    0
    6
    0
   16
   21
   36
    0
    0
    0
    5
   30
    0
    0
   21
    0
    0
    0
    0
    0
    0
    0
    0
    5
    0
    0
    0
    0
    0
    0
    0
    0
    0
   19
    0
    0
    0
    0
    0
    0
    0
   45
   23
    0
    1
    0
    0
   20
    0
    0
    0
    0
   34
    0
    1
   12
    1
   68
    0
    0
    0
    0
    0
    0
    0
    0
    0
   10
    2
    0
    0
    3
   44
    0
    3
    0
    0
   14
    0
   50
    0
    0
    0
    0
    0
    0
    0
    0
   13
   35
   20
   27
   44
  116
   35
    5
   19
   80
    0
   26
    5
    5
   27
   28
    0
    0
    0
    0
    8
   16
    0
    0
    0
    1
    0
    0
    0
    0
    1
    0
   19
    1
    2
    2
    1
    0
    0
    0
    0
    0
    0
    0
    0
   29
   32
  159
    0
   49
   65
   18
   53
    0
  174
    6
    0
    3
    0
    0
    0
    0
    0
   23
  152
   45
    1
    2
   53
    0
    0
    7
    5
   20
    1
   15
    0
  105
   79
    0
    0
    0
    0
    0
    0
    9
   10
    0
    0
    2
    0
    0
    0
   25
    4
   88
   34
    0
    0
    0
   22
    0
    2
   29
   24
   30
    1
    2
    1
   26
    0
   17
   43
   10
    0
    0
    0
    0
    0
    0
    0
   31
    4
    0
    0
   61
    0
    0
    0
   30
   25
   62
  179
   44
    5
    0
    0
    0
    1
   12
   36
   50
    0
  125
   16
   14
   47
   67
    2
    0
    0
   29
    0
    6
    0
    0
    0
    0
    0
    0
    0
    0
    0
    1
    0
    1
   29
   12
   31
    0
    0
    0
    0
    0
    0
    0
    0
   39
   51
   20
    0
    0
   12
    0
    0
    0
    0
    0
   16
   50
   25
   16
    0
    0
    0
    0
    0
    0
    0
    0
    0
    0
    0
    0
    0
    0
    0
    0
    0
    0
    0
    0
    0
    0
   50
    0
    0
    5
    5
   46
    7
    2
   37
    0
    0
    0
    0
    0
    0
   84
    0
    0
    0
    0
    0
    0
    0
    0
    0
    0
    0
    0
    0
    0
    0
   67
  341
   54
    2
    0
    0
    5
   39
    4
    5
   58
    0
    0
   20
    0
    0
    0
  336
    3
    0
    0
   32
    0
   20
    0
    0
    0
    0
    0
    0
    0
    0
    0
    0
    0
    0
    0
    0
    0
    0
   25
   36
    3
    0
   23
    0
    7
   25
    0
    0
   16
   29
    0
   48
    0
    0
   12
   10
  180
    7
    8
    4
   55
   40
    0
   28
    7
    0
    0
   25
    0
    0
   29
    0
    0
    0
    0
    0
    0
    0
    0
   15
   56
    3
    0
    0
    0
    0
    0
    0
    0
    0
   54
   39
    4
   10
    0
    6
    0
    8
    0
    0
    0
   49
    0
    0
    0
    0
    0
    5
  104
    8
   24
  128
   60
   29
   44
    0
    0
    0
    0
   40
    0
    6
    5
    0
   10
    0
    0
   20
   98
    6
   20
   34
    8
    0
   21
   10
   14
    0
   41
   18
   31
    6
   50
   20
    6
   14
    0
    0
    0
   42
    8
   13
    0
    0
    0
    0
    2
   10
  154
   38
   61
    0
    0
    0
    0
    0
    2
   79
    5
    0
    0
    0
    0
    0
    0
    0
    0
    0
    0
    0
    0
    0
    0
   11
  125
   31
    6
    4
    0
   61
   70
    1
    0
    0
    0
    2
    0
    0
   39
   22
  175
    2
   29
   28
   41
   10
   19
    0
    0
    0
    0
    0
    0
    0
   37
   31
    0
    0
    0
    0
    0
    0
    1
    0
    0
   45
   33
    8
   29
   96
   21
   25
    0
   49
   15
    0
    1
    0
    0
    0
    7
    1
    9
    2
    0
    0
    0
    0
    0
    0
    0
    5
    0
   12
   17
    7
    0
    0
    0
   20
   21
    0
    0
   10
    0
    0
    0
    0
    0
    0
    0
    0
    0
   18
   15
   66
    8
    0
    0
    0
    0
    0
    0
    0
    0
    3
  135
   47
    0
    0
    0
    0
    0
    0
    0
    0
    0
    0
    0
    0
   23
    0
    0
   15
    4
    0
    0
    0
    0
    0
    0
    1
   14
    0
    0
    0
    0
    0
    3
  332
   46
   23
    0
    0
  126
   36
   82
    0
   19
    0
    0
   19
   38
    0
    0
   32
    0
    0
    0
   13
  415
   55
    0
    7
    9
   29
   25
   31
   13
    0
    0
    0
   34
    1
    0
    0
   78
    8
    0
    0
    0
    0
    0
    0
  242
    0
    6
    0
    0
  105
   73
    5
   29
   44
   63
   46
   16
   95
   73
    0
    0
   50
   40
    0
   22
   30
   91
   75
    0
    0
   58
    0
    0
   30
    7
   60
    0
    0
   15
   28
   55
    0
    3
    0
    0
    0
  254
    0
    0
    0
    0
    3
  364
    1
    0
    0
    0
    0
    0
    0
   82
   25
    1
   17
   94
   51
   30
    0
    0
   90
    1
    4
   55
   69
   24
    2
   12
   24
   12
    0
    0
    0
    0
    0
    0
    0
   30
    0
    0
    0
    0
    0
    0
   15
    0
    0
    0
   39
    0
   43
    0
   38
    4
    0
    0
    0
    8
    0
    0
    0
    0
    0
    0
   49
   51
  125
    1
    0
    0
    0
    0
    0
    0
    0
    0
    6
    5
    0
   66
   35
    8
    0
    0
    5
    0
    0
   96
   81
    0
    2
    0
   29
    6
   11
   93
    0
    0
    0
    0
    0
   27
    0
    0
    0
   26
    0
    0
    0
    0
   34
   58
    2
  101
    7
   25
   87
   10
    1
    5
    0
    6
   54
   97
  140
   25
   22
    3
   44
   25
    0
    0
   30
    3
   58
    0
   65
  120
    0
   24
    0
    0
    0
    0
    2
   12
   48
   15
    0
   11
    0
    0
    0
    0
    0
    0
    0
   46
    0
   70
   67
   50
   41
   12
   46
    3
    2
    0
    0
    0
    0
    0
   15
   48
    2
    6
    7
    0
    0
    0
    0
    0
    0
    0
    0
    0
   16
   45
   24
   20
    2
   17
    0
    0
   35
   15
   64
    0
    9
    0
   51
    2
    0
    0
    0
   49
   67
  117
  289
   43
   14
   31
   66
   18
    1
   20
   32
   55
   42
   15
    0
    0
    9
    0
    0
    6
    0
    0
   30
    0
    0
    0
    0
    0
   43
  166
  309
   37
   37
    1
    2
   21
    0
    0
    0
    0
    0
    0
    0
    0
    0
    0
    0
    0
   51
    0
    0
    0
   49
    5
    0
    0
    0
    0
    0
    0
    0
    0
    6
    7
    5
    0
    4
  326
   37
   23
    0
   56
   50
   23
   34
   44
    2
    0
    0
    0
    0
   43
    0
    4
   54
    0
    0
    0
    0
    0
    0
    0
    0
    0
    0
   43
    0
    0
    0
    0
    0
    0
    0
    0
    0
    0
    0
    0
    6
    0
    0
    0
    0
   55
  149
   18
  160
    0
    0
    0
    0
    0
    0
    0
    0
    0
    0
    0
    0
    0
    0
    0
    0
    0
    0
    0
    0
    0
    0
    0
    0
   56
    3
    0
    0
    2
    0
   47
   45
    0
   75
  226
   35
   35
    4
    0
    0
   50
  180
    4
    0
    0
    0
   24
  260
  225
    2
    4
   43
    0
    0
  240
    3
   45
    0
    0
   77
   14
    3
  244
    0
   60
    0
    0
   19
    2
   20
    1
    0
   15
    4
    0
    0
    0
    0
    0
    0
    0
    0
    0
    0
    0
   14
    9
   69
    7
   43
    0
    3
    0
    5
    0
    0
    0
    0
    0
    2
    0
    0
    0
    0
    0
    0
    0
   25
    2
    4
    2
    2
    0
   51
   69
   36
    0
    0
    0
    0
    0
    0
    0
    0
    0
    0
    0
    0
    2
   95
   67
   14
  146
    0
   25
    0
    0
    0
    0
   14
   49
   26
    3
    2
    1
    5
    0
    0
   15
   10
   20
   24
    0
   40
   27
   49
    0
   52
  115
    0
    0
    9
    0
    0
    0
    9
    0
    0
    0
    0
    0
   10
   73
   30
   13
   27
   17
   44
   27
    9
    0
    0
    0
    2
    0
   65
   15
   16
    1
    0
    4
    2
    0
    0
   10
   77
   34
   47
   34
    4
    3
   15
   15
   60
   42
   52
   31
    0
    9
   27
    0
   27
    0
    3
    0
   91
    0
   35
   25
    2
   22
    4
   52
    2
   20
   11
   30
    9
   25
    0
    0
   14
   36
    1
   11
    0
    0
   19
    5
    0
    5
   11
   16
    0
    0
    0
    0
    0
    0
    0
   11
    3
   34
    4
   24
   10
    0
    3
    0
    0
   33
   15
   46
   50
   31
    0
   49
   43
    2
    0
   24
    0
    2
    9
    0
   20
   70
   66
   37
    3
    0
   60
   29
  139
   46
   67
    2
    0
    0
    0
    0
   13
   51
    3
    0
    0
    6
    0
    0
    0
    0
    0
    0
    0
   30
  165
   15
    2
    9
  248
    2
    0
    5
   16
   73
    0
    0
    0
    0
    0
    0
    0
    0
    0
    0
   11
   86
   27
  275
   58
    0
    0
    0
   21
    6
   14
   23
    0
   33
   72
  134
   55
   40
   11
   29
    7
    0
    0
   63
   26
   10
   49
    4
    0
    0
    0
    0
    0
    0
  207
    3
    0
    0
    0
    0
    0
    0
    0
    0
    0
   52
   16
    0
    5
    0
   23
    0
    0
    0
  146
    0
    0
    0
    0
    0
    0
    0
    0
    0
    0
    0
    0
    0
    0
    0
    0
    0
    0
    0
    0
    0
   93
   46
    6
    7
    0
    0
   40
   25
    0
    0
    0
    0
    0
    1
   49
   84
    7
   15
  385
  113
    3
    2
    0
    0
    0
    6
    8
    0
    0
    0
    7
    0
    0
    0
    0
    0
    0
  156
  190
    6
    1
    0
    0
    0
  108
   81
   27
    8
   38
   28
    0
    0
    0
    0
    0
    0
    0
    0
    0
    0
    0
    0
    0
    0
    0
    0
    0
    0
    8
    0
    0
    0
    0
    6
    0
   26
   30
   32
    3
    8
   69
   57
   69
   32
    0
  134
   21
   25
    4
    0
    0
    0
    0
    2
   46
   39
   17
   38
   82
    0
    0
    1
    1
    0
    0
    0
    0
   10
    1
    0
    0
    0
    0
    9
    2
    0
   15
    0
    0
    4
   32
    4
    1
    0
    0
    0
    0
   13
    5
   55
    0
  105
   71
   19
    0
    1
    0
    0
    0
    0
    0
    0
    0
    4
    0
    0
    0
    0
    1
    0
    0
    0
    0
    0
    0
    0
    0
    0
    0
    2
    0
    0
    0
    0
    0
    0
    8
    0
    0
    0
    0
    0
    0
    0
    6
    4
    3
    0
    0
    0
    0
    0
   12
    3
   10
   11
   31
   50
   26
   55
    1
    4
    9
    3
    0
    0
    0
    0
    0
    0
    0
    3
    0
    0
    4
    0
   22
    0
    0
    0
    3
    3
    0
    0
    0
    0
    0
    0
    0
    0
    0
    0
    0
   38
   27
    0
   54
    0
    0
   21
   17
    7
    0
    2
   56
    0
    0
    1
    0
    0
    0
    1
   70
    3
   12
    0
    0
    0
    0
    0
    0
    0
    0
    0
    6
   30
    0
    0
    0
   16
   14
    0
    0
   49
   23
    9
    0
   14
    2
   19
   78
    0
    2
    6
    3
    2
   46
   23
   15
   90
  139
    4
   34
   33
    8
    0
   10
    8
   28
    0
    0
    0
    0
    0
   25
   80
    0
    0
    0
    0
   25
   23
   48
    6
    0
    0
    0
    0
    0
    0
    2
    2
   22
    4
    7
    0
    0
    0
    0
    0
    0
   87
   29
   20
    0
    0
    3
  235
   42
   31
  258
    4
    0
   56
   24
    0
    0
    0
    0
    0
  100
    0
    0
    0
    0
   40
   65
    6
    0
    0
    2
    0
   13
    0
    0
    0
    0
    0
    0
    0
    0
    0
    0
    0
   76
   71
  194
    3
   15
   92
    2
    0
    0
    0
    0
    0
    0
   14
  133
    5
    5
   28
    0
    0
    6
    0
    0
    0
    0
   29
  140
    4
    8
   16
    3
    4
   10
   81
   22
   27
    2
   30
    0
    0
    0
   70
    0
    0
   88
   78
    2
    3
    3
   21
    0
   21
    5
    0
    3
   30
    0
    0
    0
    0
   10
    0
    0
    0
    0
    0
  141
   35
    5
   13
    0
   75
    2
    2
    0
    0
    0
   20
    1
    2
   12
   17
    8
    3
   14
    0
    3
    0
   75
    6
    2
    6
    0
    0
   44
    0
   14
    3
    0
   32
    6
    3
    0
    0
    0
    2
   24
   41
   36
    9
   62
   19
   32
   33
    0
    0
    0
    0
    0
    0
    0
    0
    0
    0
   68
    0
   30
    0
    5
   39
  124
    6
    0
    0
    0
    1
    2
    0
    0
    0
    9
    0
    0
    0
    0
    0
   16
    0
    0
    0
    0
    0
    1
    3
    0
    0
    0
    0
    0
    0
   15
   26
    5
    2
   10
   22
   24
    1
    0
    0
    4
    1
    4
    6
    0
    0
    0
   18
   41
    0
    5
    0
    0
    0
   50
   89
   54
    0
   16
    0
    0
   86
   61
    2
   16
    0
    3
    0
   54
   63
    0
    0
    0
    0
    0
    0
    0
    0
    0
    0
    0
    0
    0
    0
    0
    8
   34
   60
    2
   30
   90
    0
    4
    7
    0
    3
    0
    8
   25
   52
   18
    2
    0
    0
    0
   42
    3
  120
    5
    0
    0
    0
    0
   44
    6
    3
   51
   23
    1
    2
   29
    2
    0
    0
    0
    0
    0
    8
    8
    8
   17
   49
    0
    0
    0
    0
    4
   64
   35
    0
    0
    0
    0
    0
    8
    0
   10
    0
    0
    0
    0
    0
    0
    9
    7
   40
   43
    0
   10
  139
    3
    4
    0
    5
    0
    0
    0
    0
    0
    0
    0
    0
    0
    0
    0
    0
    6
   42
    9
    0
    0
   10
    0
   68
   75
    3
   17
    6
    0
   29
   10
    0
    0
   58
    0
    0
    0
   32
   21
    0
    0
    0
    0
    0
    0
    0
    0
    0
   18
   26
   30
  151
   68
  311
   39
    0
   55
    0
  266
    3
    0
    0
   20
    0
   66
    9
    0
    0
    0
    0
    0
    0
    0
    0
    0
    0
    0
    0
    0
   46
    0
    0
    0
    0
    0
    0
    0
    0
    0
    0
    0
    0
   61
   85
    0
    0
    0
    0
   10
    4
   47
    7
    0
    0
    2
    0
    0
  169
   44
    0
    0
    0
    0
    0
    0
    0
    0
    0
    6
    0
    0
    0
    0
    0
    9
    2
   28
   27
    0
    0
    0
    0
    8
   11
   79
  115
   58
   24
   15
   70
   42
    0
    0
    0
    0
    2
    0
    0
    2
   10
   57
    2
    0
    0
    0
    0
    0
    0
    0
    0
    0
    0
    8
    6
   22
    6
    1
    0
    0
    0
    0
  152
    0
    0
    0
    0
    0
   24
    3
    0
    0
    0
    0
    0
   11
    0
    4
   12
  108
   68
    5
    5
   50
   32
    0
    3
   27
   19
   45
   39
   37
    0
    0
    0
    0
   13
   56
    3
    2
    0
   73
   24
    2
   17
   18
    6
    0
    0
    0
    4
   17
   10
   27
   28
   15
    8
    0
    0
    0
    0
    0
    0
    1
   47
    0
    1
   81
   18
   17
    9
    1
   41
    1
    0
    0
   21
   38
   21
    0
    0
   12
    0
    0
    0
    0
    4
    0
    0
    0
    0
    0
    0
    0
    0
   45
    0
    0
    0
    0
    3
   69
    0
   25
    3
    0
    0
   52
    2
   16
   74
   34
   35
  126
   54
   40
    0
    2
    0
    4
    0
    1
   15
  131
   52
   11
   11
    1
    0
    1
    0
    0
    0
    0
    0
    0
    0
    0
    0
   61
    7
   10
    0
    0
    3
   15
  128
    9
    0
   41
   10
    0
    0
    0
    0
    0
    0
    0
    0
   35
    0
    0
    5
    5
    1
    0
    0
    0
    0
    0
   25
   12
    5
    0
   10
    0
    0
    0
    0
    0
    0
    0
    0
    0
    4
    0
    0
    0
   11
   64
    7
    0
    0
   42
    2
    0
    0
   15
   60
    0
    0
   75
    7
    0
    0
    0
   20
    0
    0
   14
  116
  297
    2
    0
   21
   14
    8
    0
    0
    0
   47
    2
   34
   23
    0
    0
    0
    0
    0
   11
    0
    0
   15
   28
   21
    0
    0
  141
   27
   12
   40
   22
   10
    0
    0
    3
    0
    0
    0
    0
   15
    1
   18
    0
    7
    0
   41
   38
   10
   11
    0
    0
   90
    1
    0
    0
    0
    0
    0
    0
    0
    0
   80
   55
    0
    0
    0
    0
    0
    0
    0
   22
   55
   33
   19
    9
  225
   24
   32
    4
    6
  127
    0
    0
   47
    2
   51
    2
    0
    0
    0
   89
    2
  146
    0
  118
  104
  244
   73
    0
    0
    0
    0
    0
    0
    0
    0
    0
    4
    0
    0
    0
  110
   13
   12
    0
    0
    0
   14
   21
    0
   19
   25
   40
    5
   21
    0
    0
   20
    2
    0
   19
    0
    0
   11
   93
    8
    7
   30
  105
   31
   92
   78
  199
   32
    3
   20
    0
   23
    0
   52
   50
   28
   11
    1
    0
   68
    1
   11
    6
    1
    0
    2
    0
    0
    0
    0
    0
    0
   12
    0
    3
    0
    0
    0
    0
   13
   28
   32
    4
    0
    0
    0
    0
   35
   40
   43
   34
    1
    0
   22
    0
    0
    2
    4
    0
    0
    0
    1
    0
   10
    0
    0
    0
    0
    0
   40
    4
    0
    0
    8
   50
   12
    1
   44
    4
   25
   30
   10
    1
    0
    0
    0
    0
    6
   19
    0
    0
   20
    0
   46
   28
   25
    5
   15
    3
    2
   51
   21
   56
   40
   60
   20
    2
    0
    0
    0
   11
    1
    3
   93
   36
    8
   72
    8
   49
   32
   11
   67
    5
    4
    2
    0
   49
   91
    0
    0
   12
   10
    0
    1
    6
   50
    1
    0
    0
    0
    0
    0
    0
    0
    0
   15
    1
    0
   34
    0
    0
   21
   51
    2
    0
    0
    0
    0
    0
    0
    0
    0
   46
    6
    2
    0
    0
   15
    0
   60
    2
    0
  106
   33
    0
    0
    0
    2
    0
    0
    0
    8
   20
   12
    0
    0
    0
    0
    0
    0
    0
    0
    0
    0
  120
    0
   18
   71
   22
   39
   65
    1
    2
    0
    0
    0
  178
   43
    4
    0
    0
    0
    0
    0
   21
    0
  184
    2
    0
   34
    2
    0
    5
    1
    0
   54
    0
   96
   10
   10
    0
    0
    0
    0
  128
  321
    2
   42
    3
    1
    0
    0
    0
    0
    0
    0
    0
    2
    1
    0
    0
   12
  179
  278
   66
    4
    7
    0
    0
    0
    0
  213
    1
    0
    0
    0
    0
   11
    2
    0
    3
    0
    0
    0
    0
    0
    0
    0
    0
    0
    0
    0
    0
    0
    0
    2
    0
    0
    0
  133
    0
    0
   53
    0
   14
   18
   31
    0
    0
    0
    0
    0
    0
    0
    4
    0
    8
    0
    0
   30
   39
    0
    0
    0
    0
    2
    0
    0
    0
    0
    0
    0
    0
    0
    0
    0
   59
    0
    0
   39
    0
    6
    0
   18
    0
   37
    0
    0
   26
    3
    2
    0
   22
    0
    0
    0
    1
    1
   89
    3
   10
    0
    0
    0
    0
    0
    0
    0
    0
    0
    0
    0
   22
    1
   51
   13
    0
    0
    3
   11
    2
    3
  112
    0
    0
    0
    8
   36
   22
   89
   73
    1
    0
    2
   33
    0
    2
    7
   28
   19
    5
    8
    6
    0
    0
    2
    0
    0
    0
    0
    0
   14
    6
   26
    5
   30
    6
   41
    1
    1
    0
   14
   15
   20
   36
    1
    3
    4
    2
    3
    2
    1
    0
    4
   12
   29
  108
   42
    2
    6
    4
    1
   15
    0
    0
   22
    0
    3
    0
    3
   10
    0
    2
    0
    0
    0
    0
   28
   56
   30
    2
  119
    4
   40
    0
    1
    1
    0
    0
    4
  255
   28
   57
    6
   39
   18
   15
    0
    0
   11
   52
   15
   31
    2
   19
   52
    6
   39
   23
   17
   12
   19
    5
    1
   13
    0
   80
   80
    2
    0
   34
    4
   43
   50
   16
   22
    5
    0
   42
  167
  108
   46
   45
   16
    8
  164
   65
  120
    8
    0
    0
    0
    0
    0
    0
   19
    0
   46
   58
   13
    3
   28
    6
    0
    0
    0
    8
    1
    0
    3
    1
    0
    0
   10
   36
    0
   13
   21
    0
   25
    3
    4
    0
    0
    0
    0
   23
    0
    0
    0
    0
    0
    0
    0
    0
    0
    0
    0
    0
    0
   22
    0
    0
    0
    0
    0
    0
    0
    0
  166
    3
   14
   10
   33
    7
    0
    0
    0
    0
    0
    0
    0
    8
   26
    0
    0
    0
    0
   10
    0
   58
    0
    0
    0
   31
    0
    0
    0
   17
    0
    0
    0
    0
    0
    0
    0
    0
    4
   25
    0
    4
    0
    0
    0
    0
   26
    1
   10
  144
    0
  160
    1
    0
   28
    0
    0
    2
  117
    1
    5
    0
    0
    8
    0
    0
   84
    1
    0
    0
    4
   24
    0
   30
    0
    0
    0
    0
    0
    0
    0
    0
   13
    2
    0
   15
    0
    0
    0
    0
   40
    0
   25
    0
    0
  252
   97
    1
    0
    0
    0
    0
    0
  177
    1
   60
    0
  156
   37
  165
    1
    0
   36
    3
    0
    0
    0
    0
    0
    0
    2
    0
   18
   23
    0
    0
    0
   38
    0
    0
    0
    2
    0
    2
    0
    0
    0
   61
    6
    0
    0
    3
   53
  113
    2
    0
    2
   21
    2
    0
    0
    0
    0
    3
    0
    0
    0
    0
    0
    0
    0
    4
    0
    0
   10
    0
    3
   24
    0
    0
   45
    1
    0
   15
    0
    0
    0
    0
    0
    5
    2
  105
    0
    0
   24
    1
    0
   18
   33
    0
    0
    2
   20
    3
    8
    6
    0
    0
    0
    0
    0
    0
    0
    0
    0
    7
    0
   27
   40
   15
    0
   21
  140
    1
    0
    0
    0
    0
    0
    0
    0
   31
   51
    5
    0
    0
    0
    8
    0
   14
    0
    1
    5
   45
    9
    1
    0
    0
    3
    0
    0
    0
    0
    0
    0
    0
    1
    0
    0
    0
   24
    7
   41
   20
    0
   16
    0
   41
    2
    2
   47
   29
   39
   70
    2
    2
    0
    1
    2
    0
    0
    2
    0
    0
    0
    0
   14
    1
    6
    0
    7
   96
   55
    2
    3
   14
    1
    0
   11
    1
   37
   56
    1
    0
    1
   65
    7
   43
    2
   65
   30
    0
    1
    0
  110
   40
   76
    0
   34
    7
  112
   58
  111
    5
    1
    0
    0
   11
    0
    0
    0
    0
   53
    5
   31
    4
    6
    0
   29
   31
    2
    9
    5
   78
   16
    7
    1
    6
    4
    6
   14
    0
    0
   47
   18
    0
    3
    0
    0
    0
    0
    0
   12
  162
   60
    2
    0
    0
    0
    0
    0
    0
    0
    0
    7
  130
   12
    0
    0
    0
    0
    0
    0
    0
    0
    1
   40
    0
    0
   95
   23
   55
  110
   56
    0
    0
   18
   21
    6
   49
   16
    0
    0
    0
    8
   44
    3
   48
    0
    0
   17
   52
    1
    0
    0
    0
    0
    6
    0
   35
    0
    0
    0
    0
    0
    0
  476
  121
  185
    3
    2
    1
   14
    0
   96
   73
    2
    0
    0
    0
    0
    0
    0
    0
    0
    0
    0
    1
    5
    0
  280
    0
   15
    0
   93
   45
   16
    0
   18
    1
    9
    0
    0
   10
    0
    0
   27
    8
    3
   15
   66
    9
    7
    0
    0
    0
    0
   17
    0
    0
    0
    0
   14
    4
   15
    2
    0
    9
   80
   76
  194
  122
   67
   21
   58
    1
    0
    0
    0
    7
   41
   19
    7
    0
    4
   78
   13
    5
   44
   24
    1
   44
  159
    0
   72
    9
    1
    0
   22
   42
    0
    0
    0
    0
    0
    0
    0
    0
    0
    0
    0
    0
   42
   72
    2
    8
    6
    0
   12
    7
    2
    0
   12
   19
    4
    0
    0
    0
   14
   92
  114
    4
    0
    0
   37
    0
    0
    0
    0
    0
    3
    5
    0
   35
   82
    0
    0
    8
   23
   21
   19
   30
    1
    0
    0
    0
   43
   96
   35
    4
    1
    0
   12
   33
   17
    2
    3
    2
    2
   12
    5
   41
    1
   98
   40
    0
    5
    6
    6
   40
   27
   33
   36
    7
