Station: Mertendorf , scaling_factor: 10.0, latitude:  50.9935, longitude:  11.7868, altitude:  330, nodata_value: -9
start: ..1979-01-01  end: ..2015-12-31
    0
   12
    4
    0
    0
    0
    0
   12
   14
    0
   15
   40
    0
   21
   28
   91
    0
    0
    0
    5
    7
    9
   30
   12
    0
    0
   48
   13
    0
   12
    6
   23
    0
    0
   18
    0
    0
   42
    0
    0
    0
   33
   10
   29
   37
    7
   36
   39
    0
    0
    0
    0
    0
   17
    5
    0
    0
    0
   11
    0
    0
    0
   63
    0
    0
    0
    0
   39
    8
  108
   15
   48
   85
    3
   60
    0
    0
   99
   42
    8
    4
    0
    0
   32
   57
    0
   45
   38
  243
   40
    2
    0
    0
   15
    2
   18
   91
    2
    0
    0
    0
    0
    0
    0
    0
  292
   32
    1
    0
    5
    0
   33
    6
    2
   45
    0
    0
    0
    6
   30
    5
    0
    0
   41
   15
   43
    0
    0
    0
    0
   77
    1
    0
    0
    0
    0
   22
   72
    0
    0
    0
    3
    0
   51
   17
    0
  163
    0
    0
    0
    0
    3
    0
    0
    0
   64
   10
  230
    0
    0
    0
    0
   77
    0
    0
    5
   33
    0
    0
    0
    0
    0
   67
    0
    0
    0
    0
  141
   64
    0
    0
    0
    0
    0
    0
    0
    0
  128
    2
   81
    0
    0
    0
   85
   12
    0
    2
    3
    0
    0
    0
    4
    0
    0
    9
   66
   45
   12
    0
  111
    0
   33
   17
   30
    0
   20
    0
    0
    0
    1
   92
   45
    0
    8
    0
    0
    0
    2
   14
    0
   19
    0
   13
    6
   62
    4
   10
   20
    0
    0
    0
    0
    0
    0
   55
   78
  127
    0
    0
    0
   28
   68
    0
    0
    0
    0
    0
    0
    0
    0
    0
    0
  109
   36
  208
   11
    0
    0
    0
    7
    0
    0
    0
    0
    0
    0
    0
    3
    0
    0
    0
    0
    0
    0
    0
    0
    0
    0
   12
    0
   12
    0
    0
    2
    0
    0
    0
    0
    0
    0
   28
    2
    2
   63
    3
    3
    0
   51
   62
   15
   72
  216
    0
    0
    0
   30
   36
   14
   82
    3
    0
    6
    3
    6
   14
    2
    0
    1
    0
   11
    0
    0
    0
    3
   12
    0
    0
    0
    4
    3
   45
   13
   20
   89
   82
    0
   81
   30
    4
    3
    0
    0
    0
   22
    0
    4
    0
    0
    0
    0
    0
    0
   47
   36
    8
   17
   14
    0
   51
    3
    9
   29
    0
    1
    5
    3
    2
    0
    0
    8
    5
    2
    0
    0
    0
    0
    2
   31
    8
   46
   24
    0
    0
    0
   45
    7
   30
   38
   46
   26
   97
   15
    3
    0
    0
   10
   10
    8
    0
    0
    2
    1
    2
    0
    0
    0
    0
    0
    0
    0
    0
    0
    2
    7
    6
    0
   20
    4
    8
    0
   11
   13
   30
   45
    2
    0
    0
    0
    0
    0
    0
    0
    6
   72
    0
    0
    0
    0
    0
    3
    6
    2
    7
    6
    0
    0
   89
   73
   99
  104
    0
    0
   26
   18
   25
   25
    9
    0
    0
    0
    0
    0
    0
    2
   10
    6
    9
    1
  176
  609
    4
  161
  115
    6
    2
    0
    0
    2
    0
    0
    0
    0
    6
  151
    0
    0
    0
    0
    0
    0
    0
    0
    3
    0
    0
    0
    0
    0
    6
    0
    0
    0
    0
   32
   35
  120
    0
    0
    0
    5
    0
    3
    0
   42
    2
    0
   73
  230
    0
    0
   35
   56
    5
   52
   92
   10
   12
   11
   53
   13
   41
   13
   20
   53
   24
   16
   16
    9
  107
   57
    0
   26
   11
   43
    6
    0
   61
  167
    5
   19
   22
  128
    0
    0
    2
   29
    0
  193
    0
    0
    0
    0
    0
    0
   10
    0
  291
    0
    0
    0
    0
    0
   26
    0
    0
    3
    0
    0
   58
   33
    0
    0
    0
    0
    0
    0
  383
    3
    5
   39
   14
    0
    0
    0
    0
    0
   45
    1
  161
   18
    0
    0
    0
  148
    2
    0
    0
    7
   57
    3
   32
   33
   15
    9
    0
   15
    0
    0
    0
    0
    0
   26
    1
  150
    0
    0
    0
    0
    3
   17
    0
    0
    0
    0
    0
  107
    0
    0
    0
    0
   90
  309
    3
    0
    0
    4
    7
   23
    0
    0
    0
    9
   22
    0
    0
    8
   17
   27
    0
    0
    0
    0
    7
    0
    0
  150
   26
    0
    0
    0
    0
    0
    0
   10
   60
   22
    0
    0
   16
    0
    0
    0
    0
    0
   73
    0
    0
   61
  100
    3
    0
   11
   23
   18
   37
   52
    0
    0
    0
    0
    0
    0
   63
   53
    0
    0
    0
    8
    0
    0
   17
   30
   18
    0
   14
   12
   11
    0
    0
    0
   20
   11
   29
   57
   51
    9
   32
   15
    0
    8
   29
    0
   18
    3
   27
    0
   31
    0
   18
   92
   13
   21
    0
    0
    0
    0
   27
    0
    0
    0
    0
    0
    0
    0
   25
    6
   38
   19
    2
    4
    0
    1
    0
   10
    3
    4
    0
    2
    3
   13
   15
    7
    1
    2
   50
    4
    0
    0
    0
    2
   10
    2
   45
    5
    0
    5
    4
    3
  247
  113
   30
   35
   15
    6
    7
   28
    5
   20
    0
    0
    0
    1
   77
   19
   10
   76
    0
    0
    3
    0
    0
    0
    2
    0
    3
   36
    2
    0
    3
    0
    0
    0
    0
    0
    0
    0
    0
    0
    2
   24
    0
    0
   32
   26
    0
    0
    0
  483
   24
   34
   81
   15
    0
    0
    1
    2
    0
    0
    0
    0
    0
    0
    0
    0
   50
   13
   17
  107
    0
    0
    0
    0
   55
    0
   57
    1
  128
   44
    8
   12
    0
    0
    0
    0
   66
    0
    0
    0
   10
    6
    0
    0
    0
   14
    0
    5
    5
    0
   15
   97
    0
   72
   36
    0
    0
    2
    0
    0
    0
    2
   22
    7
    0
   19
   47
    0
    0
   12
    0
    0
    0
    0
   49
    0
    0
   34
    0
    9
    0
   43
    1
   10
   37
    0
    0
   34
   25
   51
   11
   34
    0
    0
    0
    0
  216
    0
    0
    0
    0
   50
    0
  280
  400
    6
    0
    0
    0
    0
    4
    7
    0
   56
   32
    0
   51
   21
    0
    4
    0
   77
    0
    0
    0
    0
    0
    0
    0
    0
    0
    0
    0
    0
    2
    0
    0
    0
    0
    0
   43
   50
    0
   19
   10
    5
    6
   61
    9
    0
    0
    0
    0
  373
  147
    0
    0
    4
   13
    0
   20
    0
   24
    0
   56
   59
   81
   38
    0
    0
  155
    0
   16
   37
    2
   21
    5
    2
   53
    0
    0
    0
  222
    3
    9
    6
    0
   23
    2
    0
    5
   16
   15
    5
   26
   55
    0
   44
    5
   45
    0
    0
    0
   13
   14
   38
   15
  137
    0
   14
   10
    2
  175
   98
    0
   15
   91
   31
    6
  252
   39
   22
   26
   23
  155
   16
    0
  130
    3
    0
   35
   16
    0
    0
   70
   21
    0
    0
    8
    2
   45
    3
    6
    0
    0
    0
   24
   12
    0
    7
    0
   11
   17
   10
    6
    0
   34
    0
    0
    0
    0
    0
    0
    0
    0
    0
    0
    0
   19
    0
    0
    2
    0
    6
    4
   25
   81
   73
    0
    0
    0
    0
    0
    0
    0
    0
   19
    0
    0
    0
    0
    0
    0
    0
    0
    0
    0
    0
    0
    0
    7
    0
    0
    0
    1
    0
    1
    7
    5
   27
    0
    0
    0
    0
    0
    0
   25
    7
   12
    2
    0
    0
    0
   26
    0
    7
    0
    0
    0
    0
    0
    0
    0
    0
   25
    0
    6
    0
    0
    0
    0
    0
    0
    0
   47
  105
   18
   53
   25
    8
    2
    0
    0
    0
    0
    0
    0
    0
    0
    0
    3
    0
    0
    0
    0
    1
   61
   15
   20
    0
    0
    4
   40
  118
   13
    0
    0
  318
   50
    0
    0
    0
    0
    0
    0
    0
    0
    0
    0
   39
   37
    2
    0
    0
    0
   15
    0
    0
    0
    0
    0
    0
    0
    0
    0
    0
   53
    0
    0
   56
   45
    6
   22
    0
   63
    0
   45
    1
    2
   12
    0
   27
   52
   41
    0
   17
   25
    7
   17
    0
    1
   82
   37
    0
    2
    0
    0
    0
    0
    0
    0
    0
    0
  106
    3
   42
    0
    0
    0
    0
    1
    0
    0
   86
   55
    0
    0
    0
    0
    0
    0
    0
    0
   12
    4
   14
    0
    4
    0
    0
    0
    0
    0
    0
    1
    0
   12
    4
    0
   10
    0
    0
   13
    4
    0
   19
    3
    0
    0
    0
   57
    0
   24
    0
    0
   24
    3
    0
    0
    0
    0
    0
    0
    0
    0
    0
    0
    0
    0
    3
    0
   82
    6
    0
    0
    0
    2
    0
    0
    0
    0
    0
    0
    0
    0
    5
   67
  163
    0
    4
    0
    9
   48
   61
    8
   10
    0
    1
    1
    5
    0
    0
    0
    8
   31
    0
    0
    4
    0
    0
    0
    0
    0
    0
    0
    9
    0
    0
    0
    0
    0
    0
    0
    3
    0
    8
    0
   50
   30
   13
   28
    0
    0
    9
    0
    8
    0
    0
   22
    4
    2
    0
    0
    0
    0
    0
   42
   30
   32
    2
    0
   48
   25
   12
    0
    3
   22
    4
    7
   12
    0
   43
    0
    0
   10
   52
    0
    3
   25
   32
    0
    0
    0
    0
    0
   25
   25
    3
    5
   16
    7
    6
    0
    0
    0
    0
    7
  133
    0
    8
   18
    2
   23
    3
    0
    0
    0
   17
    0
   48
   15
    6
   36
   16
   40
   10
   28
    0
    8
    0
    0
   14
   46
   98
    4
   62
    0
    0
    0
    0
    0
    0
   18
   22
    0
    0
    0
    0
    0
   15
   24
   20
    9
    0
    0
    2
    0
    0
    0
    0
    0
    0
    5
    0
    0
    5
   21
    0
   31
   26
   44
   10
    3
    0
   21
   40
    2
   42
    0
   21
    0
    3
    4
  242
   94
    0
   14
   19
   17
    0
  194
    0
   12
  121
   72
   19
   65
   21
    0
    0
    0
  208
    0
    0
    8
    0
    0
    0
    0
   15
    0
   29
    4
  104
    4
    5
    0
    0
    0
   15
   34
    0
   25
    1
    0
   26
   34
    0
  142
    3
    0
   26
    0
    0
   42
  142
  102
   18
    0
   20
    0
    4
    0
    0
    0
    0
    0
    0
   44
    0
    0
    0
   89
    0
    0
    0
    0
   48
    4
    0
    1
    1
    0
    0
    0
    0
    0
    0
  117
   62
   21
    0
    0
    0
   40
    0
    0
    0
    0
  597
   16
    0
    0
    0
    0
    0
    0
    0
    0
    2
    0
   54
   55
    0
    0
    0
    0
    0
    0
    0
    0
    0
    0
    0
    0
   15
   11
    8
  272
  447
   22
    0
    0
    0
  195
    0
    5
    0
    0
    0
    0
    0
    0
    0
    0
    0
    0
    9
    0
    0
    0
    0
    0
    0
    0
    0
   24
    0
    0
    0
    0
    0
    0
    0
    5
   32
    0
    0
    5
   60
   70
    0
    0
    0
  148
    0
    6
    8
    0
    5
    0
    0
    0
    0
    0
    0
    0
    7
    0
    0
    0
    0
    0
   35
    4
   15
    5
    0
    0
    8
    0
    0
    0
    1
    0
    0
    0
    0
    0
    0
    0
    0
    0
    0
    0
    0
    5
    0
    0
    0
    0
    0
    0
    0
    0
    0
    2
    5
    0
    0
    0
   69
    0
    0
    0
    0
    0
   16
    0
    0
    0
   10
   59
   39
   21
   16
   44
    3
    0
    0
    0
    0
   44
    0
    0
   25
    6
   25
    0
    0
    0
    0
    0
    0
    0
    0
    0
    0
   26
    5
    9
   70
   46
    0
    0
    1
    0
    0
    0
    1
   20
    4
    7
    0
   23
    1
   42
    0
   15
    0
   81
   84
   16
   10
    0
    0
    0
    1
    0
   35
   44
    2
    0
    0
    0
   12
    0
   18
    1
    3
    4
    5
    0
   16
  198
   14
   30
   40
   83
    0
    0
    0
    0
    0
    0
    0
    0
    0
    0
    0
   31
    0
   65
   42
    0
    0
    0
    0
    0
    0
    0
    0
    6
    3
    0
   42
    6
    0
    0
    0
    0
    0
    0
    0
    0
    0
    0
    0
    0
    0
    0
    4
    0
   10
    3
    0
   42
    1
   23
  120
  265
   30
   50
    0
    0
    0
    5
    0
   45
    0
    4
    0
    0
    0
   76
    0
    0
    0
    0
    0
    0
    0
    0
    0
    0
    0
    1
    0
  102
    0
    0
    0
    0
   41
    3
    9
   12
    0
    8
    6
   85
   65
   55
    0
   26
   48
    0
    3
   59
   58
    0
   82
   61
    3
    0
  155
   39
   36
    0
   15
    0
    0
    0
  252
  210
   45
    0
   64
    0
    0
    0
    0
    0
   18
    0
    0
    0
    0
    0
   18
   51
   85
    0
    0
   62
    0
    0
    7
    0
   16
    0
   99
   25
    0
    0
    0
    0
    0
    0
    0
    7
    0
   11
   52
  245
   48
    3
   61
   17
    0
    0
    2
    0
    0
    0
   16
   31
  154
    8
    0
    0
  126
    0
    0
   61
   47
    0
    0
   21
   71
   14
   46
    2
    0
    0
    8
   20
    0
    0
    0
    0
    0
    0
    0
  375
    8
    0
    0
    0
    0
    0
    0
    0
    0
    0
   65
   52
   88
    0
   75
   87
   15
  104
    0
    0
    0
   15
    2
    0
    0
    3
   58
   18
    7
    3
    0
   15
   55
    0
    0
   21
   10
    0
    4
    0
   10
    3
    0
  101
    0
   48
   23
    0
    4
    0
    0
    0
    0
    0
    0
    0
   30
    0
   12
   40
    0
    2
   40
    0
    0
    0
    0
    0
    0
    0
    0
    0
    0
    0
    0
    0
    0
    0
    0
    0
    0
    0
    7
    0
   22
    0
    0
    0
    2
  330
   30
   16
    2
   14
    0
    0
    0
    0
    0
    0
    0
    0
    0
    0
    0
    0
   15
   18
    0
    0
    0
   14
    0
   60
    0
   13
    0
   50
   15
    0
    0
    0
    3
    0
    2
    0
    1
   10
    5
   75
   46
   22
   60
   18
    6
    3
    0
    3
    4
   62
   27
   10
   12
    0
    0
    0
    0
    0
    0
    5
   19
    0
    6
   10
   18
    0
    0
   40
    0
    6
    7
   42
    0
    0
    0
    5
    0
   18
   79
    3
    0
    0
    0
   14
    9
   14
    4
    3
    0
    0
   55
    7
   26
    0
    0
    0
    0
    0
   10
    0
    0
    0
    0
    0
    0
    0
    5
    0
    0
    0
    0
   26
    0
    0
  198
  252
    3
   11
    0
    0
    0
    0
    0
    2
   20
    8
    2
    4
   22
   26
    6
    0
    0
   16
    6
    0
    0
    7
    4
    8
    1
   18
    0
    4
   34
    0
    0
    0
    0
    0
    0
    8
    2
   33
   12
    8
   68
   54
   34
   25
   29
   19
    0
    0
    0
   40
    0
    0
    0
    0
    0
    0
    0
    0
    0
    0
    0
    0
   29
    0
  176
   22
    0
    0
    0
    0
   79
    8
    0
    0
    0
    0
    0
    0
   89
  138
    4
    7
    1
   48
    9
   16
   76
   57
   59
    2
   27
    6
    3
  182
   16
    6
    0
    0
   46
   48
    0
   35
    6
    0
   58
    0
    0
    0
    0
   29
    0
   46
   16
    0
    0
    0
    0
    0
    0
    0
    0
   11
    1
    8
   20
   12
    0
    0
    0
   84
    0
   17
  126
    0
    0
   17
    0
    0
    8
    0
   24
    0
    0
    0
   38
    0
    8
    7
    0
   21
  108
    0
    0
   74
    0
    0
   23
    0
  137
    0
    0
    0
    0
    0
    0
    0
    4
    0
  128
    8
    7
   11
    4
   27
    0
    0
    0
    0
    4
    0
   32
    0
   61
    0
    0
    0
    0
    8
    0
    0
    0
    0
    0
    0
    0
    0
    0
    0
    0
    0
   19
    2
    0
    0
    0
    0
    0
    0
    0
   20
    7
    1
    1
    2
    0
    0
    0
    0
    0
    0
    0
    0
    0
    0
    0
    0
    0
    0
   35
    0
    0
   55
   23
   17
   27
   87
   26
    0
    0
   27
   23
    0
    0
    5
    4
   30
   60
   70
   20
   15
    5
   10
    0
    0
    4
    0
   46
    0
    0
    0
    0
   52
    5
    4
    0
    3
   48
   56
    6
   31
    5
    0
    8
  190
   10
   12
   28
    0
    0
    0
    0
   31
    9
   38
   80
    2
    0
    0
    0
   10
   30
   15
    0
   15
    0
    0
    0
   20
   20
    6
   76
   43
   35
   40
   63
   93
   18
    0
    0
    0
    2
   10
    8
    8
    2
    0
    0
    0
    0
    4
   20
    0
    0
    0
   20
   10
   15
  110
    5
    5
    0
    0
    0
    0
    0
    5
   40
   15
    0
    0
    0
    0
    4
    1
    0
    0
    0
    0
    0
    0
   16
   12
   80
    0
   20
   22
    0
    0
    0
    5
    5
    3
    0
    0
    0
    0
    0
  100
    0
   39
  120
    0
    0
    0
    0
    0
   11
  226
    0
   29
   30
   45
    0
    0
   26
   12
   50
  170
   92
   29
    0
    0
    0
    0
   16
   27
    0
    6
    5
   14
   10
   26
  160
   20
    0
    0
    0
    0
    0
    0
    0
   20
    6
   31
  237
    6
    1
   10
    8
    0
   45
   26
    5
    0
    0
   62
    0
    0
   10
    0
    0
   94
    0
    0
   28
   19
  264
  210
   12
   19
   18
  153
   80
   49
   76
   26
    0
    0
    0
  148
    6
    0
    0
    0
    0
    5
    0
    0
    0
    0
    0
    0
   16
    0
    0
    0
    0
    0
    0
    0
    0
    0
    0
   50
  128
    0
    7
   56
   38
    0
    0
    0
    0
    0
    0
    0
    0
    0
    0
    0
   39
   48
    2
   19
    0
    0
    0
    0
    0
   10
    0
    0
    0
   30
    0
    0
    0
    0
    0
    7
   17
  101
    0
    0
   43
    0
    3
   46
  131
   15
    0
    3
   68
   50
    0
   44
    0
    4
   13
    5
   10
    0
    8
  115
    5
    0
   35
    0
    0
    0
    0
    0
  116
   15
    0
   16
  137
  151
    9
    0
    0
    0
    0
    0
    0
    0
    0
    0
    0
    0
    0
    0
    0
    0
    0
    0
    0
   32
    0
    0
    0
    0
    0
    0
    0
    0
    0
    0
    0
   39
   31
  110
  258
   24
    0
    0
    0
    0
   19
   16
    0
    2
    5
    1
    0
    5
   40
   27
    0
    0
    0
    0
    0
    0
    0
    0
    0
    0
    6
    0
   13
    4
    0
    6
    0
    0
    0
    0
    0
    0
    0
    0
    5
    0
    0
    0
    0
   17
    0
    0
    2
    7
    0
    0
    3
    0
   25
    9
   29
    9
   11
   16
   20
    2
   30
    0
    4
    6
   20
   48
  102
  104
  126
  204
   50
    8
   14
   25
   20
   15
   37
   50
   10
   20
   60
    0
   10
   45
    5
    5
   15
    0
    0
    0
   10
   50
   15
   20
   40
    0
   40
    5
    0
    0
    0
    0
    0
    0
    0
    0
    0
   60
    5
    5
    0
    8
   42
    3
   50
    5
    0
   40
   15
  180
    5
    0
    0
    0
    0
    0
   90
  115
   25
   75
    0
    0
    0
    2
    5
    0
    0
    0
    0
    0
    0
    0
   25
   32
   30
   23
    9
    5
    0
    5
   90
   10
   15
   20
   10
    0
   10
    4
    0
    9
    3
    0
   54
    5
    0
   17
    0
   16
   24
   12
    5
    0
    0
    0
    4
    0
    0
    3
   26
   29
    0
    0
    0
    0
    0
    0
    0
    0
    0
    0
   62
  265
   72
   38
   15
    0
    0
    0
  106
    0
   31
    0
    0
    3
    0
    0
    0
    0
   31
   22
  155
    8
    0
    0
    0
   92
    2
   50
   26
   55
   88
   70
   28
    8
   75
    6
    3
    4
    0
   20
   18
   90
   95
  146
  135
    3
   22
   27
    5
    2
    5
   38
    7
  114
    5
   20
    0
    0
    0
    0
    0
    0
    0
    0
    0
    0
    0
  225
    0
    0
    0
    0
    0
    0
    0
   82
   69
  135
    0
   32
    0
   14
    0
    0
   28
   30
  131
    8
   10
   48
    0
   91
   21
   73
    5
    7
   18
    0
    0
   77
   35
    0
   86
   18
   38
    0
   30
    0
  117
   68
    0
    0
    0
   34
    0
    5
    0
   32
   28
   11
    0
    0
    0
    0
    0
    0
  147
    0
  204
    0
    0
    0
    0
    0
    0
   38
    0
    0
    0
  184
    0
    0
    0
   12
  118
   61
    3
    0
    7
    0
    0
    0
    0
    0
    0
    0
    0
   29
    0
   25
    0
    0
    3
    6
    0
    0
    0
   15
   36
    0
    0
    0
    5
   68
   17
    3
    0
    0
    0
    0
    0
    0
    0
   39
   69
    2
    0
    0
    0
    0
    0
    0
   15
    0
   11
    8
    0
    8
   46
    4
   35
  132
   78
   30
   21
    4
   14
   98
    0
    0
    0
    0
    0
    0
    0
    0
    0
    0
    0
   11
    0
    0
    8
    0
    0
    0
    0
    0
   68
  101
  115
   52
   68
   25
    6
    0
    0
    0
    6
    0
    0
   14
    0
    0
   40
   20
    0
   36
    6
    0
   10
    3
    0
    0
   48
    0
    0
    0
   10
    5
   16
    0
    0
    0
    0
  134
    6
   40
   21
   10
    0
   37
    0
    0
    4
    4
   25
    1
    0
    3
    4
    2
    2
   20
   18
    2
  102
    0
    0
    0
    0
   35
   47
   50
   13
   18
   13
   85
  130
  160
   30
   40
   50
   40
   25
    5
    3
    7
    0
    5
   63
   50
    0
   29
   15
   40
  105
    0
   30
   23
    3
   30
    0
   20
   32
   81
   10
   31
   61
   20
   48
   12
    5
    0
  148
  132
    0
    0
    0
   30
    0
    0
   16
   38
    0
    0
    7
   14
    0
    0
    0
   10
   10
    0
   38
    0
    0
    0
    0
    0
    0
    0
    8
    0
    0
    5
    8
   19
    6
    0
    0
    0
    0
    0
    0
    0
    0
    0
    0
    0
    0
   70
   48
   23
    0
    0
    0
    0
    0
    0
    0
    0
   61
   48
    0
    0
    4
    0
    0
   48
   10
  165
    0
    0
    0
    0
   43
    0
    0
    0
    0
    0
    0
    0
    0
    4
    0
  115
    3
   13
    0
    0
   13
   17
   14
  176
   34
    0
  104
    0
    3
    0
  110
   19
    2
    0
   88
    0
  118
    0
  165
   70
   68
   26
    0
    0
   19
    0
    0
   35
    0
   66
    4
    0
   35
    0
    0
    0
    0
   40
    0
    0
    0
    0
    0
    0
    0
   24
    0
    0
    0
    0
    0
    0
    0
   44
    0
    0
    0
    0
   25
   78
   20
    0
    0
   16
    2
    0
   46
   14
   10
    0
  136
    0
    0
    0
    0
    0
   15
    0
    0
    2
    0
   18
    0
    0
    2
    0
    0
    0
   18
   10
   23
    0
    0
    0
    2
    0
    0
    0
    0
    0
    7
   30
   28
    0
   16
    0
   39
   38
    5
    0
   22
    7
    2
    2
    0
    6
    0
    0
    0
    4
   24
    0
    2
    0
    0
    0
    3
    0
   72
    0
    0
    0
    0
    0
    0
    0
    0
    0
    0
   78
  170
   64
    0
    4
   15
   40
    6
    0
    0
   20
   76
    8
    0
   16
    7
   10
  146
   72
    5
  135
   81
    0
   28
    5
   75
   23
   28
   38
   20
   16
    6
    0
    0
   10
   83
  297
    0
    8
    0
  108
   77
    0
    0
    0
    0
    0
    0
    7
   40
    6
    0
   20
   32
   28
   62
   12
    0
   37
    0
   11
    0
    0
    0
    0
    6
    0
    0
    0
    0
    0
    0
    0
    0
    0
    0
    0
    0
    0
    0
    0
    0
    0
    0
   10
    0
    0
    0
    0
    0
    0
   28
   14
    6
    9
   10
    0
   27
   25
   34
    0
    0
    5
    0
   19
    6
    4
   37
    5
   50
   11
    3
    0
    0
    0
   15
    0
    2
   60
    4
    0
    6
   25
   49
   24
    0
    0
    0
    4
   15
    0
   43
    0
    0
    0
    0
    0
    0
    0
    2
    0
    0
    3
    7
    0
   25
   48
    0
    0
    0
    7
    0
   36
   10
   38
   31
    0
   27
   14
   40
  255
    3
    0
    0
    0
   58
   87
    0
    0
    0
    0
    0
    0
    1
    2
    0
    0
    0
  108
   46
   31
    0
    0
    0
    0
    0
    0
    0
    0
    0
    0
    0
    0
    0
    0
    0
    0
   97
   84
    0
    0
   85
   28
   75
    0
    0
   36
    4
   11
    0
  128
    0
    0
    0
    0
    0
    0
    0
    0
    0
    0
   52
    0
   19
    0
    0
  114
    0
    0
   55
   47
  290
   48
    0
    0
    0
    0
    0
    0
    0
    0
    0
    0
    0
    0
    0
    0
   16
    0
    0
    0
    0
   11
    5
    3
  100
   30
    0
    0
    8
   10
    1
    0
   20
    0
    0
    8
    4
    0
    0
    0
    6
    0
    0
    0
    0
    0
   20
    0
    0
    0
    0
   45
    0
    0
   38
    0
   38
   43
    0
    0
    0
    0
    0
    0
    0
    0
    0
    0
    0
    0
    0
    0
    0
    0
  136
   75
    2
    0
    0
   11
    0
    0
    0
    0
    0
    0
   40
    9
    0
    0
   18
   15
   33
    0
    0
    0
   57
    8
   45
   41
   20
    4
    0
    0
    5
    2
    0
    0
    0
    0
    6
    0
    0
    0
    0
    0
    0
    0
    0
   28
   20
   50
  195
   37
   48
   14
    0
  214
   16
   25
    0
    0
    0
    0
    0
    0
    0
    0
    0
    0
    0
    0
   31
   64
    0
   70
    4
   60
   47
    0
    0
    0
    0
    0
    0
    0
    0
   13
    0
    7
   20
    0
    6
   20
   23
   16
   88
   65
    2
    0
    7
   49
    0
   80
    4
   15
    0
    0
    0
    0
    0
    0
    0
    0
    2
    0
    0
    5
    0
    0
    0
    0
    3
    3
    0
    0
    0
    0
    0
   12
    0
    4
    0
    0
    0
    2
   14
   19
    8
    0
    0
    0
    0
    0
    0
    0
    7
    0
    0
    0
    0
    9
   15
   16
    2
    5
   85
   25
  101
    0
    0
    4
    0
    0
    0
    0
    0
    0
    0
   72
   33
   95
    3
   19
    7
    0
    0
    6
    0
    0
   28
   11
    0
    0
    0
    0
    0
    0
    0
    0
    0
    3
    0
   38
    0
    4
    0
    6
    0
   44
    5
    0
    0
    0
    0
   69
   30
    0
    0
    0
    0
    0
   28
   98
    0
    0
   73
   16
    2
   20
   17
   24
    0
    5
    0
   21
  137
   37
   16
   15
    0
    0
    0
    0
    0
    0
    0
    0
    0
    0
   35
    0
    8
   15
    0
    0
    0
    0
    0
    0
    0
    0
    0
    0
    0
   23
    0
    0
    0
    0
    0
    0
    0
    0
    0
  156
   23
    6
    0
    0
   39
   97
   18
  410
    0
    0
    0
    0
    0
    0
    0
    0
    0
   25
    7
   20
  102
    0
    0
    0
    0
    0
  190
   84
    0
    0
   84
    0
   48
    0
    0
    3
   70
   40
    0
    0
    0
    0
    0
    9
    0
    0
    0
    0
    0
    0
    0
    0
    0
    0
    0
    0
    0
    0
    0
    0
    0
    0
    0
   20
    2
    0
    0
    0
    0
    0
    0
    0
  215
    0
   15
   14
   36
    2
   45
  188
    0
    0
    0
    0
    0
    0
    0
    0
  116
  227
    8
   40
   39
   50
    0
   52
    0
   35
    0
  165
   44
    0
    0
    0
    0
    0
   12
   10
    0
    0
   21
    9
   37
    4
    2
    0
    0
    0
   10
   30
  176
    0
    0
   27
    0
    0
    0
    0
    0
    0
    0
    0
    0
    0
    0
    0
    0
    0
    0
    6
    0
    0
    0
    0
    0
    4
    0
    8
   79
   12
   28
    2
   47
   60
   70
    3
   18
   11
    0
    0
    8
   20
    0
    0
   11
    0
    0
   49
   27
   34
   65
    0
   79
   16
    0
    0
    0
    0
    3
   82
    2
    3
   30
    9
   16
    0
    0
    0
    0
    0
   15
   70
   24
    9
    5
    0
    0
    2
    0
   15
   25
   10
    5
    0
    0
    0
   12
    6
    0
   44
    0
    3
    0
   32
   30
   52
    2
    0
    0
    0
    0
   26
    9
   55
    0
    0
    0
    0
    0
    0
    0
    6
   13
    4
    1
    3
    0
    2
    0
    0
    3
    0
    0
    0
    0
    0
    4
    6
    3
    1
   13
   11
   40
    0
    6
   19
    1
   74
    7
    0
    0
    0
    0
    0
    6
    2
    0
    0
    0
    0
    0
    0
   12
    0
    0
    6
    0
    0
    0
   17
    3
    0
    0
    0
    0
   11
    0
    0
    0
  106
    3
   36
   10
    2
    4
    0
    0
    0
    0
    0
    0
    0
   56
   33
    0
    0
    0
    0
    0
   16
    0
    0
    0
    0
    0
    0
    0
    0
   28
    0
  102
    0
    6
    0
    0
    0
   30
    0
    0
    0
   40
   83
   18
    5
    0
    0
    0
   19
    3
    0
    4
   12
   28
    0
    0
   91
   30
    0
   15
    0
    0
    0
    0
    0
   20
   62
   20
   10
    0
    5
    8
    0
    0
    0
    0
    0
    0
    0
    0
    8
    0
   36
   15
    5
    9
   41
    0
    0
    0
  272
   13
    0
   28
    0
   56
    0
   63
   54
   48
  145
    0
    0
    0
    0
    0
    0
    0
    0
    0
    0
   35
    0
    0
    0
   19
    0
    8
    0
    0
    0
    0
    0
    0
    0
    0
    0
    8
  100
    7
    0
    0
    0
    0
    4
    0
  231
    0
    0
    0
    0
   62
   36
    8
    0
    0
   73
    0
    0
    0
    0
   24
    7
    0
   36
    0
    0
    8
    2
    0
    0
    0
    5
    0
    0
    0
    0
    0
    0
    0
    0
    0
   18
    0
    0
    0
    0
    0
    0
    0
    0
   89
    0
    0
   23
    6
    0
   14
    0
    0
    0
   29
    0
    0
    3
   13
   41
    9
    0
    0
    0
    0
    0
    0
    0
    0
    0
   21
    0
    0
    0
    0
   39
   27
    3
   10
   17
   17
    0
   20
    3
    0
    0
    0
    0
    0
    0
    0
   10
   49
    0
   35
   40
    4
   44
   28
    4
   47
    4
   38
    0
    0
    0
    3
    0
    0
    0
    0
    3
   22
    0
    0
    0
    0
    0
    0
    0
    0
    0
    0
   25
    5
   20
    3
    0
    0
    0
    0
    0
    0
    0
    0
    0
   26
   31
  120
    0
   86
   56
   38
    9
    6
   75
   13
    0
   18
    0
    0
    0
    0
    0
   44
   58
    6
    0
    3
   82
    0
    0
   21
    5
    6
    0
    0
    0
   12
   91
    1
    0
    0
    0
    0
    0
   11
    9
    0
    0
    0
    0
    0
    0
    6
   12
   18
   15
    0
    0
    0
    8
    5
    0
   45
    0
   32
   52
   45
   11
    7
    7
    9
   42
    3
    0
    0
    0
    0
    0
    0
    0
   12
    0
    0
    0
   42
    0
    0
    0
   19
   55
   22
  108
   22
   10
    2
    0
    0
   19
   27
   49
    8
    0
  120
   64
    0
   28
    6
    7
    9
    0
   92
   40
    2
    0
    0
    0
    0
    0
    0
    0
    0
    0
    0
    0
    3
   19
    2
   16
    3
    0
    0
    6
   29
    0
    0
    0
   52
    0
    0
    0
    8
   86
    0
    0
    0
    0
   35
   31
   18
    9
   73
    0
    0
    0
    0
    0
    0
    0
    0
    0
    0
    0
    0
    0
    0
    0
    0
    0
    0
    0
    0
    0
    0
  206
   24
    0
  121
   28
   17
   45
    0
   10
    0
    0
    0
    0
    0
    0
    7
    6
    0
    3
    0
   27
    0
    0
    0
    0
    0
    0
    0
    0
    0
   42
  109
  623
   98
    0
    0
    0
   17
    6
   12
    5
   43
    0
    0
    0
    0
    0
    0
  286
   13
    0
    0
   67
    0
   25
    0
    0
    0
   77
    0
    0
    0
    0
    0
    0
    0
    0
    0
    0
    0
    0
   42
   21
    0
    0
   30
    0
   52
   18
    0
   56
    2
    0
    0
    0
    0
    0
    5
    0
  305
    6
   34
   25
   46
   41
    3
    0
    0
    0
    0
    0
    0
    0
   48
    0
    0
    0
    0
    0
    0
    0
    0
    2
   42
    0
    0
    0
    0
    0
    0
    2
   70
    0
   67
   16
    6
   36
    2
   19
    0
    4
    0
    0
    0
   29
    0
    0
    0
    0
    0
    0
    0
   48
    2
   88
   55
    8
   79
    4
    0
    0
    0
   20
   13
    0
    2
    0
   22
    0
    0
    9
   86
    0
    4
    0
   28
    0
   51
   25
   18
    0
  106
   80
   22
    4
   18
   12
    0
    0
    3
    0
    0
   11
    0
   24
    0
    0
   48
    0
   10
   13
  124
    3
   18
    0
    0
    0
    0
    0
    2
   55
   26
   17
    0
    0
    0
    0
    0
    0
    0
    0
    0
    0
    0
    0
    0
    0
   62
    3
    0
    0
    0
   98
   69
    2
    0
    0
    0
    0
   12
    0
    2
    0
   80
    6
    5
   12
   26
    7
  110
    0
    0
    0
    0
    0
    0
    0
    6
   12
    0
    0
    0
    0
    0
    0
    0
    0
    2
   57
    3
   43
   15
   55
   28
   15
   11
   15
    2
    0
    2
    0
    0
    0
    7
    8
   17
   55
    0
    0
    0
    0
    0
    0
    0
    0
    0
    1
   36
    3
    0
    0
    0
   65
    0
    0
   36
    4
    5
   31
    0
    0
    0
    0
    0
    0
   12
    6
   53
   25
    7
    0
    0
    0
    0
    0
   21
   47
    0
    4
   19
   53
    0
    0
    8
    0
    0
    0
    0
    0
    0
    0
    0
    0
    0
    1
    0
    0
    8
    0
    0
    0
    0
    0
    0
    5
    2
    0
    0
    0
    0
  123
    3
  242
    0
    0
    0
    0
  154
  103
    7
    0
   74
   55
    0
   49
  151
    0
    0
   53
    2
    0
    0
  394
   87
    9
    0
   33
   11
   53
    3
    0
    0
    0
    0
    2
   29
    0
    3
   19
   54
   35
    0
    0
    0
    0
    0
    0
  558
    0
    0
    0
    0
   35
    6
   55
    0
    4
   55
  167
    0
   10
    7
    0
    0
    6
   19
    2
   52
    0
  153
   54
    0
  108
   73
    0
    0
   20
    0
  134
    0
    0
   34
   85
   64
    0
   11
    0
    0
    0
   16
    0
    0
    0
    0
    0
   23
    0
    0
    0
    0
    0
    0
    0
  128
   56
   28
   98
  117
   46
   22
    0
    0
   18
    0
    0
  230
   22
   72
    0
    0
   13
   19
    0
    0
    0
    0
    0
    2
    9
    0
    0
    0
    0
    0
    0
    0
  113
    0
    0
    0
    0
    0
    9
    0
   41
    4
    3
    0
    6
   24
    0
    0
    0
    0
    6
    2
   33
   76
   60
    0
    0
    0
    0
    0
    0
    4
    0
    0
    3
    4
    3
   81
   25
   26
    0
    5
    2
    0
   16
  139
   99
    9
    0
    0
   31
   10
    4
   17
    0
    0
    0
    0
    0
   50
    0
    0
    0
   15
    0
    2
    0
    0
   19
   45
    0
  102
    0
   59
   67
   37
    0
    0
   17
   10
   13
  157
  103
   47
   15
    0
  103
   67
    0
    0
   16
   14
   59
    2
   47
   41
    0
    2
    0
    1
    0
    0
    0
   18
   33
   21
   27
    0
   11
    4
    0
    0
    0
    0
    4
   34
    0
   32
    3
   56
    2
   14
   26
    2
    0
    3
   17
    0
    0
    1
    6
   46
    9
   31
    4
   11
    0
    0
    0
    0
    0
    0
    0
    5
    6
   55
   62
   16
    1
    0
    0
   31
   17
   17
   48
    0
    5
    8
    6
    1
    0
    0
    0
   75
   11
   28
  163
   38
    8
    3
   67
    9
    0
   31
    5
    8
   33
    5
    0
    0
    6
    0
    7
   12
    0
    0
   28
    0
    0
    0
    6
    2
   28
   97
  425
   78
    0
    0
   12
   29
    0
    0
    0
    5
    0
    0
    0
    0
    0
    0
    0
    0
    0
    0
    0
    0
    9
   72
    0
    0
    0
    0
    0
    0
    0
    0
   21
    0
    0
    0
   20
  218
    7
   41
   26
   41
  118
   59
  172
    5
    0
   22
    0
    0
    0
   91
    0
   19
  113
    0
    0
    6
    0
   21
    0
    0
    1
    0
    0
  123
    0
    0
    0
    0
    0
    0
    0
    0
    0
    0
    0
    0
   20
    0
    0
    0
    0
  295
   29
    0
  137
    0
    0
    0
    0
    0
    0
    0
  106
    0
   38
  171
    2
    0
    0
    0
    0
    0
    1
    3
    0
    0
    0
    6
    0
   89
    0
    0
    0
    0
    0
   12
   21
    0
  244
  157
    9
    3
    0
    0
    0
   52
  177
   83
    0
    0
   36
    5
  155
  110
    0
   29
   23
    0
    1
   89
    0
    7
    0
    0
    9
   39
   38
   98
    0
   87
    0
    1
    0
  115
    3
   16
    3
   19
    2
    0
    0
    0
    0
    0
    0
    0
    0
    0
    0
    0
   33
    0
  115
    6
    2
    0
    0
    0
   17
    0
    0
    0
    0
    0
    0
    0
    0
    0
    0
    0
    0
    5
    4
    0
    2
    1
   11
    1
   49
    2
    5
    0
    0
    0
    0
    0
   68
   18
    1
    0
    1
    0
    0
    0
   48
    4
   52
   37
   64
  128
   11
    0
    0
    0
    0
   72
   64
    0
    0
    0
    8
    0
    0
    5
   59
    5
    0
    0
   18
    0
   49
    0
    3
  125
   24
    0
    0
    0
    0
    0
    0
    0
    0
    0
    0
    0
    0
   37
    5
    3
   24
    1
    7
   17
   13
    0
    0
    0
    1
   13
   59
   18
   21
   44
    0
    0
    0
    0
    0
   61
   30
   24
    9
   51
    1
    5
   62
   42
   34
    8
   32
   38
    0
   20
   26
    0
    7
    7
    0
    0
  108
    0
   46
    5
    0
   17
    0
   22
    0
   20
    6
   12
    8
   16
    0
    0
   22
   78
   26
    0
    0
   24
    5
    0
    0
    2
    0
   11
    0
    2
    0
    0
    0
    0
    4
   20
   13
   22
   28
    4
    1
    6
    0
    0
    0
   10
    6
  106
   27
   24
    0
   76
   46
    0
    0
    0
   22
    0
   17
    1
   23
   61
   42
   10
    1
    0
   28
   48
  119
   93
   94
    0
    0
    0
    0
    0
   38
   32
    1
    0
    0
    1
    0
    0
    0
    0
    0
    0
    0
   70
   34
   16
    0
   76
  127
    0
    0
   27
   10
   99
    0
    0
    0
    0
    0
    0
    0
    2
   29
    0
   18
  215
   84
  207
  157
    5
    3
   48
    0
   22
    0
    4
   25
    6
    0
    5
   17
   26
    8
   36
   12
    0
    0
    9
   37
   48
   47
    4
    0
    0
    0
    0
    0
    0
   80
   39
    0
    0
    0
    0
    0
    0
    0
    0
    0
   16
   96
    6
   18
    2
    8
    0
    0
    0
  182
    0
    0
    0
    0
  132
  151
    0
    0
    0
    0
    0
    0
    0
    0
    0
    0
    0
    0
    0
    0
    0
   83
  164
    0
    0
    0
    0
    0
  104
    0
   63
    0
    0
   16
   13
   54
   41
   71
   23
  397
  222
    0
   29
    2
    0
   49
   28
   22
    0
    0
    3
    7
    9
    1
    0
    0
    0
    0
  196
  182
    0
    0
    0
    0
    0
  110
  102
    4
    3
  107
   11
    0
    2
    0
    0
    0
    0
    0
    0
    0
    3
    0
    0
    0
    0
    0
    0
    2
    0
    9
    0
    0
    0
    0
    0
    0
   48
  166
   10
    0
    0
   34
   77
   68
   11
    0
   55
   24
    3
    0
    0
    0
    0
    0
    0
   42
   56
   59
    2
   26
    0
    0
    0
    0
    0
    0
    0
    0
    0
    0
    0
    0
    0
    0
   24
    9
    3
    0
    0
    0
    0
   37
    9
    4
    0
    0
    0
    0
   16
    5
   93
    0
   22
   90
    2
    0
    0
    0
    0
    0
    2
    0
    0
   12
    0
    0
    0
    0
    0
    0
    0
    0
    0
    0
    0
    0
    0
    0
    0
    0
    0
    0
    0
    0
    0
    0
    0
   10
    0
    0
    0
    0
    0
    0
   30
    9
    5
    4
    0
    0
    1
    0
    0
    0
    7
   34
   31
   58
   18
    8
   32
    0
   19
   15
    9
    0
    0
    0
    0
    0
    0
    0
    2
    0
    3
    0
    0
   45
    0
    0
    0
    1
    8
   16
    0
    0
    0
    0
    4
    2
    0
    0
    0
    1
   22
    8
    0
   54
    0
    6
   17
    8
    2
    2
    1
  134
    8
    0
    0
    0
    0
    4
    8
   68
    2
    4
    0
    0
    0
    0
    0
    0
    0
    0
    0
   11
   10
    0
    0
    0
   21
    0
    0
    0
   79
   17
   22
    0
    6
    1
   31
   42
    7
    4
   18
    7
    0
  121
   21
   49
  110
  159
    0
    2
   81
   21
    0
   18
   31
  149
    0
    0
    0
    0
    0
   36
    6
    0
    0
    0
    0
   78
   18
    0
    0
    0
    0
    0
    0
    0
    0
    2
    3
   28
   12
   21
   20
    0
    0
    0
    0
   12
   98
   28
   16
   18
    0
   22
   61
  106
  121
  424
    8
    0
  128
    0
    0
    5
   11
    0
    0
    0
    0
    0
    0
    0
  107
   31
   91
    0
    0
   52
    0
  133
    0
    0
    2
    0
    0
    0
    0
  128
    0
    0
    0
   66
  128
   12
    1
   77
   16
    0
    0
    0
    0
    0
    0
   17
   26
    0
    0
   19
  116
    0
    6
   92
    0
    0
    0
    0
    7
   59
   16
    0
    9
    2
   18
  103
  119
   16
    0
    0
    0
    0
    0
    1
   46
    0
    0
    0
   48
    0
    6
   18
   18
    0
   71
    0
    0
   39
   19
    0
   16
    7
   31
   29
    5
    1
    0
    0
   12
   94
   79
    5
    6
  298
   69
    0
    0
    0
    0
    8
   28
    0
   61
    0
   29
    4
    0
    1
    0
    0
    0
   81
    7
   11
    8
    0
    1
   98
    0
   29
    5
    1
   81
   38
    6
    0
    0
   19
    6
   19
    3
   10
   11
   19
   24
   27
    6
    0
    0
    0
    0
    0
    0
    0
    0
    0
    0
   85
    0
    2
    0
   22
   19
  203
   18
    0
    0
    5
    0
    6
    1
    0
    0
    6
    2
    0
    0
    0
    0
   12
    0
    0
    0
    0
    0
    4
    0
    0
    0
    0
    0
    0
    0
   11
   43
   12
    0
    3
   11
    8
  150
    0
    0
    3
    0
    0
    5
    0
    0
    0
    2
   48
    0
    3
    0
    0
    0
   35
   20
   32
    1
   28
    2
    2
   78
   27
    2
   49
    0
    0
    0
   77
   51
    5
    0
    0
    7
    0
    0
    3
   18
    0
    0
    0
    0
    0
    0
    0
    5
   19
  132
    7
   39
   54
    3
   91
    8
  121
   38
    4
   16
   21
   18
   31
    3
    0
    0
    0
    5
    1
   56
    4
    0
    0
    0
    0
    0
   21
   17
    8
    0
    0
    0
   64
    0
    0
    0
    0
    0
    0
   52
   26
   21
   21
   13
    3
    0
    0
    4
    2
   11
  175
   19
    0
    4
    2
    0
    0
    0
    0
    0
    0
    0
    0
    0
   11
   79
   74
    4
    0
    0
    0
   24
   18
    0
    0
    0
    0
    0
    0
    0
    0
    0
    0
    0
    0
    0
    0
    0
   69
   91
    0
    0
    0
   76
    2
    0
  107
    2
    8
   10
   12
   16
   36
    0
   18
   20
   18
   19
   12
   89
    0
    0
    0
    0
    0
    0
    0
    0
    0
    0
   65
   26
  192
  332
   36
  301
   94
    0
   91
    0
   56
    4
    0
    0
   11
   13
   46
   59
   11
    0
    0
    0
    0
    0
    0
    0
    0
    0
    0
    0
    0
   35
    0
    0
  111
   11
    0
    0
    1
    0
    0
    0
  226
    0
  111
    0
    0
    0
    2
    0
    0
    3
    7
    0
    0
    0
    0
    0
    0
   46
   48
    0
    0
    0
    0
    0
    0
    0
    0
    0
    3
    0
    0
    0
    0
    0
    8
    4
   36
    3
    0
    0
    0
    0
    3
   26
  202
   61
  101
   32
   31
    4
   98
    0
    0
    0
    0
    2
    0
    0
   19
    0
   21
   11
    0
    0
    0
    0
    1
    0
    0
    3
    0
    7
    5
    0
    3
    0
    0
    0
    8
    0
    0
  109
    3
    0
    0
    0
    0
    8
    5
    0
    0
    0
    0
    0
   18
    0
    0
   70
  140
   95
    0
    0
   86
   23
    0
    5
   45
   38
  118
   53
   27
    1
    0
    0
   15
    0
   60
    3
    0
    0
   41
   40
   51
    0
    6
   10
    0
    0
    0
    2
   11
    9
   18
    3
    2
    0
    0
    0
    0
    0
    0
    0
    8
   44
    0
    5
   19
   55
   15
   20
   15
   13
    0
    0
    0
   44
    0
    0
    0
    0
   35
    0
    0
    0
    0
    0
    0
    0
    0
    0
    0
    0
    0
    0
   11
    0
    0
    0
    0
    4
  152
    0
   66
    4
    0
    0
   22
   31
   61
   18
   52
   31
   81
   31
   42
   48
    8
    0
   10
    0
   48
   21
   49
   31
    7
    9
    6
    0
   42
    0
    0
    0
    0
    0
    0
    0
    0
    0
   39
   41
   31
    0
   14
    0
   36
   93
    3
   63
   36
   11
    0
    0
    0
    0
    0
    0
    4
   41
   49
    0
    0
    0
    6
   19
   33
   32
   39
    0
    0
   64
    3
    0
    0
    0
    0
    0
    0
    0
    0
    0
    0
    0
    0
    0
    0
    0
    0
    9
   40
    0
    0
    4
   18
  111
   13
    0
  371
   10
   31
   42
   79
    0
    0
    0
    0
  155
    0
    0
   49
   46
  442
    0
    0
    0
   28
   48
    6
    2
    0
    9
   15
   28
    3
    0
    0
    0
    3
    0
   10
    0
    0
   34
   68
   48
   42
   22
   48
   31
    0
   42
   21
  111
   21
    0
   54
    4
    3
    0
    0
    6
    0
   44
    9
    0
    0
  305
   41
   39
   31
    0
    4
   23
    0
   21
    0
    0
    0
    0
    0
    0
    0
  122
   14
    0
    0
    0
    0
    0
    0
    0
   31
   21
   39
   21
    7
  162
    4
    9
   62
    3
   19
    5
    0
  107
    0
  119
   28
    0
    0
    0
   10
   14
  119
    9
  159
  112
   78
   62
   23
    0
    0
    0
    0
    0
    0
    0
    9
    4
    0
    0
    8
  234
   67
   39
    0
    0
    0
  118
   49
    6
   18
   17
   77
    8
   11
    0
    0
   22
   21
    0
   11
   10
    0
   55
  110
   12
   29
   31
   92
   54
    9
  129
  146
    8
    7
   69
    0
    5
    0
   24
   67
   59
    0
    0
    0
   84
   24
   28
   10
   10
   15
    0
    0
    0
    0
    0
    0
   41
    0
    0
    0
    5
   10
    0
    0
   10
    8
    7
    0
    0
    0
    0
    0
   17
    5
   26
   32
    0
    0
   11
    0
    5
    0
   10
    0
    0
    0
    0
    0
    7
    0
    0
    0
    0
    0
   31
    7
    0
    0
   59
   31
   11
    0
   15
    0
   21
    7
    0
    0
    0
    0
    0
    0
    3
   11
    0
    3
   41
    5
   26
   37
   21
   10
   40
   46
    4
   26
    4
   50
   50
   45
   18
    0
    0
    0
    0
   20
    0
    0
   70
   10
    0
   31
    4
   71
    6
   15
   15
   15
    0
    0
    0
    7
   88
    0
   11
   56
    0
    9
   19
   15
   52
    0
    0
    0
    0
    0
    0
    0
    0
   26
    8
    9
   42
   21
    6
    0
   13
   58
   21
    0
    0
    0
    0
    0
    3
  295
    1
   71
   37
    0
    0
    0
   31
    4
   21
    0
    0
   16
    9
    0
   58
    0
   32
    0
    0
   29
    0
    0
   41
    0
    0
    0
    0
    0
    0
    0
    0
    0
    2
   25
    0
   51
   52
  146
    8
   15
   26
    0
    0
    0
    0
  111
   98
    7
    3
    0
    0
    0
    0
   11
    0
  101
    0
    0
   98
   41
    0
   29
    4
    0
   41
    0
   43
    4
    0
    0
    0
    0
    0
  111
  191
   19
   72
   53
    4
    0
    0
    0
    0
    0
   18
    0
   61
    0
    0
    0
  109
  256
  291
   69
   11
    0
    0
    0
   71
  227
   76
   11
    0
    0
    0
    0
    3
   38
   39
   15
    0
    0
    0
    0
    0
    0
    0
    0
    0
    0
    0
    0
   37
    0
    0
    0
    0
   42
   10
    0
    0
   61
   11
   71
    0
  107
    0
   17
   11
    0
    0
    0
   48
    0
    5
  316
    0
    3
   41
    0
    0
    0
    0
    0
   11
    8
    0
    0
    0
    0
    0
    0
    0
    0
    0
    0
    0
    0
   72
    0
   38
    0
    0
   16
   22
    0
    7
   28
   16
    2
    0
    3
    0
    0
  111
    0
   12
   49
   12
   24
    0
    0
   41
    0
    0
    0
    0
    0
    0
    0
    0
   11
    5
   16
   11
    0
    0
    0
   11
    0
   10
  181
    0
    0
    0
    0
   19
  142
  211
  191
    0
    0
    5
    7
    0
    0
    0
   30
    3
    6
    3
   15
   12
    0
    0
    0
    0
    0
    0
    0
   34
   21
   30
    5
    5
   11
   39
    0
    0
    0
   13
   12
   31
   22
   37
    0
   24
    0
    0
    0
    0
    0
    3
    0
    9
   83
   56
    1
    6
    0
    0
   21
    0
    0
   31
    0
    0
    0
   26
   21
    0
    0
    0
    0
    0
    5
    8
    9
   48
    0
   32
   39
   30
    0
    0
    0
    0
    0
    5
  116
   45
   88
    6
   45
    2
    5
    0
    0
    3
   29
   18
   41
    0
   29
   49
   41
   91
   29
   21
   12
   24
   10
    1
   18
    2
   91
   85
    0
    0
   26
    2
   34
   39
   53
   17
    6
    0
    0
   98
   91
   29
   21
   31
   23
   84
   42
  131
  113
    2
    0
    0
    0
    0
    6
   25
    0
    5
   42
    6
  108
  101
   47
    6
    0
    0
   31
    4
    0
    6
    0
    0
    0
    5
   31
    0
   11
    0
    0
    0
   76
   18
    0
    0
    0
    0
    0
    0
    0
    0
    0
   10
  371
   82
   28
    0
    0
    0
    0
    0
    0
    0
    0
    0
    0
    0
    0
    0
    0
   31
   25
   19
   88
   13
   68
    0
    0
   11
    0
    1
    0
   10
    6
    0
    0
    0
  246
    0
    0
    0
   38
    0
    0
   21
   48
    0
    0
    0
   51
    0
    0
    0
    0
    0
    0
    0
   10
   51
   11
    0
    0
    0
    0
    0
   22
  106
    0
    8
   10
    0
  121
   23
   21
   26
    0
    0
    0
   65
    0
    0
    0
    0
    0
    0
    0
    8
    0
   12
    0
    0
   51
    0
   38
   18
    0
    0
   72
    0
    0
    0
    0
    0
    0
    0
   28
    0
    0
    0
    0
   67
    0
   56
    0
  107
  286
  106
    0
    0
    0
    0
    0
   59
    0
    0
    2
    0
  131
   36
   42
    0
    8
   95
   88
    0
    0
    0
    0
    0
   48
    0
   28
   32
    0
    0
    0
    2
  138
    0
    0
    0
    0
    0
    2
    0
    0
    0
   53
    0
    0
    0
   82
   73
  147
    3
   19
    0
    0
    3
    2
    5
    6
    0
    0
    0
    0
    0
    0
    0
    6
    0
    0
   31
    8
   29
    2
    0
    3
    0
    0
   68
    0
    0
    0
    0
    0
    0
    0
    0
    0
    2
   92
    0
    0
   38
    0
   28
    0
    8
    0
    0
    0
    0
    0
    0
   35
    9
    0
    0
    0
    0
    0
    0
    3
   12
   11
    0
   13
   24
    7
    2
   16
   29
    0
    0
    0
    0
    0
    0
    0
    0
   76
   28
   18
    0
    0
    0
   15
    0
   38
    0
    0
    3
   24
    2
    0
    0
    0
   18
    0
    0
    0
    0
    0
    0
    0
    0
    0
    0
   31
   54
   11
   29
   25
    0
    2
    0
    0
    5
    9
   24
   20
   54
   64
    6
    0
    0
    0
    0
    0
    0
   37
    0
    0
    0
    0
   23
    0
    0
    2
    3
   30
   51
    0
   14
   23
    0
    0
    0
   15
   60
   21
    0
    0
    0
   39
    0
   48
   11
   78
   18
    3
   28
   31
  182
   28
   13
    0
   55
   32
   78
  118
  110
   54
    0
    0
   41
   21
    0
    0
    0
    1
   62
    0
   31
    9
   28
    0
   27
   11
    0
   17
    6
   61
   52
   11
   21
    9
   58
   16
   11
    0
    0
   49
    8
   15
   32
    0
    0
    0
    0
    3
   33
  251
  122
   32
    0
    0
    0
    0
    0
    0
   26
    0
   41
   88
    3
    0
    0
    0
    0
    0
    0
    0
    0
   55
   21
    0
    3
  122
   21
   43
  101
    8
    0
    0
   28
   21
   26
   58
   96
    0
    0
   39
    6
  220
   56
   92
    0
    0
    5
  129
    0
    0
    0
    0
   34
   92
    0
   81
    0
    0
    0
    0
    0
    2
  452
   62
   74
    6
    0
    7
    0
   48
  397
   82
    0
    0
    4
   15
    9
    0
    0
    0
    0
    0
    0
    0
    0
    0
   11
    0
    0
   36
   41
   24
   31
    0
    0
    0
    0
    0
    0
    0
    0
    0
    3
    0
    0
    0
   61
   11
    0
    0
    0
    0
    0
   16
    0
    4
    0
    3
    0
    6
   25
   65
   41
   16
  121
   18
   69
   61
   29
   41
  116
    7
    8
   24
    0
    3
   10
   36
   28
    0
    0
   58
   11
   14
    9
    4
    0
   71
  101
    0
   61
    6
    0
    0
   66
   31
    6
    0
    0
    0
    0
    0
    0
    0
    0
    0
    0
    0
   23
    8
    7
   14
    0
    0
   11
   19
   18
    0
   38
   11
    0
    0
    0
    0
    6
   99
  126
   16
    0
    0
   68
    0
    0
    0
    0
    0
    9
   22
    0
    6
   34
    0
    0
   39
   69
   54
   13
   34
    0
   31
   11
    0
   36
   76
   92
   11
    0
    0
    5
   20
   41
    0
    0
   11
   10
   24
    0
   50
   24
   60
   10
    0
   20
    4
    2
   31
   41
  104
   10
    0
    0
    4
    2
    1
    0
    8
   19
    0
    0
    0
    0
    0
    0
    0
    0
    0
    0
    0
    0
   31
   13
    0
    0
   12
    6
    8
  113
   51
    0
    0
    6
    0
    0
    0
    0
    0
    0
   12
   14
   42
   11
   14
   26
   63
    0
    0
    0
    0
    0
    8
   18
    8
   17
   78
   36
   31
  103
   36
    0
    2
    0
    0
    0
    0
    6
   41
    0
    0
    0
    0
    0
   17
   76
   34
    0
    0
   62
   31
   98
   29
   61
   25
   19
   22
    0
    0
    0
    0
    0
    0
    0
    0
    0
    0
    0
    0
    0
    0
    0
    0
    0
    0
   88
  114
    9
    0
    8
    0
    6
    0
    0
    0
   18
   31
    0
   81
   11
    3
   69
    0
   71
    8
   69
  141
   15
   66
    0
    0
    0
    5
    3
    6
    0
    0
    0
    0
    0
   32
   81
    0
    0
    0
   71
    2
   31
    0
   52
   16
    6
    0
    0
    0
    0
    0
    4
   52
   64
   81
   68
    0
    8
    2
    0
   42
   11
   61
    0
    0
    0
    0
   59
   17
    0
    0
    0
    0
    0
    0
    0
    0
    0
    0
    2
    4
    0
    0
    0
    1
    0
    0
   77
   18
    0
   17
    0
    0
  338
  231
    0
    0
    0
    0
    0
   17
   11
    0
    3
    0
    0
    0
    0
    0
   51
    0
    0
   49
   10
    4
   71
   51
    0
  281
  274
  324
    3
    7
    0
    0
    0
    3
    0
    0
  157
    0
    0
    8
    0
    0
   67
    0
    0
    0
    0
    0
    0
    0
    0
    0
    0
    0
    0
    0
  132
    1
    0
   16
   49
    3
    2
    0
    0
    0
    0
    0
   66
   61
    0
   32
   53
    2
    1
    0
    0
    0
    0
   52
    9
   91
   61
    0
    0
    0
    0
    0
    0
    0
    4
   56
   61
   23
  121
    2
    0
   72
   11
   33
    0
   51
   11
  122
    6
   10
    0
    0
   60
  124
  134
   24
    0
    0
   42
   89
   34
   99
   12
    4
    0
    5
    7
    0
    0
   64
  131
    0
    0
  117
    0
    0
   19
    6
    0
    0
  252
  142
    3
    7
   10
   31
   21
    3
    0
    0
    0
    0
    0
    0
    0
    0
   34
   17
   26
    6
    0
    0
    0
  256
    0
   56
    0
   24
    3
    1
  212
  201
   15
    3
  151
   52
    0
    0
    0
    0
    0
    0
    0
   45
    7
   81
   31
    0
    0
    0
    0
    0
    0
    0
    0
   75
    6
    4
   38
   51
   10
   49
   10
   13
   10
    0
    5
    7
    9
   10
   13
    8
    0
    0
    0
    0
    0
    0
    2
    1
    0
    0
    0
    0
    0
    0
    0
    0
    0
    0
    0
    0
    2
   21
   30
    0
    0
   64
    0
    6
    1
    0
   86
   22
    0
    0
    0
    0
    0
    0
    0
    0
    0
    0
    0
    0
    0
    0
   51
    8
    0
    0
    0
   21
    2
   89
    0
    3
    0
    0
    0
    0
    0
    0
    0
    0
    0
    0
    0
    0
   51
  221
    0
    0
    0
    0
    0
    0
    7
    6
    0
    0
   20
    0
    0
    0
    0
    0
    0
    0
  142
  165
    8
   21
   51
   75
    6
    0
    0
    8
   91
   18
    6
   11
    0
    0
    0
   49
    2
    0
    0
    0
    0
   21
    0
    0
    0
    0
   41
    2
    0
    6
    0
   21
    0
   24
    0
    0
    0
    0
   24
   61
   19
    0
    0
    0
    6
    0
    0
    0
    0
    0
    0
   42
   36
   43
  121
   21
   11
    0
    0
    0
   86
    0
    0
    0
    0
    0
    0
    5
  108
    0
    0
    0
   21
   93
   41
   18
    3
    0
  497
   39
    3
    0
    0
    0
    0
    0
    0
    0
    0
    0
    0
    0
    0
    0
    0
    2
    1
    0
    0
   12
   46
    0
    0
    0
    0
   31
    0
    0
    0
    0
   59
   14
   10
   59
    8
    4
    0
    0
    0
    0
    0
    0
   53
  105
  412
   46
    0
    0
    0
    0
    0
    0
    0
    0
    0
   21
    0
    0
    0
    0
    0
  171
   12
    0
    5
    0
   29
   61
   31
    3
   69
  112
   79
    0
    0
    0
    0
    0
    0
    0
    0
    0
    0
    0
   31
   19
    0
    0
   14
    0
    0
    0
   51
    0
    4
    0
    0
   21
    0
    0
    0
    0
    0
    0
    0
    0
    0
    0
    0
    0
  122
    0
    0
    0
    0
    0
    0
    0
    2
   12
    0
   21
  172
   21
    0
    0
    0
   22
   13
    0
    4
    0
    0
    0
    0
   31
    0
   99
   82
    0
   63
    0
    0
    0
    0
   44
    0
    0
    0
    0
    0
    0
    0
    0
    0
    0
   12
   10
    0
   40
   36
  107
    0
   33
   67
   19
   57
   44
   69
   39
   66
   23
   10
    9
   80
   16
    2
    0
    0
    0
    0
    0
    5
   20
    0
    0
    0
   21
  162
    4
    8
   10
    0
    8
   31
   15
   70
   33
   22
   23
   17
    0
    0
    0
    5
    0
    0
    0
    0
    0
    5
    1
    4
    0
    0
    2
   31
   41
   11
    0
    0
    2
    0
    0
   22
    9
    0
    0
    0
    0
    0
    0
    0
    0
   31
   42
   21
    4
    0
    0
    0
    0
    0
    0
    0
    0
    0
    0
    0
    0
   18
   19
   15
   57
   76
    0
   31
    4
    0
    0
    0
    0
    0
    0
    0
   49
    0
    0
    0
   92
    5
    0
    0
    0
    0
    0
    0
    5
   11
    3
   61
  152
  169
  303
    0
    0
    6
   12
   11
    0
    0
   23
    0
    0
    0
    0
    0
   62
    8
   64
    0
    0
    1
    0
    0
    0
    0
   61
    0
    0
    0
   98
   39
    0
    0
    0
    4
   17
   49
   17
   61
    0
   22
    6
  152
    0
   12
    0
   41
    2
   59
    0
    0
    0
   16
    0
    0
    0
   13
   56
   79
    9
   91
    0
    0
   51
    2
   57
    7
   72
    0
   21
    0
    0
   49
   87
  139
  461
  232
   48
   13
   12
   27
   41
    0
    0
    0
    0
    0
    0
    0
    0
    0
    0
    0
    0
    0
    0
    0
    0
  182
   10
   29
    0
    8
   15
    2
    9
    7
   14
    0
    0
    0
    3
    5
   37
   19
   18
   31
   21
    0
    0
    0
    0
    0
    0
    0
    0
    0
    0
   64
   36
    0
    0
    0
    0
    0
    0
    8
   35
   78
   19
   79
   13
   45
    6
   13
    7
   38
    0
    0
   22
    0
    0
    0
   31
    0
    0
    0
    0
    0
    0
    0
    8
    0
    0
    0
    0
    0
   61
    0
    0
    0
    0
    0
    4
    0
    0
   36
    0
   12
    6
    0
    0
   11
    0
   35
   41
   16
  126
    0
    0
   61
    0
    0
    6
   15
   26
  210
  161
   42
   16
   41
   42
    0
    0
   31
   14
    4
    0
    0
    0
   21
    0
    0
    0
    0
    0
    0
    0
    0
    0
    0
    0
    0
    0
   11
   71
   34
    0
    0
    0
    7
    6
    0
   34
   22
    3
    0
    0
    0
    5
    4
    0
    3
    6
   21
   12
    0
    0
    0
    0
    0
    7
   10
    0
    0
    0
    0
    0
   42
  212
   20
   10
   20
  100
   86
    5
    4
    6
    0
    0
   64
    0
   32
   19
    0
    0
    0
    0
    0
    0
   98
  149
   34
    0
   41
   77
   24
   10
    4
    1
    1
    2
   51
    0
    0
    0
   21
    5
    1
    0
    0
    0
    1
    3
    1
    0
    0
    1
    0
   11
    1
    1
    0
    0
    0
    0
   38
   12
    0
    0
   17
    2
    0
   98
    0
    0
    0
    2
    0
    0
    0
    0
    0
   18
    0
    0
   15
    2
    0
    0
    0
    0
    0
    0
    0
    0
   41
    0
    0
    0
    0
    0
    0
    0
   10
   18
   21
    0
    0
    0
    0
    0
    0
   47
   24
   34
   69
    0
   29
    2
    0
    0
    0
  112
    0
   14
   21
    0
    0
    0
  141
    8
  101
    0
    0
    0
    0
    0
    1
   22
    0
    0
    0
    0
    3
   28
   60
    0
    0
    0
   17
    0
    0
    0
  201
    4
    0
    0
    0
    0
    0
  165
    0
    0
   16
  138
    0
    0
    0
    4
   65
   29
    0
    0
    0
    0
   65
   26
    0
    0
    5
    0
    0
    0
   22
    0
    0
    0
    0
    3
  121
    3
   69
    3
    8
    4
    0
   98
    5
  317
    0
    0
    0
   79
   71
    0
   31
   37
   36
    0
    0
    3
    0
  111
    1
   67
    1
    0
    0
    0
    0
    3
    0
   92
   74
    0
   42
    0
    0
    0
    0
    0
    0
   12
    2
    0
    0
    0
    0
    0
    0
    0
   61
   21
    9
    0
    0
   78
   68
    7
    1
    0
    0
    0
    0
    0
    0
    0
   62
    1
   32
   34
   16
  142
    0
    0
    0
    0
    0
    0
    0
    0
    0
    0
    0
    0
    0
    0
    0
    0
    0
    0
    0
    9
    3
   68
   28
   19
    2
    0
    0
    0
    0
    0
    2
   11
    1
   64
    0
    0
    0
    0
    0
    0
    0
    0
    0
    0
   59
   38
    3
    0
   18
   61
   11
   13
   42
    0
    0
    0
    0
    1
    0
    0
    0
    0
    6
    3
    2
    0
    0
    1
    1
    0
    5
    9
   29
    3
   66
   52
    0
    3
   74
    0
    0
   62
   15
    0
    6
    3
    4
    3
    0
    3
   21
    0
    0
    0
    1
    0
    0
    0
    0
    0
    0
    0
    0
    0
    0
    0
    0
    1
    2
    0
   37
   31
    0
    0
    0
    0
    0
    0
    0
    0
    0
    0
    0
    0
    0
    0
    0
   23
   22
   11
   10
   21
    3
    0
    0
    0
   86
   11
    0
    3
    0
    0
    1
    0
    0
    0
    0
    1
    1
    3
    1
    0
   24
    0
    3
   45
    3
   40
  102
   10
   80
   25
    0
    0
    2
    1
    0
    0
    0
    0
    0
    0
    0
    2
   77
   86
    0
    0
    2
  108
   15
   39
   13
    0
    0
    0
    0
    0
    0
    0
   12
    2
   15
   18
   16
   11
   78
   38
    0
    0
    0
    0
   71
    0
    0
    5
   43
  156
    8
   36
    3
   12
    0
    0
    0
    0
    0
    0
    0
   22
    0
    0
    0
   38
    8
    0
   13
   23
   28
   56
   42
    0
   22
    0
    0
   39
  115
  111
   39
   15
   62
  138
   51
    0
   21
    0
    0
   26
    0
    0
    0
    0
    0
    0
    0
    0
   43
  122
    0
   42
   53
   17
    0
    0
    0
    0
   16
    0
   82
    0
    0
    0
    0
    0
    0
    0
    0
    0
  262
   18
    0
    0
    0
    0
    3
    0
    0
    0
    0
    0
    0
    0
    0
    0
   34
    0
    0
    0
   18
   50
    3
   15
    0
    0
   52
   26
  144
  287
  291
    0
   28
    3
   26
    1
    0
   41
   46
   10
   51
    2
   25
    0
   18
   35
   18
    0
   21
   81
    0
   68
   41
   25
    9
    0
    0
    0
   74
    0
    0
    0
   24
    0
    0
    0
    0
    0
    0
    0
    0
    0
    0
   78
    0
    0
    0
    0
    0
    0
    0
   91
    8
    0
    0
  121
  106
   24
  204
   10
    1
    0
   40
    0
    0
    0
    0
    0
    3
    0
    0
    0
    0
    0
    0
    0
    0
    0
   49
    9
    0
    0
    0
   96
    0
    0
    0
    0
    0
    0
   98
   11
    0
    0
   79
   12
    1
   16
   17
   51
    0
    0
    0
    1
    0
    0
    0
   52
    0
   71
    0
    0
    0
    0
    0
    0
    0
    0
    0
    0
    5
    0
    0
    0
    0
    2
    0
   76
   11
    2
    0
    0
   19
    0
    0
    0
   24
    0
    0
    0
    0
    2
    0
    0
   42
    0
    0
    0
   66
    1
   13
    2
   10
   39
    1
    0
    1
   32
   29
    0
   11
    0
    0
    0
   14
  116
    5
   13
    0
    3
    0
   15
    1
    3
   19
   57
    5
    1
    0
   19
    3
   19
    0
    0
    0
   13
   22
    6
   28
   10
   19
    3
   65
    3
    0
    0
    0
    1
    0
   15
    0
    0
    0
    1
   41
   52
   29
   12
   19
   13
    8
    0
    0
    0
    0
   49
    0
    0
    0
    0
    0
    0
    0
    1
   31
    0
   29
   61
  219
   74
    0
    0
    0
    0
    0
    0
    0
    0
    0
    0
   10
    0
    0
    0
    0
    0
    0
    0
    0
    0
    0
    0
    0
    0
    0
    0
    0
    0
    0
    0
   21
   23
    0
    0
    0
    0
    0
    0
    0
    0
    0
    0
    0
    0
  111
   71
    2
    8
    1
   10
    0
  144
   56
   51
    0
    0
    0
    0
    0
   39
    0
    0
   71
    2
   69
  296
  278
    0
    0
   18
    0
    1
    6
    0
    0
    0
    0
    0
    0
    0
   32
    0
   35
  372
   38
   51
    2
    0
    0
  229
   76
    0
    0
   40
    2
    0
   42
    1
    0
    0
   51
   66
   59
   12
   10
    0
  127
   43
   51
   27
    0
    0
    0
    0
   10
    4
    0
    0
   71
  275
   41
    1
    0
    0
    0
    1
   99
  164
    0
    0
    0
    1
    1
    0
    0
    0
    0
  198
  172
  126
   80
    0
    6
    1
    3
   16
    0
    0
    0
   27
  132
    1
   42
    0
    0
    0
    0
    0
    0
    0
    5
    0
    0
  105
   96
    0
   10
    2
   38
    2
  126
    2
    0
    0
    0
    0
    0
   51
   67
    0
    0
    0
    0
    0
   10
   21
   65
  283
  591
   11
    0
   51
    0
    0
    0
    1
    0
    0
    0
    0
    0
    0
    0
    0
    0
    0
    0
   41
   56
   15
   15
   59
    0
    8
   18
    9
    0
    0
    0
    0
    8
    0
    0
   19
    1
    0
   43
   35
   32
   71
   75
   89
   51
   21
    6
   34
    1
   10
    0
    0
    0
    0
    0
    5
   46
    0
   21
    9
    0
    0
   10
   43
    0
   31
    8
    0
    0
   83
   16
    0
    3
    2
  107
   67
    0
    0
    0
    0
    0
    0
    0
    0
    0
    0
   15
    0
    0
    0
    0
    0
    0
   51
    6
    0
    0
    0
    0
    0
   13
   21
    0
    0
    0
    0
    0
    0
    0
    0
    0
    5
   19
  131
    1
   35
    1
    0
    8
    0
   46
   53
    0
    0
    9
    0
   10
    1
    0
    0
   28
   63
    0
    0
    0
    0
    0
    0
    0
    2
    0
    0
    0
    1
    0
   64
    1
    0
    0
    0
    2
   28
    0
    0
   98
   33
   17
    1
    0
    0
    0
   21
    3
    0
    0
   27
    1
   13
    7
   29
   96
    0
   21
   24
   16
   19
   46
    2
    0
    3
    0
    0
    8
    0
    0
    0
    3
   75
   90
    0
   88
   22
   38
    0
  157
   19
  152
    0
    3
    0
   51
    0
    0
    0
   23
    0
   44
    2
    0
   16
   33
    0
    0
  162
   71
    0
    0
    0
    0
    0
    0
    0
    0
    0
    0
    0
    0
    0
    0
    0
   61
    4
    6
    0
    0
    0
    0
    0
    0
    0
    0
    0
    0
    0
    0
    0
    0
    0
    0
  317
    0
    0
    0
    1
    3
    0
    0
    0
   67
   66
    0
   22
  121
    2
    0
   31
    0
    0
   41
    0
    0
   21
    0
    0
    0
    0
    0
    0
    0
   81
    0
    0
   18
   38
   19
   10
    0
   49
    0
   41
    0
    0
   43
    0
    4
   31
    5
  102
   71
    0
    0
    0
    0
    0
    0
    0
    0
    0
    2
    0
    0
   10
    0
    0
   65
   28
    0
    7
   16
   13
    0
    3
  113
    0
    0
    0
   67
    1
    0
  146
   53
    0
   43
    0
    0
    0
    0
    0
    0
   10
    0
  120
   10
    8
   80
    0
    0
    0
    0
    0
    0
    0
    0
    0
    0
    0
    0
    0
    2
  126
   21
   76
   31
    3
    0
    0
    0
    0
   27
   50
    5
    0
    2
    5
   30
    0
    0
    0
    0
    0
    0
    0
    0
   10
   70
    0
    0
    0
    0
   65
   55
    0
    0
    0
    5
   60
   35
  160
   25
    0
    0
    0
    0
    1
    1
    2
    0
    0
    0
    0
    0
    0
    0
    0
    0
    0
    0
    0
    0
   71
   72
    0
    1
   41
    0
   38
    0
    0
    1
    0
  174
    0
    5
   14
   44
   68
    2
    0
    1
   10
   80
    0
    0
    0
    0
    0
   10
   45
   10
   31
    1
   12
    2
   57
    5
    0
    0
    0
    0
    0
    0
    0
    3
   25
   41
    2
    0
    0
    0
    0
    0
    0
    0
    0
    3
    0
    0
   10
    8
    2
    0
    0
    0
   38
    0
    0
    0
    0
    0
    0
    0
   20
    0
    0
    0
    5
    0
    0
    0
    0
   31
   15
    5
    0
   11
    0
    5
   90
   10
    0
   20
   12
   52
    4
   37
    0
   10
   27
   24
   34
    0
   17
    0
    0
   69
   29
    5
    8
   31
   60
   20
  119
    0
   12
   68
    0
    0
    0
    5
    0
    0
   17
   22
   54
   47
    6
   10
    0
    0
    0
    0
    0
    0
    0
    9
    0
    0
    3
    0
    0
    0
    0
    0
    0
    0
    0
   56
  265
    0
    0
    0
    0
   74
   13
    0
    0
    0
    0
  208
   32
    6
    0
    0
   16
   12
   47
    5
    0
   28
   44
   21
   69
    0
    0
    0
   44
    0
   61
    0
   10
   36
  109
   14
    0
    0
    0
  126
    0
   11
    0
   33
    2
   10
    0
    0
   11
    0
   81
   13
    0
   38
   22
   31
   12
    0
    2
  162
   61
    0
    0
    0
    0
   31
   62
    0
    0
   12
    1
   14
    0
    0
    0
    1
   18
    0
    0
    0
   17
   12
  107
    0
   57
   73
    0
    5
    0
    0
    0
  171
    6
   29
    0
   51
    3
  170
   92
   11
    0
   11
    0
    0
    0
    0
    0
   68
    3
    0
    0
    0
    0
    0
    0
   11
   10
   55
    0
    0
    0
    0
   66
    0
    0
    0
   54
    0
    0
    0
    0
    0
    0
    0
   21
    0
    0
   46
   80
   42
   77
    7
    0
    0
    0
    0
    0
    0
    0
   87
  146
   49
    3
    0
    0
    0
    0
    0
    0
    0
   15
    0
    0
    0
    0
   51
    1
   28
    0
    0
   51
   81
   32
    0
    0
    0
   29
   72
   34
   10
    0
   33
  156
   76
   13
    0
    0
    0
   48
    0
    0
    3
    2
    1
    0
    0
    0
    0
   41
  248
   56
  128
    0
    0
    0
   71
   42
    1
    0
    2
    0
    0
    0
   58
   86
    0
    0
    0
    0
    0
   18
   20
    0
    0
    0
    0
    0
  162
   32
    0
    0
    1
   54
   33
    4
   33
    0
  203
   38
   15
    2
    0
    0
   15
    2
   10
    0
    2
    0
  100
   20
   50
    1
    0
    0
    0
   91
   98
   50
   33
   23
   11
    0
    0
    0
    0
   25
   45
   51
    0
    0
    0
    0
    0
   15
   20
   18
   12
    0
    0
    0
    0
    0
    0
    0
   10
    2
   10
    0
    1
    0
   20
    0
    0
    0
    0
    0
    0
    0
   32
   31
   21
    5
    0
    0
    0
    0
    1
   51
    0
    1
    0
   75
    0
    0
   17
    0
    5
    7
    0
    0
    2
   19
    9
    0
    8
    0
    0
    4
    1
    0
   24
   72
    0
    0
    0
    0
   27
   97
    0
    0
    0
    0
   56
    0
   21
   41
   31
    2
    0
    0
    2
    3
    0
    0
    0
    3
    0
  101
   41
   22
    0
   28
   19
    0
    0
    0
    0
    0
    1
    0
    0
    0
    0
   39
    0
    0
    0
   15
    8
   42
   51
    1
   44
  135
    0
    0
   42
   41
  147
    0
    0
   92
   11
    0
    0
   25
  171
   29
    0
    0
    0
  123
    0
   24
    2
   94
    7
   54
  134
  108
   29
    0
    0
    0
    1
    0
    0
    5
    0
    0
   21
    0
    4
    0
    0
    0
    0
    0
    0
    0
    0
    0
    0
   15
    0
    0
    0
    0
    0
    0
    0
    0
   85
  107
    2
    0
    0
    0
    0
    0
  192
    0
   29
    0
   11
   21
    0
    0
    0
    0
  202
  316
    0
    0
    6
    0
   49
   96
    0
    0
   45
  466
  108
    0
   50
   88
    0
    0
    0
    0
   32
  276
   68
    2
   12
  122
  103
   81
    0
    0
    0
   81
   34
    1
   31
   49
  131
   14
   71
  101
    2
   31
    2
    0
    3
    0
    0
    0
   33
    9
    0
    0
    0
   21
   29
   12
    4
    3
    0
    0
    0
    0
    0
    0
   71
  163
   40
  365
   89
    2
    0
    0
    2
    0
    0
    1
    0
    0
    0
    0
    0
    0
    0
    0
    5
   36
   79
    0
    0
    9
   11
    0
    0
    0
    0
    0
    0
    0
    0
    0
    0
    0
    0
    0
    4
    0
    0
   71
   94
    1
    0
   12
   19
    6
   15
    3
  283
  192
    9
   78
    0
    0
   49
  158
   60
    0
   41
    5
    0
   40
   80
    1
   -9
   -9
   -9
   -9
   -9
   -9
   -9
   -9
   -9
   -9
   -9
   -9
   -9
   -9
   -9
   -9
   -9
   -9
   -9
   -9
   -9
   -9
   -9
   -9
   -9
   -9
   -9
   -9
   -9
   -9
   -9
    2
   10
    0
    0
    0
   10
   19
    0
    0
    0
    0
   94
   67
   29
    0
    0
    0
   44
   21
    3
    0
    0
   20
   42
   30
   15
    0
    0
    0
    0
    0
    1
    2
   20
   25
    0
    0
    0
    0
    0
   25
   32
    2
   28
    0
    0
    0
    0
    0
    0
    0
    0
    0
    0
    0
    0
    0
    1
    0
    0
    0
    0
    0
    0
    0
    0
    0
    1
    0
    2
    0
    2
    1
    0
   36
   91
    0
    0
    0
    0
    0
    0
    0
    0
   18
    0
    0
    0
    0
   10
    0
    0
   31
   72
    1
    0
    0
    0
    0
    0
    0
    1
   11
    0
    0
    0
    0
    0
    0
    0
    0
    0
    0
    0
    0
   47
    1
    5
    0
    0
    0
   31
    3
   18
    0
    0
    0
    0
    0
    0
   91
  114
    0
   19
   18
    1
    6
    1
  106
   20
    0
    5
    0
    0
    0
    0
    0
    0
    0
    0
  195
    5
    0
    0
    0
   58
    0
   44
    4
    0
    0
  119
    0
    0
  117
   31
   24
   65
    0
   10
   14
   16
  125
    0
   46
   14
    0
    0
    0
   20
  126
   14
  172
  221
   19
    4
   11
  147
    2
    0
  142
    0
    0
   34
    0
    0
    0
   53
    0
    0
    0
    1
    0
    0
    0
    0
    0
    0
    0
    0
  169
   76
    2
    0
  131
    2
   38
    0
   51
    8
   14
    0
    0
   31
    9
   81
    0
    6
    0
    2
  135
    0
    1
    0
    7
   61
    0
    3
   46
    0
    0
    0
    0
    0
    0
    0
  118
    0
   10
   37
   80
    0
    0
  103
   11
    0
    0
    0
    0
  151
   99
    0
    0
    0
    0
    0
    0
    0
    0
    0
    0
    0
    0
    0
    0
    0
    0
    0
   75
   21
   10
   52
   22
  168
   58
    0
    0
    0
    0
    0
   21
    0
    1
    0
    0
    0
    0
    1
    0
    0
    0
    0
    0
    0
    0
    0
    0
    0
    0
    0
    0
    0
    0
    0
    0
    0
    0
    0
    0
    0
    0
    0
    0
    0
    0
    0
    0
    0
    0
    0
    0
    1
    1
    1
    0
    9
   11
   98
    5
    0
   18
   35
    9
    0
    0
   10
   17
   59
    0
   28
    0
    1
    0
   33
   41
   44
    6
   49
    6
    0
    0
    0
   19
   38
    6
    1
   39
    0
    0
  138
    0
   22
   50
   69
    0
    0
   31
    5
    0
    0
    0
    0
   71
  111
    0
  126
   10
   21
   25
    0
    0
   13
   44
    0
    0
    0
    0
    0
    0
    0
    0
    0
   15
    8
   83
    0
    0
    0
    3
   15
    0
   58
    0
   11
    0
    0
    5
    0
    0
    0
    0
   20
   21
    6
    0
    0
    0
    0
    0
    0
    0
   36
   16
    0
   19
    0
    6
    0
    0
    0
    0
    0
    0
    0
    0
    0
    0
    0
    0
    0
    0
    0
    0
   33
   31
    5
    0
    0
   62
   16
    1
   11
    2
    0
    9
    1
   52
   21
    0
    0
    0
    0
    0
    0
    2
    1
    9
    0
    6
    0
    1
    0
    0
    0
    0
    2
   10
  101
    0
    0
   73
   58
   24
    2
    0
    0
   51
    0
    0
    0
   11
    2
    0
    0
    0
    0
    0
    0
    0
    0
    0
    0
    0
    0
    0
    0
  228
    2
    6
   88
   98
    1
   20
    2
    0
    0
    0
   66
    1
   50
    1
    0
    6
    0
    0
   36
  186
   22
    0
    0
    6
   11
    0
  147
    0
  121
   50
   17
   28
    0
    0
   76
   39
    1
   19
    0
   18
    0
   31
   99
   31
  129
  131
   69
    1
   14
    5
    1
    0
    0
    0
    0
    0
    0
   79
   21
    5
    0
    0
    2
    0
    0
   31
    8
    7
    0
    0
    0
    0
    0
    0
    0
    0
   40
    0
    0
    0
    0
   48
    0
   61
   66
   41
   33
    0
    0
   10
  127
    9
    0
    0
    0
    0
   19
    0
    0
    0
    0
    0
  105
   31
    0
    0
    0
    0
    0
  126
    0
    0
   31
    0
    0
    3
    2
  116
    0
    0
    0
    0
    0
    0
    0
    0
   19
   41
    0
    0
    0
    0
    0
   28
    0
    5
    1
    0
    0
    0
    0
    0
    0
    0
    0
    0
    7
    4
  106
    0
    3
   41
    0
    3
    0
   28
   10
    1
   10
    1
    0
    1
   22
   41
    0
    0
    0
    0
    0
    0
    1
    0
    0
    0
    0
    0
    0
    0
   11
   20
  206
  146
    0
    1
   11
   11
    0
   12
    0
    0
    0
  106
   39
   11
    0
    0
    0
    2
    0
   41
    0
    0
    0
    5
   85
  141
   11
    0
   21
   71
    0
    0
    0
    0
    0
    1
    3
  101
   74
   61
    0
   69
   68
    8
   11
    0
   16
    1
    0
   41
   22
    0
    5
   63
    0
    0
    0
    2
    0
    1
    0
    0
   20
   65
    0
   74
    1
   65
   41
    5
    0
    5
    1
    2
    0
    0
    1
    0
    0
    0
    1
    0
    0
   68
   11
    1
   30
   50
    7
    2
    0
    0
    0
    0
    0
    0
    0
    0
    0
    2
    1
   19
   15
    5
   12
    0
    0
    0
    0
    0
  106
    3
   41
    0
    2
    0
    0
    0
    0
    0
    4
    7
    6
    3
   -9
   -9
   -9
   -9
   -9
   -9
   -9
   -9
   -9
   -9
   -9
   -9
   -9
   -9
   -9
   -9
   -9
   -9
   -9
   -9
   -9
   -9
   -9
   -9
   -9
   -9
   -9
   -9
   -9
   -9
    0
    3
    0
    0
    0
    4
   42
   10
   99
    5
   42
    0
    4
    0
   92
    0
   74
  122
  210
    0
    3
  115
    0
    0
  168
  322
   19
    3
  486
  201
  111
  102
  191
    0
    0
    0
    0
    0
    0
  129
   41
    0
  102
    0
    0
    0
    0
    0
    0
    0
  203
    0
    0
    0
    0
    5
    7
   92
   81
   91
    0
    0
    0
    0
    1
    0
    0
    0
    0
    0
    0
    0
    0
    0
    0
    0
    0
    0
    0
    0
    0
    0
    0
    0
   68
    0
    1
   25
   61
   42
   11
    0
    0
    0
   51
   28
    0
  111
    5
    2
    1
    0
    0
   88
    0
    0
    0
    0
    0
    3
   45
    0
    0
    0
    0
    0
    0
    0
    0
    0
    0
    0
   28
    0
    0
    0
    0
    0
    0
    0
  348
   19
    0
   62
   29
    0
    5
    0
   29
   21
    4
    2
    8
    0
    0
    0
    0
    3
    0
    0
    0
    0
    0
    0
    0
    0
    0
    9
    3
    0
    0
   71
  129
  161
    0
    0
    7
   79
   29
    0
    0
    0
    0
    0
    0
    0
    0
    3
   61
   30
    0
    0
    0
    0
   23
   39
   41
    0
   55
   22
   56
   38
    0
   15
    0
   21
    0
    0
    0
    0
    0
    0
  129
   19
   29
   11
   10
   11
    0
    0
   21
   10
   43
    6
    0
    0
    0
    0
   18
    3
   10
    1
   39
    0
    0
    0
    0
    8
    1
    0
    0
    0
    0
    0
    0
   56
    0
    0
   31
    0
    0
   21
    0
    0
    0
    0
    0
    3
    0
    0
   33
    0
    7
    0
    0
   21
    0
   22
    7
   22
   16
    8
    0
    0
    0
    2
    4
    3
    0
   40
    1
    0
    0
    0
    0
    0
   21
    4
    0
    0
    0
    0
    0
    0
    0
    0
    0
    0
   25
    0
   11
   11
    0
    0
    0
    5
    0
    0
    0
    0
    0
    0
    0
    0
    0
    0
    0
    2
    0
    0
    0
    0
    0
    0
    0
    0
    0
    0
    3
    1
    0
    9
    0
    0
    0
   15
    4
    7
   16
    0
    0
    0
    0
    0
    0
    0
    0
    0
    0
    0
    0
    0
    0
   39
    0
    0
    0
    0
   54
   16
    0
   30
   89
    0
    1
    0
    0
    0
    1
    0
    0
  205
    1
    0
    0
   42
   21
    0
    0
    0
    0
    0
   51
   29
   59
   17
    4
   41
   46
    0
    0
   19
  116
    0
    0
    0
    0
    0
   21
    0
   12
  244
  154
   29
    0
    0
    0
    0
   22
    0
    0
    0
    0
    0
    0
    0
   25
    0
    0
    1
    0
    0
    0
    0
    8
   10
    0
    0
    0
   69
    2
   10
   17
   12
  178
   17
    0
    0
    0
    0
   18
    2
  661
  289
  112
    4
   23
    7
   38
    0
    0
    0
    0
    0
    0
   35
  231
    0
    0
   51
    3
    0
  109
   32
   51
    0
    0
    0
   58
  167
  101
    3
    0
    0
    0
    0
   71
    0
    0
  112
    0
  102
   17
    0
    1
   17
    0
    0
    0
   37
    0
   74
   37
    0
   12
   51
  135
   17
   11
    3
    0
    0
    0
    0
   64
    0
    0
   36
   98
  140
   46
   11
    0
    0
    0
    1
   72
    2
  195
  146
    0
    0
   11
    3
    0
    0
    0
   68
    0
    0
    0
    0
    0
    0
    2
   12
    0
   31
   21
    2
    0
    0
   29
    3
    0
    0
   21
    0
   41
  236
   28
    0
    0
    0
    0
    0
    0
    0
    0
    0
    0
    0
    0
   59
    0
    0
    0
    0
    0
    0
    9
    1
    0
    0
    6
    6
   97
   27
    6
    0
    0
    0
    0
    0
    0
    0
    0
    0
    0
    0
    2
    0
    0
    0
    0
   31
    0
    0
    2
    0
    0
  134
    3
   21
    2
   19
    0
   61
   43
    0
    0
    0
   42
    5
    0
    0
    2
   10
    3
   29
    3
    2
   13
    0
    0
    3
    0
   78
   10
   28
   11
    0
    0
   36
    0
  118
    0
    0
   12
    3
    0
    4
    2
    1
   21
   13
   22
    1
    2
    3
   23
    0
   20
    1
    1
    0
    0
    0
    0
    1
    0
    0
    0
    0
    0
    0
    0
    0
    0
    0
    0
    1
   12
    0
    0
    0
    0
    6
    0
   18
    0
   28
   31
    0
    0
    0
    0
    0
   29
    0
    0
    0
    1
   61
    0
    0
    0
    0
    0
   13
    1
    0
    0
   11
   17
    6
    2
   85
   48
   61
   36
  101
    1
    0
    0
    2
    0
    0
    0
    0
    0
    0
    0
    0
    0
    0
    0
    0
    0
    0
    0
    0
    0
    0
    0
    1
   46
   42
    0
   46
    0
    0
   33
    2
    3
    0
    0
    0
    8
    0
    0
   10
    0
    0
    0
    0
    0
    0
    0
    0
    0
    0
    0
    0
   38
    0
    0
   13
   19
    0
    0
  104
    0
    0
    0
    0
    1
    0
    1
    0
    0
   39
    0
  159
    0
    0
    0
   65
   17
   21
    1
   11
  132
   21
    0
    0
    1
   43
    0
    9
    0
    0
    0
    0
    0
  132
    0
   79
    1
    2
    0
    0
   50
   41
    0
   26
    0
    0
   31
   66
    0
    0
  267
    0
    0
   11
    0
  121
    0
   12
    1
    0
    0
    0
    0
    0
    0
    0
    0
    0
    0
    0
    0
    0
    0
  261
    1
   19
  201
   99
    1
    0
    0
    0
   31
   66
    0
    0
   19
   44
    0
    0
    0
   32
   75
   17
    0
   49
   61
   42
    0
    0
   33
    0
    0
    2
   71
    0
   31
   17
    0
    3
   41
    0
   44
    0
    0
    0
    0
    0
    0
    0
    0
    0
    0
    0
    0
    0
   13
   29
   12
    0
    0
    0
    0
   99
  155
  125
   41
    0
    0
    1
   64
    0
    0
    0
   93
    3
    0
    0
    0
    0
    0
    0
    0
    0
    0
    0
    1
   28
    2
    0
    0
    5
    1
    0
   41
   92
   55
   35
    0
    7
   75
   12
    0
    4
    0
    0
    2
    1
    5
   28
   76
   74
   44
    0
    0
   11
    0
    0
    0
    3
   21
    0
   19
    0
   12
    1
    0
    2
   51
   17
    0
    0
    0
    0
    0
    0
   27
    0
    0
    0
    0
    0
   23
