Station: Mittelpoellnitz , scaling_factor: 10.0, latitude:  50.7563, longitude:  11.9085, altitude:  340, nodata_value: -9
start: ..1969-01-01  end: ..2000-12-31
  168
   78
    0
    5
    0
    0
    0
    0
    2
    0
   11
    0
    0
    0
    0
    0
    0
    0
    0
    6
    9
   24
    9
   15
  101
    0
    0
    0
    0
    0
   36
    0
   19
    2
    9
    0
    0
    5
    0
    0
   14
    0
   24
   16
    2
   72
   16
    0
    0
    9
    5
    0
    0
    0
   30
   11
    0
    0
    0
    0
    0
    0
    0
    0
    0
    0
    0
    0
    0
   82
   94
   44
   35
  181
   17
    0
    0
    0
    0
    0
   15
   58
    0
   90
   26
    6
   24
   11
    2
   32
   54
   20
    0
    0
    0
    0
    0
    0
    0
    0
   61
   53
    6
    4
   36
   44
  124
   78
    0
    0
    0
   30
  136
   21
    0
    0
   66
   13
   58
    7
    0
    0
  322
   49
    0
  375
   98
    3
  108
    0
    0
    0
    0
    0
    0
   38
    0
    0
    0
    0
    3
    0
    0
    0
   21
   75
    0
   47
    0
   48
   15
   82
   11
   54
    2
  205
   59
    2
    0
    0
    0
    0
    0
    0
   24
    2
    0
    0
   94
  362
   11
    0
    0
    0
    4
    0
   14
   13
   43
   41
    0
    0
   25
   21
    0
   24
    9
    0
   80
    3
    0
  103
    4
   18
    0
    0
    0
   23
    0
    0
    0
    0
    0
    0
    0
    0
    0
    0
    0
    0
   69
   14
    0
    0
    0
    0
    0
    0
    0
    0
    0
    0
    0
   68
   19
  104
   43
  127
    2
    0
    0
   72
   18
    0
    0
    0
    4
   13
   26
   77
  125
   75
    0
    0
    0
    0
    0
    0
    0
    0
    0
   11
    0
    0
    0
    0
    0
   11
  113
   27
    0
    0
    0
    2
   26
    0
    0
    0
    0
   19
    0
    0
    0
    2
   46
    0
    0
    0
    0
    0
    0
    0
    0
    0
    0
    0
    0
    0
    0
    0
    0
    0
    0
    0
    0
  110
   15
    9
    1
    0
    0
    1
   21
   35
    0
    0
    0
   46
    0
    0
   24
   25
   15
    0
    0
    1
    0
    0
    2
    0
    0
    2
    9
    7
    1
    0
    0
   65
   38
   16
    0
    0
    0
    3
    0
    1
   52
    0
    0
    3
    3
    2
    0
    0
    4
    0
    0
    0
    6
   36
   19
   42
    4
    0
    0
    0
   12
    0
    0
    0
    0
    0
   30
    7
    0
   11
    0
    8
   34
  100
    0
    2
    0
    5
    0
    0
    0
    0
    0
    0
   29
    0
    0
    0
    0
    0
    0
    0
    2
    0
   18
   79
    2
    3
    0
    6
    0
   78
    8
    0
    5
    3
    4
   22
   21
   28
   11
    8
    6
    0
    2
    0
    2
    5
    0
   62
   59
  177
   90
   39
    6
    8
    1
    3
   18
   13
    0
   45
   68
    0
    0
    0
    0
    0
    0
    0
    0
    0
    2
   15
   15
   27
    8
   26
   15
    0
    0
    0
   11
    0
    8
   18
    0
    0
   64
    5
    2
    3
   21
    2
    0
    0
   11
  125
    0
    2
   30
   91
    0
    0
   58
    0
   11
  178
   22
    0
    0
   13
    0
   13
   34
    7
    3
   39
   31
   53
    5
    8
    0
    0
    0
    0
    0
    0
   71
   33
  101
    0
    0
   48
  106
    0
    0
   59
   21
   17
    3
   12
    0
   16
   42
   72
    3
   20
   22
   29
   19
    0
    0
   19
   81
    0
    0
    0
    1
    9
   77
    0
    0
    0
    0
  101
    0
    0
    0
    0
    0
    0
   96
    6
    0
    0
    0
  107
   87
    0
   15
   14
   40
   11
    3
    1
    0
    0
    0
    0
    0
    0
    0
   54
   11
   48
   19
    0
   12
    0
   46
    0
    0
   71
   18
   22
   14
    4
   36
    0
   44
    3
    6
    9
    0
    0
    0
   69
    4
    1
    9
    0
    0
    0
  124
    2
   92
    3
    0
    0
  620
  293
   37
   62
   57
   71
    0
    0
    0
    0
    0
    0
   16
    0
   21
    7
    8
    0
    0
    0
    0
    1
   44
    0
    0
    0
    2
    0
    0
    0
    0
    0
   10
    0
    0
    0
   10
   24
    0
    0
    0
   68
  101
  102
   91
   29
    0
    0
    0
    0
    0
    0
    0
    0
    0
    0
    0
    0
    0
    0
   23
   49
  134
  105
   18
   68
    0
   41
    2
   58
   11
    0
    0
    2
  113
    2
    0
   59
   21
    0
    0
   19
    9
   21
    9
    5
   40
    3
    1
    3
    1
    0
    0
   99
   17
    0
    0
    0
    0
    0
    0
   14
    5
   77
    6
   41
   48
   44
    0
    8
    0
    1
    0
    0
    0
    0
   28
    5
    0
    0
    0
    0
    5
    0
   25
   14
    3
    4
    2
    0
   29
    0
  106
    4
    0
    0
    0
    0
    0
    0
    0
    0
    0
    0
    0
    0
    0
    0
   12
   13
    0
    0
    0
    0
    0
    0
   21
   26
    0
    7
   17
    8
    0
    0
    0
    3
    0
   23
    2
   20
    4
   18
   36
    0
    0
    0
    0
   16
    0
    0
    0
    0
    0
   40
    0
    9
   48
   21
   11
   30
    9
    9
    8
    7
    0
    3
   22
    3
    5
    0
    0
   26
   15
    0
    0
    0
    0
    0
    7
    0
    0
    0
    0
    1
   29
    0
    2
   13
    0
    0
    0
    0
    3
    0
    0
    0
   29
    0
   17
   30
    0
    0
    0
    0
    0
    0
    0
    0
    0
    0
   35
    0
    0
   74
    0
    0
   13
  103
   37
   47
   26
    0
    0
    0
    0
    0
    0
    0
    0
    0
    0
    0
    1
    0
    0
    0
   12
  147
    0
    0
    0
   73
    0
   45
   37
    5
   89
    7
  109
   51
   92
   20
    4
    0
    0
    0
    0
  168
    4
    2
   47
  169
    6
   99
  146
   59
   17
   25
    6
   11
   58
   41
   50
   63
   48
    0
    5
    0
    0
    0
   17
    4
   80
   17
   28
    0
    0
    0
    0
    0
    0
    0
    0
    0
    0
    0
    0
    0
   12
    0
    0
    0
    0
    0
    0
    0
    0
    0
   52
    0
    0
    0
  138
    0
    0
    0
    0
    0
   22
    0
    0
    0
    0
   17
    0
    0
    0
    0
    0
  133
    0
    0
    0
    0
    0
    0
   91
   39
  126
    0
   66
   11
    0
    0
    0
   17
    9
    0
    2
    0
    0
    0
    0
    0
    0
   65
   71
    9
   24
    0
    8
    5
    3
    0
   69
    0
    0
    0
    0
   24
   14
    2
    0
   13
    0
    9
    0
    0
    0
    0
    5
    0
    0
    0
    0
    0
    0
    0
    0
  119
  120
    0
    0
    0
    0
    0
   19
   38
    0
    0
    0
    0
    0
    0
    0
    0
    0
    0
    2
    0
    0
    0
    0
    0
    0
    0
    0
  133
    4
    6
    0
   16
    4
   40
   49
  451
   15
    0
    4
    0
   19
    9
    0
    0
    0
    0
    0
    0
    0
    4
    2
    3
    8
    8
    9
    8
   41
   33
    0
   14
    0
    0
    0
    0
    0
    0
   34
   63
    3
   25
    4
    0
    0
    0
    4
   13
    1
    8
    0
    0
    0
    1
    0
    0
    0
    0
   36
    0
    1
    0
    0
    0
    0
    0
    0
    0
    0
    0
    0
   13
    0
    0
    0
    0
    8
    4
    0
   14
    2
    0
    0
    0
    0
    2
    0
    0
    0
    0
    0
    6
    0
    0
    0
    0
    0
    0
    0
    0
    0
    0
    0
    0
    0
    0
    0
    6
    0
    0
    0
    3
    0
    0
    0
    0
    0
   92
    0
    3
  167
   14
    0
    0
    0
    0
    0
    0
    0
    0
    0
    0
    0
    0
    0
    0
    0
   95
   24
    0
    0
   52
   66
   79
   51
   49
   22
   20
   18
    3
    0
    5
   24
    6
    0
    0
   50
    5
    3
   32
   25
    0
   20
    8
    0
    2
    0
    2
   12
    2
    0
    0
    0
    0
   24
    4
    0
    0
   17
    9
  150
   58
  176
   22
    2
    1
   45
  108
    0
   51
    3
    0
    0
    0
    0
   31
    4
   71
   38
   51
   25
   22
    0
   39
  108
    0
    0
    0
   52
   40
    2
    0
   13
   49
  213
    0
    0
   57
   61
    0
    0
   22
    0
    0
    2
   27
    0
    0
    0
    0
    0
    5
   26
    0
    0
   31
    0
    0
   31
    0
    0
  114
  143
    0
    0
    0
    0
    0
    0
    0
    0
    0
    0
    0
  314
    4
   56
   54
    0
    0
   97
  183
  147
   11
    0
    2
   50
   13
    0
    0
    0
    0
   12
    0
  102
    5
    0
    0
  268
   63
   42
   44
    2
    0
    8
    1
    0
    0
    2
    0
    0
    0
    0
    0
    0
   61
   20
    0
    0
    0
    0
    5
   46
    0
  125
    0
    0
    0
    0
    0
   38
   42
    0
    0
    0
    0
   26
   43
   33
    7
    3
   50
    6
    0
    0
    0
    0
    0
    0
    0
    0
    0
    0
    0
    0
    0
    0
    0
    0
    0
    0
    0
    0
   15
   34
    4
  140
   17
    0
    0
    8
    0
   95
    5
    0
    0
    0
    0
    0
    0
    0
    0
    0
    2
    2
   40
   38
   40
    9
    0
    9
    0
  162
    4
    0
    0
    2
    1
    9
    6
    0
    0
    0
    0
    0
    0
    0
    0
    0
    0
    0
    0
    0
    4
    0
    0
    0
    0
    0
    1
    0
    0
    0
    3
    3
    0
    0
    0
    0
    0
    0
    0
    0
    0
    0
    0
    0
    0
    0
    0
    2
    4
    0
    0
    1
   10
    0
    0
    0
    0
    0
   19
   35
    0
    0
    7
    0
   10
    0
    0
    0
    0
   20
   56
   22
    9
   28
   36
   18
    0
    0
    0
    0
    0
    0
   15
   26
   22
   32
    2
    0
    0
    0
    0
    8
   50
   14
    7
   11
   55
   35
   26
   16
   11
    0
    0
    0
   25
   82
    0
    0
    3
    6
   31
    2
    0
    5
   13
    0
    0
    0
    0
   19
   19
   11
    3
    0
    0
    0
    0
    0
    0
    0
    0
    0
    0
    0
   50
    2
    3
    0
    3
    0
    0
    7
   40
  219
   32
   69
    2
    0
    0
   21
   69
   11
   96
    0
    2
    0
    0
    0
    0
    0
    0
    9
    0
    0
   42
   93
    1
    0
   52
    2
    5
   35
    6
    3
    0
    0
    0
   50
    0
    0
    0
    0
    0
    0
   91
    0
    5
   47
    0
    0
    0
    0
    7
   20
   10
  572
    0
    0
    0
    0
    9
    3
   16
    0
    2
    0
    0
   54
    0
    0
    0
   62
   85
    0
    0
    0
    0
   68
    8
    0
    0
    0
    6
   71
    0
    0
    0
    0
    0
    0
    0
    1
    0
    0
    0
   32
   68
    0
    0
  128
   23
    0
   14
   44
   51
    0
    3
   31
    0
   53
   67
   40
    1
    0
    0
    0
    0
    2
   20
    0
    0
    0
   84
    0
    0
    0
    0
    0
    0
    0
    0
    0
    0
    0
   43
    2
    0
    0
    0
    0
    0
    0
    0
    0
    0
  137
    7
    0
    8
    0
    0
    0
    0
    0
    0
   31
    0
    0
    0
    0
    0
    0
   23
    0
    0
    4
    0
    3
    0
   30
   17
    0
    0
    0
    0
    0
    0
    0
    0
    0
    0
    0
    0
    0
    0
    0
    0
  109
    0
    2
   16
   19
   80
   20
    0
   69
  108
  119
   18
  114
    0
    0
    0
    0
    0
    0
    5
    0
    0
    0
    0
    0
   79
    0
    2
    0
    0
    0
    0
    0
   76
   12
   22
    8
    3
    0
   20
    2
    0
    0
    2
    5
   27
   50
    9
    0
   23
    0
    5
    0
    6
   54
    9
   30
   20
   33
    0
    0
    3
    0
   82
   36
    8
    3
    0
    0
    0
    0
    0
    0
    0
    0
    7
    0
    0
    0
    0
    3
    0
    0
    0
    0
    0
    0
   30
   37
    0
    0
    0
   16
    0
    0
    2
    0
    8
   65
  163
    0
    0
    0
   18
    0
    3
    0
    0
    0
    0
    0
    0
    3
    0
    0
    0
    0
    0
   74
   11
    4
    0
    4
    0
    0
    0
    0
    0
    0
    0
   14
  115
    0
   14
  132
   75
    0
    9
    0
    0
    0
    0
    0
    3
    0
   14
    0
    9
    0
    0
    0
    0
    9
   14
   31
    4
    3
   16
   35
    4
    0
    0
    0
    0
    0
    0
    0
    0
   14
    8
    0
    0
    0
    0
    0
    0
    0
    0
    0
    0
    0
    0
    0
    1
    0
    0
   72
   32
   15
    0
    0
    0
    6
    0
    0
   11
    0
    0
    0
    2
   26
    0
    0
    2
    0
  329
   45
   59
   10
    0
    0
    7
  113
    0
    9
   27
    4
    0
    2
    0
    0
   15
   49
   65
    4
   24
   38
    0
    0
    6
    0
   32
   64
    3
    0
   92
    0
    4
   32
   33
   30
   40
  135
   69
   89
  118
  115
   66
    0
    3
  101
    0
   18
    0
    4
    4
    0
    0
    2
   44
   24
   72
  137
   63
    0
   37
    3
    0
  123
    1
    2
   56
    9
   36
    0
    2
   19
    0
    0
   31
   29
    0
  116
    0
    0
   25
   52
   67
    0
    0
    0
    0
    0
    0
    0
    2
    0
    0
   18
    0
    0
    0
  194
   46
   70
    1
    0
    0
    0
    0
  132
   63
   50
   50
    2
    0
    0
    0
    0
   27
   69
    0
    0
    0
   56
    8
    0
   34
    0
    0
    1
    0
    0
   49
    0
    0
    0
    0
    0
    0
    0
    0
  162
    0
    0
    0
    0
    0
    0
    7
   34
    0
  194
   10
    0
    0
   10
   11
   25
    0
    0
    7
    0
   85
    1
    0
    0
    0
    0
   27
  119
   15
    0
    1
   91
  108
  386
   99
   23
   50
   18
   51
   46
   57
   46
   42
   41
   81
   14
    6
    0
    0
    0
    0
    7
    2
    0
    5
    0
    0
    0
    0
    0
    2
    0
    0
    2
  102
    0
   12
    6
    0
   32
   20
   22
   16
   11
    0
    4
   40
   65
  132
  269
   70
   23
   17
   35
   41
    9
    0
   16
    2
   72
   15
    0
    0
    0
    0
    0
    0
   22
  131
   24
   19
   66
   14
   11
   15
    0
    0
    0
    0
    2
   76
   21
    0
    0
    0
    0
    2
    0
    0
    0
    0
    9
   10
    0
    0
    0
    6
    0
    4
    0
   24
   32
    0
   12
   44
    4
   25
    0
    0
    0
    0
    0
    0
    0
    0
    3
    0
   21
   44
    0
    0
    0
   54
  103
    0
    0
    0
    0
    0
    0
    0
    0
    0
    0
    0
    0
    0
    0
    0
    0
    0
    0
    0
    0
   31
   20
   22
   20
   29
    0
   27
   46
   87
    0
    0
    0
   31
   57
   41
   13
    0
    0
    0
    0
    0
    7
    9
   34
   88
   57
    0
   20
    0
    5
    3
   36
   25
   64
  204
   43
    0
    0
    0
    8
    0
    0
    0
    0
    0
    0
    0
    0
    0
    0
    0
   20
   99
    0
    0
    2
    2
   89
   11
    6
   63
    8
    0
    0
    0
    0
    0
    5
    0
    0
    0
    0
    0
    0
    0
    0
    0
    0
    9
   22
    0
    0
    1
   20
    3
    0
    0
    0
   10
   75
    6
    0
    0
    0
    0
   19
   18
    0
  268
   19
  183
   17
  182
   37
  308
    0
    0
    0
    0
   30
    5
    4
    3
    0
    0
    0
    0
    0
    0
   31
    0
  134
    7
    0
   12
    5
    0
    0
  129
   51
    7
   24
  144
    0
    0
   25
    0
    0
    0
    0
    0
    0
    0
    0
    0
    0
    0
    0
    0
    0
    0
    0
   35
    0
    0
    0
   19
    2
   52
   64
    0
    6
    0
  497
    5
   85
   66
    0
    0
    0
    0
    0
   12
    0
    0
    0
    0
    0
    0
    9
    0
    0
    0
   79
   41
    3
    5
    0
    0
    0
    0
    0
    0
    0
    0
    0
    0
    0
    9
    0
    8
    0
    0
    2
   14
   24
    2
   37
    0
    9
    7
   29
    9
    0
    6
   82
    0
    0
    0
   27
   14
   68
   29
    5
    9
    0
    0
    0
    0
    0
    0
    0
    0
    0
    0
    0
    0
    0
    0
    0
    0
    0
    7
    0
    0
    2
    4
   11
    4
   20
    0
   10
   63
   46
   69
   11
    0
    0
    0
    0
    1
    1
   30
    2
    0
    0
   20
    4
   12
    5
    7
    5
    0
    6
    0
    0
   29
    8
    0
    0
    1
    0
    0
    8
    3
    0
    0
    7
   33
    0
    0
    0
    0
    0
   24
   64
   62
   64
   11
   49
   87
    0
    0
    0
   66
   61
   19
   82
   90
   59
    8
    5
    3
   17
   40
   32
   42
   58
   31
   52
    0
    0
    3
    0
    0
    0
    0
    0
    0
    0
    0
    0
    0
    0
    1
   28
   27
    2
   39
    2
    0
    2
    0
    0
    0
    0
    0
    0
    0
    5
    0
    0
    0
    0
    0
    0
    0
    0
    0
    0
    4
    4
    0
    0
    0
    0
    0
    2
    0
    0
    7
   24
   46
   14
    0
    3
    0
    0
    0
   26
   37
    5
    0
    0
   13
    0
    0
    0
    0
   46
    4
    2
    8
    5
    0
    0
    0
    0
    0
    0
    0
   19
    0
    0
    0
    0
    0
    0
   43
   99
   41
    0
   11
    3
    0
    0
    0
    0
    9
    0
    0
    0
    0
    0
    0
    0
   20
    0
   13
    0
    0
    0
    0
   17
    9
   59
   20
    0
    0
  144
    0
    0
   15
    7
   25
   32
  149
   99
  140
    0
   49
    0
    0
    0
    0
    0
    0
    0
    0
    0
    0
   30
    0
    0
    0
   12
    0
    0
    0
    0
    0
    0
    0
    0
    0
    0
    0
    0
    0
    0
    0
    0
    0
    0
   14
    0
    0
    0
    0
   60
   15
    0
    0
    0
    2
    6
  144
   13
    3
    0
    9
   19
    6
    0
    7
    0
    0
  138
   41
   15
   96
    8
    0
    0
    0
    0
    1
    0
    0
    4
    3
    5
    0
    0
    0
   67
   19
   22
    0
    0
    0
    0
    0
    0
   65
    0
    0
   49
    5
    3
   57
    2
    2
    0
    0
    0
    0
   90
    0
    0
    0
   11
   53
    0
    7
    4
    0
    0
    0
    0
    0
    0
    0
    0
    2
    8
   53
   49
    2
    0
    6
   24
   22
    0
    0
    0
    0
    0
    0
    0
    0
   55
    1
    0
   42
   48
    0
    0
    0
    0
    0
    0
    0
    0
    0
    0
    0
    0
   27
    2
    0
    0
   12
    0
    0
    3
  104
    0
    0
    8
    0
    0
   15
   45
   32
    0
    0
    0
    8
    2
    0
   18
    3
   97
   29
    0
   30
    1
    1
   20
   19
   31
   15
    0
    0
    0
   28
    4
   13
    9
   50
   43
   39
   18
    6
    0
    0
    0
    0
    3
    0
    0
    0
    4
    9
    0
    0
    2
    0
    0
    0
   26
    0
    0
    0
    1
    1
    0
   23
    4
    0
  104
   96
    0
    0
    0
   21
    4
    0
    9
    0
    0
    0
    0
    0
   54
    5
    0
    0
   49
    0
    0
    0
    0
    0
    0
   28
    8
   44
   11
    0
   33
    0
    2
    0
    0
    0
    0
    3
   11
   39
   29
    0
    0
    0
    0
    0
   42
    7
    0
    0
    3
    3
   40
    0
    0
    6
    9
    0
    0
    0
  354
   39
    9
   22
    0
    0
   85
   62
    0
    0
    3
    0
    0
    0
   63
   48
   48
    3
    0
    0
   13
    0
   11
   18
    0
    5
    4
    0
    6
    4
   10
   17
  119
   36
   46
    5
    0
    0
    0
    0
    0
    3
   29
   14
    2
    3
   15
    0
  121
  105
   35
    0
    0
    0
   43
    0
    0
   24
    0
    0
    0
   14
    9
    0
    0
   70
    0
    0
   54
   16
    3
    0
    0
    0
    0
    0
    0
    0
    0
    0
    0
    0
    0
   16
    3
   41
    7
   29
    8
    0
   66
    0
    0
    0
  107
   20
    0
    0
   47
  191
    2
   28
   11
    0
    0
   86
   87
    0
    0
    0
   15
    0
    0
    0
    0
    0
   51
    7
    2
    4
   30
    0
    0
   91
    3
    0
    0
    3
   29
    0
    0
    4
    0
    0
  212
  124
    9
    0
    0
    3
    0
    0
   53
    0
    0
    0
    0
    0
    6
    7
   13
   41
  131
   12
   19
   16
    2
    0
   36
   24
   70
    2
  182
  159
    0
    0
    0
  115
    4
    0
    0
    0
   14
    0
    0
  389
    0
    0
    0
   39
   89
   13
   27
    0
    0
    0
    0
   22
    9
    2
    0
    2
    0
   69
  128
    0
    0
    0
    0
    0
    0
    0
    0
   55
   14
    0
    0
   25
    0
    0
    0
    0
  112
    0
    0
    0
    0
    0
    0
    0
    0
    0
    0
    0
    0
    0
   56
    0
    0
    0
   58
   64
    0
   71
    5
   78
  129
   24
    0
    0
    0
   27
  153
    0
    0
   92
    0
   30
    6
    4
   19
   14
    0
    0
    0
    2
    3
   14
   10
   21
   14
    0
    0
   24
    0
   49
    8
    0
    0
    6
    0
    0
    0
    0
   41
  107
    1
   10
    0
    0
    0
    0
    0
    0
    0
    0
    6
    2
   24
    3
    7
    1
    2
   44
   12
    0
    0
   11
    6
    0
    3
    0
    0
    0
    0
    0
    0
    0
    0
    0
    0
   56
   19
    0
    0
    0
    0
    0
   24
    4
    9
    0
    3
   11
    0
    2
   18
   14
   16
    0
    0
    0
    4
   25
    2
    0
   26
    0
    0
   14
    0
    0
    0
    0
    0
    0
    8
    0
    0
    0
    0
   25
    0
    0
    0
    3
    0
   39
   55
    0
    0
   59
    0
    2
    0
    0
   22
    0
    1
   25
   13
   27
   17
   60
   18
    4
   11
    1
   51
    2
   15
    0
    1
    0
    0
    4
    0
   10
   36
    9
    0
    0
    0
    0
    4
   71
    0
    0
    1
    3
    2
    0
    0
    0
    0
   15
    0
    0
    0
    0
    0
    0
    0
    0
    0
   34
  107
    0
    0
    0
    3
  189
  113
    7
   22
    0
   71
    5
    4
   75
    0
    3
    0
  110
   37
    0
   81
    0
    0
    0
    0
    0
    0
    0
    0
    0
    0
    0
    0
    5
   10
    0
   35
    5
    0
    0
    0
   12
  155
   43
    0
   58
    0
    0
    0
    4
   18
    0
   12
    0
   11
   73
   30
    0
    0
   31
    0
    0
   26
    3
    9
    5
   28
   70
   47
    0
    0
    0
    0
    0
    0
    0
    0
   49
   20
    7
    8
    0
    0
    0
    2
    9
    0
    0
    0
    0
    0
   64
    0
   13
    0
    0
    0
  465
  238
   16
   45
    0
    0
    0
    0
    0
    0
   34
    0
    0
    0
    0
    5
    0
    0
    0
    8
    9
    0
   36
   80
   49
   56
   44
    5
    0
    0
   82
   15
    0
   13
    0
  126
    2
    9
    3
    0
    0
    0
    0
   38
   31
    0
  163
    2
    2
    5
  146
   13
   33
   53
    5
    0
    6
   73
  273
   29
    0
    0
    0
    0
    0
    0
    0
    0
    0
    0
   33
   27
    0
    0
    9
    7
   54
    0
    0
   29
    7
    8
    0
    0
    0
    0
    0
    0
    0
    6
    0
    0
    0
    0
    0
    0
    0
    0
    0
    0
    0
    0
    0
    0
    0
    0
    0
    0
    0
    0
   62
    0
    9
   11
   35
   25
   43
    0
    0
    0
    0
    0
    0
   11
    0
    0
    0
   20
    9
    0
   17
   19
    0
    0
    0
   15
    0
    0
    0
    4
    0
    0
    2
   32
  172
  219
  126
    6
    2
    2
    5
    0
    0
    0
    5
   26
    0
    3
   21
    4
    9
   20
   66
    0
    0
    0
    0
    0
    0
   27
   19
    0
    0
   58
    6
    0
    4
    9
    9
   20
    0
   28
    0
    0
   28
    0
    0
    0
   20
   10
   18
   19
    4
   20
   17
    0
    0
    0
    0
    0
   12
    2
    0
    0
    0
    4
    0
    0
    0
   74
    0
    0
    0
    0
   32
    8
  110
   19
   50
   54
    1
   49
    0
   16
    5
   46
   19
    4
    2
    0
    0
   24
    0
   13
   20
  170
   42
    0
   25
    0
    4
    0
   38
   73
    0
    0
    0
    0
    0
    0
    0
    0
  132
   15
    0
    0
    4
    3
   21
    6
    0
   15
   18
    2
    0
    1
   60
   15
    4
    0
    3
    4
    0
    0
    0
    0
    0
   40
    0
    0
    0
    0
    0
   12
   63
    0
    0
    0
    0
    0
   19
    6
    0
  243
    0
    0
    0
    0
    2
    0
    0
    0
   39
   21
  150
    0
    0
    0
    0
   69
    0
    0
    9
   42
    0
    0
    2
    0
    0
   21
    0
    3
    0
    0
   93
   71
    0
    0
    0
    0
    0
    0
    0
    0
   54
   60
   82
    2
    0
    0
   94
   19
    0
   14
    3
    0
   21
    0
   23
    0
    0
   26
  159
   58
   37
    0
   58
    4
   17
   34
    9
    0
  132
    0
    0
    0
   36
   80
   23
    0
    0
    0
    0
    0
    1
   12
    0
    0
    0
    9
   25
   48
    3
    0
   12
    5
    0
    0
    0
    0
    0
   56
   74
   26
    0
    0
    0
    0
   35
    0
    0
    0
    0
    0
   24
    0
    0
    0
    0
  158
   58
  313
   33
    0
    0
    0
   20
   11
    0
    0
    0
    0
    0
    0
    5
    0
    0
    0
    0
    0
    0
    0
    0
    0
    0
    9
   38
   13
    0
    0
    0
    0
    0
    0
    0
    0
    0
    2
    5
    0
   57
    3
   16
    3
   60
   38
   17
   87
   91
    0
    0
    0
   21
   25
    0
   74
    0
    0
   33
    1
    6
    7
    0
    0
    4
    0
    2
    0
    0
    0
    2
   11
    0
    0
    0
    5
   28
   12
    0
   16
  149
  151
   12
   53
   20
   18
   17
   57
    1
    0
   27
    0
    0
    0
    0
    0
    0
    0
    0
   31
   22
    2
   20
   26
    4
   39
   21
   24
   20
    0
    0
    5
    4
    2
    0
    0
    1
    5
    0
    0
    0
    0
    1
    0
   15
    2
    6
   19
    1
    3
    0
   29
   13
   23
    5
   54
   13
   80
    7
    2
    0
    0
   21
    9
   11
    0
    0
    7
    4
    0
    0
    0
    0
    0
    0
    0
    0
    0
    0
    0
    5
   29
    3
   14
    8
    8
    0
   12
    7
   41
   37
    0
    2
    0
    0
    0
    0
    0
    0
    6
  119
    0
    0
    0
    0
    0
    0
    2
   10
    2
    8
   11
    3
   59
   25
  133
   22
    2
    0
   26
   22
   53
   20
    1
    0
    0
    0
    0
    0
    0
    2
   76
   17
    3
   23
  443
  439
    0
  106
  136
   11
    0
    0
    0
    0
    0
    0
    0
    0
    0
  155
    2
    0
    0
    0
    0
    0
    0
    0
    0
    0
    0
    0
    0
    0
    0
    0
    0
    0
    0
    9
   60
    8
    1
    0
    0
   11
    0
    9
    0
   71
   24
    0
  683
  144
    0
    0
   11
   50
    3
  131
   59
   26
    0
   41
   44
    0
   23
    5
   47
   22
   29
   24
    9
   11
   77
   51
    0
   40
   15
   62
   19
    0
    0
  198
   30
    9
   32
   98
    1
    0
    1
   15
    2
  218
    0
    0
    0
    0
    0
    0
   34
    0
  148
    0
    0
    0
    2
    0
    2
    0
    0
    8
    0
    0
   52
   70
    0
    0
    0
    0
    0
    0
  151
    0
   58
   25
    6
    0
    0
    0
    0
    0
   18
   15
  110
   21
    0
    0
    0
   72
   14
    0
    0
    2
   19
   20
    8
   31
   53
   19
    0
   39
    0
    0
    0
    0
    0
    5
    3
  130
    0
    0
    0
    0
    7
    5
    0
    0
    0
    0
    0
   96
    0
    0
    0
    0
  164
  276
    3
    0
    0
    4
   26
   17
    0
    0
    0
   19
   30
    0
    0
    3
    0
   40
    5
    1
    0
    0
    2
    2
   22
  240
   13
    0
    0
    0
    0
    0
    0
    0
   49
   22
    0
    0
    8
    0
    0
    0
    0
    0
   70
    0
    0
   11
   57
    2
    0
    2
   26
   29
    9
   15
    3
    0
    0
    0
   29
    0
   44
   24
   24
    0
    0
    6
    0
    0
    8
   25
   16
    0
    6
    2
    7
    0
    0
    0
    4
   88
   36
   67
   66
    5
   11
   27
    0
    3
   49
    0
    0
    2
   27
    8
   14
    0
   39
  106
   55
    2
    0
    0
    0
   12
    4
    0
    0
    0
    0
    0
    0
    0
   11
   24
    9
   54
    0
    0
    0
    0
   26
    7
    6
    0
    0
    0
   15
   13
    9
    3
    3
   15
   48
    7
    0
    0
    0
    2
    2
    0
   47
    5
    2
    1
    1
    1
  148
  142
   43
   51
    7
   10
    0
   11
    6
   15
    0
    0
    0
    0
   42
    7
    4
   40
    0
    0
    0
    0
    0
    0
    0
    0
    3
   12
    2
    0
   20
    0
    0
    0
    0
    0
    0
    0
    0
    0
    3
    1
    0
    0
   36
    9
    0
    0
    0
  397
   19
   21
  299
   21
    0
    2
    0
    1
    0
    0
    0
    0
    0
    0
    0
   44
   87
   30
    4
  149
    0
    0
    0
    0
   84
    0
   53
    9
  155
   24
    0
    0
    0
    0
    0
    0
   93
    0
    0
    0
   10
    7
    0
    0
    0
   14
    0
    0
   43
    0
    8
   82
    0
   76
   13
   17
    3
    5
    0
    8
    0
    1
   34
    2
    0
   20
   35
    0
    0
    2
    0
    0
    0
    0
    0
   41
    6
    8
    0
    0
   26
  156
    6
    8
    9
    0
    6
   27
   23
   69
   31
   57
    2
    0
    0
    0
    3
    0
    0
    0
    0
  342
    0
  275
  343
    2
    0
    0
    0
    0
   17
   12
    0
    6
   63
    0
    6
   76
    0
    0
    3
   51
    0
    0
    0
    0
    0
    0
    0
    0
    0
    0
    0
    0
    2
    0
    0
    0
    0
    0
   41
   47
    3
    7
   27
    5
    1
   20
   40
    0
    0
    0
    0
  156
  352
    0
    0
    0
    0
    9
    7
    0
    2
    0
   41
   66
   67
   29
    7
    0
  157
    0
    4
  108
    3
   11
   31
   18
   12
    0
    2
    0
  268
    0
   13
   27
    0
   30
   26
    0
    4
   20
   32
    6
    9
   44
    0
   31
    9
   55
    0
    0
    0
   13
    9
   46
    0
   78
    0
    0
   18
   11
  174
   62
    2
    5
   92
   42
    8
  166
   56
    9
    0
   21
  103
   16
    0
   92
    8
    0
   30
   21
    2
    0
   77
   19
    0
    2
    0
    0
   39
    3
    3
    0
    0
    0
   24
    0
    0
    3
    0
    9
   17
    4
    3
    6
   50
    0
   14
    0
    0
    0
    0
    0
    0
    0
    0
    0
   29
   12
    0
    1
    2
    0
    0
   73
  122
   76
    0
    0
    0
    0
    0
    0
    0
    0
   22
    0
    0
    0
    0
    0
    0
    0
    0
    0
    0
    0
    0
    0
    3
    0
    0
    0
    0
    0
    0
   14
    6
   20
    0
    1
    0
    0
    0
    0
    6
   25
    6
    4
    0
    0
    0
    7
   19
   16
    0
    0
    3
    0
    0
    0
    0
    0
    0
    0
    1
    0
    0
    4
    0
    0
    0
    0
   25
   70
   17
   46
   33
    9
    3
    0
    0
    0
    0
    0
    0
    0
    0
    0
    5
    0
    0
    0
    0
    3
   72
   11
   40
    0
    0
    4
   79
   93
   25
    0
   12
  128
   48
    0
    0
    0
    0
    0
    0
    2
    0
    0
    0
   25
   28
   14
    0
    0
    0
   29
    0
    0
    0
    0
    0
    0
    0
    0
    0
    0
   14
    0
    0
   14
   26
   32
   31
    0
   44
    0
  103
    4
    0
    4
    0
    7
    0
   71
    5
    9
    0
    6
   49
    0
    0
   90
   49
    0
    1
    0
    0
    0
    0
    0
    0
    0
    0
   51
   42
    8
    0
    3
    0
   19
   18
    0
    0
   86
   51
   11
    0
    0
    0
    0
    0
    0
    0
    0
   30
    9
    4
   38
    0
    0
    0
    0
    0
    0
    0
    0
    0
    0
   28
    4
    0
    0
    4
    1
    0
    0
    0
    0
    0
    0
    0
    0
   22
    0
    0
   11
    3
    1
    0
    0
    0
    0
    0
    0
    0
    0
    0
    0
    0
    0
    0
   63
   20
    0
    0
    0
    3
    0
    0
    0
    0
    0
    0
    0
    0
    3
   46
   17
    0
    0
    0
    2
   26
   15
   14
    5
    0
    6
    2
    7
    0
    0
    0
    4
   17
    0
    0
    3
    0
    0
    0
    0
    0
    0
    0
   47
    0
    0
    0
    2
    0
    0
    0
    0
    0
    0
    0
   31
   24
   11
    5
    0
    0
    5
    0
    0
    0
    0
   13
    9
    4
    0
    0
    0
    0
    0
    0
   55
   26
    9
   12
   32
   56
   26
    0
    0
    9
   22
   15
   16
    0
   29
    0
    1
   41
   23
    0
    0
   15
   60
    0
    0
    0
    0
    0
   33
   16
    5
    0
   23
   11
    4
    0
    0
    0
    0
    9
  186
   32
    0
   15
    0
   27
    4
    0
    0
    0
   26
    0
   47
   14
    7
   52
   12
    6
    1
   32
    0
    2
    3
    4
    1
   70
   37
   27
   59
    4
    0
    0
    2
    0
    0
   11
    9
    0
    0
    0
    0
    0
   12
    4
    4
    0
    0
    0
    0
    3
    2
    0
    0
    0
    0
    0
    0
    0
    0
    5
    2
   14
   58
   59
    0
   39
   25
    0
   83
    0
   31
    0
   19
    0
    1
    0
  186
   90
    0
    2
   20
   35
   11
  135
    3
    6
   99
  103
   16
  122
   76
    0
    0
    0
  227
    0
    0
   22
    0
    1
    0
    0
    0
    0
    6
    7
    7
    0
    4
   10
    6
    0
   23
    6
    1
   21
    6
    0
   17
   22
    0
  145
   28
    0
    3
    0
    0
   11
  103
  183
   34
    0
   60
    0
    0
    0
    0
    0
    0
    0
    0
   62
    0
    0
    0
    8
    4
    0
    0
   77
   93
    4
    0
    0
    0
    0
    0
    0
    0
    0
    0
  256
  238
   30
    0
    0
    0
   11
    0
    0
    0
    0
  140
   61
    0
    0
    0
    0
    0
    0
    0
    0
    0
    0
   11
   59
   16
    0
    0
    0
    9
    0
    0
    0
    0
    0
    0
    0
   22
   14
   45
  248
  333
   16
    2
    0
    0
  236
    0
    0
    0
    0
    0
    8
    2
    0
    0
    0
    0
    0
   21
    0
    0
    0
    0
    0
    0
    0
    0
   69
    0
    1
    0
    0
    0
    0
    0
   22
    6
    0
    0
    9
   27
   88
    4
    0
    0
  133
   39
   12
   11
    0
    3
    0
    0
    0
    0
    0
    0
    0
    9
    0
    0
    0
    0
    0
   23
    2
   11
    4
    0
    0
    3
    0
    0
    0
    0
    6
    0
    0
    0
    0
    0
    0
    0
    0
    1
    0
    0
    6
    0
    0
    0
    0
    0
    0
    0
    0
    0
    0
    6
    0
    0
    0
   33
    5
    0
    5
    0
    0
   16
    0
    0
    3
   12
   53
   68
   69
   23
   66
    0
    0
    0
    0
    0
   54
    0
    0
    2
    9
   13
    0
    0
    0
    0
    0
    3
    0
    0
    0
    0
   19
    0
    4
   47
   60
    0
    0
    2
    0
    0
    0
    0
   20
   44
    8
    1
    7
   31
   32
    0
    0
    0
    5
   61
   22
    0
   20
    0
    0
    5
    0
   29
   11
    3
    2
    0
    0
    0
    0
   24
    5
    3
    0
   36
    1
   21
  235
   12
   72
   80
   44
    0
    0
    0
    0
    0
    0
    0
    0
    0
    0
    0
   21
    0
   55
   41
    0
    0
    0
    0
    0
    0
    0
    1
    0
    3
    2
   76
   20
    0
    0
    0
    0
    0
    0
    0
    0
    0
    0
    0
    0
    0
    0
    0
    1
   13
    1
    0
   31
    0
    0
  172
  171
   29
   52
    0
    0
    0
    9
   29
   44
    0
    4
    0
    0
    0
   43
    0
    0
    0
    0
    0
    0
    0
    0
    0
    0
    0
   11
    0
   77
    0
    0
    0
    0
   22
   30
    9
  104
    0
    0
    2
  114
  111
   41
    0
   43
    0
    0
    1
   31
  154
    0
   52
   61
  103
    0
  194
   63
    0
    0
   22
    0
    0
    0
  218
  173
  114
    0
  141
    0
    0
    0
    0
    0
   61
    0
    0
    0
    0
    0
   11
    4
    0
   66
    0
   89
    0
    0
    6
    0
   34
    0
  139
   63
    4
    2
    0
    0
    0
    0
    0
    0
    0
   26
   53
  239
   66
   27
   74
    4
    0
    0
    0
    0
    0
    0
   34
   35
  139
    7
    0
    0
  112
    0
    0
  132
   16
    0
    0
   24
   11
   32
  339
    5
    0
    0
    0
   18
    0
    0
    0
    0
    0
    0
    0
  216
    1
   27
    0
    0
    0
    0
    0
    0
    0
    0
   30
   73
   61
    0
   46
   74
    9
  144
    5
    0
    0
   22
    5
    2
    0
    4
    0
  102
    8
    5
    6
    4
   83
   40
    0
    0
    3
    0
   19
    0
    9
    7
    2
  102
    3
   17
    4
    3
   12
    0
    4
    0
    0
    0
    0
    0
   19
    0
    3
   75
    0
    5
   18
    3
    0
    0
    0
    0
    0
    0
    4
    1
    0
    0
    0
    0
    0
    0
    0
    0
    0
    0
    1
    0
   11
    0
    0
    0
    4
  157
    3
   34
    2
   31
    0
    0
    0
    0
    0
    0
    0
    0
    0
    0
    0
    0
   13
    5
    2
    0
    0
   25
    0
  148
   16
   42
    0
   28
    9
    0
    0
    0
    4
    0
    5
    0
    9
   10
    4
   51
   31
   29
   37
   16
    4
    0
    6
    0
    2
   31
   26
    5
   11
    0
    0
    0
    0
    0
    0
    3
   12
    4
    3
    2
   63
    0
    0
   18
   12
    5
    8
   31
    0
    0
    0
    4
    0
   40
   35
    5
    4
    0
    0
    3
    0
    0
    9
    2
    0
    0
   34
    9
   38
    0
    0
    0
    0
    0
   12
    1
    0
    0
    0
    0
    0
    1
    2
    0
    0
    0
    0
   26
    0
    0
  168
   51
    0
   12
    0
    0
    0
    0
    0
    1
   11
    9
   12
    5
   15
   25
   16
    0
    0
    0
    6
    3
    0
    0
    8
   24
    4
   66
   11
   23
   30
    0
    0
    0
    0
    0
    0
   19
    0
   44
    1
   42
   46
   63
    0
   19
   32
   13
    0
    0
    0
   27
    2
    5
    0
    0
    0
    0
    0
    0
    0
    0
    0
    0
   20
    0
  236
  101
    0
    0
    0
    0
  108
   21
    0
   48
    0
    0
    0
    0
   27
   28
   12
   18
    2
   35
   23
   32
   40
   51
   55
    0
   16
    0
    1
  127
   54
    2
    6
    4
   36
   30
    0
    3
    7
    0
  105
    0
    0
    0
    0
   33
    0
   44
   15
    0
    0
    0
    0
    0
    0
   16
    0
    0
   23
   58
    5
    6
    0
    0
    0
  161
    0
   31
   52
    0
    4
   24
    0
    0
    2
    0
   17
    0
    0
    0
   44
    0
   22
    0
    0
  176
  535
    6
    0
   15
    0
    0
   39
    0
   68
    3
    0
    0
    0
    0
    0
    0
    2
    0
   60
    3
    6
    8
   17
   16
    2
    0
    0
    0
    0
    3
   23
    0
   20
    0
    0
    0
    0
    1
    0
    0
    0
    0
    0
    0
    0
    0
    0
    0
    0
    0
    6
    2
    0
    3
    0
    0
    0
    0
    0
   29
    4
    1
    0
   13
    0
    0
    0
    0
    0
    0
    0
    0
    0
    0
    0
    0
    0
    0
    9
    0
    0
   50
    7
   16
    0
  108
   33
    4
    0
   15
    6
    0
    0
    0
   11
   12
   92
   70
   19
   21
   13
    6
    0
    0
    9
    0
   50
    0
    0
    0
    0
    0
   23
    1
    0
   15
   41
   19
    0
   34
    2
    0
    9
  167
   20
    8
  108
    0
    0
    0
    0
    2
    5
   30
  106
   12
    0
    0
    0
    1
   70
    3
    0
    5
    0
    0
    0
    8
    0
    0
  108
   67
   68
   56
    7
   93
   33
    0
    0
    0
    4
   18
   16
    2
    0
    0
    0
    0
    0
   27
    0
    0
    0
    0
    2
    2
   17
  120
   11
    0
    0
    0
    0
    0
    0
    0
   50
    8
    2
    2
    0
    0
    2
    0
    0
    0
    0
    0
    0
    0
   14
   21
   96
    4
   16
   11
    0
    0
    0
    3
   12
    5
    0
    0
    0
    0
    3
   70
    2
   44
   77
    0
    0
    0
    0
    4
    6
  109
    0
    6
   82
   32
    0
    0
    5
   14
   38
   94
   28
    4
    0
    0
    0
    0
    2
   26
    3
    9
    4
    6
    7
   47
  119
    3
    2
    0
    0
    0
    0
    0
    0
    0
   11
   36
  186
   10
    5
   30
    2
    0
   88
    1
    8
    0
    0
   14
    5
    0
    7
    0
    0
   62
    0
    0
   15
   23
  274
  240
   11
    0
    2
   46
   71
   57
   43
   50
    3
    0
    0
  123
   19
    0
    0
    0
   15
   17
    0
    0
    0
    0
    0
    0
   23
    0
    0
    0
    0
    0
    0
    0
    0
    0
    0
   20
   71
    4
    9
    8
   61
    0
    0
    0
    0
    0
    0
    0
    0
    0
    0
    0
   20
  115
   12
   13
    2
    0
    0
    0
    0
   18
    0
    0
    0
  249
    0
    0
    0
    0
    0
    0
   16
  128
    9
    0
   19
    0
   28
  243
   92
   30
    0
   11
   44
  172
    6
   13
    0
    3
    6
    1
    3
    0
    2
   50
    5
    0
   60
    0
    0
    0
    0
    0
  179
   11
    0
    9
  128
  116
   11
    0
    0
    0
    0
    0
    0
    0
    0
    0
    0
    0
    0
    0
    0
    0
    0
    0
    0
   27
    0
    0
    0
    0
    0
    0
    0
    0
    0
    0
    0
   20
   51
   69
  144
   63
    0
    2
    0
    0
   30
   31
    0
    0
   41
    8
    0
    0
   38
   14
    0
    0
    0
    0
    0
    0
    0
    0
    1
    0
    8
    0
    1
    0
    0
    2
    0
    0
    0
    0
    0
    0
    0
    0
    3
    1
    0
    0
    0
   20
    2
    0
    6
    9
    0
    0
    1
    0
    4
   14
   12
   15
    5
   65
   78
    2
   49
    3
    1
   22
   35
   74
   32
  181
   31
  167
   89
    2
    6
   30
   83
   24
   53
   69
   28
   20
   33
    0
   19
   37
    6
    0
    0
    0
    0
    0
   12
   62
    4
   27
   55
    0
   35
    3
    0
    0
    0
    0
    0
    0
    0
    0
    1
   98
    3
   20
    0
    0
   32
    0
   71
    4
    2
   42
    9
  211
    0
    6
    0
    0
    0
    0
   38
  104
   66
  237
    0
    0
    0
    0
    2
    0
    0
    0
    0
    0
    0
    0
    6
   35
    7
   12
    5
    0
    0
    3
   41
    2
   17
   29
    1
   38
    0
    2
    0
    2
    2
    0
   64
   12
    0
    4
    0
   59
   50
   12
    4
    0
    0
    0
    3
    0
    0
   19
   34
   39
    0
    0
    0
    0
    0
    0
    0
    0
    1
    0
   96
  323
    6
    7
   11
    0
    0
    0
   65
    0
   20
   24
    0
    9
    0
    0
    0
    3
   35
   44
  108
    9
    0
    0
    0
   23
    9
   28
   11
   37
  116
   94
   64
   17
   62
   16
    6
    1
    0
    0
   18
   19
   43
  117
  102
    6
   28
    4
    4
   45
    2
   46
    3
   44
    2
   28
    0
    0
    0
    0
    0
    0
    2
    0
    0
    0
    0
  126
    0
    0
    0
    0
    0
    0
    0
  143
   30
  156
    0
    0
    0
   11
    0
    0
   50
   59
   90
    0
   17
  124
    0
   30
   50
   61
    0
    7
    6
    0
    0
   98
   28
    0
   75
   21
   49
    0
   21
    0
  116
    0
    0
    0
    0
   14
    0
    0
    0
   20
   20
   18
    0
    0
    8
    8
    0
    0
   18
    5
  171
    0
    0
    2
    0
    0
    3
   90
    0
    0
    0
   89
    0
    0
    0
   22
   91
   19
    0
    0
    0
    0
   18
    0
    0
    0
    0
    0
    0
   14
    0
    2
    0
    0
    6
    0
    0
    0
    0
    1
   40
    0
    0
    0
    3
   40
    9
    3
    0
    0
    0
    0
    0
    0
    0
   31
   30
    0
    0
    0
    3
    0
    0
    0
    9
    4
   13
    1
    0
    0
   28
   11
   11
  100
   65
   18
    7
    0
    4
  117
    0
    2
    0
    0
    1
    0
    0
    0
    0
    0
    0
    6
    0
    0
    4
    0
    0
    0
    0
    0
   57
   72
  104
   80
   84
   20
   12
    0
    0
    0
    3
    0
    0
    3
    0
    0
   24
   23
    6
   14
    0
    2
   15
   51
    0
    1
   19
    0
    0
    0
    4
    1
   20
    0
    0
    0
    0
   51
   15
   23
   16
    0
    0
   11
    0
    0
    9
    0
    8
    0
    0
    0
    2
    1
    2
    7
    1
    3
  111
    0
    0
    0
    0
   12
   51
   69
    8
    0
    0
   55
   58
  135
    9
   33
   67
   32
   58
    4
    0
    5
    0
    5
   91
   23
    0
   24
   34
   50
  139
    0
   24
   21
    5
   16
    0
   13
   31
   37
   13
   29
   59
   20
   71
   41
    0
    0
  171
   85
    0
    0
    0
   45
    0
    0
   26
   23
    0
    0
    2
   60
    0
    0
    0
    2
    0
    0
   15
    0
    0
    0
    0
    0
    0
    0
   12
    0
    0
    0
   20
   29
   31
    0
    0
    0
    0
    0
    0
    0
    0
    0
    0
    0
    0
   27
   60
   31
    0
    0
    0
    0
    0
    0
    0
    3
   24
    8
    0
    1
    6
    0
    0
    9
   22
  206
    0
    5
    0
    0
   38
    0
    0
    0
    0
    0
    0
    0
    7
    0
    0
   54
    0
   23
    9
    0
   45
   93
    0
    9
    5
    0
   55
    7
   31
    0
   86
   16
   52
    0
    0
    0
   94
    3
   52
   32
   20
   31
    0
    0
    8
    0
    0
   41
    0
    1
   44
    0
   23
    0
    0
    0
    0
   14
    0
    0
    0
    0
    0
    0
    0
    0
    0
    0
    0
    0
    0
    0
    0
  101
    0
    0
   12
    0
   20
   50
   14
    0
    0
    9
    0
    0
   28
   38
  114
    3
  178
    0
    0
    0
    0
    0
    6
    2
    0
   10
   15
    3
    1
    0
    0
    0
    0
    0
   34
    2
    5
    0
    0
    0
    3
    0
    0
    0
    0
    0
  101
   45
   52
    0
    9
    0
   17
    9
    2
    1
   19
    5
    0
    1
    0
    2
    0
    0
    0
    0
   17
    0
    4
    0
    0
   31
   11
    0
  121
    0
    0
    0
    0
    0
    0
    0
    0
    0
    0
   94
  205
   73
    0
    2
   10
   55
   76
    2
    0
   10
   67
    4
    0
   26
    3
   26
  192
   29
   23
   56
   49
    1
   65
   13
  125
    6
   76
   38
   50
   23
   14
    0
    0
   39
   46
  232
    4
    5
    0
   23
   44
    0
    0
    3
    0
    0
    0
    5
   24
    3
    0
    4
   40
   41
   75
   30
    0
   31
    0
   30
    0
    8
    0
    0
    0
    0
    0
    0
    0
    0
    0
    0
    0
    0
    0
    0
    0
    0
    0
    0
    0
    0
    0
    2
    0
    0
    0
    0
    0
    0
   31
    3
   11
   12
   18
    0
   29
    1
   54
    0
    0
    5
    2
   13
    1
   12
   16
    2
   47
    3
    2
    0
    0
    0
   15
    0
    1
   75
   17
    0
    0
    2
   19
   18
    0
    0
    0
    3
   20
    0
   29
    0
    0
    0
    0
    0
    0
   30
    6
    0
    0
    0
    2
    0
    4
   25
    0
    0
    0
   17
    8
   65
   21
    6
   11
    0
    5
    2
  148
  302
    0
    0
    0
    4
   60
  122
    0
    0
    0
    0
    0
    0
    0
    0
    0
    0
    0
  127
   68
   16
    0
   19
    0
    0
    0
    0
    0
    0
    0
    0
    0
    0
    0
    0
    0
    0
  151
  338
    0
    3
  119
   58
    0
   21
    0
    7
    0
    0
    0
   59
    0
    0
    0
    0
    0
    0
    0
    0
    0
    0
   22
    2
    0
    0
    0
  142
   17
    4
   45
  114
   98
    9
    2
    0
    0
    0
    3
    0
    0
    0
    0
   26
    0
    0
    0
    0
    3
    0
    0
    0
    0
  189
   93
   26
   38
    2
    0
    0
   31
   20
    9
    8
    9
    0
    0
    3
    0
    2
    0
    0
    0
    0
    0
    0
    0
    0
   34
    0
    0
    0
    0
    7
    0
    0
   19
    0
   47
   82
    0
    0
    0
    1
    2
    1
    0
    0
    0
    0
    0
    0
    0
    0
    0
    0
   55
   61
    2
    0
    0
   12
    0
    0
    0
    2
    0
    0
   56
   31
    0
    0
   15
    4
   30
    0
    0
    0
   43
   74
   56
   29
    9
    3
    0
    0
   13
    2
    0
    0
    0
    0
    1
    0
    0
    0
    0
    0
    0
    0
    0
    6
   20
   92
  242
    8
   20
    5
    0
  185
   54
   16
    0
    0
    0
    0
    0
    0
    0
    0
    0
    0
    0
    0
   28
  101
    0
   33
    4
   30
   29
    0
    0
    0
    0
    0
    0
   10
    0
    4
    0
    2
   14
    0
   16
    4
   17
   68
  137
   34
    0
    3
    5
   35
    0
   61
    3
   11
    0
    0
    0
    0
    0
    0
    0
    0
    2
    0
    0
    2
    0
    0
    2
    0
    0
    0
    0
    0
    0
    2
    0
    8
    0
    3
    0
    0
    0
    1
    6
   56
    3
    0
    0
    0
    0
    0
    0
    1
    3
    0
    0
    0
    0
   10
    0
   19
    2
    1
   43
   29
  102
    0
    0
    0
    0
    0
    0
    0
    0
    0
    0
   99
   63
  118
   32
    4
   12
    2
    0
    4
    0
    0
   11
   13
    0
    0
    0
    1
    0
    0
    0
    0
    0
    2
    0
   50
    0
    5
    0
   12
    7
   72
    3
    0
    0
    0
    4
   40
    0
    0
    0
    0
    0
    0
   29
   82
    0
    0
   66
    2
    0
    1
   12
   26
    0
    2
    0
  115
   97
   26
    4
   19
    0
    0
    0
    0
    0
    0
    0
    0
    0
    0
    0
    0
   17
    0
    0
    0
    0
    0
   54
   11
    0
    0
    0
    0
    0
    2
    0
    0
    0
    0
    0
    0
    0
    0
    0
  151
   11
    3
    0
    0
    7
  181
   30
  404
    0
    0
    0
    9
    2
    0
    0
    0
    0
   10
    0
   30
   41
    0
    0
    0
    0
    0
  113
  132
    0
    0
   96
    0
   48
   25
    0
    3
   80
   17
    0
    0
    0
    0
    0
   23
    0
    0
    0
    0
    0
    0
    0
    0
    0
    0
    0
    0
    0
    0
    0
    0
    0
    0
    0
    0
   96
    6
    0
    0
    0
    0
    0
    0
   56
    0
   34
    5
    2
    0
   40
  216
    0
    0
    0
    3
    0
    0
    0
    2
   47
  169
    0
   30
   13
   65
   11
   39
    3
   35
    5
  212
   15
   16
    0
    0
    0
    0
   17
   27
    0
    0
   36
   33
   12
    8
   29
    0
    2
    0
    2
   48
   59
    0
    0
   22
    0
    0
    2
    0
    0
    0
    0
    0
    0
    0
    0
    0
    0
    0
    0
    5
    0
    0
    0
    0
    0
    6
    0
    3
  145
   11
    8
    3
   18
   50
   47
    9
    8
    0
    0
    0
    0
   17
    4
    3
   11
    0
    4
   56
   61
   25
   44
    0
   77
   34
    0
    0
    0
    0
    5
   74
   19
    5
    0
   18
   33
    0
    0
    0
    0
    0
   79
   45
   34
    5
    7
    0
   14
    9
    0
    0
    3
    0
    0
    0
    0
    0
    0
   12
    0
   33
    0
   11
   12
   18
  110
   66
    0
    0
   23
    0
    0
   32
   15
    0
    9
    0
    0
    0
    0
    0
    0
    0
    8
    0
    0
    3
    0
    3
    0
    0
    0
    0
    0
    0
    0
    0
    2
   15
   11
    6
    9
    7
   64
    0
   14
   28
    4
   46
   12
    0
    0
    0
    0
    0
    0
    0
    0
    0
    0
    0
    0
    0
    0
    0
    0
    6
    0
    0
    0
    7
    0
    0
    0
    0
    0
   17
    0
    0
    0
   86
    8
   55
    7
    0
    0
    0
    0
    0
    3
    0
    0
    0
   48
    0
    0
   23
    2
    0
    0
   22
    0
    0
    0
    0
    0
    0
    0
    1
   70
    0
   52
    9
    7
    9
   28
    0
    4
    0
    0
    0
   22
   88
   28
    3
    2
    0
    0
    7
    6
    0
    0
    3
   52
    2
    1
   85
   23
    0
   20
    1
    2
    0
    0
    0
   17
   11
   20
    1
    0
    0
    0
    0
    0
    0
    0
    8
   21
    1
   13
   65
    0
   14
    6
    0
   14
    9
    0
    0
   31
  342
   48
    4
    0
    0
   93
   15
   43
    5
   48
   61
  142
    0
    0
    0
    0
    0
    0
    0
    0
    0
    4
    0
    0
    0
   91
    3
   24
    0
    0
   10
    0
    0
    0
    0
    0
    0
    8
    1
   56
    0
    0
    0
    0
    7
  152
  157
    3
    0
    0
    0
    0
   48
    0
   32
    0
   17
    0
    0
    0
    0
    7
    0
    0
   46
    0
    0
    1
    0
    0
    0
    0
    0
    0
    0
    0
    0
    0
    0
    0
    4
    0
    6
   12
    0
    0
    0
    0
    0
    0
    0
   85
    1
    0
    3
    0
    0
   20
    0
    0
    0
   18
    4
    0
    1
   46
   44
    6
    0
    0
    0
    0
    0
    0
    0
    0
    0
   16
    0
    0
    0
    0
   28
    9
   27
    9
    0
   19
    7
   20
    3
    0
    0
    0
    0
    0
    0
    0
   11
   60
   13
   21
   15
   16
   56
   35
    5
   47
    0
   27
    2
   14
    0
   20
   16
    0
    0
    0
    0
    6
    0
    0
    0
    0
    0
    0
    0
    0
    0
    0
   32
    3
   22
   10
    0
    0
    0
    0
    0
    0
    0
    0
    0
   10
   49
  109
    0
   88
   79
   40
    5
    0
  103
   28
    0
    8
    0
    0
    0
    0
    0
   49
   68
   12
    0
    0
    0
    0
    0
   13
    4
   50
    0
    9
    0
   35
  125
    0
    0
    0
    0
    0
    0
   21
    0
    0
    3
    1
    5
    0
    0
    1
    1
   25
   13
    0
    0
    0
    0
    0
    0
   55
    0
    9
  129
   39
    8
   20
    6
   12
   12
    5
    0
    0
    0
    0
    0
    0
    0
   19
    0
    0
    0
   58
    0
    0
    0
   21
   15
   48
  186
   13
    7
   21
    0
    0
    8
   43
   35
   76
    3
  350
   33
    0
   51
   66
    2
    1
    0
   45
   13
   12
    0
    2
    0
    0
    0
    0
    0
    0
    0
   19
    0
    0
   13
   16
    7
   12
    0
    0
    7
   45
    0
    0
    2
   24
   14
    0
    0
    2
   38
    0
    0
    0
    0
   12
   21
   51
    5
  139
    0
    0
    0
    0
    0
    0
    0
    0
    0
    0
    0
    0
    0
    0
    0
    0
    0
    0
    0
    0
    9
    1
  230
  108
    0
  112
  225
   33
  189
    0
    0
   52
    0
    0
    0
    7
    0
   21
    0
   27
    0
    0
   29
    0
    0
    0
    0
    0
    0
    0
    0
    0
   35
   30
  243
   75
    4
    0
    0
   44
   54
    0
    0
   38
    0
    0
   11
    0
    0
    0
  523
    5
    0
    0
   60
    0
    0
    0
    0
    0
   28
    5
    0
    1
    0
    0
    0
    0
    0
    0
    1
    0
    0
   59
   30
    0
    0
    5
    6
   49
   17
    0
    2
    9
    0
    0
    3
    0
    0
    2
    1
  197
    6
   33
    4
   30
   12
    0
    3
    0
    0
    0
    6
    0
    0
   41
    0
    0
    0
    0
    0
    0
    0
    0
   21
   58
    0
    0
    0
    0
    0
    0
    0
   12
    0
   61
    0
    3
   20
    0
   25
    0
    6
    0
    0
    0
    9
    0
    0
    0
    0
    0
   18
    2
   18
   27
   85
   63
    2
   36
    5
    0
    0
    2
   25
    9
    0
    3
    0
   32
    0
    0
    6
   22
   11
   32
    3
   41
    2
   56
    2
   19
    0
   87
  159
    3
    0
    3
   18
    6
    0
    1
    0
    0
    0
    0
   33
    0
    0
   34
    1
    4
   12
   95
   52
   18
    0
    0
    0
    0
    0
    0
   61
    7
   26
    3
    0
    0
    0
    3
    0
    0
    0
    0
    0
    0
    0
    0
    0
   53
   17
   18
    1
    0
   84
   57
    6
    0
    0
    0
    0
   16
    8
    3
    2
   77
    0
   20
    9
   13
    0
  147
    7
    0
    0
    0
    0
    0
    0
    0
   21
    0
    0
    0
    0
    0
    0
    0
    0
    0
   32
   19
    9
   23
   58
   19
   14
   13
   11
    2
    0
   10
    0
    0
    0
    7
   12
   15
   52
    0
    0
    0
    3
    0
    0
    0
    0
    0
    6
   26
    5
    0
    0
    0
   14
    0
    0
   55
   10
    9
    8
    7
    0
    0
    0
    0
    0
    5
    3
   51
   24
    1
    0
    0
    0
    0
    0
    3
   15
    0
    3
   27
   51
    0
    0
    1
    0
    0
    0
    0
    0
    0
    0
    0
    0
  143
    0
    0
    1
    2
   50
    4
    0
    0
    0
    0
    0
    0
    2
    0
    0
    0
   68
    0
  208
    0
    0
    0
    0
    0
  100
   21
    0
    5
   15
    0
   50
  169
    0
    0
   42
    0
    0
    0
   49
  149
   18
    0
   25
   28
   87
    1
    2
    5
    0
    0
   20
   29
    0
    1
   13
   23
   39
    0
    0
    0
    0
    0
    0
  433
    0
    0
    0
    0
   71
   32
    7
   21
    4
   95
  152
    1
    4
   25
    0
    0
    5
   11
    2
   52
   37
   38
    0
    3
   47
   55
    0
    0
   52
    0
  262
    0
    0
    0
   60
   51
    0
    0
    0
    0
    0
    0
    0
    0
    0
    1
    0
    0
    0
    0
    0
    0
    0
   35
    0
  104
   34
    3
   52
   83
   49
   74
    0
    0
    8
    8
    1
   13
    1
   75
    2
    6
   13
    0
    0
    0
    0
    0
    0
    1
    2
    1
    0
    0
    0
    0
    0
    0
   83
    0
    0
    0
    1
    0
    8
    7
   31
    1
    0
    0
    7
   28
    0
    2
    0
    0
    1
    0
  107
  115
  116
    0
    0
    0
    0
    5
    1
    0
    0
    0
    0
    2
   11
  123
   27
   23
    0
    1
    3
    0
   28
   84
  126
   15
    4
    0
   15
   16
    5
    6
    0
    0
    0
    0
    0
   39
    0
    0
    0
    5
    0
   16
    0
    0
    0
   69
   11
  105
    4
   25
  131
   50
    4
    1
   24
    5
   50
  225
  106
   19
   36
    0
   81
    8
    2
    0
    5
   14
   10
    0
   41
   29
    0
    0
    0
    2
    0
    0
    1
    2
   16
   46
   10
    0
   22
    8
    0
    0
    1
    0
    1
   35
    0
   27
   25
   37
    2
    6
    3
    0
    1
   16
    5
    0
    0
    1
   30
   44
   12
   31
   19
   12
    3
    0
    0
    0
    0
    0
    0
    0
    9
   52
   60
   11
    1
    0
    2
    7
    5
   11
   45
    0
    3
    0
    7
    1
    0
    0
    0
   30
   61
    1
  144
   25
    2
   13
   62
    9
    0
   45
    3
   24
   29
    6
    0
    0
    3
    0
    0
   22
   52
    7
   13
    0
    0
    0
    0
    8
    3
  144
  523
  111
    1
    0
   18
   63
    0
    0
    0
    7
    0
    0
    0
    1
    5
    1
    0
    0
    7
    0
    0
    0
   27
   45
    0
    0
    0
    0
    0
    0
    0
    2
   29
    0
    9
    0
    0
  205
    1
    9
   20
    7
   68
  122
  116
    1
    0
   13
    0
    0
    0
   34
   42
   17
  125
    0
    0
    7
    0
   45
    0
    0
    4
    0
    0
   80
    0
    0
    0
    0
    0
    0
    0
    0
    0
    0
    0
    0
  402
    0
    0
    0
    0
  207
   69
    8
  115
    0
   21
    0
    0
    0
    0
   74
    0
    0
    7
   11
    0
    0
    0
    0
    0
    0
    1
  157
    0
    0
    0
    1
    0
   73
    0
    0
    0
    0
    0
   13
   63
    0
   81
   40
   21
    0
    0
    0
    0
   64
   62
   20
    0
    0
  251
   20
   35
   95
    0
    0
   24
    0
    0
    0
    0
   27
    0
    0
   62
    3
   35
  189
    0
   60
    0
    4
    8
   57
   16
    1
    0
   29
    3
    0
    0
    0
    0
    0
    0
    0
    3
    0
    0
    0
   55
    4
  124
    5
   18
    0
    0
    0
   18
    0
    0
    0
    0
    0
    0
    5
    0
    0
    0
    0
    0
    0
    9
    0
    3
    1
    1
    9
   26
   13
   24
    0
    0
    0
    0
    0
    7
   10
    1
    0
    9
    4
    0
    1
   24
   59
   18
  134
   75
   87
    2
    0
    0
    0
    0
  102
   49
    3
    5
    0
    2
    0
    0
    1
   36
   34
    6
    0
    8
    5
   59
    0
    0
  208
   19
    0
    4
    0
    0
    0
    0
   41
    0
    0
    0
    0
    0
    8
    6
   12
   30
    0
    7
   48
    9
    0
    0
    0
    1
    4
   50
   37
   29
   42
    2
    0
    0
    0
    0
   34
    9
   18
   10
   59
   17
    7
   40
   25
   14
    6
    6
   31
    0
    0
   25
    0
   24
    0
    2
    0
  200
    0
    8
    0
    8
    2
    5
   44
    0
   26
   16
    8
    3
   30
    0
    0
   26
    8
    5
    0
    0
   28
    9
    3
    0
    0
    0
    2
    0
    0
    0
    0
    0
    1
    1
   17
    4
    6
   35
    2
   18
    9
    0
    0
    0
   18
   16
   58
   28
   52
    0
   49
   75
    0
    0
    0
   11
    5
   20
    0
   47
   38
   67
   20
    0
    2
   30
   67
  181
   80
  124
    0
    0
    0
    0
    0
   14
   72
   13
    0
    4
   26
    0
    0
    0
    0
    0
    0
    0
   40
   19
   32
    0
   95
  171
    0
    0
    7
   19
  195
    0
    0
    0
    0
    0
    0
    0
    1
    5
    0
   32
  183
  123
  256
  129
    0
   63
   26
    2
   27
    8
    7
   19
   19
   11
    0
  104
   10
    5
   82
    0
    0
    0
   54
   16
   22
   38
   14
    0
    0
    0
    0
    0
    0
  204
    0
    5
    0
    0
    0
    0
    0
    0
    0
    0
    0
  195
   56
    1
   11
  114
    0
    0
    0
  216
    0
    0
    0
    0
   80
  205
    0
    0
    0
    0
    0
    0
    0
    0
    0
    0
    0
    0
    0
    0
    0
  126
  171
    0
    8
    0
    0
    0
    0
    0
    0
    0
   61
   46
   25
  103
   59
   59
   25
  329
  226
    0
    1
    0
    0
   11
   24
    6
    0
    0
    0
    0
   41
    1
    0
    0
    0
    0
  140
  128
    2
    0
    0
    0
    0
   63
   91
    3
   17
  105
    7
    0
    0
    0
    0
    0
    0
    0
    0
    0
    0
    0
    0
    0
    0
    0
    0
    6
    0
   11
    0
    0
    0
    0
    0
    0
    1
  386
   21
    6
    0
   86
   64
   99
   21
    0
   57
   30
    9
    5
    0
    0
    0
    0
    0
   27
   48
  101
    3
   55
    0
    0
    0
    1
    0
    0
    0
    0
    0
    0
    1
    0
    2
    1
   23
   10
    0
    0
    0
    0
    0
   26
   16
   10
    0
    0
    0
    0
   15
    3
   86
    7
    9
  159
   29
    0
    9
    2
    0
    0
    5
    0
    0
    6
    0
    0
    0
    0
    3
    0
    0
    0
    0
    0
    0
    0
    0
    0
    0
    0
    1
    0
    0
    0
    0
    0
    0
    3
    0
    0
    0
    0
    0
    0
    6
   10
    4
    6
    0
    0
    0
    0
    0
    0
    9
   63
   37
   34
   15
    8
    9
    4
   37
   19
   34
    8
    0
    0
    0
    0
    0
    0
    8
    4
    1
    0
    3
   32
    0
    0
    0
    0
   14
   29
    2
    0
    0
    0
    1
    0
    0
    0
   26
    1
    2
   15
    0
   88
    0
    9
   28
    8
   10
   16
    3
   79
    3
    0
    0
    0
    0
    0
    6
   85
    0
    6
    0
    0
    0
    0
    0
    0
    0
    0
    0
   12
   28
    0
    0
    0
   19
    0
    0
    0
  144
    0
   21
    0
    0
    0
   10
   16
    5
    0
   15
   59
    0
  137
   25
    5
  206
  118
    0
   17
    4
   12
    0
   12
   25
   87
    0
    0
    0
    0
    0
   24
    0
    0
    0
    0
    0
   64
    0
   22
    0
    0
    0
    0
    0
    0
    0
    9
    0
   67
   14
   46
    9
    0
    0
    0
    2
   15
   71
   15
   31
   22
    1
   50
   80
  129
  274
  385
    3
    0
  131
    0
    0
    0
    5
    0
    0
    0
    0
    0
    0
    0
  149
    2
   65
    0
    0
  136
   10
   51
    0
    0
    3
    0
    0
    0
    0
    5
    0
    0
    0
   47
  309
   25
   11
   52
   41
    0
    0
    0
    0
    0
    0
    0
    1
   12
    0
   88
  122
    0
    0
   62
    0
    0
    0
    3
   15
   96
   11
    0
    0
   26
    0
   70
  135
   34
   22
    0
    0
   27
    0
   14
   37
    0
    4
    0
    0
    0
    4
    9
    5
    0
   26
   18
    0
    8
   20
    0
    0
    1
    2
    5
    0
    0
    0
    0
   15
   35
   85
    8
   20
  272
   90
    0
    0
    0
    0
    3
   21
    2
   22
    2
   13
   14
    0
    0
    0
    0
    0
   15
   22
    2
    0
    0
    0
   81
    0
   19
    2
    1
   59
    6
   15
    0
    0
   13
    3
   11
    9
   12
   31
   22
   69
   13
   42
    0
    0
    0
    0
    0
    0
    0
    0
    0
    0
  103
    2
    0
    0
   15
    9
  201
   25
    0
    0
    0
    2
    3
    0
    0
    5
    0
    0
    0
    0
    0
    0
   25
    0
    3
    0
    0
    0
    6
    0
    0
    0
    0
    0
    0
    0
   12
   57
   16
    0
    1
    8
    6
  113
    0
    0
    9
    0
    4
    0
    0
    0
    0
    1
   45
    0
    3
    1
    0
   12
   25
   10
   31
    0
    9
   12
    0
   82
   21
    1
   64
    0
    0
    0
  135
   98
    9
    0
    0
   14
    5
    0
   12
   13
    0
    0
    0
    0
    0
    1
    0
    5
   32
  132
    3
   26
   68
   19
   16
    0
   80
    0
    0
   15
   14
   21
    4
    7
    0
    0
    0
    0
    0
   70
   11
    0
    0
    0
    0
   55
    7
   36
   19
   20
    0
    0
   26
    1
    0
    0
    1
    0
    0
   43
   23
   15
   10
   17
    2
    0
    0
    0
    0
    8
  118
    5
    0
    4
    2
    0
    4
    4
    4
    0
    0
    0
    5
    0
   37
    8
   34
    0
    0
    0
    2
    9
   22
    0
    0
    0
    0
    0
    0
    0
    0
    0
    0
    5
    0
    0
    0
    0
   33
  138
    0
    0
    0
   41
    5
    8
  112
    6
   30
   23
    6
   21
   76
    0
    5
   37
   23
    3
   42
  106
   21
    0
    0
    0
    0
    0
    0
    0
    0
    6
   44
    8
   10
  261
  105
  195
   64
    0
    0
    0
   43
    0
   22
    0
    0
   17
   49
   54
    0
    0
   21
    0
    0
    0
    0
    0
    0
    0
    0
    0
    0
   19
    0
    0
  146
   16
    0
    0
    0
    2
    0
    0
   16
    0
   86
   16
    0
    0
    0
    0
    0
    0
    5
    6
    2
    0
    3
    0
    0
   51
   26
    0
    0
    0
    0
    0
    0
    0
    0
    0
    1
   13
    0
    0
    0
    0
    8
    4
    5
   27
    0
    0
    0
    0
    5
    9
   70
    5
   63
   21
   36
   14
   74
    0
    0
    0
    0
    6
    0
    0
    5
    0
   27
   17
    0
    0
    0
    0
    0
    0
    0
    0
    0
    0
    3
    0
   17
    0
    0
    0
    0
    7
    0
   91
    6
    0
    0
    0
    6
   16
    3
    0
    0
    0
    0
    0
   26
    1
    1
   40
  108
   59
    8
    0
   44
   11
    0
    0
   27
   43
  111
   56
   48
   10
    0
    0
   13
    0
   54
    0
    0
    0
   20
   18
    3
    1
    2
    2
    0
    0
    0
    0
    1
    0
    1
   11
   19
    0
    0
    0
    0
    0
    0
    0
    0
   61
    0
    0
   21
   55
   21
   27
    0
   15
    0
    0
    0
   31
    0
   26
    0
    0
   10
    0
    0
    0
    0
    2
    0
    0
    0
    0
    0
    0
    0
    0
   52
    0
    0
    0
    0
    1
  113
    0
   39
    7
    1
    0
   36
    6
    2
    2
  109
   48
   62
    2
   59
    3
   15
    0
   18
    2
   37
   29
   25
   33
   13
   10
   16
    0
   49
    0
    0
    0
    0
    0
    0
    0
    0
    0
    0
   57
   24
    0
    0
    0
   12
   29
   31
   22
   11
    2
    0
    0
    0
    0
    0
    0
    6
   11
   14
    0
    0
    0
    2
    5
    8
   20
   31
    0
    0
   62
   31
    0
    0
    0
    0
    0
    0
    0
    0
    0
    0
    0
    0
    0
    1
    0
    0
    1
   51
    0
    6
   35
   29
   14
    6
    0
   83
   24
   24
    9
   62
    0
    0
    0
    0
   52
    0
    0
   47
   46
  305
    0
    0
    0
   12
   93
    8
    0
    0
    0
   11
   16
    4
    0
    0
   21
    0
    0
   12
    8
    0
    7
   53
  103
   82
   23
   51
   22
    5
   73
   15
   21
    0
    0
   54
    9
    3
    0
    0
   12
    1
    6
    0
    0
    0
   89
   23
   24
   21
    0
   20
   63
    0
    1
    0
    0
    0
    0
    0
    0
    0
   49
    5
    0
    0
    0
    0
    0
    0
    0
   91
   12
    8
   11
    0
   88
    7
   23
    3
    0
    0
    0
    0
   87
    0
  101
   27
    0
    0
    0
   42
    7
   91
    0
  131
  185
   51
  108
    8
    0
    0
    0
    0
    0
    0
    0
    0
    0
    0
    0
    2
  259
   48
   18
    4
    5
    3
   75
    0
   10
    7
   31
   73
    3
   22
    0
    0
   54
    3
    0
    7
    0
    0
   24
   44
   44
    3
    9
   75
   22
   13
   94
  159
   42
    3
   70
    0
   17
    0
   13
   62
   45
    6
    0
    0
   83
   30
   38
   11
   51
   16
    8
    0
    0
   15
    0
    0
   11
    0
    0
    1
    1
    0
    0
    0
   11
   32
   19
    0
    0
    0
    0
    0
    3
   13
   33
   40
    2
    0
    8
    0
    9
    5
    7
    0
    0
    0
    0
    0
    2
    0
    0
    0
    0
    0
   12
    1
    0
    0
   36
    6
    0
    0
   59
    1
    5
    6
    0
    0
    0
    0
    0
    0
    0
    1
    0
    0
   49
    1
   36
   15
    6
   22
   29
    0
    5
   15
   62
   37
   33
   38
   31
    2
    0
    0
    8
   71
    0
    0
   32
    2
    0
   55
    0
   68
    5
   38
    6
    6
    0
    6
    0
   98
   95
    0
   27
   43
    0
    0
    0
    0
   54
    0
    0
    0
    0
    0
    0
    0
    0
   33
    6
    2
    0
    7
    1
    0
    3
   73
   13
    0
    0
    0
    0
    0
    3
   99
    1
   58
   16
   24
    0
    0
   32
    0
   11
    0
    0
   45
    6
    0
    0
    0
   11
    0
    9
   29
    0
    0
   13
    2
    0
    0
    0
    0
    0
    0
    0
    2
    8
  115
    0
    3
    3
   66
    0
   27
   15
    0
    0
    0
    0
  115
  119
    4
    0
    0
    0
    0
    0
   52
    0
  193
    0
    0
   17
    9
    0
    0
    0
    0
   76
    0
  157
    6
    0
    0
    0
    0
    0
  121
  174
   11
   26
   10
    3
    0
   22
    0
    2
    0
    6
    0
  109
    6
    0
    0
   22
  367
  158
   99
  136
    6
    0
    7
    7
   29
  229
   15
    0
    0
    0
    0
    0
    0
   18
   28
    0
    0
    0
    0
    0
    0
    0
    0
    0
    0
    0
    0
   48
    4
    1
    0
   10
    0
    4
    0
    0
   34
    3
   56
   22
   10
    0
    6
    0
    0
    0
    0
    0
   37
  189
  120
    0
    0
   14
    0
    0
    0
    0
    0
   45
    5
    0
    0
    0
    0
    0
    0
    0
    0
    0
    0
    0
    0
   89
    0
   16
    2
    0
   27
   45
    0
    8
   22
    6
    5
    8
   13
    2
    3
   77
   11
    9
   12
    1
   15
    0
    0
   32
    1
    0
    0
    0
    0
    0
    0
    0
   12
    0
   25
    5
    0
    0
    0
   10
   18
    0
   99
    0
    0
    0
    2
   46
  167
  165
  189
    0
    0
    3
   10
    0
    0
    2
    3
   36
    7
    5
   10
    1
    6
    0
    0
    0
    0
    0
    1
    1
   44
   18
   21
    8
    1
   23
    0
    0
    0
    0
    1
    9
   10
   23
    0
    2
    5
    5
    0
    0
    0
    4
    1
   36
  126
   43
    0
   18
    2
    0
   19
    0
    0
    9
    0
    7
    0
    3
   39
    0
    0
    0
    0
    0
    4
   13
    4
   50
    0
   29
    9
   29
    0
    0
    0
   12
    0
    0
   82
    8
  125
    1
    5
    2
    3
    0
    0
    0
   21
    1
   33
    0
    0
   29
   24
   29
   17
   26
   17
   20
   17
    0
    2
    0
   29
   81
    0
    0
   28
    1
   35
    4
   60
   21
    4
    0
    1
   17
  129
   18
   52
    9
    6
   83
   28
  136
   96
    0
    0
    0
    0
    0
   16
   11
    0
    0
   35
    0
   28
   92
    7
    4
    0
    0
   20
    4
    0
    0
    0
    0
    0
    7
    0
    0
    3
    0
    0
    0
   46
   29
    0
    0
    0
    0
    0
    0
    0
    0
    0
    0
   52
  196
    0
    0
    0
    0
    0
   30
    0
    0
    0
    0
    0
    0
    0
    0
    0
   31
    4
   32
   16
   34
   27
    0
    0
   26
    0
   11
    0
   28
   21
    0
    0
    0
  121
    0
  251
    9
   76
    0
    0
  213
  130
    0
    0
    3
   15
    0
    0
    0
    0
    0
    0
    0
    3
   26
   30
    2
    0
    0
    0
    0
   11
  104
    0
   51
    7
    0
  203
   43
    5
   17
    7
    0
    5
   76
    3
    0
    0
    0
    0
    0
    0
    0
    0
   21
    3
   33
   21
   36
    0
   32
    0
    0
   90
   69
    0
    0
    0
   14
   16
    0
    0
    0
    0
    0
    0
    6
    0
    0
    0
    0
  169
  132
    0
    0
    0
    0
    0
   36
    0
    0
    0
    0
  229
   19
   37
   23
   13
   42
   95
    0
    0
    0
    0
    0
   48
    0
    8
   49
   10
    0
    0
   14
  169
    1
    0
    0
    0
    0
    4
    0
    0
    0
   54
    0
    0
    0
   17
   36
  143
    0
    4
    9
    9
    0
    0
    3
    2
    0
    5
    0
    0
    0
    0
    0
    5
    0
    9
   31
    9
    3
    0
    1
    1
   12
    0
   29
   10
    0
    0
    0
    0
    8
    0
    0
    0
    0
   74
    0
    0
   41
    0
    2
    0
    6
    0
    0
    0
    0
   23
    0
   49
    0
    0
    2
    0
    0
    3
    0
    0
    2
    3
    0
    8
    2
    4
    2
    5
    7
    0
    1
    5
    0
    0
    0
    0
    0
   23
   20
    1
    0
    0
    3
   18
   12
