Station: Mittweida , scaling_factor: 10.0, latitude:  50.9752, longitude:  12.9912, altitude:  283, nodata_value: -9
start: ..1969-01-01  end: ..2002-06-30
  156
  149
   11
    0
    0
    0
    0
    0
    7
    0
    0
    0
    0
    0
    6
    0
    7
    0
    0
    0
    0
   89
   15
   24
   47
    5
    9
    7
   20
    1
   40
    0
   29
   12
   11
    0
    0
   19
    0
   17
    9
    0
   16
   26
    6
  185
    3
    0
    0
    0
    0
    0
    0
    0
    6
    8
    0
    0
    0
    0
    0
    0
    0
    0
    0
    0
    0
    0
    0
   46
  100
  102
    1
   70
   35
    0
    0
    0
    0
    0
    0
    0
    0
   17
   18
   16
   24
    0
   39
   50
   75
   27
    0
    0
    0
    0
    0
    0
    0
    2
  106
   50
    0
    1
   54
   49
   34
   47
   56
    0
    1
   98
   47
   11
   10
    0
  139
    4
   24
   40
    5
    6
   98
    0
    0
    0
   15
    0
    3
   20
    4
    0
    0
    0
    0
   21
    0
    3
    0
    5
   19
    0
    0
    0
   29
   51
    0
    6
    0
   64
    0
   98
   11
   67
    2
   59
   64
    0
    0
    0
    0
    0
    0
    0
   28
    0
    0
    0
    6
  425
   78
    0
    0
    0
  269
    0
   26
   40
   52
   44
    0
    1
    0
    0
   41
    0
    6
   20
    0
   50
    0
    0
   28
   13
    5
    0
    0
    0
    1
    0
    0
    0
   29
    0
    0
    0
    0
    0
    0
    0
    0
    0
    0
    0
    0
    0
    0
    0
   20
    0
    0
    0
    0
    4
  116
   87
    8
    9
    0
    0
    0
   45
   29
    0
    0
    0
    0
    9
    5
   55
  165
   54
    0
    0
    0
    0
    0
    0
    0
    0
    0
    0
    1
    0
    0
    0
    0
    0
   11
    1
    0
    0
    0
    9
    2
    0
    0
    0
    0
   27
    1
    0
    0
   19
   29
   39
    0
    0
    0
    0
    0
    0
    0
    0
    0
    0
    0
    0
    0
    0
    0
    0
    0
    0
    0
   41
   22
   12
   18
    0
    0
    1
   45
   19
    0
    0
    0
   49
    0
    0
   69
   15
    7
    1
    0
    5
    0
    1
    0
    0
    0
    0
   10
   13
    0
    0
    0
   45
   11
  108
    5
    0
    5
    0
    0
    1
   32
    0
    0
    1
    3
    0
    0
    0
    1
    0
    0
    0
   74
   10
   11
   62
   11
    0
    0
    0
    0
    0
    0
    0
    0
    0
   36
    0
    2
   16
   12
   13
   13
   64
    6
    4
    7
    0
    0
    0
    0
    0
    0
    0
   31
    0
    4
    0
    0
    0
    0
    0
    5
    0
    0
   13
   63
   19
    5
   10
    0
  124
    7
    5
    6
   11
    0
    0
   25
   23
    7
    1
   24
    0
    8
   11
   15
   14
   20
   25
   32
  144
  167
   40
   28
   38
   62
   18
   59
   49
    0
  118
  105
   15
    0
    0
    0
    0
    0
    0
    0
    0
    9
    6
   39
   13
    7
   60
   30
    0
    0
    0
   10
    6
   10
   82
    7
    0
   56
   10
    2
    6
   41
    8
    6
    0
    0
  144
    1
   18
    0
   86
    0
    0
   21
    0
    6
  101
   32
   22
   11
   37
    6
    4
   36
   10
    0
   34
   52
   24
   16
    1
    0
    0
    0
    0
    0
    0
    0
   60
   75
    3
   12
    4
    0
    0
    0
   43
   10
   11
   28
   29
    0
    0
   89
   75
  144
    3
   36
   39
    9
    3
    0
   68
   11
    0
    0
    0
    0
  145
    5
    0
    0
    0
    0
   98
    0
    0
    0
    0
    0
   32
    0
    0
  248
    0
    0
   91
    2
    0
   21
    7
   14
    0
    0
    0
    0
   31
   83
    0
    0
    0
   41
   11
   40
   40
   41
    0
   35
    0
    0
    2
    0
   66
   36
   41
    2
    0
   21
    0
   60
  221
    0
    4
    1
   21
    0
   51
   16
   18
   15
    0
    0
    0
   96
    0
    4
   19
    0
    0
   64
  118
  111
   23
    6
    1
    0
    0
    0
    0
    0
    0
   47
    0
   54
   11
    0
    0
    0
    4
    0
    0
   29
    5
    1
    0
    0
    3
    0
    0
    0
    0
    6
    0
    0
    0
   10
    0
    0
    0
    0
   63
   83
   98
   92
   86
    7
    0
    0
    0
    0
    0
    0
    0
    0
    0
    0
    0
    0
    0
   59
   23
   65
  145
    9
   55
    3
   67
   32
  108
   26
    6
   13
    4
   88
   14
    2
    0
    0
   16
   26
   32
   48
   56
    0
    1
   70
    0
   26
    3
   41
   13
    0
   81
  103
    0
    0
    0
    0
    6
    0
   11
    4
   58
    9
   61
   21
   48
    2
    9
    0
    7
    8
    0
    0
    0
   23
    0
    0
    4
    0
    0
   37
   10
   16
   18
   10
   12
    0
   32
    8
    4
  148
    5
    0
    0
    0
    0
    0
    0
    0
    0
    0
    0
    0
    0
    0
    0
   11
   14
    0
    0
    0
    5
    0
    0
   34
    5
    0
   27
   35
    5
    0
    0
    0
   15
    0
   39
    3
   13
   11
   26
   54
    1
    0
    0
   11
   16
    0
    4
    0
    0
    0
   48
    4
   24
   60
   27
   49
   61
    8
   30
   26
   24
    0
    5
   30
    7
    8
    2
    0
   14
   18
    6
    3
    0
    0
    4
   15
    0
    0
    0
    0
    0
   41
    0
    0
   23
   12
    0
    0
    0
    1
   31
    0
    0
    0
    0
    5
    1
    0
    0
    0
    0
    0
    0
    0
    0
    0
    0
   49
    0
    0
   36
    0
    0
   51
  143
   53
   43
   11
   25
    0
    0
    0
    0
    0
    0
    0
    0
    0
    0
   23
    0
    0
    0
    5
    0
    6
    0
    0
  159
    0
    0
    0
    0
   19
    0
    0
  165
    0
   15
   18
    5
    7
   21
   32
   54
    6
   26
   48
    2
    6
   92
  116
   35
   41
   39
   10
   30
   31
  188
   28
   27
   34
    3
   32
    4
    0
    0
  220
  120
   69
   71
  134
   11
   56
    0
    0
    0
    0
    0
    0
    0
    0
    0
    0
    0
    8
    0
    0
    0
    0
    0
    0
    0
    0
    0
    0
    0
    0
    0
    1
    0
    0
    0
    0
    0
    0
    1
    0
    0
    5
    1
    0
    0
    0
    0
    0
   65
    0
    0
    0
    0
    0
    0
  164
  127
   55
    0
    9
    7
   56
    0
    0
   12
   42
    0
    0
    0
    0
    0
    0
    0
    0
  173
   46
    2
   29
    1
   44
   22
    0
    2
   94
    0
    0
    0
    0
   12
   48
   23
    0
    0
  136
   14
    0
    0
    0
    0
   15
    0
    0
    0
    0
    0
    0
    0
    0
   67
  155
   12
    0
    0
    0
    0
   14
    4
    0
    0
    0
    0
    0
    0
    0
    0
    0
    0
    6
    0
    1
    0
    0
    0
    0
    8
    6
   91
    1
    6
    8
   62
   35
   61
   31
  327
    6
    0
   23
    0
   55
   18
    0
    0
    0
    0
    0
    0
    0
    0
    1
   22
   10
   10
   16
    8
   63
  104
   46
   34
    1
    0
    1
    0
    0
    0
   37
   76
    9
   34
   29
    0
    0
    0
    0
   38
    2
    0
    0
    0
    0
    0
    0
   27
    0
    0
   11
    9
    0
    0
    0
    0
    0
    0
    0
    0
    0
    0
    0
   24
    2
    0
    0
    1
    2
   10
   11
    8
    0
    6
    0
    0
    0
    0
    0
    0
    0
    0
    0
   15
    0
    0
    0
    0
    1
    0
    0
    0
    0
    0
    0
    0
    0
    0
    5
    0
    0
    0
    0
    0
    0
    0
    0
    0
    0
    1
    0
    0
  162
    0
    0
    0
    0
    0
    0
    0
    0
    0
    0
    0
    0
    0
    0
    0
    0
  145
    9
    5
    0
   79
  121
   59
  141
   14
    0
   15
    2
    1
    0
    0
   23
    0
    0
    0
   14
    1
    1
   32
   19
    0
   24
    2
    0
   12
    0
   26
   24
    1
    0
    0
    0
    0
   13
    2
    0
    4
    0
   75
   10
   70
   71
   19
    0
   16
   42
  112
    1
   58
   56
    0
   54
    0
    0
   14
    0
   20
   39
   12
   25
   40
    0
    0
    0
    0
    0
    0
  136
   44
    0
    0
  203
   58
  176
    0
    0
    0
    1
    0
    0
    4
    0
    0
    0
   46
   10
    0
    0
    0
    0
    4
   68
   -9
   -9
   -9
   -9
   -9
   -9
   -9
   -9
   -9
   -9
   -9
   -9
   -9
   -9
   -9
   -9
   -9
   -9
   -9
   -9
   -9
   -9
   -9
   -9
   -9
   -9
   -9
   -9
   -9
   -9
   -9
   17
   19
   73
    8
   18
    0
    0
    0
    2
    0
  109
    0
    0
    0
  376
   11
    0
   54
    0
    2
    3
   51
    0
    0
    5
    0
    0
    0
    0
    0
    0
   83
    0
    0
    0
    0
    0
    0
   24
    1
   91
    1
    8
    0
   25
    0
   12
   36
    0
    0
    0
    0
   14
   37
   58
    7
   15
   27
   41
    0
    0
    0
    0
    0
    0
    0
    0
    0
    0
    0
    0
    0
    0
    0
    0
    0
    0
    0
    0
   28
   24
   53
   90
   61
    0
    0
    0
    0
  142
   11
    0
    0
    0
    0
    0
    0
    0
    3
    0
   24
    0
   32
   56
   49
    0
    3
   16
    0
  101
   14
   22
    1
    0
    0
    6
   31
    0
    0
    0
    0
    0
    0
    0
    0
    0
    0
    0
    0
   11
   17
    0
    0
    0
    0
    0
    0
    0
    0
    0
    5
    0
    0
    0
    0
    0
    0
    0
    0
    0
    0
    0
    0
    0
    0
    0
    3
    0
    3
    2
    4
    0
    9
    1
    0
    0
    0
    0
   52
    0
    0
    0
   19
    0
    0
    0
    0
    0
    0
   35
   88
   21
   14
   34
   13
   48
    0
    0
    0
    5
    3
    5
    4
   19
    2
    4
    0
    0
    0
    0
    2
   18
   70
    1
   30
   26
   17
   92
   48
   16
   26
    0
    1
    0
   42
   88
    1
    0
    0
   12
   30
    0
    0
   10
    1
    0
    0
    0
    0
   44
   81
   43
    0
    0
    0
    0
    0
    0
    0
    0
   12
    0
    0
    2
   24
   28
   31
   14
    0
    0
    1
    0
   55
  279
    6
   70
    2
    0
    0
   24
   55
   49
   11
    1
   54
    4
    0
    0
    0
   59
    0
   21
    3
    0
   26
  214
    0
    0
   21
    4
    2
   55
    0
   19
    1
    0
    0
    0
   51
    4
    0
    0
    0
    0
  109
    3
    0
   84
   35
    1
    0
    0
    0
   19
    0
   82
    0
    0
    0
    0
    7
   21
  292
    1
   18
   58
    0
    4
    0
   67
    0
    0
    0
    0
    0
    0
    0
   14
    8
    0
    0
    0
   10
    0
    0
    0
    0
    0
    0
    0
    0
   43
    0
    0
    0
   65
   37
   28
    0
   92
    0
   14
   26
    6
   66
    3
   53
   57
   12
  103
  283
   25
  509
    0
    0
    0
    0
    0
    0
   81
    0
    0
  100
   10
    0
    0
    0
    0
    0
    0
    0
    0
    0
    0
  140
    2
    8
    0
    0
    0
    0
    0
    0
    0
    0
  174
   31
    2
   11
    0
    0
    0
    0
    0
    0
  117
    5
    0
    1
    0
    0
    0
   62
   17
    0
    6
    0
    0
    0
    0
   94
    0
    2
    0
    1
   11
    0
    0
    0
    0
    0
    0
    0
    0
    2
   28
    1
  124
    0
    0
   84
   15
   79
   30
    0
  105
   82
  185
   26
  107
    0
    0
    0
    0
    0
    0
   45
    0
    0
    0
    0
    0
   61
    2
    0
   70
    0
    3
    0
    6
   65
   59
   11
   13
    0
    0
   35
    0
    0
    0
    6
   21
    4
   97
   16
   11
   24
   34
   12
    0
   57
   90
    4
   28
   79
   29
   45
    0
   15
    0
   36
   76
   44
   42
    1
    0
    0
    0
    0
    0
    0
    0
    3
    6
    4
    4
    0
    7
    0
   24
    0
    0
    0
    0
   47
   40
    6
    0
    0
   24
    0
    0
   14
   11
    2
   62
  174
   15
    0
    0
   24
   23
   35
    1
    0
    0
    0
    2
    0
    0
    0
    0
    3
    1
    1
   90
   52
   34
    3
    0
    0
    3
    0
    0
    0
    0
    6
   12
  144
    0
   24
   84
  152
   24
   16
    0
    0
    0
    0
    0
    0
    0
   19
    0
    0
    1
    1
    0
    0
    0
    1
   11
    1
   25
   47
   27
    2
    0
    0
    0
    0
    0
    0
    0
    0
    0
   42
    0
    0
    0
    0
    0
    0
    0
    0
    0
    0
    0
    0
    0
    0
    0
    0
   85
   48
    3
    0
    0
    0
    0
    0
    1
   23
    0
    1
    0
   19
    0
    0
    0
    0
    0
   55
   75
   87
   48
    0
   25
    0
  161
   26
   24
   99
    0
    2
   22
    0
    0
    2
   94
  126
   29
    0
   46
    0
    0
    7
    2
    0
   32
   22
    0
   56
    0
    0
    2
    1
   52
   27
    9
   34
  126
  118
   48
    0
   45
    6
   26
    0
   20
    0
    2
   28
   19
    0
    0
   13
  176
   14
  205
   -9
   -9
   -9
   -9
   -9
   -9
   -9
   -9
   -9
   -9
   -9
   -9
   -9
   -9
   -9
   -9
   -9
   -9
   -9
   -9
   -9
   -9
   -9
   -9
   -9
   -9
   -9
   -9
   -9
   -9
   -9
   40
   20
    0
   30
   54
    0
    0
    0
   96
   19
   49
    6
    0
    0
    0
    0
  118
   32
   29
   33
    0
    0
    0
    0
    0
    0
   13
    0
    0
    0
    2
    0
    0
   26
    0
    0
   19
    0
    0
  116
    0
    0
    0
   23
    0
    0
    0
    0
   78
    0
    0
    0
    0
    2
    5
   36
   76
   95
   39
    7
    0
    0
    6
   26
    7
    0
    4
    8
    1
   37
    0
    0
    1
    1
    3
   39
  125
   18
    0
    8
  127
  249
  295
   79
   35
   12
   59
   33
   64
    4
   24
   41
  224
  129
    5
    1
    0
    0
    0
    0
    1
    6
    0
    0
    0
    0
    0
    0
    0
   17
    0
    0
    0
   92
    2
   11
    9
   14
   19
   12
   61
   18
   19
  101
   90
   13
   84
  248
  189
  178
    2
    8
   41
   94
   29
    6
   17
    8
   54
   28
   19
    0
    0
    0
    0
    0
   44
   43
    2
   46
   79
  132
   98
  116
    6
    0
    0
   11
   13
   52
   28
    0
    0
    1
    0
    1
    0
    0
    0
    0
    0
    0
    0
    6
   26
    5
    0
   27
    0
   41
   58
    2
   19
   21
    9
   32
    2
    0
    0
    0
    0
    0
    0
    0
    1
    0
   26
   34
    0
    0
    5
   19
   95
    0
    0
    0
    0
    0
    0
    0
    0
    0
    0
    0
    0
    0
    0
    0
    0
    0
    0
    0
    0
   82
    1
   46
   27
   17
    0
    2
    2
  152
    0
    0
    0
   62
  128
   69
   18
    2
    1
    0
    0
    0
    5
    6
   41
   39
   47
    0
    0
    0
    0
   18
   46
   43
  113
  185
   41
   13
    0
    0
    2
    0
    0
    0
    0
    6
    0
    0
    0
    0
    4
    0
   27
   73
    0
    0
    0
    0
  148
    9
   17
  117
   31
    0
    0
    0
    0
  124
   36
    0
    0
    0
    0
    0
    0
   14
    0
    0
    0
    0
    2
    0
    0
    0
    0
    0
    0
    0
    0
   18
  165
   71
    0
    0
    0
    0
    6
   15
    4
  149
   23
   27
  161
  138
    0
  186
    0
    0
    0
    0
    5
    2
   62
    0
    0
    0
    0
    0
    0
    0
   10
   10
    9
   11
    0
    0
    2
    3
    0
   60
  200
    5
    0
    2
    1
    0
   55
    0
    0
    0
    0
    0
    0
    0
    0
    0
    0
    0
    0
    0
    0
    0
    0
    0
    0
    0
    0
    0
    0
  119
   65
    0
    3
    0
  653
  104
  141
  159
   10
    0
    0
    0
    0
    0
    0
    0
    0
   60
    0
    0
    0
    0
    0
    0
  300
   50
    0
    0
    0
    0
    0
    0
    0
    0
    1
    0
    0
    0
    0
   13
    2
   21
    0
    0
    1
    9
    1
   13
   76
   66
   47
    0
   52
    2
    0
    0
   14
    0
    0
    0
   25
   56
   48
   28
   61
   19
    0
    0
    1
    0
    0
    0
    0
    0
    0
    0
    0
    0
    0
    0
    0
    0
    0
    0
    0
    0
    0
    3
    0
   25
    5
    0
   49
   62
   81
   62
    1
    0
    0
    0
    0
    0
    0
   44
   11
    0
    6
    0
   14
   15
    6
   23
    4
    1
    8
    0
    0
   16
    0
    0
    0
    0
    1
    7
    5
    0
    0
    0
   23
   69
   48
    0
    0
    0
    0
   28
   96
   27
   23
   16
   79
   34
    2
    0
   27
  133
   96
   63
  158
  113
   21
   19
    4
   24
   56
   24
   22
   37
  128
   75
    7
    0
    0
    0
    0
    0
    0
    0
    0
    0
    0
    0
    0
    0
    0
    0
   29
    0
    0
   15
   21
   10
    0
    0
    0
    0
    0
    0
    0
    0
    0
    0
    0
    0
    0
    0
    0
    0
    0
    0
    0
    1
    5
   10
   10
    0
    0
    0
    0
    0
    0
    7
    5
   23
   69
   11
    5
    1
    0
    0
   26
   49
   14
    0
    0
   18
    0
    0
    0
    0
   21
    1
    1
    2
    0
    2
    0
    0
    0
    0
    0
   21
    2
    0
    0
    0
    0
    6
    2
   42
   27
   14
   23
   16
    1
    0
    0
    0
    0
   16
    0
    0
    0
    0
    0
    0
    0
    4
    6
    9
    0
    0
    0
    0
    0
   15
  141
   18
   59
    0
    0
    4
    5
   61
    9
   21
   55
   64
   27
   86
   16
   57
    0
    0
    0
    0
    0
    0
    0
    0
    0
    0
   91
   23
    0
    0
    0
   11
    0
    0
    0
    0
    0
    0
    0
    0
    0
    0
    0
    0
    0
    0
    0
    0
    0
   84
    8
    0
    0
    0
   46
   29
    0
    0
    0
    0
    0
    0
   43
    1
    0
    0
    7
    0
    0
    0
    0
    0
   48
   16
   12
   83
    5
    1
    0
    0
    0
    0
    0
    0
    0
    0
    0
    0
    0
   32
   30
    0
   40
    0
    0
    0
    0
    0
    0
   25
    0
    0
   34
    1
    0
   34
   14
   12
    0
    0
    0
    0
    3
    0
    0
    0
    1
   74
    0
    0
    0
   28
   14
    0
    0
    3
    0
    0
    0
    0
   34
   22
   26
    7
    0
    0
   27
   16
   24
    1
    0
    0
    0
    0
    0
    0
   10
    0
    6
   49
   87
    0
    0
    0
    0
    0
    0
    0
    0
    0
    0
    0
    0
   32
   21
    1
    6
   15
    0
    0
    0
  109
    0
    0
    1
    0
    0
   26
   61
   31
   20
    0
   11
   18
    0
    0
  126
   21
  131
   24
    1
    0
    0
    2
    0
   11
    9
    0
    0
   11
   31
    0
    1
    0
    1
   71
  110
   67
   45
   12
    0
    0
    0
    0
    0
    0
    0
    0
   21
   23
    7
    0
   24
    0
    0
    0
   28
    0
    0
    0
    0
    2
   19
   51
    0
    0
   28
    0
    0
    0
    0
    1
    0
    0
   20
    0
    0
    4
    0
    5
   99
    0
    0
    0
   72
    0
    0
    0
    0
    0
    0
    0
   21
   48
   28
    0
   32
    0
    0
    3
    0
    0
    0
    0
    1
    9
   39
   37
    0
    0
    0
   11
   39
   34
    7
    5
    0
   38
   29
    1
    0
    0
   58
    0
    0
    4
  189
   12
    4
    2
    0
    0
   49
   59
    4
    1
    0
    0
    0
    0
   59
  102
   51
    0
    0
    2
    5
    0
   16
    6
    4
   19
    6
    3
    0
   29
   21
   14
  122
   22
  114
    2
    0
    0
    0
    0
   21
   12
   43
    0
    2
   26
    3
    0
   61
   21
    8
    1
    0
    0
  105
    0
    0
   28
    0
    0
    0
   75
    0
    0
    0
    0
    0
    0
   22
   37
    5
    0
    0
    0
    0
    0
    0
    0
   36
    1
    0
    0
    2
   82
    1
   48
    4
    0
    0
    0
   15
    0
    0
    0
   74
  223
   14
    0
  236
  365
    0
    0
    2
    0
    0
    1
   43
    0
    0
   21
    0
    0
    0
    0
    0
    0
  137
    3
   46
   13
   92
    0
    0
   22
    0
    6
    0
   13
   31
    0
    0
    0
    0
    0
  191
  164
    0
    0
    0
    0
    0
  145
   -9
   -9
   -9
   -9
   -9
   -9
   -9
   -9
   -9
   -9
   -9
   -9
   -9
   -9
   -9
   -9
   -9
   -9
   -9
   -9
   -9
   -9
   -9
   -9
   -9
   -9
   -9
   -9
   -9
   -9
   -9
  141
    0
  253
    0
    0
    0
    7
  122
   66
   54
    0
    0
    0
    0
   22
    1
   12
    7
    3
    0
   29
   24
    0
    0
    0
    0
    0
   14
    0
    5
   41
   32
    2
    4
   16
    0
    0
    0
    0
   79
    1
    0
    0
    0
    0
    0
    0
    0
    0
    0
    0
    1
    0
   67
    2
    0
    0
   24
   46
    0
   53
   44
   91
  157
    0
    0
    0
    0
    7
  286
    0
    0
  128
    0
   28
    0
    0
   31
   36
    0
    0
   11
   17
    1
    0
   79
   27
   39
    0
    0
   28
   66
   21
    0
    0
    0
    5
    0
    0
    0
    0
    7
   71
    5
   42
    8
    1
    0
    0
    0
    0
    0
    0
    0
   22
   63
   21
   42
   16
   19
   56
   15
    0
   14
    1
   68
   18
   11
    0
    0
    3
    0
    0
    0
    0
    0
    1
    0
    0
    2
    0
    0
    0
    0
    0
   52
   41
   11
    0
    0
    4
    1
    1
    1
    6
   19
    0
    7
    5
   14
    2
    2
    0
   39
    0
    0
   11
    1
    0
    0
    0
    0
    0
   11
    1
    0
    1
    0
    0
    0
    1
    0
    0
    0
    0
    1
    8
    0
   94
    0
   11
    0
    4
   36
    0
   14
    7
   38
   42
  133
   13
   12
    4
    1
    0
    8
    9
   12
    0
    0
    0
    0
    1
    0
    7
   58
    0
    0
    0
    0
    0
   11
   33
    0
    0
    1
    0
    1
    0
    0
    0
    0
    0
   24
    0
    0
    0
    0
    0
    0
   18
    0
   51
   92
    0
    0
    0
  184
  485
  187
    9
   21
   17
   38
    1
    1
   32
   16
    7
   21
   65
   12
    8
   36
   64
   82
    0
    0
    0
    0
    0
    0
    0
    0
    0
    0
    0
   28
    0
    0
    4
   14
    0
    0
   15
  244
   31
   14
    0
    0
    0
    0
    0
    7
    0
    8
   18
    8
   59
   32
    0
    1
    2
    0
   58
   61
    7
    1
    3
   29
  103
   73
   18
    0
    6
    0
    0
    0
    1
    0
  111
   18
   17
   33
    0
    0
    0
    0
    0
    0
    0
    0
    0
    0
   -9
   -9
   -9
   -9
   -9
   -9
   -9
   -9
   -9
   -9
   -9
   -9
   -9
   -9
   -9
   -9
   -9
   -9
   -9
   -9
   -9
   -9
   -9
   -9
   -9
   -9
   -9
   -9
   -9
   -9
   -9
   42
   41
    0
    0
    0
   19
    1
    6
   59
    2
  125
   67
    2
    1
    0
    0
    0
    0
   98
   64
    3
  192
   25
    0
   19
  101
    1
    2
  126
    0
    0
   17
  122
  154
   66
    0
    0
    0
    0
    0
    0
    0
    0
    0
    0
   28
   19
    0
    0
   19
   12
   82
   21
    1
   84
    1
    0
    2
    2
    1
    0
    0
    0
    0
    0
    0
    0
    0
    0
    0
    0
    0
    0
    0
    0
    0
    1
    0
    0
    0
    0
    0
    0
    0
    0
   43
    2
    5
   23
   55
  171
   55
    2
    0
    0
    0
    0
    0
   61
   76
    0
    0
   22
    0
   12
   19
    6
    0
    0
    0
    0
    0
    0
    0
    0
    1
   24
    3
   34
  112
  195
  105
   11
   16
   46
   15
    2
    0
    0
   20
   25
    0
    2
   78
   17
   59
   57
  129
    0
    0
    0
    0
    0
    0
   26
    9
    0
    0
   48
    1
    0
   31
   39
   44
   27
    0
    0
    0
    0
   39
    3
    0
    0
    3
   69
   34
   19
    0
    1
    4
    0
    0
    0
    0
    0
    3
    1
    0
    0
    0
    0
    0
    2
    0
   54
    0
    0
    6
    0
    0
   24
   89
   37
   49
   28
    0
   79
    0
   19
   17
   28
    0
    1
    2
    0
    8
   22
    0
    1
   91
  154
   26
    3
    1
    0
  197
    0
   47
  137
    1
    0
    0
    0
    0
    0
    0
    0
   16
   14
    0
    0
    2
   19
   26
    0
    0
    1
    2
   54
    0
   16
   37
    1
    7
    1
   17
    5
   14
    0
    0
    0
    0
   31
    0
    0
    0
    0
    0
   63
   32
    0
    0
    1
    0
    0
    1
    0
    0
  178
    0
    0
    0
    0
    0
    0
    0
    0
    3
    1
   41
  106
    0
    0
   33
    2
    0
    0
    0
  111
    0
    0
    0
    0
    0
    0
    0
   18
    0
    0
  163
   92
    1
    3
   -9
   -9
   -9
   -9
   -9
   -9
   -9
   -9
   -9
   -9
   -9
   -9
   -9
   -9
   -9
   -9
   -9
   -9
   -9
   -9
   -9
   -9
   -9
   -9
   -9
   -9
   -9
   -9
   -9
   -9
   -9
   40
   12
    0
   18
    0
    0
    0
   42
  118
   19
    0
    0
    0
    0
    0
    0
    0
    0
    0
    9
    8
   14
  107
   22
    0
    0
    0
    1
    0
    0
    0
    0
    0
  131
   24
    0
    0
    0
    0
    1
    3
    0
    0
    0
    0
    3
    0
    0
    9
    0
  141
  112
  221
   81
   56
    1
    0
    0
    1
    0
    0
    0
    0
    0
    0
    0
    0
    0
    0
    0
    0
    0
    0
    0
    0
    0
   11
   16
   14
    0
    0
    0
    0
    0
    0
    0
    0
    0
    0
    0
    0
   31
   26
   56
    1
   69
   37
    8
   38
  138
    0
    0
    0
   31
   14
   62
   23
    1
    2
   71
   26
   29
    9
    0
    0
    3
    0
    6
    0
    0
    0
    0
   10
    0
    0
    0
   11
    2
   56
    0
   35
  112
   78
    1
    4
   41
   27
   52
   37
    0
   11
   64
    0
    0
   14
    0
    0
    0
    0
    0
   43
   32
   67
   29
   96
   11
   22
   29
   24
   19
    0
    1
    2
    1
    0
    0
    0
    0
    0
    0
    0
    0
    0
    0
    5
    0
   13
   35
   63
   18
    5
    0
   32
   42
   47
   37
   98
   31
  122
   37
    0
    0
    0
   27
   16
   14
    1
    0
    1
   16
    0
    0
    0
    0
    0
    0
    0
    0
    0
    0
    0
   42
   21
    0
   31
   21
   11
    0
    0
    8
   84
   39
    1
    0
    0
    0
    0
    0
    0
    0
   12
  113
    0
    0
    0
    4
    0
    0
    0
   17
    1
   22
    9
    0
   15
   49
  230
  193
    0
    0
   14
   27
   73
   28
    0
    0
    0
    0
    0
    0
    0
   24
   35
   24
   16
   59
  426
  320
   14
   11
   37
    0
    0
    0
    0
    1
    0
    0
    0
    0
    0
    2
   55
    0
    0
    0
    0
    0
    0
    0
    0
    0
    0
    0
    0
    0
    4
    3
    0
    0
    1
  115
    1
    1
    0
    0
    0
   35
    0
    0
    0
   68
    2
    1
   27
   71
    0
    0
   66
   24
    0
   71
   55
   32
    1
    0
    0
    1
   48
   11
    1
   13
   34
   16
  118
   11
  212
   71
    0
    1
   28
    4
    6
   69
   53
   22
   13
   39
   17
   98
    1
    0
    0
   22
    0
  421
   34
    0
    0
    0
    0
    0
    4
    0
    3
    0
    0
    1
    0
    0
    0
    0
    0
    0
    0
    0
   16
   46
    0
    0
    0
    0
    0
    0
   38
    4
   61
   19
    0
   53
    0
    0
    0
    0
   27
   17
  219
    0
    0
    0
    0
  161
   11
    0
    0
   19
   26
   87
   24
    6
   51
    1
    2
    6
    0
    0
    0
    0
    0
    0
    0
  121
    0
    0
    0
    0
   34
   17
    0
    0
    6
    0
    1
   56
    5
    0
    0
    0
  195
  287
    6
    0
    0
    1
   99
   12
    0
    0
    0
   31
   34
    0
    1
   14
    0
   19
    4
   14
    0
    0
   10
    0
   19
   81
   46
    0
    0
    0
    0
    0
    0
    0
   58
   51
    5
   17
    2
    0
    0
    1
    0
    0
   89
    0
    0
    2
   37
   43
    0
   24
   56
   63
  111
   41
    6
    0
    0
    0
    5
    0
   45
   14
   13
    0
    0
    6
   11
    0
    2
   10
   32
    0
    5
    0
   32
    0
    0
    0
    1
   45
  162
   87
   49
   69
   28
   18
    0
   10
   45
    3
    2
    1
   30
    2
   20
    0
   21
  136
   99
   18
    0
    0
    2
   16
    9
    1
    0
    0
    0
    0
    0
    0
   15
   49
   24
   31
    7
    1
    0
   13
   11
    9
   36
    0
    1
    0
    9
    1
    4
    7
    1
    1
   16
    0
    0
    0
    0
    2
    0
    1
   24
   19
    0
    0
    1
   20
  128
  142
   74
  178
    2
    7
    8
    3
    0
    4
    0
    0
    0
    0
   13
    1
    4
  161
    0
    0
    0
    0
    0
    0
    0
    0
    1
    6
    0
    0
    3
    0
    0
    0
    0
    0
    0
    0
    0
    4
    5
    2
    0
    1
   32
    1
    0
    0
    0
  311
   21
   45
  155
    1
    0
    0
    5
    1
    1
    0
    0
    0
    0
    0
    0
    0
   14
    3
    2
   59
    0
    0
    0
    0
  312
   12
   64
   37
   47
    4
    1
    2
    0
    0
    3
    0
    0
    0
    0
    0
    0
   40
    0
    0
    0
   41
    0
    0
    0
    0
    6
  102
   21
   75
   12
   19
    2
    1
    8
    0
    0
    0
   18
    1
    1
   67
   63
    0
    0
    0
    0
    0
    0
    0
    0
   73
    0
   56
    0
    3
    1
  246
  329
   21
  114
    1
   87
   86
   18
  111
   33
    0
   14
    0
    0
   -9
   -9
   -9
   -9
   -9
   -9
   -9
   -9
   -9
   -9
   -9
   -9
   -9
   -9
   -9
   -9
   -9
   -9
   -9
   -9
   -9
   -9
   -9
   -9
   -9
   -9
   -9
   -9
   -9
   -9
   -9
   -9
   -9
   -9
   -9
   -9
   -9
   -9
   -9
   -9
   -9
   -9
   -9
   -9
   -9
   -9
   -9
   -9
   -9
   -9
   -9
   -9
   -9
   -9
   -9
   -9
   -9
   -9
   -9
   -9
   -9
    0
    0
    0
    1
    5
    0
    3
    4
   21
   57
   41
   30
   29
    2
  161
    4
   18
   41
    0
   17
   71
   77
   16
    0
    0
    0
  220
   13
   11
    4
    3
    0
    0
    2
   66
   31
   67
   18
   29
   13
    0
    0
   27
   79
   29
    0
    0
   17
   34
   48
   52
   95
    0
    7
    0
    0
  111
   89
    0
    9
   58
   98
   14
   68
   42
   53
    7
   31
  145
   12
    0
  105
   20
    0
   92
   71
    5
    0
   67
   74
    1
    0
    0
    0
    0
   26
    7
    0
    0
   42
    1
    0
    0
   21
    0
   35
   79
   37
    2
    0
   16
    0
    0
    0
    0
    0
    0
    0
    0
    0
    0
    0
    0
   12
    0
    3
    0
    0
    4
   31
   83
  126
    0
    0
    0
    0
    0
    0
   14
    4
   66
    0
    0
    0
    0
    0
    0
    0
    0
    0
    0
    0
    0
    0
    0
    0
    0
    0
    0
    0
   28
   13
   31
    1
    0
    0
    0
    0
    0
    0
    6
   11
   18
    1
    0
    0
    0
    0
   13
   28
    0
    0
    7
    0
    0
    0
    0
    0
    2
    0
    0
    0
    0
   18
    0
    0
    0
    1
   41
   79
    9
   14
    6
    9
   24
    0
    0
    0
    0
    0
    0
    0
    0
    0
    0
    0
    0
   12
    0
    2
   89
    6
    1
   46
    0
   16
  189
  129
    1
    0
    2
   54
   14
    0
    0
    0
    0
    0
   24
   36
    0
    0
    8
   46
    7
    0
    0
    0
    0
   24
    0
    0
    0
    0
    0
    0
    0
    0
    2
    0
   27
    0
    0
   41
    1
    2
   58
    1
  141
    0
   21
  128
    6
   11
    0
    0
    2
   22
   87
    0
   14
   19
   16
    0
    0
   86
   39
    0
   71
    0
    0
    0
    0
    0
   71
    0
    0
    0
   41
    0
    6
    0
    0
    0
    1
    0
    0
   63
   39
    0
    0
    0
    0
    0
    0
    0
    0
    0
    0
  284
    9
    0
    0
    0
    0
    0
    1
    0
    1
    8
    0
    0
    1
   16
    0
    0
    0
    0
    0
   12
    1
    0
    0
    0
    0
    0
   26
    0
    0
    0
   12
    1
    0
    0
    0
    0
    0
    0
    0
    0
    0
    0
    0
   26
    0
   27
    5
    0
    0
    0
    0
    0
    0
    0
    0
    0
    0
    0
    0
    0
   11
   81
    0
    0
    3
   19
   31
   67
    1
   27
    0
    6
    0
   12
    0
    0
    0
    0
   21
    0
    0
    6
    0
    0
    0
    0
    0
    0
    0
    0
    0
    0
    0
    0
    1
    0
    0
    0
    1
    2
    1
   31
   71
   14
   12
    0
    0
   47
    0
    2
    0
    0
    4
   34
    0
    0
    0
    0
    0
    0
   12
   54
   39
   49
    0
   19
   55
   11
    0
    0
   62
    9
    0
   29
    0
   19
    0
    0
    0
    6
   11
    0
   41
   46
    0
    0
    0
    3
   21
  159
   13
   15
    0
   27
   21
   15
   13
    0
    0
    7
   31
   42
  122
    2
   13
   21
   42
   45
    0
    0
    0
   57
    0
    1
   71
    8
   41
    3
   39
    1
   61
    2
   49
   31
    0
    5
   31
   58
   28
  141
    6
    0
    0
    0
    0
    1
   31
   17
    0
    0
    0
    0
    0
   23
    9
    2
    0
    0
    0
    0
   24
   36
    4
    0
    0
    0
    0
    0
    0
    0
    0
    1
   21
   20
   81
    0
   14
    3
    0
   67
    1
   31
    0
   21
    0
    5
   16
  191
   33
    7
    0
   12
   38
    9
  121
    0
    2
   97
  129
   25
   79
   32
    0
    0
    0
   66
    0
    0
    6
    0
    0
    0
    0
    0
    0
    1
    0
   17
    0
    3
   16
    1
    0
   19
    1
    0
   61
    1
    0
   21
    0
    5
    0
    0
    1
   69
    0
    6
    7
   39
  105
    0
    0
    0
    0
    0
    0
    0
    0
    1
    0
   27
    3
    0
    0
    0
   44
    0
    0
    0
  117
   86
    0
    2
    5
    1
    0
    0
    0
    0
    0
    0
    0
    0
    2
    2
    0
    0
    0
    0
    0
    0
    0
    0
    0
    0
    0
    0
    0
    0
    0
    0
    0
  109
    0
    0
   25
   15
    0
    0
    0
    0
    0
    0
    0
    0
    0
    0
    0
  141
  131
  386
  573
  411
    0
    0
    0
  181
    0
    0
    0
    5
    0
    0
    2
    0
    0
    0
    0
    0
    0
    1
    0
    0
    0
    0
    0
    0
    0
    0
   21
    0
    2
    0
    0
    0
    0
    0
    0
  105
    0
    0
    0
   35
   56
    0
    0
    0
   25
   64
   11
    0
    0
   46
    0
    0
    0
    0
    0
    0
    0
   16
   21
    0
    0
    0
    0
   75
    4
    8
    0
    0
    0
    2
    0
    0
    0
    0
    1
    5
    0
    0
    0
    0
    0
    0
    0
    0
    0
    0
   11
    0
    0
    0
    0
    1
    0
    0
    0
    0
    3
    0
    0
    0
    0
   47
   19
   11
    6
    0
   10
    8
    0
   21
    0
   22
  109
   45
   82
   40
   21
    0
    0
    0
    0
    0
   23
   17
    0
   27
   31
   19
    0
    0
    0
    0
    0
   34
    0
    0
    0
    0
   31
   19
    1
   82
   84
    0
   15
   23
    0
    0
    0
    0
    9
   11
    6
    0
   25
    2
   54
    0
    0
   16
   47
   69
    1
   24
    0
    0
    0
    0
    0
   34
   72
   11
   19
    0
    0
    0
    9
   35
    0
    0
    0
   52
    0
   24
  173
   13
   81
   19
    0
    0
    0
    0
    0
    0
    0
    0
    0
    0
    0
    0
    2
   21
   45
   15
    0
    0
    0
    0
    0
    0
    0
    0
    0
    0
    2
   22
    0
    0
    0
    0
    0
    0
    0
    0
    0
    0
    0
    0
    0
    0
    0
    0
    0
    8
    5
    0
    1
    9
    1
  102
  198
   28
   44
    0
    0
    0
    3
    2
    3
   17
    4
    0
    0
    0
   57
    0
    0
    0
    0
    0
    0
    0
    0
    0
    0
    7
    3
    0
   29
    0
    7
    0
   12
   63
    0
    9
    8
    0
    0
    3
   46
   41
   56
    0
   41
    0
    0
    0
    0
   51
    0
    3
   57
   11
    0
   11
    0
    0
    0
   67
    0
    0
    0
   27
  137
   42
    4
   75
    0
    0
    0
    0
   11
   17
   12
    0
    0
    0
    0
    3
   19
   36
    0
    1
   41
    1
    0
    0
    1
   23
    0
   49
   72
   19
    1
    0
    0
    0
    0
    0
    0
    0
    9
   32
  139
  177
   78
   37
   26
    0
    0
    0
    0
    0
    0
    7
   69
   78
    1
    0
    0
   83
    0
    0
    1
   31
    0
    1
    0
  223
   92
  280
   78
    0
    0
    0
   38
    0
    0
    0
    0
    0
    0
    0
    0
   21
    0
    0
    0
    0
    0
    0
    6
    0
    0
   12
   31
  101
    0
   49
   58
   13
  190
    2
    0
    0
   46
    5
    1
    0
    0
    1
  112
   29
   48
    1
    2
   83
   74
    0
    0
    0
    0
   77
    0
    0
    0
    0
   98
    0
   49
    7
    2
    3
    1
   14
    0
    0
    0
    0
    0
    0
    0
    7
   31
    0
    2
   29
    1
    0
    0
    0
    0
    0
    0
    5
    0
    0
    0
    0
    0
    0
    0
    0
    0
    0
    0
    1
    0
   22
    0
    0
    0
    0
  210
    1
   15
    3
   31
    0
    0
    0
    0
    0
    0
    0
    0
    0
    0
    0
    0
   31
   61
    7
    0
    0
   23
    0
   31
   30
   40
    0
   66
    0
    0
    0
    0
    0
    0
    0
    7
   16
    1
   11
   51
   42
   31
   41
   10
    2
    0
    0
    0
   14
   55
   25
    9
    0
    0
    0
    0
    0
    0
    0
    0
   14
    0
    9
   19
   31
    0
    0
   39
   21
   68
   71
   78
    1
    0
    4
   16
    0
   22
   21
    3
    0
    0
    0
    8
    1
    7
    6
    4
    0
    0
   66
    0
   41
   26
    0
    0
    0
    3
    0
    0
    0
    0
    0
    0
    0
    9
   11
    0
    0
    0
    0
   12
   21
    0
  121
  294
    0
    5
    0
    0
    0
    0
    0
    0
   35
    0
    5
    6
   29
    0
    0
    0
    0
    0
    1
    1
    0
    0
   16
   56
    4
   82
   14
    0
   12
    0
    0
    0
    0
    0
    0
   29
    0
    0
   31
   33
   42
  210
   49
   51
   14
   21
    0
    0
    0
   18
    0
    2
    0
    0
    0
    0
   21
   16
    0
    0
    0
    0
    0
    0
   76
  101
    0
    0
    0
    0
    0
   31
    0
    0
   32
    0
    0
    0
   28
   52
   89
   23
    0
   41
   12
   18
  111
    2
   58
    0
   47
    0
    2
   60
    4
   10
   48
    0
   52
    0
    1
    0
    0
    0
   37
    0
    0
    0
    0
   55
    0
   57
   47
    0
    0
    0
    0
    0
    0
   56
    0
    0
    0
   38
    1
    0
    0
    0
    0
   37
    0
   51
    7
    0
    0
    2
    0
    1
    1
    0
   22
   12
    0
    1
  128
    0
  102
    0
    0
   98
  104
   18
    5
   49
    0
    0
   25
    0
   32
    0
    0
    0
    0
    0
    0
    0
    0
    0
   57
    7
    1
    8
   16
    1
    0
    0
    0
    0
    0
    1
   21
   39
   28
    0
    0
    0
    0
    6
    0
    0
    0
    0
    0
    0
    0
    0
    0
   39
    0
    0
    0
   19
    0
   28
   24
   23
    0
    0
   17
   64
    0
    0
   22
    0
    0
    0
    0
    0
    0
    0
    0
    0
    0
    0
    0
    0
    0
    0
   25
    0
    0
   18
   39
   11
    0
   59
   29
    0
    0
   31
   14
    5
    0
    0
    3
   12
   21
   56
   30
   13
    5
    0
    0
    5
   18
    0
    0
    0
    6
    0
    0
    0
    1
   11
    0
    7
   31
   57
    5
   29
    3
    7
   66
  149
   73
   12
   36
    0
    0
    0
    0
   17
   21
   28
   69
   33
    0
    0
    0
    2
   47
   21
    0
   11
    1
    0
    0
   59
   32
   41
   29
   51
   32
   72
    7
  238
   65
    0
    0
    1
    9
   19
   14
    5
    2
    0
    0
    0
    0
    0
    0
    0
    0
    0
    6
   16
    3
   61
   12
    0
    0
    0
    0
    0
    0
    0
   34
   41
    6
    0
    0
    0
    0
    0
    0
    0
    0
    0
    0
    0
   11
   35
   37
   54
   29
   10
    0
    0
    0
    0
    0
   11
    0
    0
    0
    0
    0
  105
    0
    0
    0
  105
   90
    0
    0
    0
    7
   91
    0
    0
   78
    8
    4
    0
   25
   11
  134
  162
   23
   10
    0
    0
    0
    0
    5
    0
   24
    5
    0
    1
    0
   39
    2
   51
    0
    0
    0
    0
    0
    0
    0
    0
    0
    0
   41
    7
    2
   22
    0
    0
   18
   25
    0
   46
    0
    0
    0
    0
   69
    0
    0
   20
    0
    0
   27
    9
  278
  159
   56
    1
    2
   53
   69
   91
   32
   25
    0
    0
    0
   31
   49
   29
    0
    0
    0
    0
   31
    0
    0
    0
    0
    0
    0
    0
    0
    0
    0
    0
    0
    0
    0
    0
    0
   42
   55
  111
   21
   45
   14
    0
    0
    0
    0
    0
    0
    0
    0
    0
    0
    0
    5
  126
   51
   41
    0
    0
    0
    0
    0
   39
    0
    0
    0
  119
    0
    0
    0
    0
    0
   77
  197
  158
    0
    0
   49
    0
    0
  129
  137
   31
    3
    2
   30
   65
    0
   13
    0
    0
    2
    0
    1
    0
    0
   78
   24
    0
   66
    0
    1
    0
    0
    3
   91
   64
    0
    8
   69
   89
   11
    0
    0
    0
    0
    0
    0
    0
    0
    0
    0
    0
    0
    0
    0
    0
    0
    0
    0
   58
    1
    0
    0
    0
    0
    0
    0
    0
    0
    0
    0
   16
   38
  101
  349
    6
    0
    0
    0
    0
    0
   99
    0
    0
    0
   32
    0
    0
   27
    0
    0
    1
    0
    0
    0
    0
    0
    0
   26
    0
    8
   17
    9
   14
    7
    6
    1
    0
    0
    0
    0
    0
    0
    0
    0
    0
    0
    0
    0
   31
    7
    0
    0
    6
    0
    0
    0
    0
   22
   32
   47
   27
   23
   33
   22
   72
  101
   23
    1
   81
  114
  240
  234
  114
   15
  153
  105
    5
   61
   73
   14
    6
  220
   35
    1
   25
   81
    0
    0
   24
    1
    0
    0
    0
    0
    4
   21
  117
    0
   49
   83
   10
   62
   13
    0
    0
    0
    0
    0
    0
    0
    0
   14
  105
    0
    0
    0
    0
   35
    6
   74
    0
    2
   65
    8
  124
    0
    7
    0
    0
    0
    0
  111
   71
   15
  105
    0
    0
    0
    1
    6
    0
    0
    0
    0
    0
    0
    0
   45
   57
    0
   10
    6
    0
    0
    2
   85
   20
   23
    1
    2
   18
    1
    8
    0
    0
    0
    0
   84
   23
    0
    0
    0
  404
   66
   41
    0
    0
    5
   14
   28
    0
    0
   13
   27
    0
    0
    0
    0
    0
    0
    0
    0
    0
    0
    0
  195
  172
    1
    3
   28
    1
    0
    0
  121
    1
    3
    0
    1
   10
    0
    0
    1
    8
   27
    7
  157
    0
    0
    0
    0
   21
    1
   11
    8
   24
   10
   16
   49
    7
  116
    0
    0
    0
    1
    0
    2
   53
   29
    2
   41
    1
   52
    2
    0
    0
    0
    1
    1
   78
    0
   12
    0
    0
    0
    0
    0
    0
    0
    0
    0
    0
    0
  117
    0
    0
    0
    0
    0
    0
    0
    0
  115
  184
   15
   14
    9
   64
    0
    0
    9
   34
   92
    1
    6
   29
   19
  125
   42
   51
   23
   27
   92
    0
    0
  169
   45
    0
  102
   33
    2
    4
   35
    0
  153
    5
    0
    0
    0
   13
    1
    0
    1
    4
   13
   18
    0
    0
    0
    0
    0
    0
  190
    0
  118
    0
    0
    0
    0
    0
    0
   96
    0
    1
    0
  151
    0
    0
    2
  161
   32
    1
    0
    0
    0
    0
    1
    0
    0
    0
    0
    0
    0
    5
    0
    0
    2
    1
    0
    0
    0
    0
    0
    0
   87
    0
    0
    0
    0
   33
    4
    0
    0
    0
    0
    0
    0
    0
    0
    3
   25
    1
    0
    0
    0
    0
    0
    0
    1
   19
    0
    0
    1
    6
   66
   75
   34
  144
   69
    2
    7
    0
    2
   52
    0
    4
    0
    0
    0
    0
    0
    0
    0
    0
    0
   17
    0
    0
   36
    0
    0
    0
    0
    0
   81
  125
  138
   88
  107
    8
   31
    1
    0
    1
   15
    0
   23
   32
    0
    1
   42
   14
    0
   31
    1
    0
    2
   31
    0
    0
   57
    0
    0
    0
    4
    0
   67
    0
    0
    0
    0
   31
   46
   53
   15
   15
    0
   20
    0
    0
    7
    0
    1
    2
    0
    0
    0
    0
    2
    7
    0
   21
   97
    0
    0
    0
    0
   31
  106
   91
    0
    1
   11
    6
   24
  146
    7
   51
  104
   41
   89
   22
    1
    5
    5
   47
   82
   58
    0
   51
   71
    1
   44
    0
   45
   11
   17
   25
    0
   27
   36
   44
   18
   21
   19
   41
   67
    1
    0
    0
   15
   65
    0
    0
   19
   27
    0
    0
    1
   19
    0
    0
    0
   19
    0
    0
    0
    0
   11
    0
   42
    0
    0
    0
    0
    0
    0
    0
    0
    0
    0
    0
   65
    7
    0
    0
    0
    0
    0
    0
    0
    0
    0
    0
    0
    0
    0
   11
   52
    0
   36
    0
    0
    0
    0
    0
    0
    0
   11
  331
   21
    0
    0
    2
    0
   38
   47
  180
    0
    1
   27
    2
   39
    0
    0
    0
    0
    0
    0
    0
    4
    0
    0
   19
   20
   28
    1
  119
  147
    2
   67
   55
    0
    0
   42
   11
  394
    0
   34
    2
   18
    0
    0
    0
    7
    0
   77
   37
   19
   43
    0
    0
    0
    0
    0
   58
    0
    0
  119
    0
   37
    0
    0
    0
    1
   47
    0
    0
    0
    0
    0
    0
    0
   31
    0
    0
    0
    0
    0
    0
    0
   47
    0
    0
    0
    0
    0
  141
   41
    0
    0
   32
    0
    0
   19
   94
   11
    1
  175
    0
    0
    0
    0
    0
   35
    0
    8
    9
    0
   19
   25
    6
    0
    0
    0
    0
   64
   14
    0
    0
    0
    1
   14
    1
    0
    0
    0
    0
    2
   38
    6
    0
   26
    0
   14
   30
   12
    0
    9
    1
    0
    0
    0
   44
    4
    0
    0
   16
   11
    0
    0
    0
    5
    1
   38
    0
   86
    0
    0
    0
    0
   16
    0
    0
    0
    0
    0
   62
  221
   46
    4
    2
   58
   21
   44
    3
    1
   23
  131
    4
   21
    3
   27
   19
  171
   15
   48
   33
  143
    0
   62
   20
   99
    2
   61
   31
   99
   44
    2
    0
    0
   31
   68
  341
    6
    7
    8
   79
   72
    0
    0
    0
    0
    0
    0
    0
   59
    0
    0
    0
   78
   23
   98
   56
    0
   54
    0
    4
    0
    9
    0
    0
   15
    0
    0
    0
    0
    0
    0
    0
    0
    0
    0
    0
    0
    0
    0
    0
    0
    0
    0
   27
    0
    0
    0
    0
    0
    0
   89
   12
   39
   47
    0
    0
   67
   42
   58
    0
    0
   20
    0
   26
    0
   12
   26
    0
   39
   19
    0
    0
    0
    0
   40
    0
    0
   64
    0
    0
    4
   18
   10
   16
    0
    0
    0
   10
   48
    2
   85
    0
    0
    0
    0
    0
    0
    0
    0
    0
    0
    1
   89
    0
    4
   50
    0
    0
    0
    0
    0
   34
   19
   28
   12
    0
   15
   14
   81
   96
    0
    0
    0
   81
  106
   91
    0
    0
    0
    0
    0
    0
   10
    2
    0
    0
    9
   88
    0
    0
    0
    0
    0
    0
    0
    0
    0
    0
    0
    0
    0
    0
    0
    0
    0
    0
   24
   65
    0
    0
   52
   36
    1
   53
    0
    1
    0
    2
    0
  101
   11
    0
    9
   10
    0
    0
    0
    0
    0
    0
  111
   23
    0
    0
    5
   38
    0
   26
  112
    0
  174
    8
    0
    0
    0
    0
   21
   36
    0
    0
    0
   75
   21
    1
    1
    0
   36
   10
    0
    0
    0
   23
  259
  183
   39
  119
    0
    0
   17
   55
    9
   25
   21
    0
    0
   35
   56
    0
    0
    0
   18
   11
    0
    0
    0
    0
    6
    0
    0
    0
    0
    1
    0
    0
   41
    1
   28
  154
   18
    0
    0
    0
    0
  141
    2
    0
    0
    0
    0
    0
    0
    0
    0
    0
  131
  162
    2
    0
    0
    0
    0
    0
    0
    0
    9
   12
    3
   16
   21
    0
    1
    9
   50
    0
    0
    0
   59
   54
   22
    5
   19
    2
   12
   24
   56
   18
    0
    0
    0
    0
    7
    0
    0
    0
    0
    0
    0
    0
    0
    0
  151
   14
  255
    8
   11
   62
    0
  196
  171
   21
    0
    0
    0
    0
    0
    0
    0
    0
    0
    0
    0
    0
   41
   99
   37
   11
   82
  255
   55
    0
    0
    0
    0
    0
    0
    0
    1
   11
    0
   12
   20
    0
   10
   50
   35
   49
   89
   61
    1
    2
    0
   56
    0
  119
    1
   13
    0
    0
    0
    0
    0
    0
    0
    0
    0
    0
    0
   24
    0
    0
    0
    1
    0
    0
   11
    0
    0
    0
    0
   16
    0
    0
   14
    9
    0
    0
    0
   69
    0
    0
    0
    0
    0
    0
    0
    1
   31
    0
    0
    0
    0
    2
    1
   34
   26
   84
    0
   21
  174
    0
    2
    3
    0
    0
    0
    0
    0
    0
    0
   40
   12
  105
   30
   18
   22
    5
   45
   50
    9
    0
   19
   71
    0
    0
    0
    2
    0
    0
    0
    0
    0
    4
    0
   57
    0
   19
    0
   10
   20
    1
    0
    0
    0
    0
   11
   82
    9
    0
    0
    0
    0
    0
   36
   75
    0
    0
  145
   21
    0
    0
    4
    0
    0
   21
    0
   79
  162
   62
    0
   30
    0
    0
    0
    0
    0
    0
    0
    0
    0
    0
   99
    0
   39
    9
    0
    0
    0
    0
  121
   19
    0
    0
    0
    0
    0
   41
    0
    0
    0
    0
    0
    4
    0
    0
    0
   71
   13
   18
    0
    0
   31
  176
   21
  305
    9
    0
    0
    0
    0
    0
    0
    0
    0
  411
    0
    2
   44
    0
    0
    0
   60
    5
   33
   82
    0
    0
  119
    1
   21
    0
    0
   27
   24
   12
    0
    0
    0
    0
    0
    0
   52
    0
    5
    0
    0
    0
    0
    0
    0
    0
    0
    0
    0
    0
    0
    0
    0
    0
    0
    0
   99
    0
    0
    0
    2
    0
    0
    0
   18
    0
    0
   68
   36
    0
   56
  171
   29
   16
    0
    0
    0
    0
    0
    0
   68
  249
   45
   56
    0
  100
   21
   68
   23
  101
   79
  108
   94
   25
   82
    0
    0
    0
   36
   19
    0
    0
   56
   21
   34
   21
   24
    1
    2
    0
    4
    5
   84
    0
    0
   56
    0
    0
    0
    4
    0
    0
    0
    0
    0
    0
    0
    0
    0
   41
    0
   15
    0
    0
    0
    0
    0
    0
    0
    0
   91
   55
   12
    1
   21
   58
   24
    3
    2
    1
    3
   26
    0
   12
   18
    0
   23
    1
    2
  170
   55
   77
   71
    1
   28
    3
    0
   45
   14
    1
    3
   78
    0
    0
    0
   29
   99
    0
    0
    0
    0
    0
   33
   84
   65
    6
   12
    0
    0
    0
    0
    8
   18
    9
    0
    0
    0
    0
    9
    0
    0
   58
    0
   16
    9
   48
   57
   61
    0
    0
   19
    4
    8
   46
   22
   21
    0
    0
    0
    0
    0
    0
    0
   12
   15
    0
    5
   11
    0
    6
    0
    0
    1
    0
    0
    0
    0
    0
    7
    9
    0
    1
   12
    2
   60
    0
   16
   21
   10
   65
    1
    0
    0
    0
    0
    1
   17
   19
    0
    0
    0
    0
    0
    0
    0
    0
    0
    0
    0
    0
    0
   10
    1
    0
    0
    0
    0
   24
    0
    0
    0
  131
   39
   12
   16
    0
    0
    0
    0
   11
    0
    0
    0
    0
   72
    0
    0
   41
    3
    0
    0
   33
    0
    0
    0
    0
    0
    0
    0
   22
   58
    1
  105
   22
    4
    7
   10
    0
    0
    0
    1
    0
   31
   60
    2
    3
    0
    0
    0
    6
    0
    0
    0
   21
  233
   17
   11
   65
   56
    2
   21
    0
    0
    0
    1
   29
   17
   61
   19
    0
    0
    0
    0
    0
    0
    0
    0
    1
    2
    0
    0
   44
   74
   16
   19
   12
   17
   10
   51
    2
   23
  449
    8
    2
   33
    0
   96
    0
   38
    2
    8
   15
  445
    0
    0
    0
    0
    0
    0
    0
    0
    0
    0
    0
    0
    0
    0
   52
   61
    0
    0
    0
    0
    0
    0
    0
    0
    0
   98
   32
   19
    0
    0
    0
    0
    0
   91
  142
  124
  157
    0
    0
    0
   31
    0
   14
    0
   91
    0
    0
    0
    4
   19
    0
    0
   23
    0
    0
    0
    0
    0
    0
    0
    9
   29
    2
    0
    0
    0
    0
    0
   12
    0
    0
   29
    2
    0
    0
    0
    0
    0
    0
   62
    1
    0
   12
    0
    0
   29
    0
    1
    1
    0
    0
    0
   29
   20
   20
   56
    0
    0
    0
    0
    0
    0
    0
    0
    0
    2
    0
    0
    0
   15
   47
    0
    8
    6
    0
   49
    0
  114
    1
    0
    0
    0
    0
    0
    0
    0
    8
   37
   46
   34
   54
   67
   34
   21
    0
   61
    0
   24
    3
    1
   29
   47
    1
    2
    0
    0
    0
    0
    0
    0
    0
   11
    0
    0
    0
    0
    0
    0
   46
    9
   21
   13
    1
    0
    0
    0
    0
    0
    0
    0
    0
   34
   46
  172
    2
   72
  120
   74
   21
    0
  231
   15
    0
    6
    0
    0
    0
    0
    0
   75
  135
   36
    0
    1
   22
    0
    0
   33
   12
   62
    1
    9
    7
  102
  111
    0
    0
    0
    0
    0
    0
   11
    0
    0
    0
    0
    0
    0
    0
   19
    0
  176
   23
   12
    0
    0
   12
    1
    2
   54
    0
   31
   42
   21
   25
   35
    4
   68
   42
   22
    0
    0
    0
    0
    0
    0
    0
   35
    0
    0
    0
   87
    0
    0
    0
   38
   47
   54
  151
   74
   21
   26
    0
    0
   15
   41
   28
   78
    0
  178
   29
   23
   93
   22
   27
    0
    0
   38
   16
   27
    0
    0
    0
    0
    0
    0
    0
    0
    0
   24
    0
    0
   58
   19
   21
   10
    0
    0
    0
    0
    0
    0
   16
   14
  161
   10
    0
    0
   24
    0
    0
    0
    0
    8
   63
   91
    1
  161
    0
    0
    0
    0
    0
    0
    0
    0
    0
    0
    0
    0
    0
    0
    0
    0
    0
    0
    0
    0
   35
    0
   27
    0
    0
  142
  180
  102
  153
    0
    0
    0
    0
    0
    0
    2
    0
   20
    0
    0
   20
    0
    5
    0
    0
    0
    0
    0
    0
    0
    0
    0
    0
  220
  400
  220
   10
    0
    0
  115
  180
    0
    0
   32
    0
    0
    0
    0
    0
    0
  150
   15
    0
    0
   30
    0
   10
    0
    0
    0
   10
    0
    0
   40
    0
    0
    0
    0
    0
    0
    0
   10
    0
   40
   40
    0
    0
    0
   46
   60
   93
    0
    0
   46
   17
    0
    0
    0
    0
   29
   19
  263
   61
   30
   20
   23
  380
    0
    0
    0
    0
    0
   23
    0
    0
   52
    0
    0
    0
    0
    0
    0
    0
    0
   53
   47
    0
    0
    0
    0
    0
    0
    0
    0
    0
   28
   13
    6
   22
    0
   23
    0
   14
    0
    0
    0
   24
    0
    0
    9
    0
    0
    2
   40
   15
   30
   99
   89
   15
   39
    2
    0
    0
    0
   35
   25
    0
    5
    0
   35
    0
    0
   16
   50
    0
   64
   25
   30
    0
   42
    7
   32
    6
   73
   61
   17
    0
   20
   24
   28
    0
    0
    0
    0
   30
    0
   10
    0
    0
    0
    0
   15
    5
  165
   65
   32
    0
    0
    0
    0
    0
    0
   75
    0
    0
    0
    0
    0
    0
    0
    0
    0
    0
    0
   -9
   -9
   -9
   -9
   -9
   -9
   -9
   -9
   -9
   -9
   -9
   -9
   -9
   -9
   -9
   -9
   -9
   -9
   -9
   -9
   -9
   -9
   -9
   -9
   -9
   -9
   -9
   -9
   -9
   -9
   -9
   -9
   -9
   -9
   -9
   -9
   -9
   -9
   -9
   -9
   -9
   -9
   -9
   -9
   -9
   -9
   -9
   -9
   -9
   -9
   -9
   -9
   -9
   -9
   -9
   -9
   -9
   -9
   -9
   -9
   -9
   -9
   -9
   -9
   -9
   -9
   -9
   -9
   -9
   -9
   -9
   -9
   -9
   -9
   -9
   -9
   -9
   -9
   -9
   -9
   -9
   -9
   -9
   -9
   -9
   -9
   -9
   -9
   -9
   -9
   -9
   -9
   -9
   -9
   -9
   -9
   -9
   -9
   -9
   -9
   -9
   -9
   -9
   -9
   -9
   -9
   -9
   -9
   -9
   -9
   -9
   -9
   -9
   -9
   -9
   -9
   -9
   -9
   -9
   -9
   -9
   -9
   -9
   -9
   -9
   -9
   -9
   -9
   -9
   -9
   -9
   -9
   -9
   -9
   -9
   -9
   -9
   -9
   -9
   -9
   -9
   -9
   -9
   -9
   -9
   -9
   -9
   -9
   -9
   -9
   -9
   -9
   -9
   -9
   -9
   -9
   -9
   -9
   -9
   -9
   -9
   -9
   -9
   -9
   -9
   -9
   -9
   -9
   -9
   -9
   -9
   -9
   -9
   -9
   -9
   -9
   -9
   -9
   -9
   -9
   -9
   -9
   -9
   -9
   -9
   -9
   -9
   -9
   -9
   -9
   -9
   -9
   -9
   -9
   -9
   -9
   -9
   -9
   -9
   -9
   -9
   -9
   -9
   -9
   -9
   -9
   -9
   -9
   -9
   -9
   -9
   -9
   -9
   -9
   -9
   -9
   -9
   -9
   -9
   -9
   -9
   -9
   -9
   -9
   -9
   -9
   -9
   -9
   -9
   -9
   -9
   -9
   -9
   -9
   -9
   -9
   -9
   -9
   -9
   -9
   -9
   -9
   -9
   -9
   -9
   -9
   -9
   -9
   -9
   -9
   -9
   -9
   -9
   -9
   -9
   -9
   -9
   -9
   -9
   -9
   -9
   -9
   -9
   -9
   -9
   -9
   -9
   -9
   -9
   -9
   -9
   -9
   -9
   -9
   -9
   -9
   -9
   -9
   -9
   -9
   -9
   -9
   -9
   -9
   -9
   -9
   -9
   -9
   -9
   -9
   -9
   -9
   -9
   -9
   -9
   -9
   -9
   -9
   -9
   -9
   -9
   -9
   -9
   -9
   -9
   -9
   -9
   -9
   -9
   -9
   -9
   -9
   -9
   -9
   -9
   -9
   -9
   -9
   -9
   -9
   -9
   -9
   -9
   -9
   -9
   -9
   -9
   -9
   -9
   -9
   -9
   -9
   -9
   -9
   -9
   -9
   -9
   -9
   -9
   -9
   -9
   -9
   -9
   -9
   -9
   -9
   -9
   -9
   -9
   -9
   -9
   -9
   -9
   -9
   -9
   -9
   -9
   -9
   -9
   -9
   -9
   -9
   -9
   -9
   -9
   -9
   -9
   -9
   -9
   -9
   -9
   -9
   -9
   -9
   -9
   -9
   -9
   -9
   -9
   -9
   -9
   -9
   -9
   -9
   -9
   -9
   -9
   -9
   -9
   -9
   -9
   -9
   -9
   -9
   -9
   -9
   -9
   -9
   -9
   -9
   -9
   -9
   -9
   -9
   -9
   -9
   -9
   -9
   -9
   -9
   -9
   -9
   -9
   -9
   -9
   -9
   -9
   -9
   -9
   -9
   -9
   -9
   -9
   -9
   -9
   -9
   -9
   -9
   -9
   -9
   -9
   -9
   -9
   -9
   -9
   -9
   -9
   -9
   -9
   -9
   -9
   -9
   -9
   -9
   -9
   -9
   -9
   -9
   -9
   -9
   -9
   -9
   -9
   -9
   -9
   -9
   -9
   -9
   -9
   -9
   -9
   -9
   -9
   -9
   -9
   -9
   -9
   -9
   -9
   -9
   -9
   -9
   -9
   -9
   -9
   -9
   -9
   -9
   -9
   -9
   -9
   -9
   -9
   -9
   -9
   -9
   -9
   -9
   -9
   -9
   -9
   -9
   -9
   -9
   -9
   -9
   -9
   -9
   -9
   -9
   -9
   -9
   -9
   -9
   -9
   -9
   -9
   -9
   -9
   -9
   -9
   -9
   -9
   -9
   -9
   -9
   -9
   -9
   -9
   -9
   -9
   -9
   -9
   -9
   -9
   -9
   -9
   -9
   -9
   -9
   -9
   -9
   -9
   -9
   -9
   -9
   -9
   -9
   -9
   -9
   -9
   -9
   -9
   -9
   -9
   -9
   -9
   -9
   -9
   -9
   -9
   -9
   -9
   -9
   -9
   -9
   -9
   -9
   -9
   -9
   -9
   -9
   -9
   -9
   -9
   -9
   -9
   -9
   -9
   -9
   -9
   -9
   -9
   -9
   -9
   -9
   -9
   -9
   -9
   -9
   -9
   -9
   -9
   -9
   -9
   -9
   -9
   -9
   -9
   -9
   -9
   -9
   -9
   -9
   -9
   -9
   -9
   -9
   -9
   -9
   -9
   -9
   -9
   -9
   -9
   -9
   -9
   -9
   35
   54
    0
    0
   34
    0
    7
  237
    0
  100
    0
    0
    2
    0
   29
    4
    0
    6
    0
    0
    0
    0
    0
    0
    0
    0
    0
    0
    0
    0
   31
    6
  104
   25
   28
    0
    0
    2
   29
    0
    0
    0
    0
    0
    0
    4
    0
    0
    0
    0
    2
   15
    0
    0
    0
    2
    0
    4
   52
   13
   39
    0
    0
    0
    0
    0
    0
    0
    7
    0
    0
    0
    0
    0
   96
   95
   21
  120
    5
   45
    0
    0
    0
    0
    8
   69
   36
    7
   10
    0
    5
    0
    0
   15
   17
   19
    3
    0
   29
   10
   80
    0
   30
  243
    0
    0
   17
    0
    0
    0
   13
    0
    0
    0
    0
    3
   13
   40
   51
   12
   54
   15
   39
   99
   21
    0
    0
    0
   10
    9
   76
   13
   17
   68
    4
    8
    0
    0
    0
   13
   71
   48
    0
   53
    6
    0
   31
    3
   36
   31
   27
   88
    0
    1
   37
    0
   30
    0
    5
    0
  172
    0
   19
   21
   10
   32
    3
   15
    0
   12
    0
   12
    0
   43
    0
    0
   36
   50
   45
   17
    2
    0
    1
    0
    0
    0
    5
    0
    0
   19
    0
    0
    0
    0
    0
   20
   14
   20
   17
   12
   16
   10
    4
    0
    0
   35
    2
   13
   51
   58
    0
   51
  128
    0
    0
    3
    0
    7
   23
    7
   34
   59
   95
   78
    0
    0
   98
   62
  137
   49
   72
    0
    0
    0
    0
    3
   10
   30
   53
    0
    0
   28
    0
    0
    0
    0
    0
    0
    0
   24
   82
   35
    0
   54
  345
    5
    0
    5
   26
   95
    0
    0
    0
    0
    0
    0
    0
    0
    0
    0
    4
  242
   52
  272
   34
    0
   67
   60
   32
    7
   29
    0
   12
   32
   63
  100
   47
   49
    0
  122
    0
    0
    0
   80
   46
   15
   87
    0
    0
    0
    0
    0
    0
    0
   29
    0
    0
    0
    0
    0
    0
    0
    0
    0
    0
   18
   12
    3
   61
    0
   67
   16
    0
    0
  166
    0
    0
    0
    0
   23
  432
    0
    0
    0
    0
    0
    0
    0
    0
    0
    0
    0
    0
    0
    0
    0
   35
   77
    3
   21
    0
    0
   60
   24
    0
    0
   40
    9
   19
   70
   90
  124
   14
   13
  521
  142
    0
   14
    0
    0
    0
    6
   10
    0
    0
    0
    0
    0
    1
    0
    0
    0
    0
  102
   93
   62
    0
    0
    6
    1
  108
  105
    6
   51
   99
   19
    1
    0
    0
    0
    0
    0
    0
    0
    0
    0
    0
    2
    0
    0
    0
    0
    6
    0
    7
    0
    0
    0
    0
    0
    0
   18
  176
   85
    0
    6
  127
  128
   68
   89
    0
  228
   38
   79
    8
    0
    0
    0
    0
   14
   81
   18
  105
   80
   97
    0
    0
    0
    0
    0
    0
    0
    0
    0
    4
    0
    0
    0
    0
   16
    3
   12
    2
    0
    0
    0
   68
   13
    0
    0
    0
    0
    0
   18
    8
  115
    0
   42
   86
   69
    0
   14
    0
    0
    0
    8
    0
    0
    0
    8
    0
    0
    0
    1
    0
    0
    0
    0
    0
    0
    0
    0
    0
    0
    0
    0
    0
    0
    0
    0
    0
    0
    0
    0
    0
    0
    0
    0
    0
   25
    9
   24
    6
    0
    0
    0
    0
    0
    0
    0
   30
   28
   54
   57
   16
   36
    0
   17
   15
    9
    4
    0
    0
    0
    0
    0
    8
   21
   29
    9
    3
    9
   23
    0
    0
    0
    3
   19
    5
    2
    0
    0
    0
    0
    0
    0
    0
    0
    6
    2
   37
    0
   68
    0
    0
   45
   28
   13
   27
    1
   80
    2
    2
    0
    0
    0
    0
    4
   72
   15
    5
    5
    0
    0
    0
    0
    0
    0
    0
    0
    5
   54
    0
    0
    0
   23
   27
    4
    0
   25
   46
  118
    0
    0
    0
   14
   75
    0
    0
   20
    8
    7
   48
   49
    2
  243
  139
    0
    4
   46
   10
    6
   15
   16
  160
    0
    0
    0
    0
   10
   92
   17
    0
    0
    0
    0
   87
   44
    8
    0
   33
    0
    0
    0
    0
    0
    0
    6
   45
   17
   68
    0
    0
    0
    0
    0
    9
   69
   19
    9
    0
    4
   27
   95
   12
  183
  433
   49
    0
  132
   65
    0
    0
    0
    0
    0
   11
    0
    0
    0
    0
   44
   77
   49
    0
    0
    0
    0
   12
    0
    0
    0
    0
    0
    0
    0
    0
    0
    0
    0
   40
   69
   20
   17
   77
  203
    0
    0
    0
    0
    0
   34
    0
  194
    0
   17
    2
  138
    0
    0
    0
    0
    0
    0
    0
   21
  113
   61
    1
   35
   42
    0
   37
  131
   37
   32
    0
    5
    1
    0
    4
   40
    0
    7
   28
   66
    0
   19
   12
   21
    0
   29
   21
    0
    0
   11
    0
    0
    0
    0
   16
    0
    0
    0
    0
    3
  124
   69
    4
   30
   50
   78
    6
    0
    0
    0
    0
   45
    1
   30
   13
   18
   17
    0
    8
    0
   15
    0
   31
   23
    3
    0
    0
    0
   75
    2
   14
    2
    0
    0
   28
    0
    0
    0
    2
   18
    6
    0
   31
   20
   47
   70
   34
    2
    0
    0
    0
    0
    0
    0
    0
    0
    0
    0
   86
   46
    6
    0
   14
   39
  130
   32
    0
    0
    0
    0
    2
    6
    0
    0
    0
    0
    0
    0
    0
    0
   20
    3
    0
    0
    0
    0
    1
    0
    0
    0
    0
    0
    0
    0
   26
   44
   19
    0
   29
    3
   47
    0
    0
   10
   25
    2
   14
   13
    0
    0
    0
   19
   48
    0
    0
    7
    0
   10
   32
  121
   15
    6
    0
    0
    0
   80
   25
    0
   51
    0
    0
    0
   78
   49
    0
    0
    0
   14
    2
    0
    0
    4
    0
    0
    0
    0
    0
    0
    0
   20
  100
   60
   10
   38
  112
    3
   32
    7
   20
    0
    0
   57
   21
   27
   29
   15
    0
    0
    0
   47
    7
  187
    2
    0
    0
    0
    0
   21
    3
    7
   79
   23
    5
    0
   77
    0
    0
    0
    0
    0
    0
   27
   13
   16
   49
  149
   15
    0
    0
    0
   12
   31
   70
   10
    3
   11
    0
    0
   27
    0
   92
    0
    0
    0
    3
    0
    6
   27
   70
   61
   21
    0
    0
   78
   20
    3
    0
    0
    0
    0
    0
    0
    0
    0
    0
    0
    0
    0
    0
    0
   36
   88
    2
    0
    0
   17
    0
  126
   91
    0
   69
    8
    0
   25
    6
    0
    0
   69
   18
    0
   29
   61
    5
    0
    0
    0
    0
    0
    0
    0
    0
    2
    9
   27
   55
  276
  195
  297
  274
    0
    0
    0
  130
   51
    3
    0
    5
    0
  174
   39
    0
    0
    0
    0
    0
    0
    0
    0
    0
    0
    0
    0
    0
   21
    0
    0
    4
   21
    2
    0
    2
    0
   87
    0
    4
    0
   99
   42
    2
    0
    0
    0
    5
    0
   58
    4
    0
    0
    8
    3
    0
  151
   12
    0
    0
    0
    0
    0
    0
    0
    0
    0
    5
    0
    0
    0
    0
    0
   12
   11
   13
   13
    3
    0
    0
    0
    9
   19
  179
   64
   68
   15
    4
  146
   79
    0
    0
    0
    0
   14
    0
    0
   19
    6
   23
    7
    0
    0
    0
    0
    0
    0
    4
    3
    0
    2
    3
   18
   21
    0
    0
    0
    0
    1
    0
  120
    0
    0
    0
    0
    0
   17
    0
    0
    0
    0
    0
    0
   10
    5
    4
   25
   62
   66
   23
   14
   57
   39
    0
    3
   56
   53
   74
   41
   35
    3
    0
    0
    0
    2
   70
    2
    0
    0
    3
    6
   33
   11
   24
   10
    0
    0
    0
    0
   23
    6
    2
   32
   12
    0
    0
    0
    0
    0
    0
    0
    5
   93
    0
    0
   36
   25
   49
   24
    0
   52
    0
    0
    0
   45
    4
   32
    0
    0
   38
    2
    0
    0
    0
    2
    0
    0
    0
    0
    0
    4
    0
    0
   87
    2
    0
    0
    0
    4
   60
    0
   85
   11
    0
    0
   35
   22
   17
   35
   94
   17
  196
   18
   56
   12
    2
    0
   10
   12
   18
   68
  202
   72
    7
    0
   10
    0
   24
    0
    0
    0
    0
    0
    0
    0
    0
    0
   43
   69
    5
    0
    0
    3
   12
  114
   50
    0
   87
   34
    0
    0
    0
    0
   19
    0
    0
    0
   45
    0
    0
    0
    2
    0
    0
    0
    0
    0
    0
   62
    9
   11
    4
    0
    0
    0
    0
    0
    0
    0
    0
    0
    0
    2
    0
    0
    0
    0
   50
    0
    5
    0
   36
   17
    2
    0
    0
  118
    0
   12
   44
    0
    0
    0
    0
   15
    1
    0
   31
  101
  285
    0
    0
    2
  123
  134
    3
    3
    0
   96
   40
   34
   10
    0
    6
    0
    4
    0
   32
   33
    0
    7
   99
   46
   51
   13
  178
   36
   16
   53
   30
   15
   12
    3
  122
    0
    5
    0
    0
   40
   10
   50
    0
    5
    0
  152
   55
    6
    2
    0
    0
  203
    0
    8
    0
    0
    0
    0
    0
    0
    0
   11
   83
    0
    0
    0
    0
    0
    0
    0
  129
   71
   23
   30
    2
  125
   30
   21
    4
    0
    0
    0
    0
   72
   28
  104
    0
    0
    0
    4
   84
   21
  153
    0
  173
  160
   67
   83
   14
    0
    0
    0
    0
    0
    0
    0
    0
    0
    0
    0
    0
   63
   47
    0
    0
    0
    0
   67
   34
    2
   21
   21
  111
   39
   38
    0
    0
   31
    8
    0
   18
    0
    0
   20
   81
   50
   21
   44
   78
   33
   40
  181
  199
   58
    5
  103
    0
    4
    0
   31
   45
   67
   45
    0
    0
   60
    6
   35
   25
    3
    0
   14
    0
    0
    0
    0
    0
    0
    3
    0
    0
    2
    0
    0
    0
   35
   91
   75
   28
    4
    0
    0
    0
   75
   26
   80
   20
    0
    0
   10
   13
    8
    0
    2
    0
    7
    0
    0
    0
    5
    0
    0
    0
    0
   11
   40
    2
    0
    0
   39
   50
   40
    0
  112
   16
   17
    2
    0
    0
    0
    0
    0
    0
    0
    6
    0
    0
   34
    6
   65
   50
   57
   14
   16
   16
   26
  111
  102
   70
   11
   63
   28
    4
    0
    0
    0
    4
   61
   11
   62
   19
    5
  145
    0
   82
   52
  114
  137
   14
    0
    9
    0
   76
  107
    0
    0
   19
    0
    0
    0
   20
   75
    0
    0
    0
    0
    0
    0
    0
    0
   12
   46
    1
   25
   33
    0
    0
   25
   61
   27
    0
    0
    0
    0
    0
    0
    1
    1
   59
   45
    2
    0
    0
   31
    0
   43
    0
    5
  102
   34
    0
    0
    0
    3
    0
   32
    0
    0
    0
   20
    2
    0
    0
    0
    0
    0
    0
    0
    0
   21
  379
    0
   25
   58
    6
   30
   10
    0
    0
    0
    0
    0
   32
   39
   18
    0
    0
    0
    0
    0
  141
    0
  112
    0
    0
  120
   22
    3
   19
    0
    0
   49
    0
   59
   14
    3
    0
    0
    0
    0
  106
  443
    8
   39
    5
    0
    0
    0
    0
    4
   24
    0
    2
    7
    4
    0
    0
    3
  210
   59
   53
    3
    8
    0
    0
    0
   20
  195
   37
    0
    0
    0
    0
    0
   32
    0
   38
    0
    0
    0
    0
    0
    0
    0
    0
    0
    0
    0
    0
   26
    0
    0
    0
    0
    2
   17
    0
    0
   12
   10
  100
   28
   55
    0
   46
    0
    0
    0
    0
    0
    2
    0
   22
    0
    0
   46
   59
    0
    0
    0
    0
    0
    7
    0
    0
    0
    0
    0
    0
    0
    0
    0
    6
    0
    0
   45
    0
    8
    0
    0
   26
   34
    0
   11
   31
   17
    0
    0
   35
    0
    0
   69
    0
    8
   99
   24
   24
    3
    0
   26
    0
    0
    0
    0
    0
    0
    0
    0
   22
    0
  105
    8
    0
    0
    0
   25
    0
    0
  134
    0
    0
    0
   21
   23
  146
   80
   78
    6
    0
   12
   36
    0
    0
    2
   31
   28
    8
   22
    6
    0
    0
    0
    0
    0
    0
    0
    0
   23
   15
    4
    5
    6
    6
   35
    0
    0
    0
   11
   44
   58
    4
    6
    0
    3
    0
   16
   11
    0
    0
    0
    0
    9
  116
   67
    0
   70
    0
   28
   28
   12
    0
   27
    0
    7
    0
    0
   29
    0
    0
    0
    0
    0
    0
   43
  100
   41
    0
  114
   71
   87
    9
    8
    0
   13
    0
    0
  165
   35
   56
   19
    6
   60
   59
    0
    0
    0
   51
   23
   19
    0
   28
   42
   32
   59
   42
   13
   24
   45
   51
    3
   37
    0
  109
   83
    0
    0
   36
   14
   38
   17
   19
   33
   15
    0
   44
  197
  240
   81
   83
   13
   15
  135
   68
  148
   80
   23
    0
    0
    0
    0
    0
   44
    0
   70
   71
   10
   23
   36
    4
    0
    0
    0
    8
    0
    0
   18
    0
    0
    0
    7
   32
    0
   22
  142
    0
   25
    2
    0
    0
    0
    0
    0
   42
    0
    0
    0
    0
    0
    0
    0
    0
    0
    0
    0
    0
    0
    0
    0
    0
    0
    0
    0
    0
    0
    0
  102
   25
   18
   71
   52
  140
    0
    0
    4
    0
    3
    0
    3
   15
    0
    0
    0
    0
    0
   39
    4
   66
    0
    0
    0
   96
    0
   41
    0
   68
    0
    0
    0
    0
    0
    0
    2
    7
   19
   29
    5
    0
    0
    0
    0
    6
   16
    0
   13
   86
    0
  282
   34
    6
   13
    9
    0
   10
  158
    2
    0
    7
    0
   16
    2
    0
    2
    0
    0
    0
   42
   18
   27
   90
    0
    0
    0
    4
    0
   50
    0
    4
   28
    3
    0
   20
    0
    0
    0
    0
   59
    0
  107
    0
    0
  196
  144
    0
    0
    0
    0
    0
    8
  473
    0
    3
    0
  157
   34
  161
    3
    0
   68
    6
    0
    0
    0
    0
    0
    0
    0
    7
   50
   35
    0
    0
    0
   28
    3
    0
    0
    3
    3
    0
    0
    0
    0
  138
    7
    0
    0
    6
   35
  154
    0
    2
    0
    9
    3
    0
    0
    0
    0
    1
    0
    0
    0
    0
    0
    8
    0
    3
   31
    8
    7
    0
    0
   21
    6
    0
   30
    0
    0
    8
    0
    0
    0
    0
    0
    0
    0
   60
    0
    0
   34
    0
   12
    2
   39
    0
    0
   18
   26
    7
    5
   21
    0
    0
    0
    0
    0
    0
    0
    0
    0
    7
    0
   19
   40
    7
    0
   23
   76
    8
    0
    0
    0
    0
    0
    0
    0
   42
   30
    0
    0
    3
    2
   36
    2
    7
    2
    0
    2
   29
   10
    0
    0
    5
   10
    0
    0
    0
    0
    0
    0
    0
    6
    0
    0
    0
   30
   12
   42
   28
    0
    3
    0
    8
    6
   14
   79
   62
   79
   53
    6
    0
    0
    0
   11
    0
    0
   17
    0
    0
    0
    0
    3
    4
   16
    5
   21
  242
   31
    6
    2
    8
    0
    0
    0
    3
   66
   52
    7
    0
    0
   49
   30
   32
    4
   99
    8
    1
   17
    0
  118
   45
   32
    2
   63
   25
   71
  102
   91
   19
    0
    0
    0
   20
    0
    0
    0
    8
   49
    2
   67
   12
    4
    0
   84
   10
    8
   38
   45
   65
   18
    9
    4
    0
   26
    7
   12
    0
    0
   49
    3
    2
    9
    0
    0
    0
    0
    0
   34
  161
   21
    7
    0
    0
    0
    0
    0
    0
    0
    0
    0
   25
    7
    0
    0
    0
    0
    0
    0
    0
    0
    2
   91
    0
    0
   69
   57
   60
  112
   41
    0
    0
    5
   19
    5
   64
   67
    0
    0
    0
   16
   87
    6
  203
    0
    0
   55
   61
    2
    0
    0
    0
    0
   15
    0
   39
    0
    0
    0
    0
    0
    0
  238
  135
   28
   32
   33
    3
    0
    0
  165
   65
   27
    0
    0
    0
    0
    0
    0
    0
    0
    0
    0
   20
    0
    0
   61
    0
    0
    5
   64
   37
   41
    0
   18
   18
    0
    0
    0
    5
    0
    0
   95
    0
    0
  297
   21
    8
    0
    0
    0
    0
    0
   18
    0
    0
    2
    9
   48
    2
   30
   15
    7
   11
  140
  108
  268
  176
   68
   52
   49
    2
    4
    5
    0
   35
   43
   30
    2
    0
    0
   55
   29
   39
   23
   18
    0
   21
   60
    0
   88
   37
    0
    0
   10
   16
    0
    0
    0
    0
    0
    0
    0
    0
    0
    0
    0
    0
   40
    5
    0
   15
    0
    0
   32
   13
   41
    0
   21
   38
   10
    0
    0
    0
   14
  176
  208
   18
    0
    0
   55
    0
    0
    4
    0
    0
    8
   23
    2
   20
  140
    6
    9
   26
   25
   36
   10
   39
    0
    0
    0
    0
   65
  133
  118
   12
    0
    0
   26
   31
    3
    2
    1
    9
   11
   17
    7
   82
    4
  110
   30
    0
   46
    0
   28
   12
   47
  115
   33
   10
   25
   17
    0
    0
    0
   40
    9
    0
    0
    0
    6
   12
    0
    0
    0
    2
    0
    0
    3
   56
   20
    0
    0
   17
   32
    9
   90
   39
    0
    0
    0
    0
    0
    0
    0
    0
    0
   48
   29
   34
   59
   73
   74
    9
    0
    0
    0
    0
    0
   75
   59
    5
   61
   58
   31
   62
   66
   36
    0
    0
    1
    4
    0
    0
   15
   70
    0
    2
    0
    0
    0
   20
   50
    0
    0
    0
   23
   21
   43
   24
   30
   70
   26
    2
    0
    0
    0
    0
    0
    0
    0
    0
    0
    0
    0
    0
    0
    0
    0
    0
    0
    0
   14
  236
   40
   16
    0
    0
    0
    0
    0
    0
    0
    2
    0
   74
   37
    0
    5
    0
    0
    0
    8
   36
   68
   28
    0
    0
    0
   10
   32
   13
    0
    0
    0
    0
    0
    0
   56
    0
    0
    0
   71
   12
   91
    7
   26
   48
    0
    0
    0
    0
    0
    0
    0
    9
   86
   56
   92
    8
    3
    3
    0
   23
   30
   91
    0
    0
    0
   12
  197
    3
    0
    0
    0
    0
    0
   14
    6
    0
    0
