Station: Mutzschen , scaling_factor: 10.0, latitude:  51.2618, longitude:  12.8890, altitude:  189, nodata_value: -9
start: ..1969-01-01  end: ..2006-12-31
  131
   80
    0
    3
    0
    0
    0
    0
    0
    0
    0
    0
    9
    0
   11
    0
   12
   38
    0
    0
    0
   72
   17
   36
   29
    2
    0
   20
   31
    4
   13
    0
   48
    4
    9
    0
    0
   38
    0
   25
    5
    0
    3
   12
    3
  274
   69
    0
    0
    0
    5
    0
    0
    0
    1
   33
    0
    0
    0
    0
    0
    0
    0
    0
    0
    0
    0
    3
    0
   39
   74
  131
    0
   41
   36
    2
    2
    0
    4
    0
    0
    0
    1
   22
    2
    8
   20
   11
   56
  103
   10
    0
    0
    0
    0
    0
    0
    0
    0
    1
  191
   85
    6
    3
   57
   26
   30
   72
   10
    0
    2
  121
   44
    3
   47
    6
   79
   11
    6
   89
    0
    0
  118
  241
    0
    0
    6
    0
   11
    5
    9
    0
    0
    0
    4
    7
    0
   47
    5
   39
    3
    1
    0
    0
    2
  166
    0
    1
   66
   59
   11
   18
    0
   38
    0
   57
   92
    0
    0
    0
    0
    0
    0
    0
   15
    0
    0
    2
    0
  344
   56
    0
    0
    0
   27
    0
   50
    3
   41
   89
    0
    0
    0
    2
    0
   10
    4
    0
    9
    7
   19
    7
    3
    0
    0
    0
    0
    0
    0
    0
    0
    0
    0
    0
    0
    0
    0
    0
    0
    0
    0
    0
    0
    0
    0
    0
    0
    0
   20
    0
    0
    0
    0
    4
   47
  196
    3
    7
   41
    0
    1
    9
    2
    0
    0
    0
    2
    1
   51
   28
  214
  124
    0
    0
    0
    0
    0
    0
    0
    0
    0
    0
    0
    0
    0
    0
    0
    2
   27
   13
    0
    0
    0
   28
   69
    0
    0
    0
    0
   46
    0
    0
    0
   12
   45
   48
    0
    0
    0
    0
    0
    0
    0
    0
    2
    0
    0
    0
    0
    0
    0
    0
    0
    0
    0
   88
   14
   20
    2
    4
    0
   50
   31
   69
    0
    0
    0
   39
    7
    0
   38
   21
   30
    0
    0
    0
    0
    2
   11
    0
    0
   14
    7
    3
    0
    0
    0
   35
    7
   10
   36
    0
   11
    6
    6
   20
   96
    0
    0
    1
    2
    0
    0
    0
    0
    0
    2
    1
   61
    6
    4
   61
   30
    0
    0
    0
   23
   20
    0
    0
    0
    2
   18
   22
    8
   38
   42
   55
   27
  130
    0
    1
    0
    0
    0
    0
    0
    0
    0
    0
   33
    4
    0
    0
    0
    0
    0
    0
    8
    0
   17
   30
    2
   10
    0
    9
    0
  132
   31
   20
   15
   14
    4
   22
   36
   93
    7
    7
   21
    0
   27
   11
    9
   34
   20
   28
   52
  133
   78
   31
   64
   28
   90
   19
   83
  102
   19
  113
  308
   43
    0
    0
    0
    0
    0
    0
    3
    0
   10
    3
   20
    3
   16
   11
    0
    9
    0
    0
   12
    0
   41
   79
    0
    0
   51
    3
    4
    6
    2
   49
    3
    1
    0
  217
   10
    3
    0
   53
    0
    0
   51
    7
   13
   58
   24
   74
   13
   11
    3
   28
   23
   13
    0
   64
  104
   71
   28
    2
    0
    1
    0
    0
    0
    0
    0
   75
   88
    0
    0
    0
   21
    0
    0
   17
    4
   30
   47
    8
    0
    0
   59
  118
  138
   28
   49
   27
    7
    0
    0
   30
   11
    2
    6
    0
    0
  143
   10
    0
    0
    0
    0
    0
    0
    0
    0
    0
    0
   66
    7
    0
   16
    0
    0
   61
  111
    0
   11
   39
   14
   17
    0
    0
    0
    2
   18
    6
    0
    0
    0
   40
   41
   52
    0
    1
   22
   14
    6
    0
    0
   31
   25
   74
   18
    0
  263
    0
  141
  141
   82
    0
    0
    7
    0
   10
   57
    0
   11
   23
    0
    0
   61
    3
   19
    7
    0
    0
    9
  286
   81
   12
   46
    0
    0
    0
    0
    0
    0
    0
  135
    0
   10
   30
    0
   13
    0
   41
    0
    2
   34
    4
    0
    0
   28
    8
    0
    0
    0
    0
   11
    0
    0
    0
   46
    0
    0
    0
    0
   28
   27
  162
  124
    9
    0
    0
    0
    0
    0
    1
    0
    0
    6
   11
    0
    0
    0
    0
   24
    9
   42
   73
   10
  104
    0
   72
    0
  152
    2
   73
   21
    0
  147
   31
   24
   39
   32
    0
    7
   93
   22
   49
    4
    3
   70
    0
   18
    3
   29
    3
    0
   16
   58
    0
    0
    0
    0
    4
    1
   22
   10
   17
   31
   76
   57
    8
    0
    3
    0
    4
    6
    0
    0
    3
   12
    0
    1
    0
    0
    0
   46
   22
   19
   11
   20
   27
    3
    0
   48
    0
  107
    1
    1
    0
    0
    2
    0
    0
    0
    0
    0
    0
    0
    0
    0
    0
    0
    9
   21
    0
   11
    0
    5
    0
   61
    9
    0
   15
   41
   23
    0
    0
    0
    5
    0
   14
    0
    4
   17
   17
   21
    2
    0
    0
    6
    5
    0
    0
    0
    0
    2
    6
    1
   18
   41
   47
   36
   18
   20
   31
   29
   39
    3
    9
    4
    6
    1
    0
    2
    1
   29
    7
    6
    0
    0
    0
    5
    0
    0
    0
    0
    2
   16
    1
    4
   49
    0
    3
    0
    0
    1
   51
    0
    0
    0
    0
    9
    0
    0
    0
    0
    0
    0
    0
    0
    0
    0
    0
  167
    0
    0
   35
    0
    0
    0
  191
   43
   49
    8
    0
    3
    0
    0
    2
    0
    0
    0
    0
    0
    0
    0
    0
    0
    0
   89
    0
    6
    0
    0
   37
    0
  133
    0
    0
    2
    3
    0
   52
    0
    9
   61
    4
   13
    0
    0
    0
   14
    0
  157
   46
    5
   27
   89
    0
   57
   42
    0
   26
   40
   58
   52
   49
    3
    9
   43
    7
    0
    0
  102
   48
   69
   86
   93
    4
   17
    0
    0
    0
    0
    0
    0
    0
    0
    0
    0
    0
    0
    4
    0
    0
    0
    0
    0
    0
    0
    0
    0
    0
    0
    0
    0
    9
    0
    0
    0
    0
    0
    0
    0
    0
   13
    0
    0
    0
    0
    0
    0
   60
    0
    0
    0
    0
    0
    0
  253
   59
   69
    0
    7
    0
   11
    0
    0
    6
   19
    0
    0
    0
    0
    0
    0
    0
    0
  128
   31
    0
   11
    0
   34
    8
    0
    0
   78
    0
    0
    0
    0
   29
   11
   26
    0
    0
  175
    9
    0
    0
    0
    0
    6
    3
    0
    0
    0
    0
    0
    0
    0
   81
  148
    8
    0
    0
    0
    0
   23
   18
    0
    0
    0
    0
    0
    0
    0
    0
    0
    0
    3
    8
    4
    0
    0
    0
    0
   19
    0
   85
    2
   14
    0
    4
   49
   57
   43
  197
   13
    0
   30
    0
   28
   19
    8
    3
    0
    0
    0
    0
    0
    0
    1
    3
   21
   11
   28
   10
   65
   67
   83
   48
    6
    0
    0
    0
    0
    0
   39
   57
    3
   39
   28
    0
    0
    0
    0
   21
    0
   57
    0
    0
    0
   11
    0
   27
    0
    3
    3
   16
    0
    0
    0
    0
    0
    0
    0
    0
    2
    0
    0
    0
    0
    0
    0
    9
    0
   11
    0
    8
    2
    4
    0
    0
    0
    3
    0
    0
    0
    0
    0
   13
    1
    0
    0
    1
    0
    0
    0
    1
    0
    0
    0
    1
    1
    0
    2
    0
    0
    0
    0
    2
    3
    0
    0
    0
    0
   14
    3
    0
   56
    1
    0
    0
    0
    0
    0
    0
    0
    0
    0
    0
    0
    0
    0
    0
    4
   56
    8
   11
    0
   29
   39
   51
   32
   38
    0
   20
   22
    8
    0
    0
   17
    9
    0
    0
   30
    5
    0
   20
   40
    0
   20
    8
    0
    0
    0
    8
    7
   23
    0
    0
    0
    0
   22
    2
    0
    0
    0
    0
   11
   40
   87
   18
   10
    0
   13
  191
    0
   38
   29
    2
   42
    0
    0
   24
   12
   72
    3
   88
   28
   22
    0
   57
    4
    0
    0
    0
   24
  128
    0
    0
   43
  151
  183
    2
    0
    0
    1
    0
    0
    6
    0
    0
   15
   50
    9
    0
    0
    0
    3
    1
   26
    0
    0
   20
    0
    0
    0
    0
    3
    7
   66
    0
    0
    0
    0
    0
    0
    0
    0
    0
    0
    0
    3
   11
    0
   29
    0
    0
    0
  178
  143
    0
    9
    4
    6
    0
    0
    0
    0
    0
    1
    2
   69
    0
   22
    0
  286
    8
    1
  106
    0
    0
    3
   22
    0
    0
   23
    0
    0
    0
    0
    0
    0
   52
    0
    0
    0
    0
    0
    0
   17
    2
   51
   20
    0
   17
    0
    0
   20
   51
    1
    0
    0
    0
   36
   43
   30
   14
   21
   30
   39
    0
    3
    1
    0
    0
    0
    0
    0
    0
    0
    0
    0
    0
    1
    0
    0
    0
    0
    0
    0
   49
   54
   41
  140
   28
    9
    0
    2
    5
  138
    6
    1
    0
    0
    0
    0
    0
    0
    4
    0
   21
   24
   29
   59
   49
    4
    0
   23
    0
  122
   16
   14
    7
   13
    3
   14
   20
    0
    0
    0
    0
    0
    0
    1
    0
    2
    0
    0
    0
   44
    8
    0
    0
    0
    0
    0
    0
    0
    0
    0
    0
    4
    0
    0
    0
    0
    0
    0
    0
    0
    0
    0
    0
    0
    0
    0
    3
   13
    8
    4
    3
    0
   13
    3
    1
    0
    0
    0
   67
   21
    3
    0
    5
    0
    2
    0
    0
    0
    0
   36
   88
    9
   21
    6
   31
   26
    0
    0
    0
    2
    1
    0
    8
    5
   17
   25
   28
    0
    0
    0
    0
    4
   74
    4
    0
    1
   12
   68
   79
    6
   19
    9
    1
    0
   30
   86
    2
    0
    0
    1
   10
    0
    0
   14
   14
    0
    0
   11
    0
   26
   55
   38
    5
    0
    0
    0
    0
    0
    0
    0
    1
    1
    0
    0
   30
   78
   31
    0
    6
    4
    9
    0
   19
  197
   75
   54
    0
    0
    0
    5
   61
   41
   39
    2
   19
    2
    0
    0
    0
    0
    0
   43
    3
    0
   27
  111
   90
    2
   70
    5
    3
   18
   41
    0
    2
    0
    0
   65
    9
    0
    0
    0
    0
    0
   74
    1
    8
   40
    5
    0
    0
    0
    0
   56
    3
   96
   52
    0
    0
    0
   11
   10
  119
    1
   15
    0
    0
   72
    0
    4
    0
   29
    6
    0
    0
    0
    0
   21
    0
    0
    0
    0
   15
    0
    0
    0
    0
    0
    0
    0
    0
    4
    0
    0
    0
   36
    7
    0
    0
   57
   69
    4
   66
   21
   39
    0
   13
   21
   17
   40
  174
   29
   99
    0
    0
    0
    0
    0
    5
   56
    3
    1
   88
   17
    0
    0
    0
    0
    0
    0
    0
    0
    0
    0
  143
   10
   11
    0
    0
    0
    0
    0
    0
    0
    0
  108
    9
    2
   63
    2
    0
    0
    0
    0
    0
   68
   11
    0
    0
    0
    0
    0
    1
    0
    0
   11
    0
   72
    0
    0
   84
    0
    0
    0
    0
   11
    0
    0
    0
    0
    0
    0
    0
    0
    0
   13
    5
  127
    0
    0
   44
   48
   52
   32
    0
  109
  106
   62
   23
  110
    0
    0
    0
    0
    0
    0
   19
    2
    0
    0
    0
    0
   65
    6
    4
   38
    0
   43
    0
   39
   60
   59
   39
   34
    8
    0
   20
    2
    0
    0
    0
   28
   12
   27
   16
    6
   31
    0
   12
   18
   97
   73
    0
   76
   34
   48
    4
    0
   19
    8
   40
    7
   38
   78
    9
    0
    0
    0
    3
    0
    0
    0
    3
    3
    1
    4
    0
   10
    2
   12
    2
    0
    0
    0
   42
  109
    0
    0
    0
    6
    0
    0
    6
   28
    2
   28
  160
    4
    0
    0
   28
    1
   31
    0
    0
    2
    0
    0
    0
    0
    0
    0
    0
    0
   10
  124
   65
   44
   21
    0
    0
   13
    0
    0
    0
    0
    0
   21
   78
    0
   17
  136
  104
    3
    2
    6
    0
    0
    0
    0
    0
    0
   30
    0
    0
    1
    0
    0
    0
    0
    0
    2
    0
    4
   57
   51
    0
    0
    0
    0
    0
    0
    0
    0
    0
    0
    1
    0
   20
    0
    0
    0
    0
    0
    0
    0
    0
    0
    0
    0
    0
    0
    0
  117
   17
    9
    0
    0
    0
    3
   15
   18
   21
    0
    0
    0
   41
    5
    0
    0
    0
    0
   36
   45
   84
   20
    0
    1
    0
  164
   20
   11
   82
    0
   19
    7
    0
    0
    1
  106
  215
    0
    7
    1
    0
    0
   28
    3
    2
   23
   10
    0
   14
    0
    0
   60
   22
   56
   20
    7
   21
   53
  104
   19
    0
   31
    3
   20
    0
   17
    0
    0
   16
    0
    0
    2
   82
    0
    0
   28
   42
   23
   72
   45
    4
   77
   21
    0
   21
    0
   50
    5
    0
   10
    0
    0
   21
   38
    0
   92
    0
    0
    0
  100
   45
    4
    0
    0
    0
    0
    0
    0
    0
    0
   24
    0
    0
    0
   36
   12
   34
   22
    0
    0
    0
    0
    0
   82
  122
   27
   74
    1
    0
    0
    0
    0
    0
   44
    0
    0
    0
    0
    2
    0
   14
   25
    0
    9
    0
    0
   47
    0
    0
    0
    0
    0
    0
    0
    1
   71
    0
    0
    0
   32
    7
    0
    1
   39
    0
  120
   41
    0
   18
   55
   34
   30
    6
    0
    5
    0
   30
    4
    0
    0
    2
   28
   87
  259
    9
   12
   22
  118
  109
  402
   40
   25
   28
   21
   30
   41
    3
   33
   31
  184
   48
    9
    2
    0
    0
    0
    0
   17
    8
    0
    0
    0
    0
    0
    0
    0
   22
    7
    2
    2
   58
    2
   19
   32
   24
   12
   31
   24
   11
   37
    7
    2
   21
   54
  151
  190
   85
   15
   36
   31
  104
   20
   11
   31
   20
   81
   12
    6
    0
    0
    0
    0
    4
   91
   17
   13
   60
    9
  103
   52
   57
    2
    0
    0
    8
   17
   33
    3
    0
    0
    0
    2
    4
    0
    0
    0
    0
    0
    1
    0
   23
   28
    0
    0
   32
    0
   28
   89
   33
    7
   10
   18
   32
    0
    0
    0
    0
    3
    0
    0
    0
    7
    6
   23
   35
    0
    0
    0
    9
   41
    0
    0
    0
    0
    0
    0
    0
    0
    0
    0
    0
    0
    0
    0
    4
   11
    0
    0
    0
    0
   15
    1
   63
   14
   34
    0
    3
   24
  104
    0
    0
    0
   16
   77
   48
    3
    0
   10
    0
    0
    0
   19
    2
   58
   44
   59
    0
    4
    0
    0
   14
   35
   10
  136
  111
   62
   16
    0
    0
   12
    0
    0
    0
    0
    2
    0
    0
    0
    0
    1
    0
   45
   71
    0
    0
    0
    0
  242
   15
    0
    5
   23
    0
    0
    0
    0
   34
    0
    0
    0
    0
    0
    0
    0
    5
    0
    0
    0
    0
   45
    0
    0
    0
    4
    1
    0
    0
    0
   46
  115
   57
    0
    0
    3
   12
   93
   18
    9
   41
   10
    7
  116
   20
    0
   32
    0
    0
    0
    0
    0
    2
   54
    0
    0
    0
    0
    0
    0
    0
   16
    0
   13
    0
    0
    0
    2
    0
    0
   12
   11
  100
    3
    0
    0
    3
   19
    2
    0
    0
    0
    0
    0
  256
    0
    0
    0
    0
    0
    0
    0
    0
    0
    0
    0
    0
    0
  278
   29
   10
   14
    0
    3
    0
  529
   19
  108
   76
    0
    0
    0
    0
    0
    0
    0
    0
    0
    3
    0
    0
    0
    0
    0
    0
  203
   62
   31
   21
    0
    0
    0
    0
    0
    1
    0
    0
    0
    0
    0
    0
   20
    0
   21
    0
    0
    5
    0
   32
    0
    0
    2
    1
    0
   29
    0
    0
    0
    0
    0
    7
    0
    0
    0
    5
  105
   50
    0
    0
    0
    0
    0
    2
    2
    0
    0
    0
    0
    0
    0
    0
    0
    0
    0
   13
    0
    0
    0
    0
   47
    0
    0
    0
   12
  105
   37
    0
    0
    0
    0
    0
    0
    0
   32
   47
    0
    1
    0
   78
    7
    0
   13
    0
    0
    0
    0
   10
    0
    0
    0
    0
    0
    0
    0
    0
    0
    0
    0
    6
    0
    0
   51
    0
    0
    0
    0
    0
   41
   50
    3
    6
    2
   42
    0
    0
   14
  129
   51
   83
  194
   68
   83
   12
    7
    0
   36
   48
   55
   55
   76
   18
    3
    0
    0
    0
    1
    0
    0
    0
    0
    0
    0
    0
    0
    0
    0
    0
   68
    4
    4
   20
    0
    0
    0
    0
    0
    0
    0
    0
    0
    0
    0
    0
    0
    0
    0
    0
    7
    0
    0
    0
    6
    5
    4
    2
    0
    0
    8
    0
    5
    4
    0
    0
    3
   27
   51
    0
    2
    2
    0
    0
   31
   32
   18
    0
    0
    0
    0
    0
    0
    0
   10
   37
    6
    0
    0
    0
    0
    0
    0
    0
    0
    0
   10
    0
    0
    0
    0
    0
    0
   13
   38
    0
    0
    0
    4
    0
    4
    0
    0
   33
   29
    0
    0
    0
    0
    0
    0
    0
    1
    2
    0
    0
    0
    0
    0
    0
  119
   47
    0
    0
    3
    0
    0
   34
    6
   51
   29
   46
    0
   27
    5
   13
    0
    0
    0
    0
    0
    0
    0
    0
    3
    0
   81
   58
    0
    0
    0
    0
    0
    0
    0
    0
    0
    0
    0
    0
    0
    0
    0
    0
    0
    0
    0
    0
    0
    0
   84
    0
    0
    0
   45
    3
    0
    0
    0
    4
    0
    0
    4
    9
    0
    3
    0
    0
    0
    0
    0
    0
  100
   10
   25
  105
   10
    0
    0
    0
    0
    0
    0
    0
    0
    0
   20
    0
    0
    0
    8
    3
   18
    0
    0
    0
    0
    0
    0
   33
    0
    0
   11
    0
    0
   46
    0
   16
    0
    0
    0
    0
   58
    0
    0
    0
    0
   32
    0
    0
    0
   46
    0
    0
    0
    0
    0
   15
    0
    0
   81
   64
   46
    0
    0
    0
   24
    0
    0
    0
    0
    0
    0
    0
    0
    0
    0
   16
    0
    0
  116
    0
    0
    0
    0
    0
    0
    0
    0
    0
    0
    0
    0
    0
   35
    0
    2
    2
    1
    0
    0
  141
    0
    0
    0
    2
    0
    0
   32
    0
    0
    0
    0
    6
    5
    0
   76
   45
  121
   23
    0
    1
    0
    2
    2
    4
    7
    3
    0
    0
    0
   11
   21
    0
    0
   24
  110
   25
   21
    4
    0
    0
    0
    0
    0
    0
    0
    0
   26
    0
    9
    0
    3
    0
    0
    0
   44
    0
    0
    1
    0
    1
   15
   31
    2
    0
   14
    0
    0
    0
    0
    0
    0
    0
   13
    0
    0
    1
   10
    5
   71
    0
    0
    0
   13
    0
    0
    0
    0
    0
   11
   39
   45
   45
   46
    1
   35
    0
    0
    1
    2
    0
    0
    8
    2
   31
   82
    0
    1
    0
    0
   17
   22
   11
    0
    1
   45
   10
   32
    0
    0
    0
   20
    0
    0
    0
  146
    3
   30
    0
    0
    0
   51
  128
    0
    0
    0
    0
    0
    0
   20
   78
    1
    0
    0
    0
   74
    0
   24
    0
   36
    2
   64
    0
    0
   30
   12
   12
   93
   55
    0
    0
    0
    0
    0
    0
   13
    2
   84
   42
    0
    0
    8
    0
  142
   41
    0
   45
    0
    0
   82
    0
    0
   31
    0
    0
    0
   85
    6
    9
   54
    0
    0
    0
   15
  102
    2
    0
    0
    0
    0
    0
    0
    0
    0
    1
    0
    0
    3
   63
    2
   21
    2
   49
   16
    0
    0
    0
    0
    0
   76
   26
   26
  223
  166
  300
    0
    0
    0
    0
    0
   39
   17
    0
    0
   10
    0
    0
    0
    0
    0
   37
  210
   24
   14
   89
  105
    0
    0
   39
    0
    5
    0
    4
   25
   11
    0
    6
    0
    0
  176
   84
   36
    1
    0
    0
    0
  148
    0
    0
    0
   26
    0
    0
    0
    4
   19
  166
  186
  110
   10
    0
    0
    0
    3
   37
   39
    1
    0
   20
    0
    0
    0
   48
   18
    0
    0
    0
    2
  317
   37
  207
    0
    0
    1
    0
  127
    9
   50
    0
    0
    0
    0
    1
    0
    1
    1
    0
   36
   45
   11
    0
    0
    0
    0
    0
    2
    0
   21
   21
   24
   16
    0
   66
    0
    0
    0
    0
  121
    0
    0
    0
    0
    0
    0
    0
    0
    0
    0
    0
    0
    0
   50
    0
    0
    0
   21
    0
    0
   71
   50
  111
   43
   70
    0
    0
    0
   10
  259
    1
    0
   63
    0
   33
    2
    9
    9
   40
    4
    1
   23
    4
    0
    0
   51
   11
    9
    6
    7
   26
   10
    2
    0
    0
    0
    0
    2
    0
    0
    0
   48
   51
    3
   26
    0
    4
    0
    0
    0
    0
    9
   11
   10
    0
    4
    0
   65
    6
   55
    3
    0
    0
   22
    3
    2
    0
    2
    0
    0
    0
    0
    0
    0
    0
    1
    0
    0
    2
    1
    1
    0
    0
    0
    0
   46
   13
    1
    0
    0
    2
    0
    0
    0
   21
   32
   22
    0
    0
    2
    5
    4
    2
   15
    1
    0
    0
    3
    0
    0
    0
    0
    0
    0
    1
    3
    3
    6
    0
    0
    0
    0
    1
    0
    0
    1
    1
    0
   76
    1
    0
    0
    0
   26
    3
   11
    2
    4
    5
   82
    2
   19
    4
   32
   14
   14
    7
    5
    0
    0
    0
    0
    0
    4
   11
   16
    0
    0
    0
    0
    0
    2
   37
    0
    0
    0
    0
    0
    0
    0
    0
    0
    2
    2
    0
    0
    0
    0
    0
    0
   14
    0
  107
  154
    0
    0
    0
   38
  182
  210
    0
   31
    3
   38
   53
    4
    3
   59
    6
    0
    0
   22
    3
    1
   96
    0
    0
    0
    0
    0
    0
    0
    0
    0
    0
    0
    0
    0
    0
    4
    1
    1
    0
    0
    6
   48
   32
    0
    1
    0
    0
    0
    0
   36
    1
    2
    8
    1
   34
   57
    0
    0
    7
    0
   29
   48
    1
    1
    0
   27
  110
   74
    1
    0
   40
    0
    0
    0
    0
    0
    8
    1
  107
    8
    0
    0
    0
    1
    0
    0
    0
    0
    0
    0
    0
    1
    0
    0
    0
    0
  400
  628
   58
   28
    2
    0
    0
    0
    8
    5
    0
    0
    0
    0
    0
    0
    2
    0
    1
    6
    0
    0
   47
  155
   30
   27
   88
    8
    0
    0
   46
    3
    0
    4
   28
  161
   47
    0
    1
    0
    0
    0
    0
   62
   46
   12
  151
   49
    1
    9
   71
   15
   11
   93
    0
    0
   20
   91
  234
   61
    0
    0
    0
    0
    0
    0
    0
    0
    0
    0
   27
    9
    0
    0
    0
   33
   83
    0
    0
   79
    0
    0
   38
    2
    0
    0
    0
    0
    0
    1
    0
    0
    0
    0
    0
    0
    0
    0
    0
    0
    0
    0
    1
    0
    0
    0
    0
    0
    0
    0
   36
    0
    0
    2
   52
  144
   63
    8
    0
    0
    0
    0
    0
   31
    0
    0
    0
   39
   41
    0
    0
    0
    1
    0
    0
    2
    0
    0
    6
   31
   55
   20
    1
    1
  131
  116
   28
    1
    2
    1
    0
    0
    0
   62
   21
    2
    1
    1
   28
    1
    1
   28
   31
    0
    0
    0
    0
    0
    0
   24
   21
    0
    0
   24
    0
    0
    0
   13
   -9
   -9
   -9
   -9
   -9
   -9
   -9
   -9
   -9
   -9
   -9
   -9
   -9
   -9
   -9
   -9
   -9
   -9
   -9
   -9
   -9
   -9
   -9
   -9
   -9
   -9
   -9
   -9
    0
    0
    1
  198
    0
    0
   21
    0
   70
   24
   52
   25
   31
   48
    1
   76
    1
   12
   40
   32
    1
    1
    1
    0
   30
   12
    0
    4
   69
  202
    1
    1
    0
    1
  223
    2
    9
  105
    0
    0
    0
    0
    5
    0
    0
    0
  103
    5
    0
    0
    0
    1
   40
    0
    3
    2
    0
    0
    0
    1
   14
    1
    0
    0
   12
    1
   24
    0
    0
    0
    0
    1
    0
    0
    0
    0
    0
    0
   46
    0
    2
    0
    0
    0
    1
   21
    0
  138
    0
    0
    0
    0
    0
    0
    0
    0
    6
   52
   12
    0
    0
    0
    0
   58
    1
    0
   23
  173
    0
    0
    0
    0
    0
    0
    0
    0
    0
    0
   98
   29
    0
    1
   11
    0
    0
    0
    0
    0
   14
   88
   68
    3
    0
    0
    0
    2
    0
   48
    1
   21
   47
    0
    6
   76
    0
   38
   35
   71
    0
    0
   76
    0
   26
    3
   60
    0
   17
    0
    0
    0
   10
  131
    1
    0
    0
    0
    0
    0
    0
    0
    0
    0
    0
   36
   16
   16
    0
    0
   26
    0
    0
    0
    0
    0
    0
   20
   36
   14
    0
    0
    0
   11
  177
    0
    0
    0
    0
    0
   21
    0
    0
    0
    0
  121
    2
  249
   49
    8
    1
    0
    1
    0
    0
    0
    0
    0
    0
    0
    0
    0
    0
    0
    0
    0
    0
    0
    0
    0
    1
    1
    4
    0
    0
    0
    0
    0
    0
    0
    0
    0
    0
    0
    0
    0
   39
   22
   42
   11
    6
   58
   17
   30
  173
    0
    0
    0
   75
   46
    0
  126
    1
    0
   51
   26
    8
    2
    1
    0
    1
    0
   12
   15
    2
   16
   24
   24
    0
    0
    0
    0
    0
   21
   39
   36
   36
  166
    6
   20
   60
   41
   57
   31
    0
    0
   57
    0
    0
    0
    0
    0
    0
    0
    0
   69
   37
   14
   23
   21
   11
    0
    1
   16
    1
    0
    0
    0
    0
    0
    0
    0
    0
    1
    0
    0
    0
    0
    4
    0
    0
    0
   67
   21
    0
    0
    0
   27
   52
   21
   73
  124
   31
  153
   19
    2
    0
    0
   12
   51
    0
    0
    0
    0
    1
    1
    0
    0
    0
    0
    0
    0
    0
    0
    0
    0
   27
    0
    4
   13
    1
    3
    0
    1
   24
   21
   63
    0
    0
    0
    0
    0
    0
    0
    0
    0
  101
    0
    0
    0
    1
    0
    0
    0
   15
    3
   18
    5
    0
   60
  204
  139
    0
    0
    0
   33
   15
   35
   10
    0
    0
    0
    0
    0
    0
    0
   11
   14
    1
    0
   22
  207
  322
    0
   28
   65
    4
    0
    0
    0
    0
    0
    0
    0
    0
    0
   46
   11
    0
    0
    0
    0
    0
    0
    0
    0
    0
    0
    0
    0
    0
    0
    0
    0
    0
    0
   82
   11
    0
    0
    0
    0
    7
    0
    1
    0
  127
    0
    0
    0
    5
    0
    0
   79
   76
    2
   63
   36
   49
    0
    0
   67
    4
    7
    2
   17
   66
    7
   76
   79
   36
   53
   53
    1
   90
    0
   34
   21
    4
    9
   89
    0
   33
   13
  113
    0
    0
   13
   31
    0
  273
    2
    0
    0
    0
    0
    0
    4
    0
   33
    0
    0
    0
    0
    0
    3
    0
    0
    0
    0
    0
    7
   51
    0
    0
    0
    0
    0
    0
   19
    0
   50
   10
    0
   20
    0
    0
    0
    0
   50
   32
   92
   49
    0
    0
    0
   69
    1
    0
    0
   33
   11
   57
    0
    0
    0
    5
    0
   41
    0
    0
    0
    0
    0
    0
    0
  105
    0
    0
    0
    4
   12
    8
    1
    0
    0
    0
    0
   63
    0
   25
    0
    0
  138
  317
    7
    0
    0
    0
   64
   14
    0
    0
    0
   18
   10
    0
    0
   28
    2
   58
    0
    2
    0
    0
   36
    1
    0
  100
   84
    0
    0
    0
    0
    0
    0
    0
  111
   12
    0
    2
    7
    1
    0
    0
    0
    0
   86
    2
    0
    2
   48
   20
    0
    2
  101
    1
   95
   31
    0
    0
    0
    0
    4
    1
   29
   24
   33
    0
    0
    5
   20
    0
    5
   20
   60
    0
    5
    5
    0
    0
    0
    0
   21
   16
   76
  119
    3
    8
   61
   11
    1
   24
   26
    0
    1
    1
   53
    1
    0
   82
   32
   71
   21
    0
    0
    0
    0
   30
    0
    0
    0
    0
    0
    0
    0
    0
    0
   63
   27
   10
   11
    0
    1
    1
   13
   12
    2
    0
    1
    0
    0
    0
    4
    0
    0
   21
   73
    0
    0
    0
    0
    0
    6
    3
   44
   20
    5
    0
   54
    3
  189
  176
   76
  171
   16
   47
    0
    1
    6
    0
    0
    0
    0
    0
   75
    1
   21
   87
    0
    0
    0
    0
    0
    0
    0
    0
   20
    0
    0
    0
    0
    0
    0
    0
    0
    2
    0
    0
    0
    1
    1
    0
    0
    0
    2
    0
    0
    0
    0
  468
    8
   31
  221
   12
    5
    1
    8
    1
    0
    0
    0
    0
    0
    0
    0
    0
   14
   59
    0
   40
    0
    0
    0
    0
  209
   17
   26
    1
   48
   11
    0
    1
    0
    0
    1
    0
    0
    1
    0
    0
    1
   51
    0
    0
    0
    0
    0
   39
   99
    0
   20
   69
    1
   71
   71
    0
    0
    0
   32
    0
    0
   11
   45
    4
    0
    0
  124
    0
    0
    0
    0
    0
    0
    0
    0
   16
    6
   27
    0
    0
    0
   23
   52
    1
   70
   52
   11
  131
   48
  141
   18
   11
    8
    0
    0
    0
    8
    0
    0
    0
    0
    0
    0
   35
  100
    7
    0
    0
    0
    0
    3
   13
    0
   16
   70
    5
    7
   38
    0
    3
    1
    0
    0
    0
    0
    0
    0
    0
    3
    0
    0
    0
    0
    2
    0
    0
    0
    0
    0
    2
    3
   81
   19
    0
    4
    3
    2
    1
   81
    0
    0
    0
    4
  218
   84
    0
    0
    1
   11
    0
   14
    0
    0
    0
   44
   11
    1
   24
   49
    9
  114
    0
   26
    1
    0
   11
   47
   24
   99
    0
    0
    0
  196
   14
    6
   52
    0
   38
    1
    0
   41
   27
    0
    5
    1
    0
    0
   66
   24
   71
   14
    0
    0
   14
   27
   56
    0
   88
    0
   17
    0
    0
   87
   36
   45
    1
   31
   61
   18
  113
   94
   22
   26
   59
  106
   24
    0
  114
    4
    0
   78
    2
    0
    0
   20
   12
    0
    0
    0
    0
    0
    1
    4
    0
    0
    0
   42
    0
    6
    9
    6
    1
   61
   18
    6
    0
   10
    0
    0
    0
    0
    0
    0
    0
    0
    0
    0
    0
    0
    0
    0
    0
    0
    0
    0
   36
   72
  134
    0
    0
    0
    0
    0
    0
    7
    3
   41
    0
    0
    0
    0
    0
    0
    0
    0
    0
    0
    0
    0
    0
    1
    0
    0
    0
    0
    0
    1
   36
    1
   48
    0
   12
    0
    0
    0
    0
    4
   71
    1
   10
    0
    0
    0
    2
   27
   11
    0
    0
    1
    0
    0
    0
    0
    0
   15
    0
    0
    0
    0
    0
    9
    0
    0
    0
   21
   81
   24
   49
    8
    9
    3
    0
    0
    0
    0
    0
    0
    0
    0
    0
    0
    0
    0
    8
    0
    0
   93
   22
   42
    1
    0
   67
   89
  147
   48
    0
    0
   98
  116
    0
    0
    0
    0
    0
    0
    0
    0
    0
    0
   56
    4
    0
    0
    0
    0
    0
    0
    0
    0
    0
    0
    0
    0
    0
    0
    0
    0
    0
    0
   52
  141
    1
   19
    1
  116
    0
   69
    0
    2
    8
    0
    1
   27
   19
    0
   19
   79
    2
  108
    0
    0
  157
   32
    0
   31
    0
    0
    0
    0
    0
    0
    0
    0
    0
    0
    0
    0
    1
    0
    0
    0
    0
    0
   82
   23
    0
    0
    0
    0
    0
    0
    0
    0
    0
   69
  105
   31
   30
    2
    0
    0
    0
    0
    0
    0
    0
    0
    0
   15
    9
    0
    0
    0
    0
    0
    6
    0
    0
    0
    0
    0
    0
    4
    0
    0
    0
   18
   12
    0
    0
    0
    0
    0
    0
    0
    0
    0
    0
    0
    1
    0
   10
    7
    0
    0
    0
    0
    0
    0
    0
    0
    0
    0
    0
    0
   48
   62
   92
    1
    0
    5
   16
   14
   71
    5
   15
    0
    0
    1
   10
    0
    0
    0
    0
   13
    0
    0
    1
    0
    0
    0
    0
    0
    0
    0
    6
    0
    0
    0
    0
    0
    0
    0
    0
    0
    0
    0
   67
   69
    6
    0
    0
    0
   37
    0
    0
    0
    0
    5
    2
    0
    0
    0
    0
    0
    0
    0
   63
   43
    7
    1
   95
    3
    5
    0
    0
   62
    0
    4
    2
    8
    1
    0
    0
    0
    0
    2
    0
    3
   36
    0
    0
    5
    3
    0
   83
   33
   11
    0
    3
   23
   16
    3
    0
    0
   12
   18
   47
   60
    0
   36
   19
   18
    6
    1
    0
    0
   64
    1
  136
   38
    0
   34
   76
   21
    5
   32
    0
   11
    1
    1
    1
   13
  142
   16
    6
    0
    0
    0
    0
    0
    0
   16
   10
    0
    0
    0
    0
    0
   68
    5
   12
    0
    0
    0
    0
    1
    8
    2
    0
    0
    0
    5
    0
    0
    0
    0
    0
    8
  144
   86
    1
   32
    2
    5
    4
    2
   33
    0
    8
    1
    0
   22
  227
   29
    3
   14
   38
    4
    1
  207
    0
   10
  150
   78
    8
   27
   63
    0
    0
    0
  117
    0
    0
    3
    0
    0
    0
    0
    0
    0
    0
    0
   89
    0
    7
    6
    0
    0
   10
    0
    0
   83
   52
    0
    2
    0
    1
   40
    0
    0
    5
    0
    0
   19
   32
   66
   19
    0
  175
    0
    0
    0
    0
    0
    0
    0
    0
   13
    0
    0
    0
   42
    0
    0
    0
   11
  247
    0
   18
    2
    0
    0
    0
    0
    0
    0
    0
    0
    0
   77
    0
    0
    0
    0
    0
    0
    0
    0
    0
    0
    0
    0
    0
    0
    0
    0
    0
    0
   65
    0
   35
   57
    0
    0
    0
    0
    0
    0
    0
    0
    0
    0
    0
    0
  107
  116
  269
  938
  221
   25
    1
    0
    0
   15
    0
    0
    0
    0
    0
    0
    0
    0
    0
    0
    0
    0
    0
    0
    0
    0
    0
    0
    0
    0
    0
   93
    0
    0
    0
    0
    0
    0
    0
    2
   49
    1
    0
    0
   74
   53
    1
    0
    0
    7
   37
    3
    0
    0
   38
    0
    0
    0
    0
    0
    0
    0
    2
    6
    0
    0
    0
    1
   47
    1
   38
    1
    0
    0
    2
    1
    1
    0
    0
    0
    0
    0
    0
    0
    0
    0
    0
    0
    0
    0
    0
    2
    0
    0
    0
    0
    0
    0
    0
    0
    0
    2
    0
    0
    0
    0
   67
    3
    1
    0
    0
    0
   33
    4
    0
   11
   20
  102
   27
   40
   12
   20
    0
    0
    0
    0
    0
   18
    2
    0
   72
   16
   32
    0
    0
    0
    0
    0
    0
    0
    1
    0
    0
   54
   86
    7
   98
   59
    0
    1
   18
    0
    0
    0
   17
    6
    2
   13
    0
   41
    7
   43
    2
   45
    0
   37
  128
   12
   19
    0
    1
    0
    1
    0
   22
   41
    1
    0
    0
    0
    0
   19
   29
    6
    1
    0
   79
    3
    3
  128
   17
   30
   19
   20
    0
    0
    0
    0
    0
    0
    0
    0
    0
    0
    0
   21
   16
   42
   31
    0
    0
    0
    0
    0
   17
    0
    0
    1
    3
    1
    6
   11
    0
    0
    0
    0
    0
    0
    0
    0
    0
    0
    0
    0
    0
    0
    0
    0
   20
   16
    0
    6
    0
    6
   56
  156
   65
   86
    0
    0
    0
   16
    5
   12
   30
    8
    0
    0
    0
   32
    0
    0
    0
    0
    0
    0
    0
    0
    0
    0
    0
   14
    0
   98
    0
    0
    9
    0
   59
    3
    7
   17
    0
   19
    2
    1
   65
   11
    0
   64
    1
    0
    0
    0
   39
    0
   15
   48
  113
    0
   21
    0
   64
    0
   65
    0
    0
    0
   20
  108
   78
   28
   14
    0
    0
    0
    0
    3
   13
    0
    1
    0
    0
    0
    0
   40
   23
   41
    0
   43
    8
   61
    6
    0
   47
    0
   53
   48
    4
    0
    0
    0
    0
    0
    0
    0
    0
    0
   69
   76
   39
   64
   43
   24
    1
    1
    0
    0
    0
    1
    3
   21
   31
  102
    0
    0
   59
    0
    0
    4
   69
    0
    0
    0
  159
  205
  143
    0
    0
    0
    0
    0
    0
    0
    0
    0
    0
    0
    0
    0
   19
    0
    0
    0
    0
    0
    0
    7
    0
    0
   13
   14
  145
    0
   28
   92
    8
   67
    6
    0
    2
   57
    0
    0
    0
    2
    0
   46
   21
   26
    0
    7
   40
   46
    0
    0
    9
    0
   48
    0
    0
    0
    0
   73
    0
   63
   56
    0
    0
    0
    4
    0
    0
    0
    0
    0
    0
    0
   51
   11
    1
   32
   14
   11
    0
    0
    0
    0
    0
    0
    3
    0
    0
    0
    0
    0
    0
    0
    0
    0
    0
    0
    0
    0
   11
    0
    0
    0
   26
  326
   54
    2
   51
   25
    0
    0
    0
    0
    0
    0
    0
    0
    0
    0
    0
    0
   25
   24
    6
    0
    0
    3
    0
   23
    4
   41
    0
   63
    4
    5
    0
    0
    0
    0
    2
    0
   24
    9
    6
   28
   27
   12
   20
   13
    2
    0
    0
    0
    2
   59
    4
    1
    2
    0
    0
    0
    0
    0
    0
   15
   23
   14
    6
   49
    2
    0
    0
   49
   24
   47
   82
   30
    0
    0
    3
   21
    0
   22
   20
   41
    0
    0
    0
    0
    2
    0
    0
    4
    0
    0
   51
    0
   72
    8
    0
    0
    0
    0
    0
    0
    0
    0
    0
    0
    0
    1
   16
    0
    0
    0
    0
   12
    0
    0
  158
  169
    0
    8
    0
    0
    0
    0
    0
   19
   32
   64
    0
   43
   26
   38
   30
    0
    0
    0
   32
    6
    0
    0
    5
   28
   26
   29
    7
   12
   10
    3
    0
    0
    0
    0
    0
    4
    0
   23
    2
   56
   11
  137
   45
   21
   15
   39
    0
    0
    0
    0
    6
    0
    0
    0
    0
    0
   48
    8
    0
    0
    0
    0
    0
    0
   62
   68
    0
    0
    0
    0
    0
    9
    0
    0
   15
    0
    0
    0
   48
   16
   14
   15
    2
   46
   62
   53
   86
   54
   59
   77
    1
    1
    1
   62
   52
    1
   14
    2
   48
   49
    1
   13
    0
    0
   34
    0
    0
    0
    0
   82
    0
   45
   55
    0
    0
    0
    0
    0
    1
   62
    0
    0
    0
   62
   53
   29
    0
    0
    0
   74
    0
   60
   40
    0
    0
    4
    0
    0
    0
    0
   10
    0
    0
    0
  100
    0
   88
    0
    0
   32
  462
   99
    3
   38
    0
    0
   43
    0
   98
    3
    0
    0
    0
    0
    0
    0
   36
    0
   89
   26
   18
   39
   26
   30
    0
    0
    0
    0
    0
    0
   16
   30
   35
    0
    0
    0
    0
    2
    0
    0
    0
    0
    0
    0
    0
    0
    0
    0
    0
    0
    0
    0
    0
    5
    0
    0
    0
    0
    9
   62
    0
    8
    0
   30
    0
    0
    0
    0
    0
    0
    0
    0
    0
    0
    0
    0
    0
    0
    1
    0
    0
   39
    0
   19
    1
   10
   23
    0
    0
    2
   23
    1
    0
    3
   18
    5
    9
  118
   46
   12
    2
   47
    0
    0
   45
    0
    0
    0
    2
    0
    5
    0
   27
    1
    0
    9
   18
   49
    4
   45
   13
   10
   45
   97
  107
    0
   59
    0
    0
    0
    0
   59
    0
   53
  100
   12
    0
    0
    0
    1
   28
   32
    0
   20
    0
   10
    0
   62
   69
    7
   60
   78
   42
   61
   36
   81
   37
    1
    0
    1
   13
   13
   18
    5
    1
    0
    0
    0
    0
    6
    0
    0
    0
    0
    1
   12
   31
   84
    2
    0
    0
    0
    0
    0
    0
    0
    1
   81
   14
    0
    0
    0
    0
    0
    0
    0
    0
    0
    0
    0
    9
   34
   97
    9
   31
    8
    6
    0
    0
    0
    2
    2
    0
    0
    0
    0
    1
   93
    0
   76
   62
    0
    0
    0
    0
    0
   18
  151
    0
    0
   92
   46
    0
    0
    1
   11
   36
  108
    0
    2
    0
    1
    0
    1
    7
   13
   19
   18
    0
   33
    1
   41
   24
   13
    0
    3
    0
    0
    0
    0
    0
    0
    0
    4
   45
   28
    1
   30
   20
    0
    0
   11
    0
    0
    0
   30
    0
    0
   80
    0
    0
   21
    0
    0
   10
   44
  247
  224
   46
    0
   37
  100
   81
  174
   72
   54
    0
    0
    0
   27
   49
    0
    0
    0
    0
    0
    0
    0
    0
    0
    0
    0
    0
    0
    0
    0
    0
    0
    0
    0
    0
    0
    0
   28
   18
   84
    4
   67
   68
   34
    0
    0
    0
    0
    0
    0
    1
    0
    0
    0
   31
   74
   23
   43
   59
    0
    0
    0
    0
   97
    0
    0
    0
   73
    0
    0
    0
    0
    0
   36
   53
   47
    0
    0
   21
    0
    0
   16
  144
    9
    0
    0
  100
   24
    0
   19
    0
    4
   19
    9
   30
    0
   10
   64
    9
    0
   50
    0
    0
    0
    0
    0
   97
    3
    0
   41
   54
  101
   17
    0
    0
    0
    0
    0
    0
    0
    0
    2
    0
    0
    0
    0
    4
    0
    0
    1
    4
   11
    0
    0
    0
    0
    0
    0
    0
    0
    0
    0
    0
   60
   40
  100
  310
   19
    0
    6
    0
    0
   15
   57
    0
    0
    0
    0
    0
   11
   52
    6
    0
    0
    0
    0
    0
    0
    0
    0
   10
    0
   10
    0
   52
   11
    0
    6
    2
    0
    0
    0
    0
    0
    0
    0
    0
    4
    0
    0
    0
    7
    0
    0
   12
   14
    0
    0
    8
    0
   30
   38
   46
   44
   52
   23
   63
   58
  133
   21
    0
   69
   37
  186
  201
  218
   76
  178
   83
    2
   82
   76
   21
   15
  114
   30
    2
   35
   49
    0
    0
    0
    0
    0
    0
    0
    0
    0
   13
  131
    0
   28
   79
    0
   58
   17
    0
    0
    0
    0
    0
    0
    0
    9
   12
   90
    0
   20
    0
    0
   30
    0
  100
    0
    0
   80
    0
   80
    3
    0
    0
    0
    0
    0
   47
  136
    0
    0
    0
    0
    0
    1
    2
    1
    0
    0
    0
    0
    0
    0
   46
   59
   20
   18
    2
    7
    0
    5
   67
   28
    2
    6
    1
    1
    1
    1
    0
    2
    1
    0
   21
   68
    8
    0
    3
  257
   88
    7
    0
    0
    0
    0
   17
    0
    0
   21
   34
   40
    0
    0
    0
    0
    1
    0
    0
    0
    0
    0
   45
  206
    1
   28
   51
    0
    0
    0
  206
    0
    1
    2
    0
   24
    0
    0
    0
    2
   17
    4
   94
    2
    0
    0
    0
    9
    0
   40
    8
   10
   60
   46
    8
    1
   45
    2
    4
    4
    0
    1
    3
   84
   23
   83
   44
    8
    0
   14
    0
   96
  174
   62
   22
  142
    1
    1
    0
    0
    0
    0
    0
    0
   49
    0
    0
    0
    0
  139
    0
    0
    0
    0
    0
    0
    0
    0
   98
  172
    0
    0
    0
   17
   32
    0
   58
   40
   12
   76
   12
   44
  142
  107
   56
   62
   20
   63
   55
    0
    0
   54
  101
    0
    4
   59
    1
    2
   21
    0
  132
   10
    0
    0
    0
   45
    0
    1
    1
   14
   15
   24
    0
    0
    0
    0
    0
    0
   39
    0
  123
    1
    1
   12
    0
    0
    0
   81
    0
    0
    0
   71
    2
    0
    1
    0
   64
   38
    0
    0
    0
    0
    0
    0
    0
    0
    0
    0
    0
   25
    0
    1
    1
    0
    1
    0
    1
    1
    0
    0
   59
    0
    0
    0
    0
   25
   26
   10
    0
    0
    0
    0
    0
    0
    0
    0
   11
    1
    0
    0
    1
    0
    0
    0
    8
    7
    1
   21
    0
    0
   24
   40
   57
  238
   66
   21
    5
    0
    0
   69
    0
    1
    0
    0
    0
    0
    0
    0
    0
    0
    1
   19
    0
    1
   17
    0
    0
    0
    0
    0
   97
   73
   89
   52
   85
    6
   10
    0
    0
    3
    2
    5
   16
   53
    1
    1
   78
    4
    1
    8
    3
    1
    1
    6
    0
    0
   59
    0
    0
    0
    0
    1
   30
    0
    0
    0
    0
   23
   81
   54
   41
    9
    2
   30
    1
    0
   10
   33
   68
    6
    0
    3
    1
    0
    8
   11
    1
   19
   86
   12
    0
    0
    0
   26
   76
   70
   16
   16
    9
   36
   47
   63
   15
   15
   99
   30
  102
    8
    1
    1
    1
   59
   32
   29
    1
   53
   86
    0
   38
    0
   52
   10
    7
    1
    0
   24
   57
   42
    8
   40
   73
   10
   59
   27
    0
    0
   24
   31
    0
    0
    0
    5
    0
    0
    1
   12
    0
    0
    0
   10
    0
    0
    0
    0
    0
    0
   15
    0
    0
    3
    0
    0
    0
    0
    0
    0
    0
    2
   37
   25
    1
    0
    0
    0
    0
    0
    0
    0
    0
    0
    0
    0
    0
    6
   43
    1
    0
    0
    0
    0
    0
    0
    0
    0
    0
   54
    0
    0
    5
   20
    0
   61
   57
  169
    1
    0
   21
   42
   50
    0
    0
    0
    0
    0
    0
    0
    0
    0
    0
   48
   32
    4
    0
   79
   53
    0
   57
    0
   36
    0
   22
    1
   12
    0
   11
   66
   19
    0
  106
    0
   43
    0
   69
   16
   21
   18
    0
    0
    0
    0
    0
  101
    0
   10
    3
    0
   45
    0
    0
    0
   12
   50
    0
    0
    0
    0
    0
    0
    0
  105
    0
    0
    0
    0
    0
    0
    0
   74
    0
    0
    1
    0
    1
  101
   40
    0
    0
   50
    8
    0
    5
   79
   11
   11
  110
    0
    0
    0
    0
    0
   21
    8
    0
    1
    0
    1
    1
   11
   19
    0
    0
    0
   43
   91
    6
    2
    0
    0
    0
    0
    0
    0
    0
    0
    2
   27
    0
    0
   13
    0
    9
   27
    9
    4
    5
    3
    2
    5
    0
   44
    3
    0
    0
    0
    0
    0
   15
    2
    0
    2
   14
    3
   53
    0
    0
    0
    0
    2
    0
    0
    0
    0
    0
   60
  124
   20
    1
    0
   39
   52
   29
    0
    0
   13
   64
    3
    5
    5
   29
   33
  179
   44
   28
   63
   87
    0
   48
    4
  101
    0
   39
   85
   20
    6
    0
    0
    0
   16
  114
  332
    9
    6
    2
   69
    1
    2
    1
    5
    1
    0
    0
    1
   52
    0
    0
    0
   27
   24
   44
   41
    0
   62
    0
    2
    0
    0
    1
    0
    3
    0
    0
    0
    0
    0
    0
    0
    0
    0
    0
    0
    0
    0
    1
    0
    0
    0
    0
    0
    0
    0
    0
    0
    0
    0
   89
    2
   36
    0
    0
    0
   50
   76
   58
    0
    1
   12
    0
   25
    4
    8
   42
    1
    7
    0
   10
    0
    0
    0
   11
    0
    0
   49
    0
    1
    2
   15
   29
   20
    0
    0
    0
   13
    1
    6
   84
    0
    0
    0
    0
    0
    0
    1
    1
    1
    0
    1
   16
    0
    0
   56
    0
    0
    0
    0
    0
    0
   71
   19
    1
    0
   17
    1
  132
  233
    0
    0
    0
   16
   46
  101
    0
    0
    0
    0
    0
    0
    9
    2
    0
    0
    0
   97
   31
   11
    0
    0
    0
    0
    0
    0
    0
    0
    0
    0
    0
    0
    0
    0
    0
    0
    0
   22
    0
    0
   38
   30
   11
   48
    0
    1
    0
    0
    0
   39
    0
    0
    0
    0
    0
    0
    0
    0
    0
    0
    0
    0
   21
    0
    0
   21
    0
    1
   26
   71
  108
    9
    1
    0
    0
    0
    0
   21
    0
    0
    0
    0
    1
    0
    0
    0
   67
    0
    0
    0
    0
  199
  111
  179
    8
   46
    0
    0
   20
    8
    4
   21
   47
    0
    0
    3
   14
    0
    0
    0
    3
    0
    0
    0
    0
    0
    0
    0
    0
    0
    0
   72
    0
    0
   12
    0
   57
  139
   50
    0
    0
    0
    0
   21
    0
    0
    0
    0
    0
    0
    0
    0
    0
    0
   96
   80
   97
    0
    0
    9
    0
    0
    0
    0
    0
    0
   49
    0
    0
    0
   16
    0
   16
    0
    0
    0
   43
   83
    1
   19
    3
   11
   13
    1
    5
    8
    0
    0
    0
    0
    9
    0
    0
    0
    0
    0
    0
    0
    0
   33
  104
    0
  180
   20
   30
   11
    0
  243
  169
   13
    0
    0
    0
    0
    0
    0
    0
    0
    0
    0
    0
    0
   39
   90
   14
    2
   28
  156
   14
    0
    0
    0
    0
    0
    0
    0
    0
   17
    0
    5
   14
    0
   18
   59
  107
    5
   67
   33
    1
    1
    1
   58
    0
  151
    0
    6
    0
    0
    0
    0
    0
    0
    0
    0
    1
    0
    0
   14
    0
    0
    9
    0
    7
    4
    1
    0
    0
    1
    0
    4
    0
    3
    0
    7
    1
   26
   28
   40
    1
    0
    0
    0
    0
    0
    0
   13
   11
    0
    0
    0
    0
    1
    0
   34
    2
    1
   90
   20
  171
    0
    0
    8
    0
    0
    0
    0
    0
    0
    0
   40
   10
   50
    4
    1
    9
    1
    0
   28
    0
    0
   17
   57
    0
    0
    0
    0
    0
    0
    0
    0
    0
   10
    0
   30
    0
    8
    1
    7
    0
   20
    1
    0
    0
    0
    0
   91
    3
    0
    0
    0
    0
    0
   24
   58
    0
    0
   24
    4
   11
    1
    6
   22
    0
    9
    0
   31
   75
   74
    1
   29
    0
    0
    0
    0
    0
    0
    0
    0
    0
    0
   64
    0
    0
    0
   26
    0
    0
    0
   19
    6
    0
    0
    0
    0
    0
    0
    0
    0
    0
    0
    0
    0
    0
    0
    0
   70
   11
    0
    0
    0
   10
  190
    0
  349
    1
    0
    1
    0
    0
    0
    0
    1
    0
  212
   11
   26
   25
    0
    0
    0
   18
    0
   40
   89
    0
    0
   39
   16
    8
    1
    0
    7
   46
   57
    0
    0
    0
    0
    0
   18
    0
    0
    0
    0
    0
    0
    0
    0
    0
    0
    0
    0
    0
    0
    0
    0
    0
    0
    0
   30
   10
    0
    0
    0
   11
    0
   27
    0
    4
    0
   61
    5
   21
    0
   67
   73
    4
   11
    0
    0
    0
    0
    0
    1
   84
   74
   32
   40
    0
   62
   11
    4
    1
   68
   78
   74
   78
    5
    1
    0
    0
    0
   16
    7
   13
    1
   38
    2
   36
   34
   40
   11
    1
    0
    8
    9
    7
    0
    0
   24
    1
    0
    0
    1
    0
    0
    0
    0
    0
    0
    0
    0
    0
   24
    0
    0
    0
    0
    0
    0
    0
    0
    1
   16
   44
   62
   22
    2
   28
   44
   36
   10
    2
    0
    0
    0
    0
    4
   10
    4
   11
    9
    6
  379
   38
   54
   56
    0
   46
   56
    0
   10
    8
    0
    0
   77
    0
    0
    1
   17
   63
    1
    0
    0
    0
    0
   20
   73
   61
    1
    0
    2
   16
    0
    0
    4
   43
    5
    1
    0
    0
    0
    8
   12
    0
   45
    0
    9
   22
   22
   29
    0
    0
    0
    3
    0
    1
   57
    8
   14
    0
    0
    0
    0
    0
    0
    0
    0
   32
    0
    0
    8
    1
    1
    0
    1
    0
    0
    0
    0
    0
    0
    4
   10
    0
    2
   14
    8
   79
    0
    7
    9
    5
   74
    2
    2
    0
    0
    0
    0
   13
   10
    0
    0
    0
    0
    0
    0
    0
    0
    0
    1
    1
    0
    0
    0
    0
    0
    0
    0
    0
   49
    0
    0
    0
  129
   25
   43
    5
    0
    4
    0
    0
    0
    0
    0
    0
    0
   35
    0
    0
   15
    0
    0
    1
   24
    0
    0
    0
    0
    0
    0
    0
   20
   25
    0
  112
    5
    3
    6
   21
    0
   11
    0
    0
    0
   21
   68
    5
    5
    0
    0
    0
   21
    0
    1
   52
   10
   51
    2
    0
   41
   80
    0
    1
    0
    0
    0
    1
    0
   25
    1
   45
    7
    0
    0
    0
    0
    0
    0
    0
   26
    1
    0
    0
  134
   25
   23
    3
    2
    7
   40
    0
    0
   26
  371
   31
   28
   36
    0
   84
    0
   51
    9
   41
   37
  285
    0
    0
    0
    0
    0
    0
    0
    0
    0
    0
    8
    0
    0
    1
    7
   15
    0
    0
    0
    1
    0
    0
    1
    0
    0
   74
    1
   17
    0
    0
    0
    0
    0
    5
  104
    7
    0
    0
    0
   94
    4
    0
   23
   12
   53
    0
    0
    0
    4
   15
    0
    0
   41
    0
    0
    1
    0
    0
    0
    0
    0
   21
    1
    0
    0
    0
    0
    0
   12
    0
    3
   19
    0
    0
    0
    0
    0
    0
    0
  125
   10
    1
    3
    0
    0
   48
    0
    0
    0
    1
    8
    3
    1
   15
    5
   36
    0
    0
    0
    0
    0
    0
    0
    0
    0
    6
    2
    0
    0
   11
   35
    1
    8
    0
    0
   28
    1
   73
    0
    0
    0
    0
    0
    0
    0
    0
    8
   51
   10
   15
   64
  134
   27
    9
    3
   72
    2
   36
    6
    2
   24
   26
    0
    0
    0
    0
    5
   29
    0
    0
    0
    0
    3
    2
    1
    1
    2
    1
   24
    2
    5
    2
    0
    0
    0
    0
    0
    0
    0
    0
    0
   61
   20
  196
    0
   59
   67
   39
   15
    0
  165
   10
    0
    8
    0
    0
    0
    0
    0
   36
  181
   25
    0
    3
   57
    0
    0
   17
    4
   32
    1
   10
    1
  132
   90
    0
    0
    0
    0
    0
    0
   24
    0
    0
    4
    6
    2
    4
    4
   18
    2
  111
   28
    0
    0
    0
   20
    0
    3
   40
   26
   31
    1
   10
    6
   10
    3
   39
   46
   22
    0
    0
    0
    0
    0
    0
    0
   25
    5
    0
    0
  113
    0
    0
    0
   26
   23
   56
  148
   17
    2
    2
    0
    0
    4
   23
   38
   75
    0
  200
   29
    4
   49
   76
    2
    0
    0
   58
    4
   10
    0
    0
    0
    0
    0
    0
    0
    0
    0
   14
    2
    0
   20
   11
   42
    0
    0
    0
    0
    6
    0
    0
    0
   22
   34
   44
    0
    1
    6
    0
    0
    0
    0
   15
   47
   40
   20
   39
    0
    0
    0
    0
    0
    0
    0
    0
    0
    0
   15
    0
    0
    0
    0
    0
    0
    0
    0
    0
    2
    1
    9
    1
    3
    0
    0
  129
   54
    1
    1
    0
    0
    0
    0
    0
    0
   11
    0
    1
    0
    0
    1
    0
    0
    0
    0
    0
    0
    0
    0
    0
    1
   48
  393
  122
    2
    0
    0
   50
   39
   55
    0
   65
    0
    0
   39
    0
    0
    0
  184
   14
    0
    0
   37
    0
   29
    0
    0
    0
    0
    0
    0
    0
    0
    0
    0
    0
    0
    0
    0
    0
    0
   29
   28
    0
    0
   24
    1
    9
   30
    0
    0
   36
   28
    0
   13
    0
    0
    6
    8
  150
   13
    9
    9
   72
  104
    0
    8
    6
    0
    0
    0
    0
    0
   56
    0
    0
    0
    0
    0
    0
    0
    0
   35
   58
    2
    0
    0
    0
    0
    0
    0
    0
    0
   54
   40
    6
   14
    0
   12
    0
   18
    0
    0
    0
   28
    0
    0
    0
    0
    0
    0
   68
   12
   34
   21
   87
   34
   77
    1
    0
    0
    0
   32
    0
    1
    2
    0
   18
    0
    0
   19
   67
    2
   36
   24
   16
    0
   35
   13
   12
   51
   27
   23
   29
    5
   44
    6
   15
    2
    0
    0
    0
   39
    5
   21
    0
    0
    0
    0
    7
   14
  165
   26
   83
    1
    0
    0
    0
    0
    2
   67
   32
    1
    0
    0
    0
    0
    0
    0
    0
    1
    0
    0
    0
    0
    0
   12
   78
   46
   10
    2
    0
  103
   59
    5
    0
    0
    0
    5
   18
    0
   46
   14
  230
    4
   38
   18
   24
    2
    8
    0
    0
    0
    0
    0
    0
    0
   34
   33
    1
    0
    0
    0
    0
    4
    0
    0
    0
   64
   30
    8
   20
   70
    8
   38
    5
   45
   12
    0
   14
    0
    0
    0
    7
    0
   15
    8
    0
    0
    0
    1
    0
    0
    0
    6
    2
   14
   19
   14
    0
    0
    2
   67
   13
    1
   14
    4
    3
    1
    2
    0
    0
    0
    0
    0
    6
   20
   21
   51
    3
    0
    0
    0
    0
    0
    1
    0
    0
    8
   82
   58
    0
    0
    0
    0
    0
    0
    0
    0
    0
    0
    0
    0
    0
    0
    0
   31
    3
    0
    0
    0
    0
    0
    0
    8
  405
    0
    0
    0
    0
    0
    0
  225
   17
    0
    0
    0
  113
   83
   23
    0
    1
   18
    0
   42
   55
    0
    0
   89
    0
    0
    0
    8
  186
   50
    1
   10
    0
   32
   35
    0
   48
    0
    0
    1
   10
    2
    1
   18
   86
   36
    0
    0
    0
    0
    0
    0
  196
    0
    1
    0
    0
  127
   62
   10
    0
   32
   73
   74
    0
  110
   79
    0
    0
    7
   50
    2
   51
   15
  103
  115
    0
    2
  117
    0
    0
   28
    9
   73
    0
    0
    0
   58
   76
    0
    6
    0
    0
    0
  214
    0
    0
    0
    0
    0
  289
    0
    0
    0
    0
    0
    0
    0
   61
   37
    9
   29
  152
   37
   19
    0
    0
   31
    6
    1
   57
  129
   48
    1
   32
   18
    2
    0
    0
    0
   25
    0
    0
    1
    1
    0
    0
    0
    0
    0
    0
   18
    0
    0
    0
   27
    0
    0
    0
   67
    2
    0
    0
    1
    2
    0
    0
    0
    0
    0
   12
   48
   51
   74
    0
    0
    1
    0
    0
    1
    1
    1
    1
    2
    2
    1
   64
   18
   31
   20
    0
    1
    0
    0
  136
   77
    2
    2
    0
   28
    9
    4
  107
    0
    0
    0
    0
    0
   46
    0
    0
    0
   27
    0
    0
    0
    0
   27
   73
    3
  107
    4
   30
  100
   25
    0
    0
    0
    4
   35
  108
  168
   21
   37
    4
   68
   65
    0
    0
   34
    4
   66
    0
   42
  116
    0
   26
    0
    3
    1
    1
    2
   10
   56
   26
    2
    2
    9
    2
    0
    0
    3
    0
    6
   27
    0
   69
   46
   41
   25
    7
    8
    2
    2
    0
    0
    0
    0
    0
    6
   65
    0
   14
   10
    1
    1
    0
    0
    0
    0
    0
    0
    0
   12
   69
   24
   30
    5
    0
    0
   25
   23
   19
   87
    0
   10
    0
   48
    1
    0
    0
    0
   63
   64
  134
  338
   38
   11
   41
   49
   26
    0
   24
   43
   60
   38
   33
    0
    1
   18
    0
    5
    2
    0
    0
   42
    0
    0
    0
    8
    2
   26
  154
  359
   38
   38
    0
    6
   20
    0
    0
    0
    0
    0
    0
    0
    0
    1
    0
    0
    0
    5
    0
    0
    0
   44
    5
    0
    0
    0
    0
    0
    0
    0
    0
   15
    0
    7
    0
    0
  349
   23
   24
    0
   62
   92
   30
   46
   26
    0
    0
    0
    0
    0
   53
    0
    1
   73
    0
    1
    4
    1
    0
    0
    0
    0
    0
    0
   54
    0
    0
    0
    0
    0
    0
    0
    0
    0
    0
    0
    0
   19
    0
    0
    0
    0
   91
    0
    1
  145
   14
    1
    0
    0
    0
    0
    0
    0
    0
    0
    0
    0
    0
    0
    0
    0
    0
    0
    0
    0
    0
    0
    0
    0
  113
    0
    0
    0
    0
    0
   38
   10
    0
   39
  127
   92
   14
    0
    0
    0
   82
  251
    0
    0
    0
    0
   25
  100
  229
    0
    3
   45
    0
    0
  246
    2
   29
    0
    0
   44
   15
    3
  171
    1
   96
    0
    1
   15
  118
   25
    7
    2
    5
    6
    0
    0
    0
    0
    0
    0
    0
    0
    0
    0
    0
   28
    2
   82
    2
   55
    0
    0
    0
   23
    0
    0
    0
    0
    0
    0
    0
    0
    0
    0
    0
    0
   11
   16
    0
    9
    1
    1
    0
   69
   51
   39
    0
    0
    0
    0
    0
    1
    0
    3
    0
    2
    0
    0
    4
  121
   62
   28
  122
    1
   19
    2
    0
    0
    0
    6
   49
   39
   17
    8
    2
    5
    0
    0
   23
   10
   27
    7
    0
   45
    0
  102
    1
   76
  127
    0
    0
   17
    0
    2
    0
    3
    1
    0
    0
    0
    0
   16
   89
   40
   17
   10
   18
   12
   14
   10
    2
    0
    0
    0
    0
   88
    9
   15
    9
    2
    0
    2
    0
    0
   33
   21
   29
   49
   20
    6
    1
   22
   12
   62
   40
   56
   44
    0
   12
   36
    0
   30
    0
    9
    0
  101
    5
   29
   14
    2
   39
    0
   61
    4
   26
    1
   62
    3
   30
    0
    0
   18
   38
    0
   24
    0
   19
    8
    4
    0
    0
   11
   10
    0
    0
    0
    0
    0
    3
    2
   18
    9
   34
    4
   14
   21
    2
    0
    2
    0
   26
   13
   50
   63
   47
    0
   66
   67
    0
    0
   29
    0
    6
   12
    0
   23
  173
   97
   21
    2
    1
   68
   39
  178
   72
   80
    0
    1
    0
    0
    0
   24
   52
   40
    3
    0
    0
    0
    0
    0
    0
    0
    0
    0
    1
   65
   55
   13
   43
  253
    1
    0
    2
   53
  121
    0
    0
    0
    0
    0
    0
    0
    0
    0
    0
  128
  158
   48
  284
   85
    0
    3
    0
  105
   18
   10
    0
    0
   21
   54
  106
   36
   38
    4
   66
   59
    0
    0
   96
   14
   12
   26
    1
    0
    0
    0
    0
    0
    0
  157
    8
    0
    0
    0
    0
    0
    0
    0
    0
    0
   36
   38
   24
   19
    0
   13
    0
    0
    0
  139
    0
    0
    0
    0
    0
    6
    0
    0
    0
    0
    0
    0
    0
    0
    0
    0
    0
    0
    0
    0
    0
   62
   30
    2
    8
    0
    0
   27
    5
    0
    0
    4
    0
    0
    8
   92
   56
   15
   14
  449
  221
    0
    7
    0
    0
    1
   15
   20
    0
    0
    0
   21
    0
    0
    0
    0
    0
    0
   89
  342
    8
    0
    1
    0
    0
  169
  121
   20
   23
   60
   22
    0
    0
    0
    0
    1
    0
    0
    0
    0
    1
    0
    0
    0
    0
    0
    0
    3
    0
   12
    0
    0
    0
    0
    6
    0
   22
   39
   54
   21
    0
   84
   97
   86
   33
    0
  154
   37
   35
    6
    0
    0
    0
    0
    0
   55
   55
   37
   25
   73
    0
    0
    0
    1
    0
    0
    0
    0
    9
    6
    0
    0
    0
    0
   19
   14
    1
   21
    0
    0
    2
   42
   15
    0
    0
    0
    0
    0
   21
   18
   73
    0
   78
   92
   15
    0
    4
    3
    0
    0
    0
    1
    0
    0
    1
    0
    0
    0
    0
    0
    0
    0
    0
    0
    0
    0
    0
    0
    0
    0
    0
    0
    0
    0
    0
    0
    0
   14
    0
    0
    0
    0
    0
    0
    1
   10
    9
    7
    0
    0
    0
    0
    0
    8
    0
   20
    8
   37
   46
   28
   63
    0
   16
   16
    6
    1
    0
    0
    0
    0
    1
    1
   13
    7
    3
    2
    3
   29
    0
    0
    0
    5
   27
    3
    1
    0
    0
    0
    0
    0
    0
    0
    0
    0
   38
    5
    0
   43
    0
    0
   23
   26
   16
    1
    3
   61
    0
    0
    0
    0
    0
    1
    1
   90
    8
    3
    0
    0
    0
    0
    0
    0
    0
    0
    0
    2
   27
    0
    0
    0
    4
    5
    0
    0
   57
   28
   12
    0
    0
    0
   16
   67
    0
    3
    8
    5
    0
   76
   26
   41
   82
  165
   22
   14
   72
   10
    3
   25
    8
   26
    0
    0
    0
    0
    0
    3
   61
    0
    0
    0
    0
    0
    0
    5
    1
    0
    0
    0
    0
    0
    0
    4
    2
   26
    5
    4
    0
    0
    0
    0
    0
    0
   78
   29
   41
    0
    0
   12
  122
   59
  121
  283
   12
    0
  102
   42
    0
    0
    0
    0
    0
   15
    0
    0
    0
    0
   93
   63
    5
    1
    0
    5
    0
   36
    0
    0
    0
    0
    0
    0
    0
    8
    0
    0
    0
   76
   79
   74
    4
   19
   18
    0
    0
    0
    0
    0
    0
    0
    4
   18
    0
    2
   19
    0
    0
    0
    0
    0
    0
    0
   45
  176
    7
    0
   17
   11
    2
   26
  142
   24
    9
    0
   24
    0
    0
    1
   47
    0
    0
   59
   48
    2
    5
    6
   36
    2
   44
   46
    0
   11
   39
    0
    0
    0
    0
   11
    0
    0
    0
    0
    0
  110
   81
    0
    0
    7
  115
    1
    0
    0
    0
    0
   32
    0
    2
    6
   33
   29
    0
   20
    0
    1
    0
   96
   16
    0
    6
    0
    1
   79
    0
   15
    2
    2
   53
   10
    4
    2
    0
    0
    1
   20
   46
   25
   15
   68
   34
   29
   35
    0
    0
    0
    0
    0
    0
    0
    0
    0
    0
   64
    0
   10
    0
    6
   26
  199
    0
    0
    0
    6
    0
    1
    1
    0
    0
   16
    0
    0
    0
    0
    0
   26
    0
    1
    0
    0
    0
    3
    4
    0
    0
    0
    0
    0
    0
   16
   14
    6
    0
   19
    8
   26
    3
    0
    0
   10
    3
    4
   18
    0
    0
    0
   17
   48
    0
    5
    0
    0
    5
   71
   64
   56
    0
    8
    0
    0
   92
   42
    0
   18
    0
    0
    0
   41
   42
    2
    1
    0
    0
    0
    0
    0
    0
    0
    0
    0
    0
    0
    1
    0
   13
   16
   63
    0
   16
   82
    0
    2
    8
   18
    0
    0
   24
   20
   36
   28
    3
    0
    0
    0
   24
    4
  123
    9
    0
    0
    0
    0
   28
    4
    9
   46
    6
    0
    0
   49
    5
    1
    0
    0
    0
    0
   21
   11
    7
   27
   63
    3
    0
    0
    0
    4
   46
   61
    2
    0
    5
    2
    1
    0
    0
    5
    0
    0
    0
    1
    0
   27
   13
   34
   52
   17
    0
   13
   74
   13
    4
    0
    0
    0
    0
    0
    0
    0
    0
    0
    1
    0
    0
    0
    0
   12
   66
    0
    0
    0
   18
    0
   27
   78
    1
   25
   29
    0
   49
    1
    0
    0
   81
    0
    0
    0
    3
    0
    0
    0
    0
    0
    1
    0
    0
    0
    0
    1
   31
   59
  138
  114
  298
   37
    0
    8
    0
  102
   17
    0
    0
   36
    0
   66
    0
    0
    0
    0
    0
    0
    0
    0
    0
    0
    0
    0
    0
    6
    9
    0
    0
    1
    1
    0
    0
    6
    0
    7
    0
   39
    0
   88
   39
    0
    0
    0
    0
   64
    0
  218
   11
    0
    0
    5
    0
    0
  100
   34
    0
    0
    0
    0
    0
    0
    0
    0
    0
    0
    1
    0
    0
    0
    0
   10
    9
   24
   46
    0
    0
    0
    0
    6
   14
   91
  112
   66
    5
   17
   70
   60
    0
    0
    0
    0
    2
    0
    0
   12
    5
   22
    2
    0
    0
    1
    0
    0
    0
    1
    1
    0
    0
   24
    0
   14
    0
    0
    0
    0
    0
    0
  121
    0
    0
    0
    0
    0
    8
    2
    0
    0
    0
    0
    0
   11
    2
    0
    9
  171
   68
   13
   16
   62
   42
    0
    6
   31
   35
   36
   26
    7
   12
   16
    0
    0
   20
   56
    0
    2
    0
   90
   24
    4
   20
   10
   20
    0
    1
    0
    1
   27
   12
   17
   39
    8
    0
    2
    0
    0
    0
    0
    0
    5
   71
    3
    0
   87
   25
   28
    0
   12
   34
    0
    0
    0
   41
    0
   19
    0
    0
   29
    0
    0
    0
    0
    0
    0
    0
    0
    0
    0
    0
    0
    0
   59
    0
    0
    0
    0
   12
   82
    5
   71
    9
    0
    1
   60
    5
   13
   49
   41
   41
  164
   30
   27
    0
    0
    0
    9
    4
    2
   52
  155
   70
    8
    9
    1
    1
    0
    0
    0
    0
    0
    0
    0
    0
    0
    0
   85
    8
   14
    0
    0
    2
   27
  129
   30
    0
   64
   16
    0
    0
    0
    0
    0
    0
    0
    1
   39
    0
    0
   17
    0
    1
    0
    0
    0
    0
    0
    9
    7
    3
    1
   20
    0
    0
    0
    0
    0
    0
    0
    0
    0
    0
    0
    0
    0
    0
   47
    4
    2
    1
   10
    0
    4
    0
    0
   50
    0
   11
   58
    0
    0
    0
    0
  107
    1
    0
   18
   21
  379
    0
    0
    0
   20
   16
    0
    0
    0
  114
    7
   40
   16
    1
    0
    0
    2
    0
   18
    0
    0
   25
   44
   35
    0
    0
  188
   56
    6
   50
   32
   30
    1
    0
   17
    0
    0
    0
    0
   13
    3
   34
    5
    4
    0
   54
   17
   13
    0
    0
    0
   54
    0
    0
    0
    0
    0
    0
    0
    0
    0
  108
   32
    0
    0
    0
    0
    0
    0
    0
   26
   60
   42
   41
   12
  236
   22
   25
    3
    9
   24
    0
    0
   29
    2
   87
    2
    0
    0
    0
   75
   16
  106
    0
  171
  159
  147
   67
   11
    0
    0
    1
    1
    2
    0
    0
    0
    0
    0
    0
    0
  101
   18
   14
    0
    0
    0
   59
    9
    0
   31
   29
   39
   31
   39
    0
    0
    0
   22
    0
   24
    0
    0
   19
  128
    9
   10
   43
  103
   39
   62
  124
  149
   41
    0
   39
    0
    9
    0
   49
   54
   18
   14
    0
    2
   64
    4
   21
   17
    0
    4
    3
    0
    0
    0
    0
    1
    2
   12
    0
    4
    2
    4
    0
    0
   24
   47
   50
    4
    0
    0
    0
    0
   34
   15
   48
   45
    1
    0
   28
    3
    0
    1
   10
    0
    0
    0
    0
    0
    9
    0
    0
    0
    0
   15
   45
    4
    0
    0
    5
   78
   15
    0
   49
    2
   25
   23
    2
    0
    0
    0
    0
    0
    2
   18
    0
    0
   26
    1
   38
   24
   32
    2
   18
    6
    6
   61
    8
   34
   64
   92
    8
    0
    0
    0
    0
    4
    0
    5
  124
   39
   12
   86
    4
   78
   54
   40
   41
    8
   15
    0
    0
   47
  111
    0
    0
   18
    4
    0
    0
   12
   52
    0
    0
    0
    0
    0
    1
    0
    0
    5
   16
    2
    0
   39
    0
    0
    5
  134
    0
    0
    0
    0
    0
    0
    0
    9
    0
   40
   14
    1
    0
    0
   15
    2
   18
   12
    6
   76
   53
    1
    0
    0
    6
    1
  121
    0
    9
    8
   11
    1
    0
    0
    0
    0
    0
    0
    0
    0
    0
  161
    0
   44
   66
   65
   64
   68
    0
    0
    0
    0
    0
  209
   26
   12
    0
    0
    0
    0
    0
   34
    0
  267
   17
    0
  129
    2
    0
    4
    1
    0
   68
    0
  177
    3
    2
    0
    0
    0
    0
  138
  254
    9
   59
   20
    5
    0
    0
    0
    0
    2
    0
    0
    4
    0
    0
    0
   67
  154
  207
   19
    2
    8
    0
    0
   69
    1
  154
   24
    0
    0
    0
    0
   98
    0
    3
   26
    2
    0
    0
    0
    0
    0
    0
    0
    0
    0
    0
    0
    1
    0
    1
    1
    0
    8
   28
    0
    0
   68
    4
   23
    0
   42
    0
   14
    0
    0
    0
    0
    0
    5
    3
    4
    0
    0
   33
    8
    0
    0
    0
    0
    0
    0
    0
    0
    0
    0
    0
    0
    0
    0
    2
    0
    0
    0
   64
    0
    5
    0
    0
    0
   69
    0
    0
   29
   11
    3
    0
   31
    0
    0
    3
   29
   20
  104
    7
   29
    0
    0
   15
    0
    0
    0
    0
    0
    0
    0
    0
   20
    1
   14
   17
    0
    5
    2
   16
    0
   11
  142
    0
    0
    0
    2
   48
  105
   75
   79
    8
    0
    2
   45
    0
    0
    9
   47
   25
   16
    9
   15
    0
    1
    0
    0
    0
    0
    0
    1
   27
   22
   17
    0
   14
   10
   47
    0
    1
    0
    9
   19
    0
   28
   20
    3
   28
    0
   20
   10
    0
    0
    4
   18
    7
  108
   54
    4
   21
    7
    0
   34
    0
    0
   34
    0
    4
    1
    0
    5
    1
    0
    0
    0
    0
    0
   22
  100
   32
    7
  147
   29
   43
    0
    4
    0
    3
    4
   23
  148
   35
   65
   11
   33
   11
   24
    0
    0
    3
   49
   18
   42
    0
   33
   46
   16
   44
   39
    9
   21
   33
   12
    0
   28
    0
  112
   72
    0
    0
   26
    1
   54
   43
   18
   18
   27
    0
   28
  112
  181
   48
   72
   14
    9
  153
   58
  143
   48
    0
    0
    1
    0
    0
    0
   24
    0
   65
   69
   54
   27
   52
   21
    0
    0
    0
   11
    0
    0
   12
    0
    0
    0
    4
   44
    0
   11
  183
    0
    6
    2
    0
    0
    0
    0
    0
   14
    0
    0
    0
    0
    0
    4
    2
    0
    0
    0
    0
    0
    0
   62
    0
    0
    0
    0
    0
    0
    0
    0
   55
   14
   21
   67
   40
   59
    0
    0
    0
    0
    0
    0
   24
    3
   27
    0
    0
    0
    0
    4
    0
   28
    0
    0
    0
   24
    0
    0
    0
   21
    0
    0
    0
    0
    0
    0
    0
    0
   12
   80
    1
    4
    0
    0
    0
    2
   38
   33
   10
  207
    0
  231
    3
    2
   53
    0
    0
   18
   46
    0
    0
   10
    2
   17
    0
    0
   89
    0
    1
    5
   32
    7
   16
  162
    0
    0
    0
   33
    0
    0
    0
    5
    9
    4
    0
   26
    0
    0
    0
    0
  102
    0
   99
    0
   25
  231
   78
    0
    0
    0
    0
    0
    2
  129
    0
   34
    0
  179
   67
   49
    8
    0
   35
   11
    0
    0
    0
    0
    0
    2
    0
    0
  137
    0
    0
    0
    0
   30
    0
    0
    0
    0
    0
    2
    0
    0
    0
    0
    0
    0
    0
   12
   58
  144
    5
    0
    1
   17
    2
    0
    0
    0
    0
    2
    0
    0
    0
    0
    0
    0
    0
    1
    1
   13
    9
    0
   14
   21
    0
    0
   38
    0
    0
   13
    0
    0
    0
    0
    0
    0
   12
   92
    0
    0
   31
    0
    8
    2
   43
    0
    0
    3
   10
   13
    0
   18
    0
    0
    0
    0
    0
    0
    0
    0
    0
   11
    0
   29
   58
   21
    0
   38
   81
   18
    0
    0
    0
    0
    0
    0
    0
   47
   41
   18
    0
    0
    0
   15
    0
   21
    0
    3
   20
   65
   10
    0
    0
    2
    5
    0
    0
    0
    0
    0
    0
    0
    2
    1
    1
    1
   24
   14
   75
   20
    0
   15
    1
   11
    5
    6
   56
   20
   55
   78
    2
    1
    0
    0
    1
    0
    0
    4
    0
    0
    0
    0
    8
    0
    8
    2
    4
  131
   72
    0
    1
    8
    0
    0
   18
    0
   48
   65
    6
    0
    0
   59
   14
   64
    5
   93
   34
    0
    4
    0
  127
   42
   48
    1
   84
    6
  162
   84
  125
    6
    0
    0
    2
   15
    0
    0
    0
    6
   50
    0
   45
    6
   27
    0
   13
    0
    7
   11
   39
   97
   25
   10
    5
    0
   31
   12
   10
    0
    0
   40
    6
    3
   13
    0
    0
    0
    0
    0
    8
  166
   84
   11
    0
    0
    0
    0
    0
    0
    0
   16
   14
  147
   28
    0
    0
    0
    0
    0
    0
    0
    0
    1
   37
    0
    0
   59
   31
   54
  129
   74
    0
    0
   22
   26
   24
   78
   42
    0
    0
    0
   22
   32
    9
   28
    0
    0
   19
   54
    0
    0
    0
    0
    0
    1
    0
   72
    0
    0
    0
    0
    0
    0
  385
  183
  144
    2
    0
    0
   16
    1
  148
   74
    0
    0
    0
    0
    1
    0
    0
    0
    0
    0
    0
    4
   34
    0
  118
    0
   12
    0
  119
   14
   24
    1
   14
    0
    9
    0
    0
   25
    0
    0
    9
    0
    0
   22
   54
    1
    0
    0
    0
    0
    0
   25
    0
    0
    5
    6
    3
    9
   23
   17
    7
   45
  112
   84
  140
  145
   67
   72
   97
    3
    0
   51
    2
    6
   39
   28
   36
    0
    0
   79
   36
    2
   26
   14
    0
   94
  164
    0
   68
   16
    0
    0
   24
    3
    0
    0
    0
    0
    0
    0
    0
    0
    0
    0
    0
    0
   51
   42
    0
   19
    4
    0
   19
   10
    8
    0
   11
   26
   18
    0
    0
    1
   20
  100
  135
    3
    0
    0
   66
    0
    0
    3
    0
    1
    8
   16
    0
   23
   94
    0
    3
    8
   33
   18
   37
   35
    0
    0
    0
    0
   78
  130
   93
   10
    0
    0
   21
   34
   29
    1
    4
    1
    9
   25
    0
   34
    6
   95
   48
    0
   21
    2
    7
   70
   27
   40
   41
   22
   30
    6
    0
    0
    0
   26
    6
    2
    0
    0
    2
   36
    0
    0
    0
    3
    0
    0
    4
   63
   17
    0
    4
    0
   46
    4
   87
   45
    0
    0
    0
    0
    0
    0
    0
    5
    0
   23
   15
   91
   43
   49
   40
    0
    0
    0
    0
    0
    0
   68
   33
    0
   54
   35
   33
   59
   71
   23
   22
   29
    0
    5
    0
    0
   29
   57
    0
    2
    0
    0
    0
   89
   54
    9
    2
    0
    8
    4
   29
   22
    9
   27
    4
    0
    0
    0
    0
    0
    0
    0
    0
    0
    0
    0
    0
    0
    0
    0
    0
    0
    0
    0
    9
  186
   84
    0
    2
    0
    0
    0
    0
    0
    0
    3
    0
   93
   54
   13
   19
    0
    4
    0
    3
   52
   30
   35
    0
    0
    0
    1
   63
   13
    0
    0
    0
    0
    0
    0
   44
    0
    0
    0
  212
    2
   61
    2
   13
   32
    0
    0
   11
    0
    0
    0
    0
    1
   43
   42
  232
    0
   46
    0
    0
   17
    6
  132
    9
    0
    0
    1
   22
   42
    0
    0
    0
    0
    0
    0
    0
    0
    0
    2
   33
    0
    0
    0
    0
    1
    0
    0
  123
    0
    0
   18
    0
    0
   21
  512
    8
   22
    0
    4
    0
   26
    2
    0
   10
    0
    0
    0
    0
    0
  191
    0
    0
  154
    0
   12
  173
   52
    0
  164
  107
 1092
   15
    1
    0
   29
   83
    0
    0
    0
    0
    0
    0
    0
    5
    0
    0
    0
    0
    0
    0
    0
    0
    0
    2
    1
    0
    0
    0
    0
   26
    0
    0
    0
   64
    0
   14
    0
    0
    0
    0
   28
    1
   45
    0
    8
  139
    2
    0
    1
    0
    0
    0
   25
   15
   54
   29
   18
    8
    0
    0
    0
    0
    0
    1
   47
   48
   17
   64
   11
    0
   81
   51
    2
    0
   56
   37
   77
   40
   14
    0
    1
   40
   45
  117
    8
    0
    0
   14
   71
   55
   32
   54
    0
    1
    0
    0
    3
    0
   24
  155
    0
    1
  143
    0
    0
   10
    3
    0
    0
   79
  226
    2
    0
    1
    3
    6
    0
    0
    0
    0
    0
    0
    0
    0
    0
    3
   24
   28
    8
    0
    0
    0
  152
    9
    9
    0
   19
    0
    5
  124
  289
    1
   41
  149
  108
    2
    7
   27
    2
    0
    0
    3
    0
   17
   83
    2
    0
    0
    0
    0
   11
    0
    0
    0
   59
   16
   20
    2
   64
   32
   72
   26
   22
    0
    9
   71
    3
    0
    7
   43
    0
    0
    0
    0
    0
    0
    0
   14
    0
    0
    0
    0
    0
    0
    0
    0
    0
    0
    0
    0
    0
    1
    7
    2
    0
    0
   34
    5
   27
    0
    0
   83
   34
    0
    0
    0
    0
    0
    0
    0
    0
    0
    0
    0
    0
    0
    0
  104
    0
    0
    0
    0
   17
   22
   44
    0
    0
   17
    2
    0
    0
    0
    0
    0
    0
    0
    0
    0
    0
   58
   82
    0
    0
    0
    0
    0
    0
   32
   21
    2
   12
   39
    0
    0
    1
    0
    0
    0
    0
    8
  110
    1
    0
   19
    6
    6
    1
    0
   21
   67
   18
    8
    0
    0
    0
    0
    0
    8
    0
    0
    0
    0
    0
    0
    0
    0
    0
   92
    0
    0
   33
    0
    2
    0
  132
    0
    3
    0
    0
    0
   25
   30
    7
    0
    0
    1
    0
    0
    0
    0
    0
    0
  113
  160
    4
   39
    0
    8
    4
    0
    0
    2
    0
    2
    0
    0
    0
    0
    0
  430
    0
    0
    0
  140
    0
    0
   10
    0
    0
   82
    6
    0
    0
    0
    0
    0
    0
    0
    0
    0
    0
    0
    0
    0
    0
    0
    0
    3
    0
    0
    0
   34
    0
    0
    0
    0
    6
    0
    0
    0
    0
   16
   66
    9
   29
   29
    8
    0
    0
    0
    0
    0
    0
   16
  118
  178
   27
    2
    1
    0
    0
    0
    0
    0
    0
    0
    0
   21
    0
    0
    0
    0
   58
    8
    0
    4
    9
   58
   37
   14
   14
   31
  139
    0
   18
    0
    0
    0
    0
    0
    0
    0
    0
    0
    0
   50
    0
    0
    0
   81
   45
    0
    0
   97
    7
    0
    0
    0
   11
    0
    0
    0
    0
    0
    0
    0
    0
    0
    0
    0
    0
  196
   10
    5
    0
    2
    0
    2
    0
    0
    5
    3
    1
   76
   24
    0
    0
    0
    0
    2
   14
    3
    0
    0
    0
    0
   48
   16
  283
   47
   23
   10
    2
    0
    0
   10
   15
   21
    0
    1
    0
    0
    0
    0
    0
    0
    0
    0
    3
    1
   33
    0
  131
    0
    7
   45
   44
   76
   28
  113
   71
   62
    3
   10
    7
  148
   10
    8
    0
    1
    9
   38
    0
    1
    1
   82
    8
    8
   24
  114
   11
    2
    0
   14
   41
   48
   18
  111
   38
    8
    3
    3
    0
    0
    8
    1
    3
    0
    0
    0
    1
    0
   11
   10
    1
    0
    0
   82
   26
   11
    0
    0
    8
    0
    7
   79
   13
    0
    0
   22
    0
    0
    0
    0
    0
   36
   51
    1
    3
    0
    9
    0
    5
    0
    0
    0
    0
    0
    3
    1
    0
   19
   12
   13
    1
    8
   25
   24
    0
    0
    0
    0
    0
    0
    0
   25
   33
    0
    0
    0
   50
    6
    0
   14
    0
    0
    0
    0
    1
    3
   51
    2
  272
  112
   31
    0
   13
  103
    8
    4
   11
    0
   48
    0
    0
    0
    0
    0
   88
   59
   29
    1
    0
    0
    0
    0
    0
    0
    0
   29
    0
    0
   38
   74
    0
    0
    0
    0
   18
   21
   65
   31
    0
   11
    0
  152
   48
   28
    0
    1
    0
   84
    0
    0
    0
   73
    0
    8
    0
    6
    2
   24
    4
   26
    0
    0
  245
    2
    0
    0
   64
   10
    8
    0
    4
   20
   56
   14
  188
    0
  153
   39
    0
   27
   77
    2
    0
    0
    0
    4
    0
    0
    0
    0
    0
    0
    0
    0
    0
    0
    0
   50
   26
    3
    0
    1
    1
    4
   40
    1
   56
    0
    0
   72
    0
   33
   33
    1
   19
   43
    9
    0
    0
    0
    0
    0
    0
    0
    0
    0
    0
   57
    0
    0
    0
    0
    0
    0
    0
   13
    9
   58
   54
   48
   39
   19
   24
    3
   13
   53
    2
    0
    0
    0
    0
    0
   35
    0
    8
    0
    0
    0
    0
    0
    0
   78
    3
    5
    0
    0
   35
   17
    0
    0
    0
    1
   78
    6
    2
   16
   58
    4
    3
    0
    0
    8
   16
   24
    5
   45
  122
    0
    0
   64
    0
    0
    6
   69
   59
  294
   54
    8
   24
   62
   12
    0
    0
   11
   34
    3
    1
    0
    0
    0
    0
    0
    0
    0
    0
    0
    0
    0
    4
    0
    0
    0
    0
    6
   89
   43
    0
    0
    0
   12
   18
   16
   20
  134
   18
   11
    0
    0
   10
    7
    1
   32
    4
   68
    2
    0
    0
    2
    0
    2
    8
    1
    0
    0
    0
    0
   26
    8
  186
   56
    4
   64
   40
    5
    4
   41
    5
    0
   16
   89
    1
   65
    6
    0
    0
    0
    0
    2
    0
   72
   56
  144
   41
   19
   14
   37
    2
    8
    8
    1
    2
   68
    0
   16
   13
   14
   12
   14
    0
    0
    0
    1
    4
   11
    0
    1
   20
    0
   69
    0
    0
    0
    0
    0
    1
   37
    6
    0
    0
    0
    8
    0
   77
    1
    0
    0
    0
    0
    0
    0
    0
    0
    0
    8
    7
   17
   18
    9
    0
    0
    0
    0
    1
    0
    0
    3
    0
    0
    0
    0
    0
    0
    0
   25
    8
   21
    0
    0
    0
    0
    0
   46
   32
    8
   72
  220
   18
   20
    2
   30
    0
    0
   83
   19
   26
    6
    0
    0
    0
    0
    0
   34
    0
    0
    0
    0
    0
    0
    8
    2
    3
    0
    0
    0
    6
   49
   23
    0
    0
   39
    0
    8
    0
   48
    0
    0
    4
    0
    0
    0
   72
    0
    0
    1
  173
    0
    0
    0
    0
   14
   49
    2
    0
   87
  138
    0
   85
   45
    1
    0
    0
    0
    0
    0
    0
    0
    0
    0
   88
   68
  195
   42
    3
   19
   44
    0
   43
    0
  212
    6
    0
    0
   51
  108
    6
   26
   29
    4
   13
    0
    0
    0
   34
    1
   50
   32
    0
    0
    0
    0
   20
    0
   24
   51
    0
   29
    0
    0
    0
    0
    0
    0
    0
    0
    0
    0
    0
    0
    0
    0
    0
   29
   84
   80
    0
    0
   81
   72
   18
    0
    0
    0
    0
    0
    0
    0
    0
   15
    1
   17
   26
    1
  139
    4
    0
    0
    1
    1
    0
    0
    0
    0
    0
    0
    0
    0
    0
    0
    0
    0
    0
    0
    0
    0
   16
   33
    0
    0
    0
    0
    0
    0
    0
    0
    1
    4
    5
   26
    0
    0
    0
    0
    0
    0
    0
    1
    0
   64
   32
   91
    3
   30
   52
    6
   10
   29
    4
    6
    0
    2
    6
    0
    0
    0
    0
   23
   26
    0
    0
   18
   57
    1
    0
    9
   14
    6
   18
  129
  148
   29
   49
   45
   51
   20
    4
   28
    9
    5
    3
   31
   58
   56
   16
    6
    1
    0
    0
    3
    0
    0
    0
    0
    0
    0
    8
    1
    0
    0
    0
    0
   71
   56
   14
   62
  109
    1
    0
    0
    0
    0
    0
    0
    0
    0
    1
    0
    0
    2
   30
    0
   62
  116
   32
  101
   40
    0
    0
    0
    0
   62
   16
   17
   17
    1
   15
    1
    2
    5
    0
    1
   24
    1
   30
    3
    0
   23
    0
    4
   76
    1
   46
  133
   47
   85
   34
    0
    1
    1
    4
    1
    0
    3
    1
    0
    0
    0
    9
   39
   82
    2
    2
    1
   54
   14
   10
    9
   18
    8
    0
    1
    0
    0
    0
    0
    0
    8
   34
   35
   11
   49
   38
    0
    0
    0
    1
    8
    0
    0
    0
    1
   15
   41
   28
    0
    2
    0
    0
    0
    0
    0
    0
    0
    0
    0
    0
    0
   14
    7
    0
    4
   36
   79
    9
   45
    0
   47
    1
    0
   56
   82
   54
   61
   13
    0
   35
    2
    0
   15
    0
    1
   99
    0
    0
    0
    0
    0
    0
    0
    0
   55
   17
    0
    0
  108
    1
  279
    0
    0
    0
    0
    0
   55
    0
    0
    0
    0
    0
    0
    0
    0
    0
    0
  109
    0
    0
    0
    0
   38
    0
    0
    0
    0
    0
    0
    0
    0
    0
    0
    0
    0
    0
    0
    2
   59
    4
   11
   14
   54
    0
   53
  254
   77
    0
    0
    0
   46
    1
  103
   13
   50
   19
   17
    0
    0
   49
   57
   39
   56
    4
   86
    0
   19
   78
   22
   36
   28
    0
    0
    0
   14
    0
    0
    0
    5
    0
    0
    0
    0
    0
    0
    0
    0
    0
    0
   40
   12
    0
    0
    0
    0
    0
    0
    0
   61
    0
    0
   66
  112
   27
  198
    8
    3
   16
   24
    0
    0
    0
    0
    0
    8
    0
    0
    0
    0
    0
    1
    1
    0
    2
   22
    2
    0
    0
    0
  122
   80
    0
   43
    3
    5
   18
   52
   53
    0
    0
  105
   42
    0
   64
   47
   59
    0
    0
    0
    0
    0
   25
   12
   22
    0
   69
    0
    0
    0
    0
    0
    2
    2
    0
    0
   18
   18
    0
    0
    0
    0
   22
    3
   63
   20
    1
    0
    0
   24
    7
    2
    2
   22
    1
    0
    1
   11
    2
    0
    0
   49
    0
   13
   14
