Station: Nehlitz , scaling_factor: 10.0, latitude:  51.5762, longitude:  11.9596, altitude:  140, nodata_value: -9
start: ..1969-01-01  end: ..1998-09-30
  198
   65
    0
    3
    0
    0
    0
    0
    0
    0
    0
    0
    5
    0
    1
    0
    0
    0
    3
    0
   17
   91
    2
   32
   77
    2
   19
    4
    0
    0
    4
    1
   17
    4
    1
    0
    0
    5
    1
    9
   10
    0
    7
    9
    0
  127
   41
   11
    0
    5
   20
    0
    0
    0
    2
   37
    0
    1
    0
    0
    0
    0
    0
    0
    0
    0
    0
    0
    0
   32
   74
  134
   14
   69
    1
    0
    0
    0
    0
    0
    0
   28
    3
    6
    1
    7
    3
    0
    1
   38
    0
    9
    0
    0
    0
    0
    0
    0
    0
    1
   86
   46
    2
    9
   53
   28
   22
    0
    2
    0
    9
   34
   36
   57
    1
    8
   46
   19
   42
   16
   16
    0
   96
  118
    0
   42
   46
    0
   38
    3
    0
    0
    0
    0
    0
   33
    0
    8
    3
   12
    9
    0
    0
    0
    4
  105
    0
   17
    2
   18
    2
  225
   25
   72
    1
   15
   91
    0
    0
    0
    0
   17
    0
    0
    9
    0
    0
    0
   19
   18
   19
    0
    0
    0
  145
    0
    3
   52
   11
   76
    0
    0
    0
    0
    0
    0
    0
    0
    0
   39
   22
   81
    0
    6
    0
    0
    0
    0
    0
    0
    0
    0
    0
    0
    0
    0
    0
    0
    0
    0
    0
    0
    0
    0
    0
    0
    0
    0
    0
    0
    0
    0
    0
   15
   70
   28
    0
  261
    0
    0
    0
   42
    1
    1
    1
   22
    2
   71
   36
  133
  130
   37
    0
    0
    0
    0
    0
    0
    0
    0
    0
    9
    0
    0
    0
    0
    0
    0
    5
   38
    0
    0
    0
    2
   49
    0
    0
    0
    0
   18
    0
    0
    7
    1
   86
   19
    0
    0
    0
    0
    0
    0
    0
    0
    1
    0
    0
    0
    1
    0
    0
    0
    0
    1
    0
  131
   16
    2
    2
    0
    0
   20
   15
   27
    0
    0
    0
   49
    0
    0
   30
   32
   26
    0
    0
    4
    2
    1
    2
    0
    0
    0
   44
   20
    0
    5
   11
   68
    2
    0
    4
   10
   29
    0
    0
   10
   69
    0
    1
    2
    5
   23
    0
    1
    1
    1
    0
    0
   68
   12
    3
   62
    6
    1
    0
    0
   12
    0
    0
    0
    0
    0
   15
   25
    9
    7
    3
   11
   24
  115
    1
    5
    0
    4
    0
    0
    0
    0
    0
    0
   36
    0
    0
    0
    1
    0
    0
    6
    0
    0
   67
   96
    5
    1
    0
    0
    0
  101
    6
    0
   24
   11
    6
    6
   27
   10
    6
   41
   12
    0
    0
    2
    4
    4
   21
   20
   27
  142
   89
   23
    0
   27
   37
    1
   30
   57
    0
   71
  109
    0
    0
    1
    0
    0
    0
    0
    4
    0
   15
    5
    6
    6
    8
   26
    2
    0
    0
   12
   11
    0
    2
  108
    0
    0
   22
    3
    2
   20
    0
    0
    7
    0
    2
  133
    0
    0
    0
   34
    0
    3
   91
    2
    0
   35
   18
    0
    0
    0
    7
   13
    0
    3
    1
   39
   34
   35
    0
   23
    0
    0
    1
    0
    0
    0
    0
   49
  123
    1
    0
    1
    1
    0
    0
   37
   23
   18
    6
    0
    0
   28
   35
  166
   38
   19
   50
   21
    3
    0
    0
   11
    1
   14
    0
    0
    6
   87
   38
    0
    0
    0
    0
    0
    0
    0
    0
    0
    0
   74
    3
   57
   16
    0
    0
  226
   41
    0
   87
    3
   16
   38
    0
    0
    0
    0
   41
    0
    0
    0
    0
   37
   50
   16
    7
    0
   81
   44
    0
    0
    0
   11
   72
   26
    2
    1
   48
    0
  160
   15
    0
    1
    0
    0
    0
   16
  183
    0
   17
    1
    0
    0
   30
    0
   45
    8
    0
    0
  227
  347
  236
    0
    1
    0
    0
    0
   19
    0
    0
    0
   17
    0
   17
   30
    0
    3
    0
  127
    0
   73
   89
    2
    6
    0
    7
    0
    0
    0
    0
    0
    0
    0
    0
    0
   11
    1
    0
    0
    0
   92
   35
   55
   42
   38
    0
    0
    0
    0
    0
    0
    0
    0
   22
    1
    0
    0
    0
    0
   32
   42
   14
   36
    8
   43
    0
   51
   10
   86
    1
   24
   15
    0
  138
   36
    0
   86
   61
    0
    0
   24
   47
   55
   16
    0
   52
    0
    1
    0
   19
    0
    0
   41
   22
    0
    0
    0
    0
    3
    0
    1
    0
   21
   10
   28
   79
    1
    0
    2
    0
    2
    4
    0
    0
    0
    3
    0
    0
    0
    0
    1
    2
   10
    9
    6
    0
    1
    1
    0
   78
    0
   55
    3
    2
    3
    0
    0
    0
    0
    0
    1
    0
    0
    0
    0
    0
    0
   17
   23
    0
    0
   10
    0
    0
    0
    2
    7
    0
    9
   30
   20
    0
    0
    0
    4
    0
    6
   13
    1
    1
   10
   14
    0
    0
    0
   17
   18
    0
    0
    0
    1
    5
    2
    0
   57
   41
   12
   16
   35
    1
   13
   36
    3
    0
    0
   22
    0
    0
    0
    0
    4
    6
    8
    5
    0
    0
    0
    0
    2
    0
   25
    1
    0
    0
    2
   42
    7
    3
    0
    0
    0
    3
    3
    0
    0
  125
    0
    0
    0
    0
    0
    0
    0
    0
    0
    0
    0
    0
    0
   36
    0
    0
   16
    0
    0
    0
  236
   42
   48
    9
    0
    0
    0
    0
    0
    0
    0
    1
    0
    0
    0
    6
    0
    0
    0
   26
  184
   28
    0
    0
  185
    1
   48
    0
    0
   21
    8
    0
   58
    0
   15
    0
    1
    0
    0
    0
   52
    0
    0
    0
    6
   95
   22
  103
   18
    8
    2
   16
   26
   50
    4
   52
   97
   47
    0
   25
    0
    0
    2
   25
    1
   97
    8
    0
    0
    0
    0
    0
    0
    0
    0
    0
    0
    0
    0
    0
    0
   22
    0
    0
    0
    0
    0
    0
    0
    0
    0
   22
    0
    0
    0
  287
    0
    0
    0
    5
    0
    3
    0
    0
    2
    2
   14
    0
    0
    0
    0
    0
   15
    0
    0
    0
    0
    0
    0
  181
  110
  145
    0
    0
   12
   20
    0
    7
    0
    0
    0
    0
    0
    0
    0
    0
    0
    0
   76
   15
    2
   18
    0
   26
    1
    3
   11
   57
    0
    0
    0
    0
    0
    3
   78
    0
    0
   13
    0
    0
    0
    0
    0
    0
    0
    0
    0
    0
    0
    0
    0
    9
   85
   83
    1
    0
    1
    0
    3
    0
   29
    0
    0
    0
    0
    0
    0
    0
    0
    0
    0
    0
    0
    0
    0
    0
    0
    0
    0
    1
    1
    0
    0
    1
    0
    0
   38
    7
   99
    0
    0
   18
    0
   29
   11
    0
    2
    0
    0
    0
    0
    1
    1
    0
    9
    8
    3
   15
    0
   49
   24
   34
   83
    0
    0
    0
    0
    0
    0
   26
   59
    9
   54
   17
    0
    0
    0
    0
    6
    0
   19
    0
    0
    0
   29
    0
    0
    1
    2
    7
    5
    0
    0
    0
    0
    0
    0
    0
    0
    0
    0
    0
    0
    0
    0
    0
    0
    0
   11
    0
    0
    3
    0
    0
    0
    0
    0
    5
    3
    0
    0
    0
   31
   14
    0
    0
    2
    0
    0
    0
    0
    0
    0
    0
    0
    3
    0
   12
    7
    0
    0
    0
    3
    0
    0
    1
    0
    0
   54
    0
    0
  251
    0
    0
    0
    0
    0
    0
    0
    0
    0
    0
    0
    0
    0
    0
    0
    1
   43
   27
    3
    0
   73
   17
   42
    1
    3
    9
   45
    7
    0
    0
    0
   13
    6
    0
    0
   26
    4
    0
   72
   46
    0
   29
    2
    0
    0
    0
    5
    7
    0
    0
    0
    0
    0
   23
    2
    0
    0
   44
    0
   15
  147
    5
   20
   36
    0
    0
  221
    0
   26
   22
    0
   52
    0
    0
   51
   14
   74
   14
   52
   16
    0
    0
    6
    0
    0
    0
    0
  304
   31
    0
    0
    9
   24
  187
    0
    0
    0
    0
    0
    0
    6
    0
    0
   36
   14
    2
    0
    0
    0
    0
    0
   66
    0
   11
   36
    0
    0
    0
    0
    0
   70
  106
    0
    0
    0
    0
    0
    0
    0
    0
    0
    0
    0
    0
    3
    0
    3
    0
    0
    8
  455
  118
    5
    0
   67
    0
    0
    2
    0
    0
    0
  156
    0
   94
    0
   82
   10
  194
   11
   76
   61
    0
    0
    3
   16
    0
    1
    8
    1
    0
    0
    0
    0
    0
    2
    2
    0
    0
    0
    0
    8
    0
    0
  145
    3
    0
   15
   17
    0
   48
   46
   42
    0
    0
    0
   14
   19
   42
    2
   37
   46
    3
    0
    8
    0
    0
    0
    0
    0
    0
    0
    0
    0
    0
    0
    0
    0
    0
    0
    0
    0
    0
   34
   13
    1
  118
   15
    8
    0
   11
    2
  159
    0
    4
    0
    0
    0
    0
    0
    0
    0
    0
    1
    0
   36
    3
   30
    0
    0
    0
    0
   64
    3
    8
   26
    0
    2
    7
    7
    0
    0
    0
    0
    0
    0
    0
    0
   10
    0
    0
    0
    5
    0
    0
   15
    0
    0
    3
    1
    0
    0
    0
    1
    6
    0
    0
    0
    0
    0
    0
    0
    0
    0
    0
    0
    0
    0
    0
   15
    0
   11
    5
   11
    8
   14
    1
    7
    0
    0
    0
   31
   39
    0
    0
   21
    0
   35
    0
    0
    0
    0
   20
   32
    3
    7
   61
   26
    9
    0
    0
    0
    0
    0
    0
   33
    0
    9
    6
   28
    6
    0
    0
    0
    5
   49
   14
    0
    7
   10
   27
  113
    8
   17
    0
    0
    0
   14
   40
    3
    0
    0
   14
   22
    0
    0
    3
   12
    0
    0
    0
    0
    1
   25
   16
    0
    0
    0
    0
    0
    0
    0
    0
    0
    0
    0
    0
    4
   88
   27
    1
   17
    0
    5
    6
    4
    3
   15
   59
    0
    0
    2
    6
   25
   26
   23
    0
   13
   10
    0
    0
    0
    0
    0
   28
    7
    0
   20
   73
    0
    0
  115
    1
    2
    1
    7
    0
   24
    0
    0
   53
    0
    0
    0
    0
    0
    0
   57
    0
   43
   18
    3
    0
    0
    0
    0
   14
   34
   18
    8
    0
    0
    0
    0
    0
    1
    0
    9
    0
    0
   87
    0
    1
    0
   87
    5
    0
    0
    0
    0
  136
    3
    0
    0
    0
    6
    0
    0
    0
    0
    0
    0
    0
    0
    5
    0
    0
    0
   42
    9
    0
    0
   83
    2
    0
    4
   11
   21
    0
    1
    9
   22
   72
   15
   82
   47
    0
    0
    0
    0
    0
    0
   46
    5
   15
   89
    6
    0
    0
    0
    0
    0
    0
    0
    0
    0
    0
    4
   10
    1
    0
    0
    0
    0
    0
    0
    0
    0
  118
   39
    2
   22
    0
    0
    0
    1
    0
    0
  137
    2
    0
    0
    0
    0
    0
   80
    3
    0
   56
   57
   37
    0
   27
   63
    1
    0
    0
   12
    8
    6
    0
    0
    0
    0
    0
    0
    0
    0
   17
    3
  123
    0
    0
    5
   59
  161
   12
    0
    8
   47
   64
   36
   69
    0
    0
    0
    0
    0
    0
    9
    0
    0
    0
    0
    0
   47
    0
    7
    7
    0
   28
    6
   43
   28
   21
   15
   19
    3
    0
    4
    1
    0
    0
    0
   16
    0
   10
    3
    0
   39
    0
   16
    3
    8
   14
    0
   41
   38
   16
    0
    0
    9
    5
   38
    0
    8
    6
   10
    0
    0
    0
    1
    0
    0
    0
    9
    1
    0
    0
    0
    0
    0
    3
    0
    0
    0
    0
   47
   48
    0
    3
    0
    6
    0
    0
    9
   17
   12
   40
  102
    0
    0
    0
    7
    0
    7
    0
    0
    3
    5
    1
    0
    4
    0
    0
    0
    0
    9
  125
   22
   32
    5
    0
    0
    0
    0
    0
    0
    0
    0
    8
   46
    0
   22
  145
   39
    0
    1
    1
    0
    0
    0
    0
    0
    0
   40
    0
    6
    0
    0
    0
    0
    0
    0
    1
    0
    3
   28
   50
   13
    0
    0
    0
    0
    0
    0
    0
    0
    0
    0
    0
   15
    0
    0
    0
    0
    0
    0
    0
    0
    0
    0
    0
    0
    0
    0
   82
    1
    0
    0
    0
    0
    2
    0
    0
   34
    0
    0
    0
   11
    5
    0
    0
    0
   25
   47
   38
   49
    8
    0
    0
    0
  112
   13
   11
   92
    0
    0
    0
    0
    0
    0
  117
   40
    5
    3
    4
    0
    0
    7
    4
    0
   63
    6
    2
    6
    0
    0
   12
    0
   39
   26
   54
   39
   71
   11
    1
   13
    0
    0
   74
    0
  117
    0
    0
    0
    0
    0
   10
   69
   95
    7
   38
   22
    0
   99
   18
    0
   88
    0
    0
    8
    6
   30
    0
    5
    4
    0
    0
    0
    0
    0
   48
    0
    0
    0
  235
   13
    0
    0
    0
    0
    0
    0
    0
   11
    0
    0
   22
    0
    0
    9
   31
   42
  108
   19
    0
    0
    0
    0
  119
   40
   68
  255
    0
    0
    0
    0
    0
   25
   58
    0
    0
    0
   31
   25
    0
   96
    7
    0
   25
    0
    0
   61
    0
    0
    0
   16
    0
    0
    0
    0
  182
    0
    0
    0
    0
    0
    7
    4
   47
    0
   95
   11
    0
    0
   59
   22
    1
    0
    9
   23
    0
   18
    0
    0
    1
   19
    0
  185
   86
   13
    0
    3
   49
   93
  401
    1
   16
   71
   17
   12
   53
    4
   21
   25
  135
   19
    0
    1
    3
    0
    0
    0
   23
    5
    0
    0
    0
    0
    0
    0
    0
    5
    0
    1
   14
   56
    0
    7
   19
    2
    5
    5
    6
   16
   13
    2
    1
   23
    6
   92
   93
   36
   23
    0
   27
   60
    8
    7
   11
   22
   57
    6
    0
    0
    0
    0
    0
    1
   32
   18
    4
   33
   66
    2
   13
   34
    1
    0
    0
    0
    1
   44
   17
    0
    0
    0
    0
    0
    0
    0
    0
    0
   13
   14
    0
    0
    3
    2
    2
    5
    0
   17
   39
   17
   16
   27
    4
   21
    0
    0
    0
    0
    0
    0
    0
    0
   21
    0
    8
   13
    0
    0
    0
   26
   18
    0
    0
    0
    0
    0
    1
    0
    0
    0
    0
    2
    0
    0
    0
    0
   21
    0
    0
    0
    3
   43
    0
   66
   19
   17
    0
    0
  112
   85
    0
    0
    0
   16
   42
   10
   21
    0
    0
    0
    0
    1
   32
   55
   21
   56
   29
    0
   18
    0
    0
    5
   19
   11
  106
   66
   13
    1
    0
    0
    6
    0
    0
    1
    0
    5
    0
    0
    0
    0
    0
    0
   17
   53
    0
    0
    0
    1
   55
   88
    1
  233
    8
    0
    0
    4
    0
   17
   16
    0
    0
    0
    0
    0
    0
    0
    0
    0
    0
    0
    0
    0
    1
    0
    8
    0
    0
    0
    0
    8
   14
   47
    0
    0
    3
   21
   70
    5
   23
   25
    1
    8
  201
   24
    0
    0
    0
    0
    0
    0
    0
    4
    0
    0
    0
    0
    0
    0
    0
    0
   33
    0
   18
    0
    0
   29
    0
    0
    0
    7
    0
    0
    0
    0
    0
    0
    3
    0
    0
    0
    0
    0
    0
    0
    0
    0
    0
    0
    0
    0
    0
    0
    0
    0
    0
    0
    0
   60
   16
    9
    0
    0
    5
    0
  296
   17
   69
    0
    0
    0
    0
    0
    0
   10
    0
    0
    0
    0
    0
    0
    0
    0
    0
    0
   49
   58
   28
    5
    0
    0
    0
    0
    0
    0
    0
    0
    0
    0
    0
    2
    3
    7
    4
    0
    0
   39
   33
    7
   25
    0
    1
    0
   23
    1
    0
    3
   32
    3
    1
    0
   51
   27
   56
    5
   25
   41
    0
    1
    0
    1
    1
    2
    1
    0
    0
    0
    0
    0
    3
    0
    0
    0
    0
    0
    0
    0
    0
    3
    7
    0
    1
    0
    0
   68
   39
   53
    1
    0
    0
    0
    0
    5
    3
   11
    4
    0
    1
    0
    6
    0
   12
    8
    0
    0
   44
    0
    3
   26
    0
    0
    0
    1
    0
    3
    5
    0
    0
    0
    1
   11
    5
    0
    0
    0
    0
    0
   62
   64
    5
    1
   14
   24
    0
    0
    0
   63
   14
   45
   96
   68
   37
    8
    2
    1
    8
   40
   41
   25
   18
    8
    7
    0
    0
    5
    1
    0
    0
    0
    0
    0
    0
    0
    0
    0
    0
    0
   21
    4
    9
   99
    2
    0
    2
    0
    0
    0
    0
    0
    0
    0
   29
    0
    0
    0
    0
    0
    0
    0
    0
    0
    0
    5
    0
    3
    0
   19
    0
    0
    4
    0
    0
    2
    5
   29
   28
    0
    1
    7
    0
    1
   26
   34
    1
    0
   11
   13
    0
    0
    0
    0
    0
    0
    5
    4
    0
    0
    0
    0
    0
    0
    9
    0
    0
    0
    0
    0
    0
    2
    0
    7
   62
    0
    0
   12
    0
    0
    5
    0
    0
   13
    0
    0
    0
    0
    0
    0
    0
   40
    0
    4
    0
    0
    0
    0
    0
    0
   18
   24
    0
    0
   84
    0
    8
   34
   10
   51
   91
  105
    9
    2
    1
    8
    0
    0
    0
    0
    0
    0
    0
    0
    0
    0
   64
  101
    0
    0
    4
    9
    0
    0
    0
    0
    0
    0
    0
    0
    0
    0
    0
    0
    0
    0
    0
    0
    0
    8
    0
    0
    0
    0
   20
   16
    0
    0
   10
    0
    0
    9
   57
    0
    0
    0
   18
    0
    0
    0
    0
    0
  149
    0
   14
   99
    1
    0
    0
    0
    0
    0
    0
    0
    5
  185
    0
    0
    0
    0
    0
    7
    0
    0
    0
    0
    0
    0
   42
   37
   22
    0
    1
    0
    8
   42
    0
    5
    0
    0
    0
    0
   54
    0
    0
    0
    5
   27
    1
    1
    0
    0
    0
    0
    0
    0
    0
   29
    0
   16
   79
    9
   78
    0
    0
    0
   53
   27
    6
   50
    3
    0
    0
    0
    0
    0
   89
    2
    0
   26
   82
    0
    0
    0
    0
    0
    0
    0
    3
    2
    1
    0
    0
    1
    2
    0
    1
   59
    0
    0
    0
   86
    0
    0
    2
   27
    0
    7
   16
   13
    0
    0
    0
    5
    0
   15
  109
   15
   85
   15
    1
    0
    0
    6
   20
    1
    6
    3
    0
    0
    0
    1
    2
    1
    0
   19
    9
   18
   14
    3
    5
    0
    0
    2
    1
    0
    0
    0
    4
    6
    0
    0
    0
    0
    0
    0
   38
    0
    2
    2
    0
    3
   11
   10
    8
    0
   44
  180
    0
    0
    0
    3
    1
    0
    3
    0
    0
    5
   17
    0
   51
    0
    0
    0
    1
    0
    0
    0
    0
    3
    0
   29
   11
   37
   39
    0
   33
    0
    3
    8
    0
    0
    0
    7
    3
    4
   74
    0
    0
    0
    0
   44
   14
    4
    0
    0
   33
    0
   12
    0
    0
   22
   10
    0
    0
    0
  304
  165
    3
    8
    0
    0
   29
   17
    0
    0
    2
    0
    0
    0
   18
   82
   25
    0
    0
    0
   42
    0
   19
    0
    5
   27
    9
    0
    6
    1
   29
   15
   57
   21
   60
    0
    0
    0
    0
    0
   20
    0
   91
   15
    3
    0
    0
    0
   10
   99
   66
    0
    0
    0
   88
    0
    0
   11
    0
    4
    0
   11
    0
    0
    0
  108
    0
    0
  162
   76
    3
    0
    0
    0
    0
    0
    0
    0
    0
   14
    0
    0
    6
   52
   14
    8
    0
    0
   48
    0
   27
    0
    0
    0
  385
   14
    1
    0
    0
  342
    0
    0
    0
    0
    0
   97
   24
    0
   16
   26
    0
    0
    0
    0
    0
    0
   57
   17
   15
   19
   33
    0
    0
    0
    0
    0
   52
   10
   49
    0
    1
    5
    0
    0
  125
   89
   29
   15
    4
    0
    0
    0
   37
    0
    0
   45
    0
   15
  132
   18
    5
   26
  203
   15
   36
    0
    0
    0
   68
   54
   44
    0
    1
    0
    0
    0
    0
  290
   70
    1
    0
    0
  182
    0
    0
   50
    0
    0
    0
    9
  153
    4
   56
    0
    0
    0
    0
    1
    0
    0
    0
    0
    0
   57
   42
    1
    0
    0
    0
    0
    3
    0
    0
   21
   16
    3
   14
   78
    0
    0
    0
    0
  132
    0
    0
    0
    0
    0
    0
    0
    0
    0
    0
    0
    0
    0
    0
    0
    0
    0
    0
    0
    1
   84
   30
  132
   11
   34
    0
    0
    0
   68
  115
    1
    0
   41
    0
   26
    5
    0
    3
    9
    0
    0
    2
   14
    1
    3
   24
   15
   22
    0
    1
   15
    2
    6
    0
    0
    0
    6
    1
    0
    2
    0
   34
  120
    0
    5
    6
    0
    0
    0
    0
    0
    0
    0
   19
   26
    2
    2
   16
    0
    2
   27
   13
    1
    0
    8
    7
    3
    7
    0
    0
    1
    0
    0
    0
    0
    1
    0
    0
   85
    5
    0
    0
    0
    0
    0
    4
    8
    2
    0
    2
   11
    5
    2
   15
   25
   20
    0
    0
    0
    0
   10
    2
    0
    5
    7
    0
   31
    1
    6
    0
    0
    0
    0
   12
    7
    0
   13
    0
    8
    0
    0
    0
    8
    0
    5
    2
    0
    0
   52
    0
    2
    0
   11
   39
    0
   11
    6
    0
   18
   89
    1
    6
    0
   24
    7
    7
    0
   24
    0
    0
    0
    0
    0
    9
   10
   29
    0
    0
    0
    0
    0
    1
    5
    0
    0
    9
    1
    0
    0
    0
    0
    0
   10
    1
    0
    0
    0
    5
    0
    0
   36
    0
  103
  139
    0
    0
    0
    0
  205
   32
    5
   31
    0
   51
   11
    0
   33
    3
   60
    0
    4
   56
    1
   73
  103
    0
    0
    0
    0
    0
    0
    0
    0
    0
    0
    0
    0
    0
    0
    2
    0
    9
    0
    0
    5
   39
   12
    0
    0
    0
    0
    0
    0
    9
    0
   16
    0
    9
   39
    6
    2
    0
   65
    0
   91
   17
    0
    0
    4
    9
  141
   68
    0
    0
   38
    0
    0
    0
    0
    0
    2
   11
    1
    0
    0
    0
    0
    0
   22
    0
    0
    0
    0
    0
   67
    1
    0
    0
    0
   23
  225
  210
    0
    6
    0
    0
   32
    0
    5
   23
    3
    0
    0
    0
    0
   78
    0
    0
    0
    0
    0
   11
   83
  110
   27
  102
    8
    5
    0
    0
   47
   80
    0
   27
    3
   71
   19
    0
    1
    0
    0
    0
    0
   58
   38
    2
  128
   25
    2
    0
    0
    4
   13
   93
    8
    0
    0
   55
  160
   40
    0
    0
    0
    0
    0
    0
    0
    0
    0
    0
   22
    8
    0
    0
    5
    5
   43
    1
    0
   27
    0
    5
    5
    0
    0
    0
    0
    0
    9
    0
    0
    0
    0
    0
    0
    0
    0
    0
    6
    0
    0
   16
    0
    0
    0
    0
    0
    0
    0
    0
    8
    0
    1
    2
   12
   77
   91
    4
    0
    0
    0
    0
    0
  135
    7
    0
    6
    7
   48
    9
   25
   17
    0
    0
    0
    1
    0
    0
    2
   22
    0
    7
   10
   65
   54
  122
   77
    3
    1
    0
    5
    2
    0
   81
   53
   17
    0
    8
   49
    0
    1
    5
   63
    4
    0
    0
    0
    1
    0
   36
    9
    0
    0
   30
    7
    2
    0
    4
    1
   37
    1
    4
    0
    0
    9
    3
    0
    0
   11
   47
   85
   36
    6
    3
  101
    1
    0
    0
    0
    0
    3
    4
    0
    0
    0
    0
    7
    1
    0
   18
    0
    0
    1
    0
   45
    9
   85
    7
   32
   64
    8
   60
    0
   36
    2
   68
    1
   14
    2
    0
    9
   25
   31
    0
   27
  110
   16
    5
    8
    0
  185
    2
    7
   65
    0
    0
    0
    0
    0
    0
    0
    0
  117
   10
    0
    0
    4
    1
   18
   39
    4
   72
    0
    0
    0
   13
   50
   10
    0
    0
    6
    0
   91
    0
    0
    0
    0
   51
    0
    0
    0
    0
    0
   11
   93
    0
    0
    0
    0
    0
   23
   40
    0
   71
    0
    0
    0
    0
    0
    0
    0
    0
    7
   17
  115
   47
    7
    0
    0
   32
    5
    0
    7
   48
    0
    0
    0
    0
    0
    5
    0
    0
    0
    0
   79
    0
   45
   17
    7
    0
    0
    0
    0
    0
   48
   25
   46
    0
    0
    0
    1
    0
    5
   63
   16
   39
    2
    0
    7
    6
   15
   27
   64
  101
    1
    4
  126
    0
   24
   72
   10
    1
   23
    0
    0
    0
    1
   72
    9
    1
    0
    0
    0
    0
    0
   19
    0
    0
    0
   13
    1
    0
    0
    0
   23
    3
    0
    0
    0
    0
    0
   33
   43
    1
    0
    0
   19
   26
   13
    0
    0
    0
    0
    0
   41
    0
    0
    1
    0
   38
    3
  108
   13
    0
    0
    0
    4
    0
    0
    0
    0
    0
    0
    0
   20
    0
    0
    0
    0
    0
    0
    0
    0
    0
    7
   29
    0
    7
    0
    0
    0
    0
    0
    0
    0
    0
    0
    0
    1
    0
   36
    9
    2
    1
   76
    7
   35
   32
  191
    2
    2
    0
   16
    8
    9
  103
    0
    0
   14
    0
    0
    7
    0
    0
    4
    0
    0
    5
    1
    0
    0
   18
    0
    0
    0
    3
    1
   63
    0
   70
   87
   69
    0
   17
   55
   19
    0
    9
    0
    0
    0
    1
    0
    0
    0
    0
    0
    0
    7
   62
    9
    5
   21
   11
    2
   25
    2
    4
   12
    0
    0
    1
    2
    0
    0
    0
    0
    3
    0
    0
    0
    0
   18
    1
    5
    0
   24
   39
    4
    2
    5
    8
   29
    0
    9
   58
   38
   85
    8
    2
    2
    0
    0
   10
    1
    0
    0
    0
    3
    0
    0
    0
    0
    0
    0
    0
    0
    0
    0
    0
    5
    5
    0
   12
    1
   14
    0
   25
   15
    6
   13
    1
    0
    0
    0
    0
    0
    0
    0
    0
   29
    0
    0
    0
    0
    6
    0
   22
   42
   21
   12
    0
    0
  100
   95
   84
    6
    0
    0
    8
    3
   17
   17
    1
    0
    0
    0
    0
    0
    0
    0
    8
    1
    0
    0
  130
  289
    1
  125
  176
    2
    3
    0
    0
    0
    0
    0
    0
    0
    1
  112
    0
    0
    0
    0
    0
    0
    0
    0
    0
    0
    0
    0
    0
    0
   12
    0
    0
    0
    0
    1
    0
    5
    0
    0
    0
    0
    0
   11
    0
    0
    5
    0
   13
   38
    0
    0
   92
   65
   23
   11
    2
   33
   25
    1
   13
    1
    0
   12
   28
    5
   37
   43
  108
    8
   47
   24
    0
   81
    5
   41
    2
    0
   39
  183
    0
   46
    5
  137
    0
    1
   25
   82
    7
  117
    0
    0
    0
    0
    0
    0
    0
    0
   78
    0
    0
    0
    0
    0
    0
    0
    0
    0
    0
    0
   26
   79
    0
    0
    0
    0
    0
   20
    1
    2
   81
    0
    0
    0
    0
    0
    0
    0
   27
    3
  132
    0
    0
    0
    0
   31
   21
    0
    0
   18
   11
   45
   16
   10
   30
    1
    0
  127
    0
    0
    0
    0
    0
    1
    0
   55
    0
    0
    0
    1
    5
    4
    0
    0
    3
    0
    2
   55
    1
    0
    0
    0
    0
  230
    0
    0
    0
    0
    0
    7
    0
    0
    0
    5
   13
    0
    4
   36
    2
    5
    1
    1
    0
    0
    1
    0
    0
  138
   82
    0
    0
    0
    0
    0
    0
   23
  128
    9
    2
   15
    9
    2
    0
   24
    0
    0
   69
    0
    7
    2
   25
   11
    0
   17
   25
   35
   40
    6
    0
    0
    0
    0
    0
    2
    8
   38
    5
    2
    0
    7
    0
    0
    4
   43
   64
    0
    0
   12
    0
    0
    0
    0
  103
    2
   26
   90
   18
   11
   19
   18
    0
    9
   32
    0
   22
    0
   14
    1
    6
   20
   17
   70
    9
    0
    0
    1
    0
   10
    0
    0
    0
    0
    0
    0
    0
    0
    3
   31
   15
   54
    5
    0
    0
    2
    6
    0
    0
    0
    0
    8
    5
    0
    8
   13
    0
   13
   70
   11
    0
    0
    0
    0
   20
    2
   30
    2
    1
   29
   40
    0
  170
  122
  103
   88
   10
    1
    2
   87
   15
   13
    0
    0
    0
    0
   32
    0
   72
   71
    0
    0
    0
    0
    0
    0
    0
    0
    5
    5
    0
    0
    0
    0
    0
    0
    0
    0
    0
    0
    0
    6
   13
    3
    0
    0
    2
    0
    0
    0
    0
  355
    5
   21
  143
    4
    1
    0
    0
    0
    0
    0
    0
    0
    0
    0
    0
   29
    3
    0
    0
  107
    0
    1
    0
    0
   70
   48
   16
    1
   86
   49
   11
    0
    2
    0
    0
    0
  118
    6
    0
    0
   16
   18
   11
    0
   59
   62
    0
    0
   35
    0
   47
   64
    0
   43
    7
    6
    0
   33
    1
    0
    0
    0
   48
   30
    1
   12
  140
    1
    0
   13
    0
    0
    0
    0
    0
    0
    1
    2
    0
    6
    0
   13
    0
   19
    5
    3
    2
   59
   13
  128
   19
   33
    9
    0
    0
    2
   22
    0
    0
    0
    0
   17
    1
    2
   46
   36
    0
    0
    0
    0
    3
    0
    0
   85
   74
   15
   14
    8
    0
   12
    1
    0
    0
    0
    0
    0
    0
    0
    0
    0
    0
    0
    0
    5
  101
    0
    1
    0
    0
    5
    4
   89
    0
   10
    0
    1
    5
   51
   41
    1
    0
    0
    9
  245
   36
    0
    0
    1
   24
    0
    0
    0
    0
    0
   12
    8
    0
   30
   17
    0
  104
    0
   20
   40
   28
    2
    5
    4
    2
    0
    2
    0
  195
   10
    9
   19
   11
   23
   13
    2
    0
   39
   22
    1
    4
    5
    2
   86
    9
   54
    7
    0
    0
   15
    4
   37
   26
   28
    0
    0
    3
    0
  105
  115
    0
    3
   57
   32
    3
  214
   37
    4
    3
   17
  195
    0
    0
  106
    0
    0
   38
    0
    6
    3
   34
   15
    0
    5
    3
    0
   18
    6
    1
    0
    0
    0
   26
    0
    0
   15
    1
    2
   38
    8
    1
    0
    1
    0
    0
    0
    0
    0
    0
    0
    0
    0
    0
    0
    0
   20
    0
    3
   13
    0
    3
   11
   51
   79
    0
    0
    0
    0
    0
    0
    0
    3
   39
    0
    0
    0
    0
    0
    0
    3
    0
    0
    0
    0
    0
    0
    0
    0
    0
    0
    0
    0
    1
   16
    0
   24
    0
    4
    0
    0
    0
    0
   29
   41
    1
    2
    0
    0
    1
   75
    1
    0
    0
    0
    0
    0
    0
    0
    0
    0
    7
    0
    0
    0
    0
    0
    0
    0
    0
    0
   31
   36
    3
    1
   19
    7
   26
    0
    0
    0
    0
    0
    0
    0
    2
    0
    0
    0
    0
    0
    0
    3
    0
    3
   15
    1
    0
    1
   12
   38
   40
    0
    0
   28
   29
    0
    0
    0
    0
    0
   12
   78
    0
   27
    0
   94
  113
    7
    0
    0
    0
   90
    0
    0
    0
    0
    0
    0
    0
    0
    0
    0
    0
    0
    0
   27
    3
    2
    3
    0
   73
    0
   40
   12
    1
    2
    0
   67
   28
   16
    0
    3
   50
    5
   49
    1
    0
  108
    4
    0
   46
    0
    0
    0
    0
    0
    0
    0
    0
   56
    5
   57
    0
    0
    0
    0
    0
    0
    0
    0
    4
    0
    0
    0
    0
    0
    0
    0
    0
    0
    0
    9
    2
    0
    0
    0
    0
   34
    0
    0
   50
    0
    2
    0
   10
    0
    0
    0
    7
    5
    2
   12
    8
    0
    0
    0
    0
    0
   67
    0
    0
    8
   16
    0
    0
    0
    0
    0
    0
    0
    0
    0
    0
    0
    0
    0
    0
    3
    8
    1
    0
    0
    2
    0
    0
    0
    0
    0
    0
    0
    1
    3
  162
   43
    7
    2
    1
   23
   32
   24
    1
    7
    0
    7
    0
   18
    0
    0
    0
   15
    8
    0
    0
    0
    0
    0
    0
    0
    0
    0
    0
    0
    0
    0
    0
    0
    0
    0
    0
    4
    0
    0
    0
   31
   14
    8
    0
    5
    0
    3
    0
    0
    0
    0
    5
   13
    1
    0
    0
    0
    0
    0
    0
   60
   40
    1
    3
   34
    7
    3
    0
    0
   64
    0
    0
    3
    0
   43
    0
    0
    0
   23
    0
    0
    4
   12
    0
    0
    2
    4
    0
   78
    9
   14
    2
   16
    5
    6
    0
    0
    0
    1
    4
   37
   32
    0
   13
    8
   11
    1
    0
    0
    0
  100
    1
   52
   16
   14
   18
   54
   23
    3
   27
    0
    3
    3
    2
    6
    8
   74
    5
   12
    0
    0
    0
    0
    0
    0
    4
    1
    0
    0
    0
    0
    0
   19
    5
   20
    0
    0
    0
    0
    0
    0
    0
    0
    0
    0
    8
    0
    0
    0
   20
    0
   35
  155
   86
   15
   11
    6
    6
    1
   12
   54
    0
   34
    0
    0
    0
  176
  144
    4
   20
   25
    0
    0
   85
    0
   11
   96
   66
    9
   56
   21
    0
    0
    0
  201
    0
    0
    1
    0
    6
    0
    0
   16
    0
   13
    0
  135
    0
    0
   33
    0
    0
   45
   24
   12
   12
    2
   12
   26
   75
    0
  140
   24
    0
    0
    0
    1
   23
   52
   32
  101
    0
   22
    7
    0
    0
    0
    2
    1
    0
    0
   68
    0
    0
    0
  106
    0
    0
    0
   19
   18
    0
    0
    0
    0
    0
    0
    0
    0
    0
    0
    0
    0
   29
    1
   18
    1
    8
    0
    0
    0
    0
    1
   11
    0
    0
    0
    0
    0
    0
    0
    0
   81
    0
  238
  175
    2
    0
    0
    0
    0
    0
    0
    0
    0
    0
    0
    0
    7
    0
    8
  440
  332
    1
    7
    0
    0
    1
    0
    5
    0
    0
    0
    0
    0
    0
    0
    0
    0
    0
   15
    0
    0
    0
    0
    0
    0
    0
    0
    7
    0
    8
    0
    0
    0
    0
    0
    8
   67
    0
    0
   19
  210
  144
    5
    0
    0
   87
   15
    6
    8
    0
    0
    0
    0
    0
    0
    0
    0
    0
    2
    4
    0
    0
    0
    0
   47
    9
    0
    0
    0
    0
    4
   11
    0
    0
    2
    6
    0
    0
    0
    0
    0
    0
    0
    0
    0
    0
    0
    2
    0
    0
    0
    0
    0
    0
    0
    0
    0
    3
    0
    0
    0
    0
   57
   19
    2
    5
    0
    2
    3
    1
    0
   43
   42
   75
   85
   17
   17
    0
    0
    2
    0
    0
    0
   47
    0
   34
  209
    1
   10
    0
    0
    0
    0
    0
    1
    0
   11
    0
    0
   19
   44
    5
   36
   13
    1
    2
   33
    0
    0
    0
    5
    2
    1
   11
    0
   16
    4
   12
    0
    3
    0
   15
   99
    6
   27
    0
    0
    0
    2
    0
   25
   24
    0
    4
    0
    6
   29
    2
    4
   14
    1
   22
   33
   13
    5
   78
    2
   38
   14
   62
    2
    0
    1
    0
    0
    0
    0
    0
    0
    0
    0
   33
    0
   43
   34
    0
    0
    0
    0
    0
    5
    0
    0
    0
    1
    0
    8
    3
    0
    0
    0
    0
    0
    0
    0
    0
    0
    0
    0
    0
    0
    0
    0
    7
    2
    8
    0
    4
    0
    0
  116
  172
    7
   79
    0
    0
    0
    9
    0
   55
    0
   47
    0
    0
    0
   54
    0
    0
    0
    0
    0
    0
    0
    0
    0
    0
    0
    1
    0
  131
    2
    0
   13
    0
   27
   82
   17
   19
    0
    3
    6
   28
    1
    3
    0
  116
   39
    0
    0
    0
    5
    0
    6
   43
  102
    0
   14
    5
  103
    0
   11
    0
    0
    0
   94
   56
    4
   23
    0
    0
    0
    0
    0
   11
   26
    0
    0
    0
    0
    0
    0
   27
  121
   45
    0
   36
    1
    0
    1
    0
    2
    0
   40
   87
    0
    1
    0
    0
    0
    0
    0
    1
    0
   12
   31
  129
   62
   23
   51
    5
    7
    0
    0
    0
    0
    0
    0
   48
   35
   18
    0
    0
   99
    4
    0
  168
   19
    0
    0
   11
  156
    6
   42
    5
    0
    0
    0
    0
    0
    0
    0
    0
    0
    0
    0
    0
    0
    0
    0
    0
    0
    0
    0
    5
    0
    0
    8
    0
  248
    0
   10
   43
    7
   26
    3
    0
    0
    3
    0
    0
    0
    0
    0
   11
    9
   10
    2
   13
   35
   11
    0
    3
   53
    0
   11
    0
    1
   10
   18
   67
   16
   78
    5
    0
    0
    0
    0
    0
    0
    0
    9
    0
    4
    0
  111
    6
    0
   14
   63
   13
    0
    0
    0
    0
    0
    0
    0
    0
    0
    0
    0
    0
    0
    0
    0
    0
    0
    0
    0
    0
   40
    0
    0
   13
    8
  208
   11
    1
    0
    1
    0
    0
    0
    0
    0
    0
    0
    0
    0
    0
    0
    0
    5
    7
    9
    0
    0
   31
    0
    4
   13
   37
    3
   86
   10
    9
    0
    0
    0
    0
    5
    0
   13
    7
   11
   38
   23
    9
   24
   12
    5
    0
    2
   17
    0
   49
   15
    1
    7
    0
    0
    6
    0
    0
    0
    8
   14
    0
   12
   30
    8
    1
    0
   30
    1
   10
   16
    6
    0
    0
    1
   14
    0
   16
   17
    1
    0
    0
    0
    5
    0
    0
    0
    1
    0
    0
   48
    2
   28
    2
    0
    0
    1
    2
    2
    0
    0
    0
    0
    0
    0
   20
    1
    3
    0
    0
    0
    8
    8
   12
   23
  123
    0
   33
    0
    0
    0
    0
    0
    4
   55
   39
    0
    7
   23
   43
   12
    0
    0
    1
   33
   26
    0
    0
   64
    2
    6
   73
   15
   18
   26
    0
    0
    0
    0
    0
    0
   15
    1
    6
    0
   21
   17
   63
    4
    5
   24
    3
    1
    0
    0
    0
    0
   23
    0
    0
    0
    0
    0
    0
    0
    0
    0
    0
    0
    0
   58
   15
    0
    0
    0
    0
  136
    0
    0
    0
    0
    0
    0
    0
  124
    8
    0
    2
    0
   31
   12
   47
   15
   39
    5
   12
   83
    0
    1
   14
    1
    0
   19
    1
   76
   56
    1
   12
    0
    1
   60
    0
    0
    0
    0
    2
    0
   59
   31
    0
    0
    0
    0
   22
    2
    0
    0
    0
    0
   11
   26
   80
    0
    0
    0
   93
    0
   57
   48
    0
    1
    0
    0
    1
    0
    0
    0
    0
    0
    0
   10
    0
   11
    2
    0
   41
   41
   45
  152
   80
    0
    9
    3
    0
   79
    0
    0
    0
    0
    0
    0
    0
    6
    0
   80
    2
   28
    7
    5
   25
    1
    0
    0
    0
    0
    0
    5
    3
   28
    0
    0
    0
    0
   11
    1
    0
    0
    0
    0
    0
    0
    0
    0
    0
    0
    0
    5
    1
    0
    3
    2
    0
    0
    0
    1
   15
    0
    5
    1
    6
    0
    0
    0
    0
    1
    0
    0
    1
    2
    0
    0
    0
    0
    1
    0
    0
    1
   31
   22
   26
    0
    2
   25
    0
    0
    2
    7
    0
    0
    4
    2
   22
   32
   78
   29
    9
    9
    0
    0
    3
    3
    0
    0
    0
    3
    0
    0
   10
    0
   12
    2
    2
   22
   20
    1
   94
    3
    1
   15
   67
   73
   21
   37
    0
    0
    0
    0
    5
   23
   80
   35
    3
    0
    0
    0
    3
   46
    1
    0
    0
    1
    0
    0
   39
   14
    0
   67
   28
   14
   23
    4
   76
   37
    0
    0
    1
    0
    3
   16
    4
    0
    0
    0
    0
    0
   33
    0
    0
    0
    0
    5
    8
   22
   64
    0
    0
    0
    0
    0
    0
    0
    0
   19
   70
    0
    0
    0
    0
    5
    0
    0
    0
    0
    0
    0
    0
   57
    7
  188
    0
    6
   50
    0
    0
    0
    3
    1
    2
    0
    0
    0
    0
    0
   44
    0
   50
   62
    0
    0
    0
    0
    8
   11
  151
   19
    0
   46
   66
    1
    0
    5
    6
   27
   98
    4
    3
    0
    3
    0
    0
    3
  110
    0
    5
    5
   13
   46
   29
   57
   14
    0
    0
    0
    0
    0
    0
    0
   22
    0
    3
  174
    8
   37
   13
    2
    0
   35
   34
   21
    0
    0
   36
    0
    0
  175
    0
    0
  134
    0
    0
    6
   40
  104
  170
   32
   16
    6
  132
   55
  101
  116
   35
    4
    0
    0
   63
    2
    0
    0
    0
    0
    0
    0
    0
    0
    0
    0
    0
    0
    0
    0
    0
    0
    0
    0
    0
    0
    0
    0
    0
   58
    7
    2
   74
   71
    0
    0
    0
    0
    0
    0
    0
    2
    0
    0
    0
   35
   37
   24
   58
    1
    0
    0
    0
    0
    0
    0
    0
    0
    5
    0
    0
    0
    0
    0
   10
   10
   45
    1
    0
   41
    0
    0
    0
  201
   28
    1
   10
    6
    0
    0
   48
    0
    0
    5
    6
   24
    1
    3
   19
    3
    0
   31
    0
    0
    0
    0
    0
   10
    4
   15
  189
   21
   66
   15
    0
    0
    0
    0
    0
    0
    0
    0
   14
    0
    0
    0
    0
    3
    0
    0
   27
    0
   27
    0
    0
    0
    0
    0
    0
    0
    0
    3
    0
    0
   34
   67
  126
  333
    4
    0
    1
    2
    0
   10
   18
    0
   11
    6
    1
    0
    6
   21
    0
    0
    0
    0
    0
    0
    0
    0
    0
    0
    5
    0
    0
   16
    4
    0
    2
    2
    0
    0
    5
    0
    0
    0
    0
    0
    3
    0
    0
    0
    8
    1
    0
    0
    2
    0
    0
   11
    0
   38
    0
   16
   18
   39
    5
    5
    0
   15
    0
    7
   14
   14
   58
  216
  119
   26
  239
   94
    3
    8
   65
   28
    0
  108
   45
    2
    3
   54
    0
    0
   12
    2
    0
    0
    0
    2
    2
   18
   45
    3
   17
    9
    2
   16
    4
    0
    0
    0
    0
    0
    0
    0
    0
    5
   67
    3
   15
    0
    0
   29
    5
   93
    0
    0
   58
    4
   85
   27
    0
    0
    0
    0
    0
  103
   82
    3
   88
    0
    0
    0
    2
    0
    0
    0
    0
    0
    0
    0
    0
   34
    6
   23
    2
    0
    3
    0
    3
   97
   18
   18
    8
   10
    2
    0
    1
    0
    0
    0
    0
   12
   45
    2
    4
    0
    1
    1
    9
    0
    0
    0
    0
    1
    0
    0
   22
   31
    4
    0
    0
    0
    0
    0
    0
    0
    0
    9
    0
    7
  423
   12
    1
    7
    0
    0
    0
   67
    3
   33
    0
    0
    0
    0
    2
    0
    0
   37
    2
   84
    0
    0
    0
    0
   25
    0
    9
   14
   18
  152
   19
   79
   12
   83
    4
    1
    0
    0
    1
   15
   37
   96
   87
  203
    3
    5
    9
    2
    1
    0
    7
   28
   89
    5
    1
    1
    0
    0
    0
    0
    0
    5
    0
    0
    0
    2
   25
   17
    2
   11
    0
    0
    0
    0
    4
   55
   70
    0
    0
   24
   29
  151
    8
   41
   36
  150
    6
   10
  177
   24
   68
   26
    6
   54
   14
   11
    3
    4
   14
   29
    0
   67
   73
    4
    0
   29
    2
   58
    0
    0
    0
    0
   17
    0
    0
    0
   20
   21
   43
    0
    0
    0
    0
    0
    0
   15
    2
   45
    0
   11
    0
    9
    0
   15
   55
    0
    2
    2
   67
    4
    0
    0
   39
  325
   55
   30
    0
    1
    0
    7
    0
    0
    0
    0
    0
    0
    3
    0
    0
    0
    0
    0
    0
    0
    7
    3
   17
   20
    0
    0
    0
    9
   35
   20
    0
    0
    0
    0
    0
    0
    0
    0
   24
   13
    0
    0
    0
    0
    0
    0
    0
   15
   14
    2
   48
    1
    0
   25
   14
   32
  151
   31
   34
   24
    2
    6
   93
    0
    0
    0
    0
    0
    4
    0
    0
    0
    0
    5
    1
    0
    0
    6
    0
    0
    0
    0
    0
   83
  113
   36
   29
   75
   12
    9
    0
    0
    4
   16
    7
    0
    0
    0
    2
   20
   13
    0
   67
    1
    0
    4
    3
    0
    4
   45
    0
    0
    0
    2
   10
    9
    0
    0
    0
    0
   40
    5
   67
   14
    3
    0
   51
    2
    0
    3
   42
   15
    0
    0
    0
    0
    0
    3
   16
    1
    0
   77
    1
    0
    0
    2
   14
   46
   39
    5
   21
    0
   57
   62
  108
    9
    7
   34
   24
   19
    3
    0
   27
    0
    5
   51
   15
    0
   66
   36
    1
   20
    0
   43
    6
    4
    4
    6
   29
   37
   53
   16
   14
   82
    3
   31
   14
    1
    0
   79
   50
    0
    0
    0
    2
    0
    0
    1
   14
    0
    0
    0
   15
    0
    0
    0
    0
    5
    0
   57
    0
    0
    0
    0
    0
    0
    0
    0
    0
    0
    0
    3
    0
    6
    0
    0
    0
    0
    0
    0
    0
    0
    0
    0
    0
    0
   82
    3
    7
    6
    0
    0
    0
    0
    0
    0
    3
   22
   14
    0
    3
    9
    3
    0
   16
    9
  185
    0
    1
   95
    2
   33
    1
    0
    0
    0
    0
    0
    0
    0
    0
    0
  124
    8
    9
    0
   14
   20
    0
    0
    7
   32
    0
   45
    0
    0
    0
    6
    1
    3
    0
   16
    0
  138
   11
    4
   37
    8
   24
    0
    0
    3
    0
    0
   58
    0
   28
    0
    0
   18
    0
    0
    0
    0
   90
    0
    0
    0
    0
    0
    0
    0
    7
    0
    0
    0
    0
    0
    0
    0
    3
    1
    0
   10
    0
    9
   98
    6
    1
    0
  133
   38
    0
   14
    5
   14
    6
  111
    0
    0
    0
    0
    0
    0
    3
   31
    2
    0
    0
    2
    2
    2
    0
    0
    0
   53
  132
    4
    0
    0
    8
    0
    0
    0
    0
    0
    0
    8
    5
    0
    0
    3
    0
   15
   23
    1
    3
    8
    5
    0
    4
    3
   12
    1
    0
    0
    4
   14
    0
    0
    0
    1
    1
   13
    0
   35
    0
    0
    0
    0
    1
    0
    0
    0
    0
    7
   44
  141
   31
    0
    6
   17
   19
    5
    0
    0
   17
   33
    0
    1
   11
    5
   39
  185
   49
   17
   84
   15
    0
   25
    2
   66
    8
   40
   69
    1
    3
    0
    0
    0
   17
   35
  158
    0
    6
    0
    9
    0
    4
    0
    5
    2
    0
    0
    1
   27
    0
    0
    5
   45
   13
   25
    9
    0
   14
    0
    0
    0
    5
    0
    0
    0
    0
    0
    0
    0
    0
    0
    0
    0
    0
    0
    2
    0
    0
    1
    5
    4
    0
    0
    0
    0
    0
    0
    2
    0
    0
   32
    6
   10
    5
    3
    4
   59
   35
   43
    0
    0
    0
    1
   21
    0
    1
    0
    1
   27
    1
    3
    0
    0
    0
   10
    0
    8
   40
    0
    0
    0
    0
   63
   45
    0
    0
    0
    0
    3
    0
  106
    0
    0
    0
    0
    0
    0
    0
    0
    0
    0
    1
    9
    0
    0
   19
    0
    0
    0
    7
    0
    0
    5
   53
    5
    9
   16
    5
   14
  133
    1
    0
    0
    3
   27
   79
    0
    0
    0
    0
    0
    0
    0
    0
    0
    0
    0
   45
   70
   19
    0
    0
    0
    0
    0
    0
    0
    5
    0
    0
    0
    0
    0
    0
    0
    0
    0
  202
    0
    0
   58
   28
  104
    0
    0
   20
    2
    0
    0
   78
    0
    0
    0
    0
    0
    0
    0
    0
    0
    0
    0
    0
    0
    0
    0
   55
   25
   49
   15
   15
   20
    5
    0
    0
    0
    0
   50
   10
    2
    0
    0
    1
    0
    2
    0
    0
    2
    0
    0
    0
    0
  186
  421
    0
   15
    0
    0
    0
    9
   10
    1
    3
   13
    0
    0
    2
    2
    0
    0
    0
    2
    0
    0
    0
    0
    0
    0
    0
    0
    0
    0
    5
    0
    0
   11
    0
  109
  119
   21
    0
    0
    0
    0
    0
    0
    0
    0
    0
    0
    0
    0
    0
    0
    1
  101
   39
    2
    0
    0
   10
    0
    0
    0
    0
    0
   75
    7
    1
    0
    0
    4
    2
   20
    0
    0
    0
   94
   59
   77
    5
    9
    0
    7
    0
   14
    1
    0
    0
    0
    0
   15
    0
    0
    0
    0
    0
    0
    0
    0
   29
  135
    2
  160
   15
   52
    0
    0
  126
   20
   22
    0
    0
    0
    0
    0
    0
    0
    0
    0
    0
    0
    0
   79
   38
    2
    0
    0
   58
    2
    0
    0
    0
    0
    0
    0
    1
    2
   12
    0
   10
    2
    0
    3
   17
   47
   42
   32
   51
   24
    1
    0
   22
    0
   98
    0
   12
    0
    0
    0
    0
    0
    0
    0
    5
    0
    0
   15
   16
    0
    0
    0
   24
    3
    7
    0
    0
    0
    8
    0
    1
    0
    0
    0
    0
    0
   11
    7
   41
   20
    0
    0
    0
    0
    0
    0
    2
    2
    0
    0
    0
    0
    7
    0
   21
    0
    0
   42
   34
  118
    0
    0
   12
    0
    0
    0
    0
    0
    0
    0
   10
   25
   60
    1
    0
    1
    0
    0
   26
    0
    0
   25
   28
    0
    0
    0
    1
    0
    0
    0
    0
    0
    0
    0
   27
    0
    2
    0
    0
    0
    2
    0
    0
    0
    0
    0
   45
    0
    0
    0
    0
    0
    0
   35
  130
    0
    0
   36
    1
    0
    0
    0
   15
    0
   12
    0
   75
   81
   25
    1
   14
    0
    0
    0
    0
    0
    0
    0
    0
    0
    0
   15
    0
   37
    5
    0
    0
    0
    0
   25
    0
    0
    0
    0
    0
    0
    0
    0
    0
    0
    0
    0
    0
    0
    0
    0
  118
   27
    7
    0
    0
   26
   58
  100
  300
    2
    0
    3
    0
    0
    0
    0
    0
    0
   10
    0
   13
    0
    0
    0
    0
   18
   73
   93
    6
    0
    0
   34
    0
   26
   10
    0
    1
   40
   58
    0
    0
    0
    0
    0
   25
    1
    0
    0
    0
    0
    0
    0
    0
    0
    0
    0
    0
    1
    0
    0
    0
    0
    0
    0
   45
    0
    1
    0
   18
   27
    0
    0
    0
   33
    0
   25
   40
   71
    1
   63
  120
    0
    0
    0
    0
    0
    0
    0
    0
  100
  285
  103
   78
   22
   29
    6
   18
    6
   32
   28
   68
   53
    2
    0
    0
    0
    0
   37
   18
    3
    3
   55
    1
   29
    9
   15
    0
    0
    0
   30
   80
    6
    0
    0
   31
    9
    0
    0
    0
    0
    0
    0
    0
    0
    0
    0
    0
    0
    0
    0
    0
    0
    0
    0
    0
    0
    2
    0
   48
   31
   38
    1
    0
    0
    5
   34
   18
    8
    0
    0
    0
    4
   28
   14
    0
   14
    4
   14
  420
   19
   13
   14
    0
   25
   86
    0
    9
    1
    1
    0
   58
    1
    7
    8
    2
   63
    0
    0
    0
    0
    0
   48
   68
   40
    4
    7
    0
    7
    5
    0
    4
   10
   17
    7
    3
    0
    0
   17
    2
    0
  109
    0
   17
    4
   63
   42
    2
    0
    0
    0
    0
    9
    3
    4
    7
    0
    0
    0
    0
    0
    0
    0
   16
   10
    6
    0
    6
    0
    0
    0
    0
    0
    0
    0
    0
    0
    0
    0
    5
    0
    3
   14
   47
   35
    0
    7
    5
    0
   53
    2
    0
    0
    0
    0
    0
   23
   16
    0
    0
    0
    0
    0
    0
    0
    3
    0
    0
    1
    0
    0
    0
    0
    0
    0
    0
    0
   95
    0
    0
    0
  142
   10
  122
   22
    0
   21
    0
    0
    0
    2
    0
    0
    0
  103
   21
    0
   33
    0
    0
    0
   16
    0
    0
    0
    0
    0
    0
    0
    6
   91
    0
   80
    3
    0
    0
    0
    8
    7
   17
    0
    0
    0
   66
   10
   12
    1
    0
    0
   39
    0
    0
   12
   21
   23
    0
    6
   39
   64
   10
    9
    0
    0
    2
    0
    0
   21
   17
   17
    3
    0
    0
    0
    0
    0
    0
    0
    1
    6
    0
    0
    1
    1
    5
    3
   16
   12
   22
    0
    0
    2
  170
   18
   22
    0
    0
   48
    3
    0
    2
   15
   78
  160
    0
    4
    0
    0
    0
    0
    0
    0
    0
   52
    4
    0
    0
    0
   22
   23
    0
    0
    0
    3
    0
    0
   34
    0
    0
   49
    2
    0
    0
    0
    0
    0
    0
    3
   56
    0
    0
    0
    0
    0
    7
   25
    7
   13
    0
    0
    0
    0
   10
   28
    4
    0
   63
    0
    0
   63
    0
    0
    0
    0
    0
    0
    0
    0
    0
    0
    0
    0
    3
    0
   17
    8
    0
    0
    0
    0
    0
    0
    5
   62
    5
    0
    0
    0
    0
   44
    0
    0
    0
    1
    0
    0
    0
    7
    7
    8
    0
    0
    0
    0
    0
    0
    0
    0
    0
   12
    0
    0
    0
    1
   42
    7
    2
    0
    0
   22
    0
   34
    0
    0
    0
    0
    0
    0
    0
    0
    6
   32
   11
    2
   44
   27
   67
    7
    0
   47
    0
    4
    0
    0
    0
    0
    9
    0
    0
    0
    9
   35
    0
    0
    0
    0
    0
    2
    0
    0
    0
    0
   21
    0
   15
    1
    6
    0
    0
    0
    0
    0
    0
    0
    0
   15
    8
  133
    0
   55
   79
    5
    8
    0
   40
    1
    0
    2
    0
    0
    0
    0
    0
    0
  133
    7
    0
    1
   10
    0
    0
    3
    9
   26
    0
    2
    0
   33
   75
    0
    0
    0
    0
    0
    0
    5
    0
    0
    4
    0
    3
    0
    2
    2
    1
   92
   15
    0
    0
    0
    1
    1
    5
   25
   19
    1
    6
    1
    1
   13
    1
   14
   54
    0
    0
    0
    0
    0
    0
    0
    0
    1
    0
    0
    0
   54
    0
    0
    0
   23
   19
   38
  160
   31
    3
    0
    0
    0
   13
   22
   40
   42
    0
   68
  105
    0
    6
   37
    0
    0
    0
  119
   11
   40
    1
    0
    1
    0
    0
    0
    0
    0
    1
    0
    0
    8
   21
    8
   48
    0
    0
    0
    0
    8
    0
    0
   40
    1
    2
    0
    0
    0
   58
    0
    0
    0
    1
   18
   14
   42
   54
   77
    1
    0
    0
    0
    0
    0
    0
    0
    0
    0
    0
    0
    0
    0
    0
    0
    0
    0
    0
    0
    0
    0
  392
   42
    0
   75
    0
   26
    9
   16
  120
    0
    0
    0
    0
    0
    0
   42
    2
    0
    0
    0
    0
    0
    0
    0
    0
    0
    0
    0
    0
    5
   28
  125
  232
   85
    0
    0
    0
    3
   18
    0
   75
    1
    0
    0
  132
    0
    0
    0
  590
   35
    0
    0
   90
    0
   21
    0
    0
    0
    0
    0
    0
   27
    0
    0
    0
    0
    0
    0
    0
    0
   16
   19
   25
    0
    1
   19
    0
    0
  114
    0
    0
   35
   36
    0
   40
    4
    0
    0
    0
  360
   22
   17
    0
   32
   25
    0
   45
    0
    0
    0
    0
    0
    0
   51
    0
    0
    0
    0
    0
    0
    0
    0
    1
   31
    2
    2
    1
    0
    0
    0
    0
    0
    0
   59
  195
   16
   22
    0
    0
    0
   11
    0
    0
    0
    4
    0
    0
    0
    0
    0
    1
  108
   44
    2
   91
   58
    9
   21
    7
    0
    0
    0
    8
    4
    0
    5
    0
    1
    0
    0
    9
   32
    1
   11
    9
   26
    0
    1
   14
   41
    0
   68
   40
   14
   37
   47
   12
    8
   12
    0
    0
    0
   32
    2
   56
    0
    0
   42
    0
    1
    3
  197
   13
   42
    0
    0
    0
    0
    1
   61
   72
   34
    3
    1
    0
    0
    0
    0
    0
    0
    0
    0
    0
    0
    0
    0
  125
   23
   25
   11
    1
    2
   59
  115
    4
    0
    0
    0
    0
    0
    0
   18
    1
   66
    8
   18
   32
   13
    3
    7
    0
    0
    0
    0
    0
    0
    0
   17
   34
    0
    4
    5
    0
    0
    0
    0
    0
    3
   43
    3
   11
   23
   28
    8
    3
    3
    1
    1
    0
    3
    0
    0
    0
    8
    1
   14
   24
    0
    0
    0
    0
    0
    0
    0
    3
    0
    0
    0
    0
    0
    0
    8
   22
    0
    0
   25
    0
    0
    1
    0
    0
    0
    0
    0
    0
    2
    7
    5
    6
    7
    0
    0
    0
    0
    0
   16
    0
    0
    0
   53
   27
    0
    0
    0
    0
    0
    0
    0
    0
    0
    0
    0
    0
    3
    0
    0
    7
    3
   27
    2
    0
    0
    0
    0
  151
    0
    2
    0
    0
    0
    0
   58
  306
    6
    1
    0
    0
  143
   91
   20
    0
   73
   13
    0
   94
  132
    0
    0
    4
    0
    0
    0
   83
  142
   46
    0
   16
    1
   45
    2
    3
   21
    0
    0
   19
   56
    0
    0
   32
   35
    1
    0
    0
    0
    0
    0
    0
  294
    0
    5
    0
    0
   17
    1
    5
    7
   64
  119
   75
    0
   10
   30
    0
   36
   33
   35
    0
   32
   40
  153
   14
    0
   35
   56
    0
    0
    0
    0
   18
    0
    0
   22
   60
  100
    0
    0
    0
    0
    0
    0
    0
    0
    0
    3
    0
   39
    0
    0
    0
    2
    0
    0
    0
   53
    0
    0
   56
   95
   16
    7
    0
    0
   21
    5
    1
  151
   24
  145
    0
   17
   11
    0
    0
    0
    0
   26
    0
    0
    0
    0
    0
    0
    0
    0
    0
    0
   12
    1
    0
    0
    1
    0
   14
    1
    9
    0
    1
    3
   27
   11
    0
    0
    0
    0
   12
    1
    0
   88
    1
    0
    0
    0
    0
    0
    0
    0
    0
    5
    4
    4
    1
   55
   66
   13
    7
    0
   10
    3
    0
  119
   44
   13
    0
    0
    7
    4
   11
   37
    0
    0
    0
    0
    0
   28
    0
    0
    0
   38
    0
    0
    0
    0
   17
   35
    1
   45
    1
   38
    8
   21
    0
    0
    1
    0
   29
   66
  115
   30
    6
    6
  113
   77
    1
    0
   40
    7
   39
    0
   60
   77
    9
   13
    5
    5
    0
    5
    5
   17
   22
   12
    0
    0
    8
    0
    0
    1
    2
    0
    0
   16
    0
   16
   45
   36
    5
   11
   16
    1
    1
    0
    0
    6
    0
    0
    0
   22
    1
   18
   27
    5
    0
    0
    0
    0
    0
    0
    0
    4
   16
   48
    8
   23
    0
    0
    0
   40
   33
   15
   85
    0
   15
   14
   10
    0
    0
    0
    2
   55
   41
   67
  220
    8
   51
   44
   35
    5
    0
   47
   11
    0
   85
    0
    0
    9
    3
    0
    5
    4
    0
    1
   30
    2
    0
    0
    0
    4
   75
  184
  385
   70
    0
    0
    0
   23
    0
    0
    0
    0
    0
    0
    0
    0
    3
    0
    0
    0
    1
    0
    0
    0
   32
  131
    0
    0
    0
    0
    0
    0
    0
    0
    4
   10
   57
    0
  225
  293
   14
    7
   13
  118
   97
   11
  139
   10
    0
    0
    0
    0
    0
   46
    0
    4
  114
    0
    0
    0
    2
   19
    0
    0
    0
    0
    0
   39
    0
    1
    0
    0
    0
    0
    0
    0
    0
    0
    0
    0
    5
    0
    0
    0
    0
  116
    0
    0
  205
    3
    0
    0
    0
    0
    0
    5
    0
    0
    0
    0
    0
    0
    0
    0
    0
    0
    3
   35
    0
    0
    0
   15
    0
  175
    0
    0
    0
   43
    0
   27
    0
    0
  103
   77
  110
  116
    0
    0
    0
   53
  156
    2
    0
    0
    0
   40
   35
   23
    0
   28
   77
    0
    0
   45
    0
   10
    0
    0
   33
  225
    2
  164
    0
  134
    0
    1
    0
   69
   71
    0
   16
   32
   20
    0
    0
    0
    0
    0
    0
    0
    0
    0
    0
    0
    7
    0
   79
    3
   39
    0
    0
    0
   28
    0
    0
    0
    0
    0
    0
    1
    0
    0
    0
    0
    0
   39
    2
    0
    1
    0
   22
    1
   25
   19
   13
    0
    0
    0
    0
    0
    2
   33
    0
    0
    0
    0
    0
    2
   92
    2
    4
   81
    0
   35
    0
    0
    3
    0
    3
   71
   46
    2
    0
    0
    2
    0
    0
    0
    2
    2
    0
    0
   18
    2
   55
    0
   66
   28
    0
    0
    8
    0
    0
    0
    2
    0
    0
    0
    0
    0
   17
    4
   14
   17
    2
   17
   15
   10
    6
    0
    0
    0
    4
   19
   29
    5
    5
    7
    0
    2
    3
    0
    0
   50
   20
    2
   25
   28
   16
    0
   21
   71
   59
    0
   20
    5
    0
   30
   25
    0
    8
    0
    2
    1
   82
    1
    7
    0
    0
   21
    0
    9
   15
    3
    2
    0
    1
   17
    0
    0
    8
   22
    0
   14
    0
    0
    1
    0
    0
    2
    0
    0
    0
    0
    0
    0
    0
    0
    0
   10
    0
   24
    0
    2
    3
    3
    0
    0
    0
   23
   17
   18
   46
   25
    0
   73
   68
    0
    0
    7
    1
    0
   15
   44
   23
   44
    4
   10
    0
    0
   22
    7
   96
   47
   74
    1
    0
    0
    0
    0
   30
   27
    0
    0
    0
    1
    0
    0
    0
    0
    0
    0
    0
    2
   54
   19
    0
   86
   23
    0
    0
    9
   34
  142
    0
    0
    0
    0
    0
    0
    0
    0
    0
    0
   14
   76
   15
  165
  128
    7
    0
    2
    0
   19
    0
    0
    0
    1
    0
   29
    0
    0
   27
   57
    1
    0
    0
   11
   31
    3
   25
    0
    0
    0
    0
    0
    0
    0
   26
    0
    0
    0
    0
    0
    0
    0
    0
    0
   42
    0
  110
   45
   12
    4
   16
    0
    0
    0
   36
    0
    0
    0
    0
   30
   46
    0
    0
    0
    0
    0
    0
    0
    0
    0
    0
    0
    0
    0
    0
    0
  130
    5
    0
    0
    0
    0
    0
    2
    4
    0
   24
   42
   41
    1
   32
   49
    4
    1
  173
  123
    0
    3
   14
    0
    0
   14
   40
    1
    0
    4
    6
    0
    0
    0
    0
    0
    0
  175
   99
    0
    0
    0
    0
    0
  177
   65
    3
   35
   37
   18
    0
    1
    0
    2
    0
    0
    0
    0
    0
    4
    1
    0
    0
    0
    0
    1
    5
    0
    8
    0
    0
    0
    0
    4
    0
   18
    5
    1
    0
    0
   50
   93
   53
    9
    0
   85
   44
   26
    1
    0
    0
    0
    0
    0
   39
   26
    5
    1
   55
    0
    0
    5
    0
    0
    0
    0
    0
    6
    4
    2
    0
    0
    0
    3
    2
    6
    0
    0
    0
    2
   25
    1
    4
    0
    0
    0
    5
   24
    1
   54
    3
   34
   69
    6
    0
    0
    0
    0
    0
    0
    7
    3
    2
    5
    0
    0
    0
    1
    1
    0
    0
    0
    0
    0
    0
    0
    0
    2
    1
    1
    0
    0
    0
    0
    0
    0
   53
    0
    0
    0
    0
    0
    0
    0
   10
    5
    7
    0
    0
    0
    0
    9
    1
   43
   35
   12
   40
    9
   25
   10
   10
   34
   19
    5
    0
    2
    0
    0
    0
    0
    4
    0
    0
    0
    0
    3
   62
    0
    0
    0
    0
    2
    3
    0
    0
    0
    0
    0
    0
    0
    0
    1
    1
   46
    2
    0
    0
    0
    1
   19
   18
    2
   21
    0
   41
    0
    0
    0
    0
    0
    0
    0
  143
    2
    4
    0
    0
    0
    0
    0
    0
    0
    0
    0
   18
   38
    0
    0
    0
    0
   24
    3
    0
   86
    0
    0
    0
   98
  125
   95
   52
    7
    1
    8
    4
    0
   27
    1
   53
   21
  134
    0
   14
   80
   15
   14
   25
   22
   17
    0
    0
    0
    0
   42
   50
    2
    0
    0
    0
    0
    0
  158
   34
    0
    0
    0
    0
    0
    0
    0
    0
    0
    4
    0
    2
    0
    0
    0
    0
    0
    3
   23
   17
   26
    0
    0
   57
   62
  102
   63
  287
    6
    0
   65
   12
    0
    0
    0
    0
    0
    0
    0
    0
    0
    0
    3
   14
   17
    0
    0
    0
   11
    1
    0
    0
    0
    0
    0
    0
    0
    9
    0
    0
    0
  118
   19
  143
   17
   11
    0
    0
    0
    0
    0
    0
  244
   12
   18
    0
    0
    0
   46
    0
    0
   28
    0
    0
    0
    0
   17
  142
    0
    0
    3
    4
    0
   60
   61
   16
    0
    0
   12
    0
    0
    0
  115
    0
    0
    0
   10
    0
    5
   13
   58
    0
  140
    0
    0
    8
    4
    0
    0
    0
    2
    6
    0
    0
    0
    0
    0
   96
   25
    2
    4
   39
   82
    0
    0
    0
    0
    0
   51
   17
    0
    2
  106
    9
    3
    9
    0
    6
    0
   89
    1
    0
   14
    0
   13
   51
    0
   21
   10
    2
   77
   35
    9
    0
    0
    4
    5
   31
  117
   23
   17
   47
   30
    0
    9
    4
    0
    0
    0
    0
    0
    0
    0
    0
    0
   33
    0
   48
    0
    0
   57
  213
    5
    0
    0
    0
    0
    3
    0
    0
    0
   16
    4
    0
    0
    0
    1
   29
    0
    1
    1
    1
    0
    1
    1
    0
    0
    0
    0
    0
    0
    7
   25
    4
    0
    3
    7
   16
   17
    0
    2
    6
    0
    6
    2
    0
    0
    1
   10
   65
    0
    0
    0
    0
    3
   57
   35
   21
    0
   15
    0
    0
   23
   27
    0
    0
    0
    0
    4
   51
   36
    0
    0
    0
    9
    0
    0
    0
    0
    0
    0
    0
    0
    0
    0
    0
   14
   26
   80
    7
   15
   69
   21
   44
    2
   48
    0
    0
   10
    0
   35
    5
    0
    0
    0
    0
    4
    9
   67
    0
    0
    0
    0
    0
    9
    0
   11
    9
    0
    0
    0
   18
    0
    0
    0
    0
    0
    0
   32
    8
    2
   29
   54
    1
    0
    0
    0
    2
   16
  124
    0
    3
    4
    2
    0
    0
    0
    4
    0
    0
    0
    0
    0
   34
   53
   58
   16
    2
    0
   39
    6
    0
    0
    0
    8
    0
    0
    0
    0
    0
    0
    0
    2
    0
    0
    0
    8
   20
   31
    6
    0
    0
   31
    0
  125
   15
    3
   10
   16
    1
    3
   93
    0
    3
   58
   10
    4
    0
   20
    0
    0
    0
    0
    0
    0
    0
    0
    0
    0
  159
    9
   91
  353
  382
  194
  126
    0
   97
    0
   18
   28
    0
    0
   36
   32
   19
   44
    0
    0
    0
    0
    0
    0
    0
    0
    0
    0
    0
    0
    8
   25
    0
    0
    5
    0
    0
    0
    0
    1
    0
    0
   63
    0
   80
   12
    0
    0
    0
    0
    0
    0
   69
    1
    0
    0
   25
    0
    0
   20
   32
    0
    0
    0
    0
    0
    0
    0
    0
    0
    0
    0
    0
    0
    0
    0
   26
    2
   17
   10
    0
    0
    0
    0
    6
    0
    8
   68
   47
    7
   23
   11
   31
    0
    0
    0
    0
    9
    0
    0
    4
   24
    3
    2
    0
    0
    0
    0
    0
    0
    0
    6
    1
    9
   33
    0
    0
    0
    0
    1
   11
    9
    0
  124
    0
    0
    0
    0
    0
    1
    1
    0
    0
    0
    0
    0
   13
    0
    0
   53
  168
  142
    7
    0
   75
   15
    0
    0
   33
   55
   80
   23
   39
    0
    1
    0
    0
   19
   68
   12
    0
    0
   97
   29
    0
    0
   19
   16
    0
    0
    0
    2
   30
    0
    3
   34
   13
   38
    0
    0
    0
    0
    0
    0
    6
   56
    0
    0
   64
   41
    7
    7
   14
   14
    0
    0
    0
   26
    0
   13
    0
    0
   10
    0
    0
    0
    0
    0
    0
    0
    0
    0
    0
    0
    0
    0
   20
    1
    0
    0
    0
    0
   42
    5
   25
    2
    0
    0
   67
    0
    1
   17
   37
   14
   82
   10
   48
    0
    0
    0
    2
    1
   14
   15
   22
    1
    0
    0
    3
    0
   44
    0
    0
    0
    0
    0
    0
    0
    0
    0
   21
   23
   25
    0
    0
   15
   32
   37
    3
    3
  100
    0
    0
    0
    0
    0
    0
    0
   36
    7
   30
    0
    0
    0
    5
   12
    0
   16
   10
    0
    5
   58
    0
    0
    1
    3
    0
    0
    0
    0
    0
    0
    0
    0
    0
    0
    0
    0
    0
   38
    4
    0
    0
    0
   42
    1
    0
    0
    0
    0
    9
   43
   75
    0
    0
    0
    0
   43
    0
    0
   73
   20
  143
    0
    0
    1
   23
   50
    1
    1
    0
   83
    0
   38
   30
  100
    0
    4
    0
    0
   55
    0
    0
    5
   50
   36
    1
    0
   70
   65
   10
   19
   30
  147
    0
    4
   20
    3
    1
    0
    0
   14
    0
   70
    0
    3
   20
  158
    9
    7
    0
    0
   24
    0
    0
   20
    0
    0
    0
    0
    0
    0
    0
    8
    0
    0
    0
    0
    0
    0
    0
    0
   20
   10
   40
   22
    1
  196
   29
   18
    0
    0
    3
    0
    0
   83
    0
  115
    3
    0
    0
   58
    0
   61
  118
    3
  237
   65
  140
  116
   11
    0
    0
    0
    0
    0
    1
    1
    2
    3
    0
    0
    0
