Station: Nexdorf , scaling_factor: 10.0, latitude:  51.6348, longitude:  13.3714, altitude:  93, nodata_value: -9
start: ..1969-01-01  end: ..1998-12-31
   90
   51
    0
    0
    0
    0
    0
    0
    0
    0
    0
    0
    0
    0
    0
    0
    3
    0
    0
    0
    0
   92
   20
   16
   13
    0
    6
   29
    1
    0
    3
    0
    0
   15
    0
    0
    0
   31
    0
    8
    7
    0
    0
   14
    0
  231
   46
    0
    0
    0
    0
    0
    0
    0
    5
    2
    0
    0
    0
    0
    0
    0
    0
    0
    0
    0
    0
    0
    0
   47
   40
  102
    0
   15
    6
    7
    0
    0
    0
    0
    0
    0
    0
    0
    9
    0
    0
    0
   30
  100
    0
    2
    0
    0
    0
    0
    0
    0
    0
    0
   48
   70
    2
   66
   37
   30
   35
    1
    0
    0
    0
  189
   23
   23
    0
    0
   88
    1
   20
   74
    7
    0
   41
   88
    0
    1
   16
    0
   10
    1
    0
    0
    0
    0
    1
    0
    0
    2
   18
   85
   28
    0
    0
    0
    0
  120
    0
   12
    0
   56
    2
   17
   33
  110
    1
   21
   50
    0
    0
    0
    0
    0
    0
    0
  125
    2
    0
    0
    0
  212
   55
    1
    0
    0
   55
   27
   16
    0
   17
   50
    0
    0
    0
    0
    0
    0
  130
    0
    0
    2
   30
    3
    0
    0
    0
    0
    0
    0
    0
    0
    0
   39
    0
    0
    0
  190
    0
    0
    0
    0
    0
   40
    0
    0
    0
    0
    0
    0
   23
    0
    0
    0
    0
    0
   33
    0
   40
  114
   19
    0
    0
   90
    2
   20
    0
    0
    0
   58
    0
   10
  247
  117
    0
    0
    0
    0
    0
    0
    0
    0
    0
    0
   10
    0
    0
    0
    0
    0
   47
    0
    0
    0
    0
    0
   33
    0
    0
    0
    0
   16
    0
    0
    0
    0
  101
   11
    0
    0
    0
    0
    0
    0
    0
    0
    0
    0
    0
    0
    0
    0
    0
    0
    0
    0
    0
   68
   16
   60
    0
    1
    0
   58
   20
   44
    0
    0
    0
   22
    0
    0
   50
   20
   65
    0
    0
    0
    0
    8
    7
    0
    0
   28
   21
    0
    0
    6
    0
   16
    0
   45
    3
   16
    0
    0
    0
   11
   40
    0
    0
    0
    0
    0
    0
    0
    0
    0
    0
    0
   61
   10
    7
   40
    5
    0
    0
    0
    0
    0
    0
    0
    0
    0
   20
    0
    6
   10
   20
   20
   23
   81
    0
    0
    0
    0
    0
    0
    0
    0
    0
    0
   60
    0
    0
    0
    0
    0
    0
    0
    0
    0
   18
   83
    0
    0
    0
    0
    0
  101
   20
    0
   21
    6
    1
    9
   48
   10
    2
   20
   12
    0
    0
    0
   11
   30
   20
   82
    5
  180
   20
   10
    0
   24
   18
   13
   14
   10
    0
  125
   80
   65
    0
    0
    0
    0
    0
    0
    0
    0
    6
    9
   29
   20
   10
   23
   10
   10
    0
   11
    1
    0
   11
   20
    5
    0
   50
    5
    5
   10
    5
   10
   11
    0
    0
  262
    2
    0
    0
   18
    0
    0
   79
    1
    0
   30
   35
    0
    0
    0
    5
    5
   25
   15
    1
   35
   50
   40
   18
    0
    0
    0
    0
    0
    0
    0
    0
   39
   81
    7
    0
    0
    0
    0
    0
   25
    1
   32
   25
    0
    0
    2
   63
  131
   40
    0
   10
   10
   20
    0
    0
   35
    0
    0
    0
    0
    0
    0
    0
    0
    0
    0
    0
    0
    0
    0
    0
    0
    0
   76
    0
    5
    0
    0
    0
   76
    0
    0
   43
   14
   20
    0
    0
    0
    0
    5
    5
    0
    0
    0
    0
    0
   30
   10
    0
    0
   20
   27
    0
    0
    0
   16
   49
   20
    0
    0
   20
    0
   80
  338
   58
    0
    0
    0
    0
    0
   12
    0
   16
    0
    0
    0
   15
    0
   18
    0
    0
    0
    0
  120
  232
   30
    3
    0
    0
    0
    0
    0
    0
    0
   55
    1
    0
    4
   15
   40
    0
  170
    0
   15
   40
    0
   15
    0
    0
    0
    0
    0
    0
    0
    3
    0
    0
    0
   47
    0
    0
    0
    0
   70
   30
   72
   50
   45
   51
    0
    0
    0
    0
    0
    0
    0
    0
    0
    0
   10
    0
    0
   30
    1
   10
    8
    0
   67
   10
   20
   12
   78
    0
   20
   44
    0
  150
   55
    0
   48
   17
    0
    3
   27
    4
   37
    0
    0
   53
    0
    0
    0
   30
   10
    0
    0
   40
    0
    0
    0
    0
    8
    0
   40
    0
   35
   25
   54
   22
    0
    0
   17
    0
   10
    0
    0
    0
    0
   13
    0
    0
    2
    0
    0
   11
    7
    0
    2
    0
   10
    0
    5
  145
    0
   94
    0
    0
    0
    0
    0
    0
    0
    0
    0
    0
    0
    0
    0
    0
    0
    5
   20
    0
    0
   10
    5
    0
    0
   40
    0
    0
   40
   45
   40
    5
    0
    0
    8
    0
    5
    2
    0
    2
   10
    2
    0
    0
    0
   11
   30
    0
    0
    0
    4
    0
    0
    0
   17
   22
    8
   50
   33
   12
   30
   50
   13
    0
    5
   25
    0
    0
    0
    0
   15
    8
    0
   20
    0
    0
    0
    5
    0
    0
   60
    0
    0
    1
    0
   15
   28
    0
    0
    0
    0
    1
   40
    0
    1
    0
    0
   40
    5
    0
    0
    0
    0
    0
    0
    0
    0
    0
    2
  110
    0
    0
   17
    0
    0
    0
   90
   19
   56
    1
    1
    0
    0
    0
    0
    0
    0
    0
    0
    0
    0
   40
    0
    0
    0
   90
    0
    2
    0
    0
   95
    0
   43
    0
    0
   15
   51
    0
   17
    0
   30
    9
   10
    0
   18
    0
    0
    0
    0
   82
   25
    0
   55
  188
    0
    0
    9
    7
   90
   25
   73
   18
   20
   20
   40
   50
    0
    0
    1
   50
   40
  130
  142
   60
    0
   25
    0
    0
    0
    0
    0
    0
    0
    0
    0
    0
    0
   46
    0
    0
    0
    0
    0
    0
    0
    0
    0
    0
    0
    0
    0
    0
   20
    0
    0
    0
    0
    0
    0
    0
    0
    3
    1
    0
    0
    8
    0
    0
   30
    0
    0
    0
    0
    0
    0
    0
  330
    8
    0
    9
   50
   20
    0
    0
    7
   18
    0
    0
    0
    0
    0
    0
    0
    0
   93
   88
    0
    0
    0
    0
    1
    1
    0
  170
    0
    0
    0
    0
    0
   22
  100
    0
    0
  165
    2
    0
    0
    0
    0
    5
    0
    0
    0
    0
    0
    0
    0
    0
   65
  120
    3
    0
    0
    0
    2
   65
   16
    0
    0
    0
    0
    0
    0
    0
    0
    0
    0
    0
    0
    4
    0
    0
    0
    0
    1
    0
   57
    0
    2
    0
    6
   10
   10
   65
   92
    0
    0
   65
    0
   35
    3
    2
   26
    0
    0
    0
    0
   10
    0
    1
   25
    2
    8
   18
    2
   95
   30
   77
   80
    6
    0
    0
    0
    0
    0
   37
   45
   10
   15
   86
    5
    0
    0
    0
    6
   30
   66
    0
    0
    0
    0
    2
   60
    0
    0
    0
    0
    0
    0
    0
    0
    0
    0
    0
    0
    1
    0
    0
   20
    0
    0
    0
    0
    0
    1
    0
    2
   43
   30
    0
    0
    0
    0
    0
    0
    0
    0
    0
   22
    3
    0
    0
    0
    0
    0
    0
    0
    0
    0
    0
    0
    0
    0
    2
    0
    0
    0
    0
    0
    0
    0
    0
    0
    0
    0
    1
    0
  185
    0
    0
    0
    0
    0
    0
    0
    0
    0
    0
    0
    0
    0
    0
    0
    5
   40
   15
   25
    5
  120
    5
   20
   20
   27
    0
   30
    5
   10
    0
    0
   15
    3
    0
    0
    2
    0
    0
   21
   10
    0
   31
    0
    0
    4
    0
   10
   22
   10
    0
    0
    0
    0
   20
    0
    0
    0
    0
    0
   10
  101
   21
    0
   10
    0
    0
   90
    0
   35
   40
  210
    0
    0
    0
   21
    1
   57
   10
   60
   15
   12
    0
    0
    0
    0
    0
    0
   30
  111
    0
    0
   21
   18
   68
    0
    0
    0
    0
    0
    0
   21
    2
    0
    0
   36
   40
    0
    0
    0
   75
    0
   78
    0
    0
   12
    0
    0
  130
    0
    0
   30
   59
    0
    0
    0
    0
    0
    0
    0
    0
    0
    0
    0
  150
   20
    0
    2
    0
    0
    0
   20
   90
    0
    0
   48
   15
    0
    0
    0
    0
    0
    0
   14
  311
    0
   20
    0
  280
    0
    0
   10
    0
    0
    0
   12
    0
    0
    0
    0
    0
    0
    0
    0
    0
   55
    0
    0
    0
    0
    0
    0
    0
    0
   23
    0
    0
    0
   20
    0
    0
   33
    0
    0
    0
    0
   55
   97
    5
   18
    0
   22
   18
    0
    1
    0
    0
    0
    0
    0
    0
    0
    0
    0
    0
    0
    0
    0
    0
    0
    0
    0
    0
   43
   12
    0
   72
   21
   10
    0
    0
    1
   90
   20
    0
    0
    0
    0
    0
    0
    7
   12
    0
    0
    0
   22
   15
   73
   20
    0
    0
    0
   50
   20
    0
   34
    7
    2
    5
    0
   10
    0
    0
    0
    0
   10
    0
    0
   10
    0
    0
    0
   12
   10
    0
    0
    0
    0
    0
    0
    0
    0
    0
    4
    4
    0
    0
    0
    0
    0
    0
    0
    0
    0
    0
    0
    0
    0
    0
    0
   10
    6
    1
    4
    5
    2
    0
    0
    0
    0
    0
   21
    5
    0
    0
   15
    0
    0
    0
    0
    0
    0
   30
   60
   15
   16
    4
   15
   40
    0
    0
    0
    0
    0
    2
    1
   12
   10
   20
   10
    1
    0
    0
    0
    5
   45
    5
    5
    4
   20
   35
   26
   10
   29
    1
    0
    0
   30
   42
    2
    0
    0
    5
   15
    0
    0
    4
    0
    0
    0
    0
    0
    9
   20
    0
    0
    0
    0
    0
    0
    0
    0
    0
   17
    0
    0
    0
   27
   70
   14
    0
   17
    0
    5
    0
   13
  150
   22
   77
    0
    0
    0
   17
   22
   20
   10
    0
   63
   20
    0
    0
    0
    0
    0
   38
   14
    0
    0
  101
   11
    0
   50
    2
    0
    3
   25
    0
    0
    0
    0
   70
   11
    0
    0
    0
    0
    0
   90
   30
    1
   64
    2
    7
    0
    0
    0
    3
    0
   95
   28
    0
    0
    0
    0
   12
  307
    0
   18
    0
    0
  280
    0
    0
    0
    0
    0
    0
    0
    0
    0
   96
    0
    0
    0
    0
    0
   28
    0
    0
    0
    0
    0
    0
    0
   56
    0
    0
    0
   12
   66
   15
    0
   61
    0
   44
   10
   20
   15
    0
    0
   15
   20
   12
  103
   56
   20
    0
    0
    0
    0
    0
    0
   20
    0
   10
  103
   15
    0
    0
    0
    0
    0
    0
    0
    0
    0
   10
    0
    0
    1
    0
    0
    0
    0
    0
    0
    0
    0
  135
    3
   10
    3
    0
    0
    0
    0
    0
    0
   54
    0
    0
    0
    0
    0
    0
    0
    0
    0
   12
    0
   84
    0
    0
   10
    0
    0
    0
    4
    5
    0
    0
    0
    0
    0
    0
    0
    0
    0
   37
    0
  112
    0
    0
   47
    0
   35
   71
    0
   55
   82
   54
   20
   35
    0
    0
    0
    0
    0
    0
    5
    0
    0
    0
    0
    0
   37
    0
    2
   35
    0
   30
    0
   16
   45
   46
   25
   20
    2
    0
   27
    1
    0
    0
    1
   26
    3
   34
   70
   12
   55
    0
    0
    0
   40
    7
    0
    7
   82
   42
   10
    0
   10
   13
   34
    0
   16
   37
    1
    0
    0
    0
    3
    0
    0
    0
    0
    7
    0
    0
    0
   27
   10
    0
   15
    0
    0
    0
   30
   83
    4
    0
    0
   16
    0
    0
   20
   22
   21
   32
   70
    4
    0
    0
    0
    0
    5
    0
    0
    0
    0
    0
    0
    0
    0
    0
    0
    0
   12
  100
    3
   37
   35
    0
    0
    2
    0
    2
    0
    0
    0
    5
   70
    0
   22
  152
   63
    0
    0
    0
    0
    0
    0
    0
    0
    0
    3
    0
    3
    0
    0
    0
    0
    0
    0
    0
    0
    2
   57
  105
    0
    0
    0
    0
    0
    0
    0
    0
    0
    0
    0
    0
   18
   18
    0
    0
    0
    0
    0
    0
    0
    0
    0
    0
    0
    0
    0
   53
   34
    2
    0
    0
    0
    0
    0
    0
   30
    0
    5
    2
   50
    0
    0
    0
    0
    0
   80
   39
   69
   21
    0
    2
    0
   22
    2
   52
   36
    0
    0
    0
    0
    0
    2
   60
  115
   16
    0
    0
    0
    0
   26
    0
    0
   12
    2
    0
  105
    0
    0
   30
   30
   30
   10
    0
   35
   32
   86
    2
    0
   31
    0
   22
    0
   13
    0
   36
    0
   20
    8
   10
   29
   69
    0
   20
   45
    0
   66
   12
   18
   19
   17
    0
  140
   30
   59
    0
   25
   18
    0
   12
    0
   20
    0
   39
    0
    0
    5
  307
   45
    0
    7
    0
    0
    0
    0
    0
   72
    0
   80
   22
    0
    0
   25
   30
   60
    2
    8
    0
    0
    0
    0
   95
   60
    7
  290
    2
    0
    0
    0
    0
    0
   20
    0
    0
    0
    0
    2
    1
   50
    2
    0
   95
    0
    0
   39
    0
    0
    0
   30
    0
    0
    0
    0
  155
    0
    0
    0
    0
    0
    0
    0
   10
    0
   95
   42
    0
    0
   56
   34
   12
    0
    0
    0
   35
   30
    2
    0
    0
    0
   32
  256
  230
   12
    0
   16
   94
  101
  253
   25
   20
   58
   15
   25
   50
    0
   36
   23
  172
   48
    0
    0
    0
    0
    0
    0
   20
   27
    0
    0
    0
    0
    0
    0
    0
   20
    0
    0
    8
   30
    3
   18
   25
    6
   26
   30
   67
    7
   37
   34
    4
   25
   15
  107
  116
   66
   30
    4
   70
   53
   10
   20
    7
   80
   30
   15
    1
    0
    0
    0
    0
    1
   92
   37
   27
   94
   61
  130
   65
   46
    0
    0
   10
    1
   17
   20
    1
    0
    0
    0
    0
    0
    0
    0
    0
    0
    0
    0
    0
   20
   52
    0
    0
   41
    0
   34
   20
   10
    5
    2
    4
   20
    0
    0
    0
    0
    0
    0
    0
    0
    0
    8
   20
   30
    0
    0
    0
    0
   18
    0
    0
    0
    0
    0
    0
    0
    0
    0
    0
    0
    0
    0
    0
    1
   12
    0
    0
    0
    0
   11
    0
   30
    1
   11
    0
    0
   11
    0
    0
    0
    0
   11
   50
   40
   17
    0
    1
    0
    0
    0
   27
    3
   51
    3
   32
    0
    0
    0
    0
    3
   12
    6
  130
    6
   63
    2
    0
    0
    8
    0
    0
    0
    0
    0
    0
    0
    0
    0
    0
    0
   10
   68
    0
    0
    0
    0
   32
  254
    0
   32
   46
    0
    0
   60
    0
    0
   13
    0
    0
    0
    0
    0
    0
    0
   10
    0
    0
    0
    0
    0
    0
    0
    0
    0
    0
    0
    0
   15
   90
   25
    0
    0
    2
    9
  224
    0
    0
   78
    0
    0
  312
  100
    0
    9
    0
    0
    0
    0
    4
    0
   17
    0
    0
    0
    0
    0
    0
    0
   17
    0
    3
    0
    0
   16
    0
    0
    0
    0
   62
   40
   30
    0
    0
    3
   46
   15
    0
    0
    0
    0
    0
    0
    0
    0
    0
    0
    0
    0
    0
    0
    0
    0
   12
    0
    0
   27
    0
    0
    0
    0
    1
    0
  201
   56
   70
   90
    0
    0
    0
    0
    8
    0
    0
    0
    0
    2
    0
    0
    0
    0
    5
    0
  262
   30
    8
   20
    0
    0
    0
    0
    0
    0
    0
    0
    0
    0
    0
   20
    0
   21
    2
    0
    0
    2
  115
   12
   52
    0
    0
    9
   66
    0
    0
   10
   20
    0
    0
    0
   26
   18
   19
    9
   88
   20
    0
    0
    0
    0
    0
    0
    0
    0
    0
    0
    0
    0
    0
    0
    0
    0
    0
    8
    0
    7
    0
    4
   88
    0
    0
    0
   12
   58
   48
  107
    0
    0
    0
    0
    0
    3
   19
    2
    8
    0
   48
    3
    7
    0
    5
   11
    1
    2
    2
    0
    0
    2
    0
    0
    0
    0
    0
    0
   12
    0
    0
    0
   29
   17
   60
    0
    0
    0
    0
   24
  145
   45
    4
    1
   11
    0
    1
    0
   79
  126
   52
   48
   62
   76
    0
    0
    0
   44
   12
   15
   41
   60
   50
   10
    0
    0
    0
    0
    0
    0
    0
    0
    0
    0
    0
    0
    0
    0
    0
    0
   48
    0
   26
   10
   23
   10
    0
    0
    0
    0
    0
    0
    0
    0
    0
    1
    0
    0
    0
    5
    0
    0
    0
    0
    0
    1
    0
    1
    0
    1
    0
    0
    0
    0
    0
   10
    0
   17
   10
    0
    1
    6
    0
    0
   40
   27
    3
    0
    2
    5
    0
    0
    0
    1
    0
    0
    3
   14
    0
    0
    0
    0
    0
    0
    0
    0
    0
    0
    0
    0
    0
    0
    4
   31
   13
    0
    0
    3
    1
    0
   13
    0
    0
    8
    0
    0
    0
    0
    0
    0
    0
    4
    2
    0
    0
    0
    0
    0
    0
    0
   85
   81
    0
    0
    0
   12
   17
   22
    5
   66
   30
   19
    0
    2
   20
   15
    0
    0
    0
    0
    0
    0
    0
   45
    0
    0
   97
   12
   61
    0
    3
   35
    0
    0
    0
    0
    0
    0
    0
    0
    0
    0
    0
    0
    0
    0
    0
    0
    0
   26
   13
    0
    0
    0
    1
    0
    0
    0
    0
   32
    0
   20
    0
    0
    0
    0
    0
    0
    0
    0
    0
    0
  158
    4
    9
   40
   16
    0
    0
    0
    0
    0
    0
    0
    0
    0
    0
    0
    0
    0
   13
    0
   30
    0
    0
    0
    0
    0
    1
    3
    0
    0
    0
    0
    0
   23
    0
    1
    0
    0
    0
    0
   32
    0
    0
    0
    0
   50
    0
    0
    1
   30
    5
    0
    0
    0
    0
   82
    0
   53
   79
   12
   15
    2
    0
    0
   49
    0
    5
    2
   15
    0
    0
    0
    0
    0
    0
    0
    1
   49
   98
    0
    0
    0
    0
    0
    0
    0
    0
    0
    0
    0
    0
    2
    2
    0
    0
    2
    0
    0
    0
   88
    2
    0
    0
    0
    0
   10
   15
   35
   30
    2
    2
    1
    0
   10
    2
    2
   68
   17
    0
    0
    0
    7
    3
   20
    6
   15
    0
    0
    3
   31
    1
    2
    0
   18
   57
   28
   40
    6
   38
    0
    0
    0
    0
    0
    0
    0
   12
   18
   13
    0
    0
    0
    0
    0
   20
    2
    0
    0
    0
    0
   14
   27
   16
    8
    0
    0
    0
    0
    0
    0
    0
    0
    6
    0
    0
   16
   14
    3
   27
    0
    1
    0
   15
    0
    0
    0
    0
    3
    0
   15
    5
   40
   35
    0
   35
    0
    0
    5
    0
    0
    2
    0
   12
   31
   72
    0
    0
    0
    0
   10
   35
    2
    4
    4
   84
    2
   30
    0
    0
    0
   10
    0
    0
    0
    0
    2
    6
    4
    0
    0
   48
   68
    3
    0
    0
    0
    0
    1
   34
   26
   25
    0
    0
    0
    8
    0
   56
    0
   23
   15
   22
    0
    0
   29
   13
    3
   25
   13
   72
    2
    0
    0
    0
    0
   28
    0
   40
   55
   21
   12
    0
    0
   80
   36
   40
    0
    0
    0
  210
    0
    0
    0
    0
    0
    0
   87
    0
    0
   36
    0
    0
    0
   77
   20
    0
    0
    0
    0
    0
    0
    0
    0
    0
    0
    1
    0
   10
   25
    0
    0
    1
    0
    3
    0
    3
   26
    0
    0
  280
   92
   15
    0
  100
  274
    0
    0
    0
    0
    0
    0
    0
    0
    0
    0
    0
    0
    0
    0
    0
    0
  146
    1
   25
   80
    2
    0
    0
    0
    0
  122
    0
    0
   23
   26
    0
    0
    0
    6
  247
  123
   30
   15
    0
    0
    0
   45
    0
    0
   20
    5
    0
    0
    0
  121
  117
  240
  166
   11
   11
    2
   30
    0
    0
   10
   73
   32
    0
    0
    0
    0
    0
   17
    3
    0
    0
    0
    1
  130
    0
   50
    0
    0
    9
    1
  153
    1
   87
    1
   15
    0
    0
    0
    0
    0
    0
    0
    0
    1
   21
   39
    0
    0
    0
    0
    3
    1
    0
   57
    0
    0
   30
   67
    0
    0
    0
    0
   58
    0
    0
    0
    0
    0
    0
    0
    0
    0
    0
    0
    0
    0
    9
    6
    0
    0
    2
    0
    0
   25
   81
  140
   67
   78
    0
    1
    0
   45
   97
   39
    0
  103
    0
   37
    0
    0
    2
   10
    0
    0
    4
   15
    0
   16
   26
    6
    3
    1
    0
    1
    0
    7
    0
    0
    0
    0
    0
    0
    0
    0
    0
   82
    1
   32
    3
    0
    0
    0
    0
    0
    0
    1
    8
    4
    9
    0
   74
    7
   54
   75
   12
    7
    4
    7
   65
   45
   12
    0
    0
   14
    7
    0
    0
    0
    0
    0
    0
    7
    9
    0
    0
    0
    0
    0
   34
    4
    0
    2
    0
   10
    0
    3
    0
   35
    6
    0
    0
    0
    0
    3
    2
    0
   39
   19
    0
    9
    6
    2
    0
    0
    0
    0
    0
    9
    0
    0
    0
    2
    0
    0
    0
    0
    0
    0
    0
    0
    0
  110
   14
   11
    0
    0
   41
    0
   10
    0
    0
   13
   34
  118
    4
   19
   35
    0
   20
    0
   20
    0
    0
    0
    0
    0
    2
    5
   15
    0
    0
    0
    0
    0
    0
   30
    0
    0
    0
    0
    0
    0
    0
    0
    0
    0
    2
    0
    0
    0
    0
   27
    0
   20
    0
  122
  256
    0
    0
    0
  135
  113
  136
    0
    0
    6
   32
    4
   14
   82
   27
   10
    0
   77
    0
    0
    0
  122
    0
    0
    0
    0
    0
    0
    0
    0
    0
    0
   12
    0
   30
    0
    0
    0
    2
   18
    0
    0
   17
   50
    0
    0
    0
    0
    0
    0
    2
   26
   25
    0
    0
   52
   32
    0
    0
    2
    0
   28
    2
    0
    0
    2
   39
   76
   43
    6
    0
    0
    0
    0
    0
    0
    0
    0
   13
    5
    0
    0
    0
    0
    0
    0
    0
    0
    0
    0
    0
    0
    0
    0
    0
    0
   10
  330
 1130
    0
   10
    7
    0
   23
    0
    0
   36
   10
    0
    0
    0
    0
    0
   44
    0
    0
    0
   32
    5
   32
   44
  154
   80
   15
    4
    0
    0
   70
   43
    0
   55
   15
  113
   16
    0
    0
    0
    0
    0
    0
   50
   41
    6
  172
   76
    7
    3
    8
    2
    0
   80
   43
    0
   24
   88
  182
   54
   18
    2
    0
    0
    0
    0
    0
    0
    0
    0
    3
   26
    2
    0
   10
    0
   60
    0
    6
  126
    0
   23
   12
    8
    0
    0
    0
    0
    0
    0
    0
    0
    0
    0
    0
    0
    0
    0
    0
    0
    0
    0
    5
    0
    0
    0
    0
    0
    0
    0
    6
    0
    0
    7
   27
  164
   65
    4
    0
    0
    0
    0
    0
   80
   10
    0
    0
   21
   57
   34
   26
   17
    0
    0
    0
    1
    0
    0
    0
   35
   37
   23
   16
  117
   41
  236
    2
    2
   10
    1
    0
    0
    0
   14
   44
    0
    0
    0
   72
    3
    0
   17
   37
    0
    0
    0
    0
    3
    0
   33
   12
    0
    0
   17
    0
    0
    0
   20
   16
    5
    0
    0
    0
    0
   66
    0
    0
    0
    0
   34
  121
   34
    0
    0
   63
    0
    0
    0
    0
    0
    9
    0
    0
    0
    0
    0
    0
    0
    2
   65
    0
    0
   32
    0
   41
   11
   55
    2
   12
   57
    1
   82
    0
    3
   35
    3
    0
    0
    0
    0
   57
    8
    0
    0
   68
  120
    0
    0
    0
   11
   48
   11
    0
   97
    0
    0
    0
    0
    0
    0
    0
    0
   11
    8
    0
    0
    0
    0
   23
   72
   19
    4
    0
    0
    0
    0
   58
    8
    1
    0
   34
   22
    1
    0
    0
    0
    0
   39
    0
    0
    0
    0
    0
    5
   53
    3
    0
   35
    0
    0
   85
    7
    0
  145
    0
    0
    0
    0
    0
    0
    0
    0
   30
  295
   29
    0
    0
    0
    0
   90
    1
    0
  149
  100
    0
    0
    0
    0
    0
    0
    0
   13
    0
    0
   34
   21
   37
   20
    0
    0
    0
    0
    0
    0
   40
   48
   15
    0
    0
    0
    0
    0
   20
   19
    0
   22
   32
    0
    0
   13
    5
   17
   63
   30
    5
    0
  107
    5
    0
   33
   12
    0
    0
    0
    0
    0
    0
  175
   23
    0
    0
    0
    0
    0
    0
    0
    0
    0
    8
   30
   10
   29
    0
    0
    0
    0
    0
    0
    0
    0
    0
    0
   27
   46
    0
    0
    0
    5
    3
    0
    0
    0
    0
    0
    4
    0
    0
    5
    0
   63
   13
  239
   56
   15
    3
    0
    3
    0
    0
    0
    0
    0
    0
    0
    7
    0
    0
    0
    0
    0
    0
    0
    0
    0
    6
    0
    0
   13
    0
    0
    0
    0
    0
    0
    0
    0
    0
    0
    0
    0
    0
   62
   23
    2
  175
   36
   32
   35
  153
   10
    0
    0
   21
   18
    2
   90
    0
    2
   65
    2
   13
    3
    0
    0
    5
    0
    1
   12
   10
    2
   10
    9
    0
    0
    0
    0
    0
   50
   71
   52
   42
  160
    2
   44
   80
   66
   14
   41
    0
    0
   32
    0
    0
    3
    0
    0
    0
    4
    0
   40
   41
   26
   15
    0
    0
   42
    0
   20
   27
    0
    0
    0
    0
    0
    0
    0
    0
    0
    0
    0
    0
    0
    7
    1
    0
    0
   72
   17
    0
    0
    0
   12
   47
    2
   40
   85
   42
  103
   33
    3
    4
    0
    7
   17
   19
    0
    0
    0
   11
    3
    0
    0
    0
    0
    0
    0
    0
    0
    0
    0
   30
    3
    2
   43
   29
    2
    0
    4
   18
   34
   32
    2
    0
    0
    0
    0
    0
    0
    0
    5
    0
    0
    0
    0
    0
    0
    0
    0
   17
    7
    2
   12
    0
   92
  185
   60
    0
    0
    0
   14
   28
   31
    0
    0
    0
    0
    0
    0
    0
    0
   16
    5
    1
    0
   15
  167
  248
    0
   14
   36
    1
    0
    0
    0
    0
    0
    0
    0
    0
    0
   12
    1
    0
    0
    0
    0
    0
    0
    0
    7
    0
    0
    0
    0
    0
    0
    0
    0
    0
    0
   45
    0
    0
    0
    0
    0
   23
    0
    0
    0
   66
   68
    0
  160
    0
    0
    0
    0
   80
    3
   50
   57
   61
    2
    0
   11
    0
    2
   58
   13
   36
    2
   53
   67
   32
   30
   55
    0
   20
    0
   20
   20
   19
  138
   65
    0
   71
   23
   88
    0
    0
    2
   58
    1
  221
    0
    0
    0
    0
    0
    0
   48
    1
  192
    3
    0
    0
    4
    0
   24
    0
    0
    0
    0
    0
    0
   68
   12
    0
    0
    0
    0
    0
   56
   30
   87
    4
    0
   10
    0
    0
    0
    0
   30
    8
  103
    1
    0
    0
    0
   72
    3
    0
    0
   29
    8
   22
    8
   18
   27
    0
    0
   31
    0
    0
    0
    0
    0
    0
   18
  126
    0
    0
    0
    4
   25
    8
    0
    0
    0
    0
    0
   78
    0
    0
    0
    0
  108
  180
   13
    0
    0
    0
   96
   31
    0
    0
    0
   40
   17
    0
    0
   35
    5
   40
    8
    1
    0
    0
    1
    0
    0
    5
  115
    0
    0
    0
    0
    0
    0
   22
   94
   61
    0
    0
    2
    1
    0
    4
    0
    1
  100
    0
    0
    0
   17
    0
    0
   21
   36
   62
   79
    8
    0
    0
    0
   12
    5
    0
    0
   16
   31
    0
    0
   11
   11
    0
    0
   19
   66
    0
    7
    0
   17
    0
    0
    0
   48
    3
   99
   62
   22
   22
    0
    4
    0
    1
   22
    0
    9
    1
  105
   12
   20
   27
   11
  105
   11
    0
    0
    0
    6
    2
    0
    0
    0
    0
    0
    0
    0
    0
   12
   11
   10
   44
   24
    2
    0
    7
   22
    4
    1
    0
    0
    0
    0
    4
    4
    1
    0
   18
   15
    0
    0
    0
    0
    0
    6
    0
   16
   13
    3
    4
   75
   12
   87
  140
  203
   54
    6
   13
    3
    0
    0
    0
    0
    0
    0
    0
  116
    0
   22
  125
    0
    0
    0
    0
    0
    0
    0
    0
    5
    5
    0
    0
    0
    0
    0
    0
    0
   11
    0
    0
    0
    0
    0
    0
    0
    0
    9
    0
    0
    0
    0
  480
    0
   48
   72
    4
    1
    0
    3
   50
    0
    0
    0
    0
    0
    0
    0
    0
  126
   33
    0
   25
    0
    0
    0
    0
   88
   31
   36
    6
   47
  169
    0
    0
    0
    0
    1
    0
    0
    1
    0
    0
    0
   43
   26
    0
    0
  140
    0
   11
  132
    6
   16
  120
    1
   46
    2
    0
    0
    0
    0
    0
    0
    0
   45
   13
    5
    0
   88
    0
    0
    6
    0
    0
    0
    0
    0
    9
    4
   43
    0
    2
    4
  103
  152
    4
   12
   17
  185
  100
   31
  330
  120
    0
    3
    0
    0
   73
   25
    0
    0
    0
    0
    0
    0
    0
   36
   24
    0
    0
    0
    0
    6
    1
    0
   12
   91
   15
   26
   15
    2
    0
   51
   36
    0
    0
    0
    0
    0
    0
    0
    0
    0
    0
    0
    4
    0
    5
    0
    0
    0
    2
    0
   35
    0
   10
   39
    3
    4
    0
  120
    0
    0
    0
   15
  274
   25
    0
    0
    0
    3
   11
    3
    1
    0
    0
   49
    7
    0
   17
   39
    7
   87
    0
   13
  171
    4
   15
   40
   74
   25
    0
    0
    0
  167
  124
   48
   69
   32
    0
    5
    0
   17
   21
   14
    6
    6
    4
    0
   55
   20
   19
   26
    2
    0
    0
   17
    8
   14
   40
    6
    0
    0
    0
   79
  108
    1
   36
   18
   56
   10
  145
   58
   24
   23
   22
  155
    1
    0
   59
    5
    0
   78
    0
    0
    0
   20
    5
    0
    0
    0
   10
    0
    0
    7
    0
    0
    0
   28
   15
   22
   41
   13
   59
  109
    4
    0
    0
    0
    0
    0
    0
    0
    0
    0
    0
    0
    0
    0
    0
    0
    5
    0
    0
    0
   11
    0
   24
   70
  110
    0
    0
    0
    0
    0
    0
    4
    2
   43
    0
    0
    0
    0
    0
    0
    0
    0
    0
    0
    0
    0
    0
    0
    0
    0
    0
    0
    0
   52
   22
    7
   59
    0
    4
    0
    0
    0
    0
    2
   48
    0
   17
    0
    0
    2
   10
    9
   37
    0
    0
    0
    0
    0
    0
    0
    0
    0
    0
    0
    0
    0
    0
    0
    0
    0
    0
   25
   67
   17
   12
    7
    3
   25
    0
    0
    0
    0
    0
    0
    0
    0
    0
    0
    0
    0
    0
    0
    2
   61
   13
   22
    0
    0
   60
   62
  221
   12
    0
    6
  152
  141
    0
    0
    0
    0
    0
    0
    0
    0
    0
    0
   59
    2
    0
    0
    0
    0
    1
    0
    0
    0
    0
    0
    0
    0
    0
    0
    0
    0
    0
    0
   65
   76
   20
    0
   11
   83
    0
   28
    0
   16
    4
    3
    4
    0
    0
    1
   74
   38
   19
    0
    0
    0
  176
    6
    0
   10
    0
    0
    0
    0
    0
    0
    0
    0
    0
    0
   24
    0
    0
    0
    0
    0
    0
    0
    2
    0
    0
    0
    0
    0
    0
    0
    0
    0
    0
    1
   36
   12
   13
   33
    0
    0
    8
    0
    0
   37
    0
    0
    0
    5
    0
    0
    0
    0
    0
    0
   11
    0
    0
    0
    0
    0
    0
   24
    0
    0
    0
   12
    2
    0
    0
    0
    0
    0
    0
    0
    0
    0
    0
    0
    0
    0
   16
    4
    0
    0
    0
    0
    0
    0
    0
    0
    0
    0
    0
    0
   55
   84
   67
    0
    0
    0
   20
   26
   69
   10
   13
    0
    6
    0
   11
    0
    0
    0
    1
   20
    0
    0
    1
    1
    0
    0
    0
    0
    0
    1
    2
    0
    0
    0
    0
    0
    0
    0
   27
    3
    5
    0
   60
   45
   10
   18
   17
    0
   55
    1
    0
    0
    0
    0
    4
    1
    0
    0
    0
    0
    0
   10
   50
   18
    8
    5
   15
   15
    0
    0
    7
   33
    4
    0
    9
   16
   18
    0
    0
    0
   16
    0
    0
    4
   38
    0
    0
    2
   21
    6
   88
   43
    8
    0
    7
   36
    5
    2
    0
    0
    2
   30
   73
   63
    6
    7
    6
   16
   10
    0
    0
    0
   28
    1
   28
   81
   20
   55
   60
   16
    6
   11
    0
   14
    8
   14
    6
    2
   52
    0
   25
    0
    0
    0
    0
    0
    2
    7
   10
    0
    0
    0
    0
    0
   11
    1
   15
    0
    0
    0
    0
    7
   11
    0
    0
    0
    0
    4
    0
    0
    0
    0
    0
    6
   61
   56
    8
   23
   10
    5
    7
    3
   53
    0
    5
    0
    2
   13
  222
    5
   14
    3
   25
    4
    0
  102
    0
   12
  159
    4
    4
   26
   64
    0
    0
    0
   82
    0
    0
    0
    0
    0
    0
    2
    0
    0
    0
    0
   33
    0
   10
   15
    0
    0
    0
   33
   12
   56
   27
    0
    8
    0
    2
    3
    0
    0
   60
    0
    0
    2
   62
   62
   16
    0
   25
    0
    8
    2
    0
    0
    2
    0
    0
   23
    0
    0
    0
   25
    0
    0
    0
    6
   36
    0
    2
    2
    0
    0
    0
    0
    0
    0
    0
    0
    0
   12
   32
    0
    0
    0
    0
    0
    0
    0
    0
    0
    0
    0
    0
    0
    0
    0
   15
    0
   67
    0
   33
   16
    0
    0
    0
    0
    0
    0
    0
    0
    0
   27
    1
    0
  165
  135
  205
  433
  232
    0
   10
    0
    0
    0
    0
   60
    3
    1
    0
    0
    0
    0
    0
    0
    0
    0
    2
    0
    0
    0
    0
    0
    0
    0
    0
    1
    0
    5
    0
    0
    0
    0
    0
   28
  109
    0
    0
    3
   93
   51
    0
    0
    0
    7
   40
    2
    0
    0
    0
    0
    0
    0
    0
    0
    0
    0
    2
   25
    0
    0
    6
    2
   46
   16
    1
   30
    0
    0
    1
    0
    0
    0
    0
    5
    0
    0
    0
    0
    0
    0
    0
    0
    0
    0
    0
    7
    0
    2
    0
    0
    0
    0
    0
    0
    0
    0
    0
    0
    0
    0
   49
    0
    0
    5
    0
   10
    1
    6
   15
    0
   82
  128
   83
    3
   13
    9
    2
    0
    0
    0
    0
   30
    6
    0
   31
   20
   36
    0
    0
    0
    0
    3
   27
    0
    2
    0
    0
   30
    6
    3
   32
   23
    0
    3
    0
    0
    0
    0
   40
    5
    3
    5
    0
   35
   10
   14
    1
   29
   21
   48
  128
    6
   62
    0
    7
    0
    0
    0
   10
    7
    0
    1
    0
    0
    4
   13
   50
    6
    0
    0
   90
   11
   13
   92
    2
    9
   14
    9
    0
    0
    0
    0
    0
    0
    0
    0
    0
    0
    0
   18
    4
   50
   50
    0
    0
    0
    0
    0
   12
    0
    1
    3
    5
    0
    4
    5
    0
    0
    0
    0
    0
    0
    0
    0
    0
    0
    0
    0
    0
    0
    0
    0
    8
   12
    0
    6
    0
   17
   68
  187
   37
   57
    0
    7
    0
   12
    5
    7
   17
   40
    0
    0
    0
   17
    0
    0
    0
    0
    0
    0
    0
    0
    0
    0
    1
    5
    0
  102
    1
    0
    3
    0
   28
   72
    9
    0
    0
    0
    2
   22
    4
    0
    0
    8
   12
    0
    2
    0
   80
    0
   43
   40
   34
    0
    8
    0
   80
    0
   11
    0
    0
    0
  146
  186
   30
   31
   12
    2
    0
    0
    0
    5
   49
    0
    0
   21
    0
    0
    0
    3
   26
   43
    0
   50
    3
    0
    2
    0
   18
    0
   46
   27
    4
    0
    0
    0
    0
    0
    0
    0
    0
    0
    0
   87
   33
   45
  102
   65
    4
    0
    0
    0
    0
    0
    3
    9
    8
    1
    0
    0
  214
    0
    0
    0
   85
    0
    0
    8
  227
  180
   28
    0
    0
    0
    0
    0
    0
    0
    0
    0
    0
    0
    0
    0
    0
    0
    0
    0
    0
    0
    0
   17
    0
    0
    3
   12
  102
   11
    3
   71
   12
   40
    0
    0
    0
   30
    0
    0
    0
    1
    0
   42
    8
   31
    2
   10
   31
   25
    0
    0
   55
    0
   95
    0
    0
    0
    0
   28
    0
   39
    7
    0
    9
    0
   41
    0
    0
    0
    2
    0
    0
    0
   55
   34
    7
    5
   26
    3
    0
    0
    0
    0
    0
    0
    0
    1
    0
    0
    0
    0
    0
    0
    0
    0
    0
    0
    6
    0
   30
   32
    0
    0
    7
  200
   15
    2
    0
    5
    5
    0
    0
    0
    0
    0
    0
    0
    0
    0
    0
    0
   25
   45
    0
    0
    0
    0
    0
    8
    4
   23
    0
   74
   10
    0
    0
    0
    0
    0
    2
    6
   20
    0
    8
    3
   20
   14
   23
    0
    0
    0
    1
    7
    7
   45
    8
    2
    0
    0
    0
    0
    0
    0
    0
   10
   17
    0
   17
   40
   26
    0
    0
   38
    5
    6
   81
    1
    0
    0
   20
   30
    0
   12
   11
    0
    0
    0
    0
    5
    1
    2
    0
    0
    0
    0
   60
    0
   32
    6
    0
    0
    0
    0
   12
    1
    0
    0
    0
    0
    0
    0
    2
    0
    0
    0
    0
   12
   12
    0
   24
  100
    0
   20
    0
    0
    0
    0
    0
   28
  130
   21
   67
   13
   40
   29
   29
    0
    0
    0
   80
    3
    0
    5
   30
   17
   10
   18
   15
    2
    3
    0
    0
    0
    0
    0
    0
   14
    4
    3
    5
   55
   38
  138
   38
   25
   41
   26
    0
    0
    0
    0
    0
    0
    0
    0
    0
    0
   75
    0
    0
    0
    0
    0
    0
    0
  190
  315
    0
    0
    0
    0
    0
   21
    0
    0
   11
    0
    0
    0
   30
    4
    2
    4
    1
   20
   35
   76
  107
   30
   22
    0
   29
    0
    0
   39
    0
   15
   35
    0
   25
   15
   30
    3
    0
    0
   19
    0
    0
    0
    0
   38
   12
   24
    0
   89
    0
    0
    0
    0
    2
   20
    0
    0
   20
   35
   20
   35
    0
    0
    0
   45
    1
   54
   72
    0
   35
   24
    0
    0
    0
    0
    3
    0
    0
    0
   32
    0
  152
    0
    0
  135
  100
   34
   31
   27
    0
    6
   29
    0
   25
    3
    0
    5
    0
    0
    0
    0
   15
    0
   47
    0
   13
   15
    7
    4
    0
    0
    0
    0
    0
    0
   10
   40
   10
    0
    0
    0
    0
    0
    0
    0
   25
    0
    0
    3
    0
    0
    0
    0
    0
    0
    0
    0
    0
    0
    0
    3
    6
    0
   13
   27
    0
    6
    3
    8
    0
    0
    0
    0
    0
    0
    0
    0
    3
    0
    0
    0
    0
    3
   14
    0
    0
   50
   15
   10
    0
   25
   20
    0
    0
    0
   15
    0
    0
   11
    5
   26
    0
   95
   46
    3
    0
    0
    1
    0
   23
    0
    0
    2
   25
    0
    2
    0
   20
   42
    3
    4
    7
   25
    1
   29
    4
   23
   33
   17
   60
   45
   26
    0
    0
    0
    0
   15
   10
   62
   52
   15
    0
    0
    0
    2
   41
   12
   22
    0
    6
    2
    0
   40
   30
   43
   78
   64
   31
   21
    0
   80
   42
    4
    0
    6
   36
    0
    7
   15
    0
    0
    0
    0
    0
   31
    6
    0
    0
    0
   10
   17
    0
   52
    0
    0
    0
    0
    0
    0
    0
    0
   28
   75
    5
    0
    0
    0
    2
    0
    0
    0
    0
    0
    0
    0
   21
   24
  103
    5
    0
    3
    0
    2
    0
    0
    0
    2
    0
    0
    0
    0
    0
   55
    6
  122
   62
    0
    0
    0
    0
    0
   10
   85
   10
    0
   69
    9
    0
    0
    3
    1
   74
   57
    4
   24
    0
    0
    0
    0
    5
    0
    7
    0
    0
   52
    0
   85
   16
    7
    0
    0
    0
    0
    0
    0
    0
    0
    0
    0
   76
   20
   17
   10
   32
    0
   10
   40
   10
    0
    0
   35
    0
    0
   48
    0
    0
    3
    0
    0
   14
    4
  253
  165
  116
    0
   44
  111
   45
  123
   76
   30
    2
    0
    0
   39
   35
    0
    0
    0
    0
    0
    0
    0
    0
    0
    0
    0
    0
    0
    0
    0
    0
    0
    0
    0
    0
    0
    0
    0
   47
   50
    0
   28
   78
   16
    0
    0
    0
    0
    0
    0
    0
    0
    0
    0
  140
   41
   17
   38
    3
    0
    0
    2
    0
    1
   63
    0
    0
   28
  115
    0
    0
    0
    0
    0
   18
   20
   16
    0
   10
    0
    0
    9
  152
   57
    0
    0
    4
    8
    0
   35
    0
    0
   50
   67
    3
    0
    7
   45
    2
    0
   26
    0
    3
    0
    0
    0
   40
    2
    0
   52
   33
   71
   20
    0
    0
    0
   10
    7
    0
    0
    0
    7
    0
    0
    0
    0
    0
    0
    0
    0
    4
   27
    3
    0
    0
    0
    0
    0
    0
    0
    0
    0
    0
   40
   37
   96
  190
    6
    0
    2
    0
    0
   23
   73
    0
    4
    4
    0
    0
   30
   55
   24
    0
    3
    0
    0
    0
    0
    0
    0
    5
    2
    3
    1
   25
   20
    0
    5
    4
    3
    0
    4
    0
    0
    0
    0
    3
    1
    0
    0
    0
   10
    7
    0
    0
    6
    2
    0
    9
    0
   59
    2
   55
   45
   48
   38
   20
   46
   26
    4
    4
   31
   26
  218
  235
   67
  118
  236
    3
    0
   20
   73
    0
    0
  137
    1
    4
   16
   62
    0
    5
   18
    0
    0
    0
    0
    0
    0
   44
   73
    0
   30
    1
    0
   57
    2
    0
    0
    0
    0
    0
    0
    0
    1
    0
   72
    1
   22
    0
    0
   43
   23
  106
    0
    0
   81
    0
   57
   32
    0
    0
    0
    0
    0
   67
   42
    0
    0
    0
    0
    0
    0
    1
    0
    0
    0
    0
    0
    0
    0
   23
   22
   36
   16
   27
   30
    1
    2
   54
    4
   15
    3
   31
    0
    0
    0
    0
    0
    5
    0
   52
  120
    0
    3
    0
  263
  127
    3
    9
    0
    0
    5
   20
    0
    0
   26
   47
   21
    0
    0
    0
    0
    0
    0
    0
    0
    5
    0
   90
  158
    3
   13
    3
    0
    0
    0
  125
    4
   32
    0
    0
    9
    0
    7
    0
    0
    9
    2
   77
    0
    0
    0
    0
   80
    3
    5
    2
    3
   57
    8
   47
   10
   30
    2
    2
   17
    0
    0
   38
   26
   13
    0
  113
   13
    9
   93
    0
    0
    5
    0
   48
   30
    6
    0
    0
    0
    0
    0
    0
    0
    0
    0
    0
    0
    0
  135
    1
    5
    0
    2
    0
    0
    0
    0
  165
  243
   22
    0
    5
   20
   25
    0
   20
   30
   66
    0
   10
  340
    0
  130
   36
   10
    4
   18
   18
    0
    0
   72
   11
    1
  103
   20
   22
   33
    0
    0
   98
    5
    0
    0
    0
   50
    2
   10
    0
    9
   13
    8
    0
    0
    0
    0
    0
    0
   11
    2
   44
    0
    4
    0
    0
    0
   56
   50
    0
    6
   20
  130
    5
    0
    0
  105
  135
    7
    0
    1
    2
    0
    0
    0
    0
    0
    0
    0
    0
    9
    0
    0
    0
    0
    0
    0
    0
    0
    0
    0
   80
    8
    1
    0
    0
   23
    2
    0
    0
    0
    0
    0
    0
    0
    0
    5
    7
    0
    0
    0
    1
    0
    0
    0
    3
   24
    5
   21
    2
    1
   17
   41
   42
  274
   30
    4
   20
    1
    3
   20
   11
    0
    0
    0
    0
    0
    0
    0
    0
    0
    0
    8
    0
    0
   15
    0
    0
    0
    0
    0
   38
   65
  129
   14
  120
   26
   16
    0
    0
    9
    8
   12
   10
   40
    0
    0
   39
    6
    0
   66
    6
    0
    0
    0
    0
    0
   50
    0
    0
    0
    0
    0
   26
    0
    0
    0
    0
   20
   37
   31
   26
   10
    2
   29
    1
    2
    8
   55
   16
   15
    0
    2
    0
    0
   27
   35
    8
    1
   75
    0
    0
    0
    0
   43
   80
   47
    0
    3
   12
   30
   21
   87
    7
    9
   70
   11
   22
    4
    6
   20
    1
   51
   20
    6
    0
   38
   37
    1
   41
    0
   37
   17
    0
    1
    7
   97
   15
   35
    8
   30
   83
    9
  110
    4
    0
    0
   17
    8
    0
    0
    0
    0
    0
    0
    0
    4
    0
    0
    0
   19
    0
    0
    0
    0
   14
    0
    3
    0
    0
    0
    0
    0
    0
    0
    0
    0
    4
    0
   59
   64
    0
    0
    0
    0
    0
    0
    0
    0
    0
    0
    0
    0
    0
    6
   20
    0
    7
    0
    0
    0
    0
    0
    0
    1
    2
  112
   42
   29
   10
    0
    0
   26
   10
  141
    3
   10
   75
   16
   47
    0
    0
    0
    0
    0
    0
    0
    0
    0
    0
  195
   38
   17
   86
   75
    1
    0
    0
   44
    0
    0
   34
    3
  256
    0
    4
   34
    1
    0
   66
    0
   35
   10
   19
    5
    5
   31
    0
    0
    4
    0
    0
   15
    0
   13
    0
    0
   63
    0
    0
    0
    0
   85
    0
    0
    0
    0
    0
    0
    0
   91
    0
    0
    0
    0
    0
    0
    0
   58
    0
    0
    0
    0
   10
   60
   72
    0
    0
   15
   10
    0
    6
  120
    0
   19
   75
    3
    0
    0
    0
    0
    5
    6
    6
    8
    0
   22
    7
    0
    0
    0
    0
    0
   68
  102
   40
    2
    0
    4
    0
    0
    0
    0
    0
    0
    4
   13
    0
    0
   41
    0
    5
   12
   27
    0
   10
    3
    0
    0
    0
    0
    0
    0
    0
   10
    0
    0
   10
    1
    7
    0
   17
    9
   27
    0
    0
    0
    0
    5
    0
    0
    0
    0
    6
   96
   16
   20
    6
    0
   26
    4
   26
    3
    0
   20
   38
    4
    1
    4
   11
   18
  120
   25
   14
   32
  195
   24
   30
    9
   75
    3
   12
   62
   22
    5
    0
    0
    0
   25
   95
   70
    1
    0
    0
   67
   12
    5
    0
    0
    0
    0
    0
    0
   17
    0
    0
   10
   35
    3
   46
   49
    3
   25
    0
    0
    0
    0
    0
    0
    0
    0
    0
    0
    0
    0
    0
    0
    0
    0
    0
    0
    0
    0
    4
    3
    1
    0
    0
    9
    0
    0
    0
    0
    0
    0
   16
   11
   10
   25
    5
    2
   30
   75
   38
    0
    2
    2
    1
   26
    5
   24
   20
   30
   12
   11
    2
    0
    0
    0
   14
    5
   10
   36
    0
    4
    2
    8
   40
    5
    0
    0
    0
    1
   12
    0
   53
    0
    0
    0
    0
    0
    0
    0
    1
    0
    0
    1
   10
    0
    0
   40
   30
    0
    0
    0
    0
    0
    0
   70
    1
    0
   15
    8
  158
  228
    7
    0
    0
   27
   40
   74
    0
    0
    0
    0
    0
    0
    0
    6
    0
    0
    0
   25
   45
   25
    1
    0
    0
    0
    0
    0
    0
    0
    0
    0
    0
    0
    0
    0
    0
    0
    0
   35
    0
    0
   58
    4
   28
   55
    0
   20
    0
   10
    0
   45
    0
    0
   20
    0
    0
    0
    0
    0
    0
    0
    0
    0
   83
    0
    0
   60
    0
    6
   19
    2
   80
    4
    0
    0
    0
    0
    7
   25
    0
    0
    0
   22
    7
    2
    0
   14
   11
    0
    0
    0
    0
   14
  178
   41
   30
  114
    0
    0
   33
    3
    0
   20
   63
    0
    0
    0
   25
    3
    0
    0
    9
    0
    0
    0
    0
    0
    0
    0
    0
    0
    0
    7
    0
    0
   20
    0
  202
   65
   35
    0
    0
    0
    0
    0
    0
    0
    0
    0
    0
    0
    0
    0
    0
    0
   35
   53
   15
    0
    0
    0
    0
    0
    0
    0
    0
    0
   78
    0
    0
    0
    0
    0
   22
    0
    0
    0
   45
   21
   11
    0
   37
    6
   37
    3
    0
   10
    0
    0
    0
    0
   11
    0
    0
    0
    0
    0
    0
    0
    0
    9
  120
    9
  172
    4
   27
   30
    0
  243
  112
   16
    0
    0
    0
    0
    0
    0
    0
    0
    0
    0
    0
    0
   23
   80
   16
   13
   81
   23
   28
    0
    0
    0
    0
    0
    0
    0
    7
   38
    0
   23
    5
    0
    2
   51
   15
   20
   51
   17
    0
    0
    0
   50
    0
  161
    3
    0
    0
    0
    0
    0
    0
    0
    0
    0
    0
    0
    7
    2
    0
    0
   10
   22
    5
    8
    3
    0
    0
    0
    0
    6
   13
    4
    0
   10
    5
   26
    7
   50
    5
    0
    0
    0
    0
    0
    0
    0
    9
    0
    0
    0
    0
    0
    0
   62
    6
    2
  100
   35
   60
    0
    0
    4
    0
    0
    0
    0
    0
    0
    2
   34
   32
   75
   10
   35
    4
    3
    0
   25
    2
    0
   22
   50
    0
    0
    0
    0
    0
    0
    0
    0
    0
    5
    0
   12
    0
    6
    6
   11
    0
    7
    0
    0
    0
    0
    0
   47
    0
    0
    0
    0
    0
    0
   27
   21
    0
    0
   52
    8
    0
   20
    0
   50
    0
   27
    5
   23
   54
   45
    2
   20
    0
    0
    0
    0
    0
    0
    0
    0
    0
    0
    5
    5
    0
    0
    0
    0
    0
    0
    4
    0
    0
    0
    0
    0
    0
    0
    0
    0
    0
    0
    0
    4
    0
    0
    0
  150
   22
   21
    0
    0
   14
  173
  150
  277
   15
    0
    0
    0
    0
    0
    0
    9
    0
  173
   10
   13
   70
    0
    4
    0
    6
    0
   48
   21
    1
    0
   93
    0
   11
    0
    0
    2
   13
   43
    0
    0
    0
    0
    0
   10
    3
    0
    0
    0
    0
    0
    0
    0
    0
    0
    0
    0
    0
    0
    0
    0
    0
    0
    0
   77
   11
    0
    6
   32
   60
    0
    5
    0
    0
    0
   47
    2
   31
    3
   47
   40
    1
    7
    0
    0
    0
    0
    0
    0
    0
  200
   35
    5
    0
   49
    0
   14
   10
   35
   10
  118
   20
    6
    0
    0
    0
    0
   17
   26
    8
    0
   27
    0
    3
   40
   50
    6
   30
    1
   16
   38
    2
    0
    0
   25
    0
    3
    0
    0
    0
    0
    0
    0
    0
    0
    0
    0
    0
   57
    0
    0
    0
    0
    0
    0
    0
    0
    2
   40
   35
   61
    6
    6
    9
   13
   23
   13
    5
    0
    0
    0
    0
    0
   32
    0
   20
    2
    0
  261
   17
   10
   50
    0
   26
   37
    0
    5
   47
    1
    1
   51
    0
    0
    3
   15
   36
    0
    0
    0
    0
    0
    8
   87
   59
    0
    1
    0
    0
    0
    0
    8
   45
   10
    0
    0
    0
    0
   15
    5
    4
   80
    0
   30
    5
   40
   25
   13
    4
    0
    0
    0
    0
   25
   30
    0
    0
    0
    0
    0
    0
    0
    0
    0
   22
    1
    0
    6
    0
    0
    0
    0
    0
    0
    0
    0
   13
    6
    0
    0
    0
    0
   13
   30
   56
    1
    0
    0
    2
   58
    0
    0
    0
    0
    0
    0
    6
    7
    0
    0
    0
    0
    0
    0
    1
    0
    0
    0
    3
    0
    0
    0
    0
    0
    0
    0
    0
   45
    0
    0
    0
  135
   39
   41
    0
    6
   30
    0
    0
    0
    0
    0
    0
    3
   62
    5
    0
   40
    0
    0
    0
   20
    0
    0
    0
    0
    0
    0
    0
    5
   20
    0
  120
    6
    0
    5
   13
   15
   87
    0
    0
    0
    7
  105
    6
   22
    0
    0
   44
    0
    0
   40
   18
   45
   36
    0
    0
   36
   57
   26
    4
    0
    0
    0
    0
    0
   90
   60
   38
    3
    0
    0
    0
    0
    0
    0
    0
   10
    5
    0
    0
    0
   10
   25
    2
   20
   20
    8
    0
    0
    0
  354
   17
    0
   36
    0
   13
    0
   40
    3
   13
  118
   83
    0
    0
    0
    0
    0
    0
    0
    0
    0
    0
    0
    0
    0
    0
   96
   15
    0
    0
    7
    0
    0
    0
    0
    0
    0
   43
   87
   34
    0
    0
    0
    0
    0
    3
   52
    0
    0
    0
    0
    0
   25
    0
    0
    2
    0
    0
    0
    0
    0
   70
    4
    0
    7
    0
    0
    0
    0
    0
    0
    0
    7
   19
    0
    0
    0
    0
    0
    0
    0
    0
    0
    0
    0
    0
    0
    0
    0
    0
    0
   35
    0
    0
    0
    0
    0
    6
    0
    0
    0
    0
   21
    0
    2
   10
   10
    8
    0
    0
    0
    0
    0
    0
    0
    0
    0
   35
   47
    0
    0
    7
   50
    0
    9
    0
    0
   15
    0
   36
    0
    0
    0
    0
    0
    0
    0
    0
   33
   16
    0
    7
   20
   90
   73
   17
    5
   37
    0
   24
    0
    0
   17
   15
    0
    0
    0
    0
   11
   15
    6
    0
    0
    0
    0
    4
    1
    0
    0
    0
    6
    1
    3
    3
    0
    0
    0
    0
    0
    0
    0
    0
    0
   77
   50
  166
    0
   43
   45
   23
    0
    0
   70
    0
    0
    6
    0
    0
    0
    0
    0
   27
  122
   40
    0
   21
   42
    0
    0
    0
    9
   17
    0
    0
    0
   90
  133
    0
    0
    0
    0
    0
    2
    0
    0
    0
    8
    1
    5
    0
    6
    5
    0
   38
   20
    2
    0
    0
   16
    4
    3
   23
   15
   30
    6
    4
    1
   23
    0
   25
   47
    0
    0
    0
    0
    0
    0
    0
    0
   17
    8
    0
    0
   83
    2
    0
    0
   20
    4
  120
  222
   20
    2
    0
    0
    0
    5
   15
   81
   50
    0
  165
   33
    6
   23
   27
   14
    2
    0
   28
    0
   16
    0
    0
    0
    0
    0
    0
    0
    0
    0
   11
   10
    0
   22
   16
   13
    0
    0
    0
    0
   10
    0
    8
    7
   22
   50
    0
    0
    5
   10
    0
    0
    0
    5
    8
   43
   49
   30
   55
    0
    0
    0
    0
    0
    0
    0
    0
    0
    0
    0
    0
    0
    0
    0
    0
    0
    0
    0
    0
    0
    0
    1
    0
   60
   40
    1
  124
    0
    2
   60
    6
    0
    0
    4
    0
    0
   61
    0
    3
    0
    0
    0
    0
    0
    0
    0
    0
    0
    0
    0
    0
   10
    5
  140
   35
    0
    0
    0
   72
   45
    0
   10
    8
    0
    0
   75
    0
    0
    0
  285
   14
    0
    0
   17
    0
   14
    0
    0
    0
    0
    0
    0
    7
    0
    0
    0
    0
    0
    0
    0
    0
    0
   40
   18
    0
    0
   16
    0
    0
   65
    0
    0
   65
   32
    0
    0
   18
    0
   11
   16
  190
   13
   27
    0
   68
   17
    0
   16
    5
    0
    0
    0
    0
    0
   70
    0
    0
    0
    0
    0
   12
    0
    0
    9
   75
    0
    0
    0
    0
    0
    0
    0
    0
    0
   43
   29
    0
    0
    0
    7
    0
    3
    0
    0
    0
   28
    0
    0
    0
    0
    0
    3
   49
   27
   23
  113
   54
   35
   70
   52
    0
    0
    0
   30
    3
    5
    7
    0
    4
    0
    0
   22
   60
    0
   17
   42
   23
    2
    5
   10
   17
    4
   35
    8
   31
   10
   88
   11
   39
   10
    0
    0
    2
   26
    5
   50
    0
    0
    0
    0
    0
    8
  140
    9
   46
    0
    0
    0
    0
    0
   10
   70
    7
    0
    0
    0
    0
    0
    0
    0
    0
    0
    0
    0
    0
    0
    0
   10
   60
    8
    1
    7
    2
   95
  127
    0
    0
    0
    0
    2
    0
    5
   13
    0
   57
    8
   38
   12
   43
    1
    5
    0
    0
    0
    0
    0
    0
    0
   35
   45
    5
    0
    0
    2
    0
    0
    0
    0
    6
   55
   22
    4
   33
   57
   21
   40
    2
   32
   20
    0
    0
    0
    0
    0
    6
    0
   10
    0
    0
    0
    0
    5
    0
    0
    0
    0
    0
    6
    7
   13
    0
    0
    0
   18
    8
    0
   16
   15
    7
    0
    1
    0
    0
    0
    0
    0
    4
   15
   30
   85
    0
    0
    0
    0
    0
    0
    0
    0
    0
    0
   52
    9
    0
    0
    0
    0
    0
    0
    0
    0
    0
    0
    0
    0
   10
    0
    0
    7
    0
    0
    0
    3
    0
    0
    0
    0
  215
    0
    0
    0
    0
    2
    0
  385
   30
    6
    0
    0
  190
   33
   26
    0
    4
    6
    0
    5
    9
    0
    0
    0
    0
    0
    0
    0
  133
  215
   10
    6
    1
   63
   24
   25
   18
   13
    0
    0
   38
    0
    3
    0
   51
   19
    0
    0
    0
    0
    0
    0
  240
    0
    3
    0
    0
   53
  147
   14
    8
   31
   58
   10
    3
   52
  143
    0
   17
   12
  112
   50
   62
   10
  135
   75
    0
    0
   57
    0
    0
    7
    0
   18
    0
    0
    6
   27
   26
    0
    6
    0
    0
    0
   45
    0
    0
    0
    7
    0
   85
    0
    0
    0
    0
    0
    0
    0
  120
   22
    0
   85
   50
   37
    6
    0
    0
   30
   35
    2
  100
  116
   36
    0
   22
   24
    2
    0
    0
    0
   31
    0
    0
    0
   30
    0
    0
    0
    0
    0
    0
   20
    0
    0
   26
    0
    0
   53
   17
   35
   12
    0
    0
    0
    5
    0
    0
    0
    0
    2
    3
   23
   37
    4
    0
    0
    0
    0
    0
    0
    0
    0
    0
    0
    0
    0
   30
   23
    8
    6
    0
    7
    0
    0
   88
   40
    0
    2
    0
   33
   10
   18
  102
    0
    0
    0
    0
    0
   16
    0
    0
    0
   19
    1
    0
    0
    0
   30
   40
   12
   65
    4
   40
  118
    5
    0
    0
    0
    4
   32
   40
  105
   20
   41
    6
   75
   52
    0
    0
   32
   25
   55
   20
   67
   94
    0
   44
    0
    0
    0
    1
    0
   15
   53
   26
    5
    8
    8
    0
    0
    0
    0
    0
    0
   43
    0
   91
   14
   32
    7
   11
   13
    4
    0
    0
    0
    0
    0
    0
    5
   30
    3
    0
    1
    2
    0
    0
    0
    0
    0
    0
    0
    0
    0
   72
    7
   15
    0
    0
    1
    5
   55
   26
   60
    0
   18
    0
   49
    0
    0
    0
    0
   57
   80
   72
  236
   82
    0
  115
   51
   44
    1
   24
   22
    9
   81
    4
    0
    0
   14
    0
    5
    5
    0
    0
   37
    0
    0
    0
    1
   10
   78
  168
  340
   31
   25
    0
    0
    4
    0
    0
    0
    0
    0
    0
    0
    0
    0
    0
    0
    0
   58
    0
    0
    0
   36
    6
    0
    0
    0
    0
    0
    0
    4
    0
   11
    6
    2
    0
   17
  270
   34
   64
    6
   51
   19
   55
   44
   13
    4
    0
    0
    0
    0
   41
    0
   24
  104
    0
    0
    0
    0
    0
   16
    0
    1
    0
    0
   27
    0
   16
    0
    0
    0
    0
    0
    0
    0
    0
    0
    0
    3
    0
    0
    0
    0
    0
    0
    0
  141
   53
    0
    0
    0
    0
    0
    0
    0
    0
    0
    0
    0
    0
    0
    0
    0
    0
    0
    0
   14
    0
    0
    0
    0
   48
   20
    0
    0
    5
    0
    0
   69
    0
   13
  964
   66
  142
    1
    0
    0
   94
  175
   71
    0
    0
    0
    3
   31
  221
    3
    4
   64
    0
    0
  420
    3
   44
    0
    6
   29
   72
   44
  226
    0
   78
    0
    0
    6
    2
   51
    0
    0
    1
    5
    0
    0
    0
    0
    0
    0
    0
    0
    0
    0
    0
    2
   12
   68
    0
   31
    0
    2
    0
    0
    0
    0
    0
    0
    0
    0
    0
    0
    0
    0
    0
    0
    0
    0
    0
   21
    0
    4
    0
   52
   61
   35
    0
    0
    0
    0
    0
    0
    0
    5
    0
    0
    0
    0
    6
   76
   36
   24
  139
    0
   39
    1
    0
    0
    3
   18
   44
   59
    2
    0
    0
    2
    0
    0
   12
    2
   26
    5
    3
   62
   15
   79
    1
   30
   31
    1
    0
   22
    0
    0
    0
    3
    0
    0
    0
    0
    0
   15
   52
   20
   24
   15
    9
   54
   58
    4
    0
    0
    0
    0
    9
   61
   32
    1
    0
    0
    2
    9
    0
    0
    0
   48
   26
   61
   20
    4
    1
   27
   11
   72
   27
   81
   11
    0
    8
   34
    0
   26
    0
    0
   55
  116
    0
   50
   33
    0
   35
   11
   52
    3
    0
   36
   44
    3
   25
    0
    0
    6
   12
    0
   22
    0
    0
   42
    0
    0
    0
    3
    0
    0
    0
    0
    0
    0
    0
    0
    5
   11
   18
    0
   10
   12
    3
    0
    0
    0
   32
   59
   39
   69
   47
    0
   52
   29
    0
    0
   15
    0
    3
   37
    0
   18
   36
   32
    5
    0
    0
   66
   14
  117
   54
   48
    0
    0
    0
    0
    0
    0
   38
    0
    0
    0
    0
    0
    0
    0
    0
    0
    0
    0
   84
   44
   20
    0
    7
  200
    0
    0
    4
    0
   99
    0
    0
    0
    0
    0
    0
    0
    0
    0
    0
    8
  131
    6
  216
  124
    0
   11
   13
   14
   24
   17
   32
    0
   57
  159
  138
   17
   41
   37
   29
    7
    0
    0
   46
   61
   22
   10
    0
    0
    0
    0
    0
    0
    0
   77
    0
    0
    0
    0
    0
    0
    0
    0
    0
    0
   98
    4
    0
   51
    5
   35
    0
    0
    0
  164
    0
    0
    0
    0
    0
    0
    0
    0
    0
    0
    0
    0
    0
    0
    0
    0
    0
    0
    0
    0
    0
  129
   12
   56
    0
    0
    0
    0
   61
    0
    0
    0
    0
    6
   11
   27
   34
    8
    9
  351
   96
    0
    0
    0
    0
    0
    6
   17
    0
    0
    0
   10
    0
    0
    5
    0
    0
    0
  100
   37
    0
    0
    0
    0
    0
   95
  111
    0
   32
   25
    5
    0
    0
    0
    0
    0
    0
    0
    0
    0
    1
    0
    0
    0
    0
    0
    0
    3
    0
    4
    0
    0
    0
    0
    0
    0
    7
    1
   12
    2
   21
   55
   74
   78
   36
    0
  201
    5
   20
   42
    0
    0
    0
    0
    1
   60
   13
    0
   58
  120
    0
    0
    0
    0
    0
    0
    0
    0
    2
    0
    0
    0
    0
    0
    1
    0
    0
   22
    0
    0
    0
   37
    6
    1
    0
    0
    0
    0
   11
   21
   46
    0
  126
   76
    5
    0
    6
    0
    0
    0
    0
    0
    0
    0
    5
    0
    0
    0
    0
    0
    0
    0
    0
    0
    0
    0
    0
    0
    0
    0
    3
    0
    0
    0
    0
    0
    0
   21
    0
    0
    0
    0
    0
    0
    0
    6
   11
    3
    0
    0
    0
    0
    0
   11
   23
   14
    3
   45
   76
   16
   96
    0
    8
   10
    2
    0
    0
    0
    0
    0
    0
    4
    2
    2
    0
    1
    0
   28
    0
    0
    0
    6
    2
    0
    0
    0
    0
    0
    0
    0
    0
    0
    0
    0
   46
    4
    0
   36
    0
    0
   24
   19
   35
    5
    0
   29
    0
    0
    0
    0
    0
    0
    0
   36
   11
    5
    0
    0
    0
    0
    0
    0
    0
    0
    0
    0
   34
    0
    0
    0
    1
    4
    0
    0
   88
    9
    0
    0
    1
   92
   78
  102
    0
    0
    2
    0
    0
   41
   19
   13
  128
   95
   18
    2
    0
   95
    0
   38
   17
   34
    0
    0
    0
    0
    0
   21
   85
    0
    0
    0
    0
   68
   88
    0
    0
   47
    0
    0
    0
    0
    0
    4
    1
    3
    0
    7
    0
    0
    0
    0
    0
    0
  132
   47
   12
    0
    0
    3
  191
   82
   16
  341
    1
    0
   73
    4
    0
    0
    0
    0
    0
  119
    0
    0
    0
    0
  157
   62
   15
    0
    0
    3
  102
   51
    0
    0
    0
    0
    0
    0
    0
   17
    0
    0
    0
   72
   33
  135
    0
   35
   48
    2
    0
    0
    0
    0
    0
    0
  192
    9
    0
    2
   29
    0
    0
    0
    0
    0
    0
    2
    6
   65
    0
    6
    4
   16
    1
   10
   98
   30
   11
    1
   17
    0
    0
    0
   14
    0
    0
   82
   51
    0
   14
    3
   35
    1
   30
    2
    0
   10
   18
    0
    0
    0
    4
    0
    0
    0
    0
    0
    0
   89
    8
    0
    1
    0
   41
    1
    0
    0
    0
    0
   48
    4
   36
    1
   18
    4
   55
    9
    0
    0
    0
  108
    1
    0
    5
    0
    0
   37
    0
   20
    5
    2
   37
    6
    3
    2
    0
    0
    0
   10
   30
   20
   25
   64
   17
   65
   23
    0
    0
    0
    0
    0
    0
    0
    0
    0
    0
   18
    0
    7
    0
    0
   25
   27
    0
    0
    0
    0
    0
    0
    2
    0
    0
    5
    0
    0
    0
    0
    0
    3
    3
    1
    0
    0
    0
    1
    3
    0
    0
    0
    0
    0
    0
    2
   63
    6
    0
    0
    0
    3
    5
    0
    3
    9
    5
   11
    2
    0
    0
    0
   19
   45
    0
    3
    0
    0
    3
   32
   51
   46
    0
    6
    0
    0
  111
   17
    1
   52
    0
    1
    0
   28
   42
    0
    0
    0
    0
    0
    0
    0
    2
    0
    0
    0
    0
    0
    0
    0
   17
   52
   47
    2
   67
   18
    0
    2
    2
    0
    0
    0
    9
    9
   20
   28
    0
    0
    0
    0
   31
    8
  159
    5
    0
    0
    0
    0
   24
    0
   18
   17
   23
    8
    0
   10
    0
    0
    0
    0
    0
    0
    0
    0
    0
   19
   51
   11
    0
    0
    0
    0
   37
  103
    0
    0
    0
   31
    0
    3
    0
  165
    0
    0
    0
    0
    0
   72
   79
   23
   30
    0
    0
   27
   85
    0
    0
    3
   10
    0
    0
    0
    0
    0
    0
    0
    0
    0
    0
    0
    0
   32
   75
   10
    0
    0
    2
    0
   19
   77
    0
   35
   10
    0
   11
    9
   17
    0
    0
    0
    0
    7
   27
    0
    0
    0
    0
    0
    0
    0
    0
    0
    0
   40
    4
   32
   66
   58
  312
   35
    0
   72
    0
   62
    0
    0
    0
    0
    0
   72
    3
    0
    0
    0
    0
    0
    0
    0
    0
    0
    0
    0
    0
   19
    2
    0
    0
    0
    2
    0
    0
    4
    1
    4
    0
    3
    0
   85
   96
    0
    0
    0
    0
    0
    1
   71
    5
    0
    0
    6
    0
    0
   87
   19
    0
    0
    0
    0
    0
    0
    0
    0
    0
    0
    0
    0
    0
    0
    0
   17
    4
   52
   21
    0
    0
    0
    0
    0
   33
   53
  133
   22
    2
   25
   34
   56
    0
    0
    0
    0
    2
    0
    0
   11
    4
   36
   18
    0
    0
    0
    0
    0
    0
    3
    3
    0
    0
    7
   15
   30
    0
    0
    0
    0
    0
    0
  138
    7
    0
    0
    0
    0
    0
    0
    0
    0
    0
    0
    0
    6
    1
    2
    7
  238
   11
    5
    0
  139
   69
    0
    8
   92
   32
   47
   49
   12
    0
    0
    0
    0
    5
   71
   17
    2
    0
   61
    9
    0
   36
    3
   21
    0
    0
    0
    7
   47
    3
   41
   84
   31
   71
   15
    0
    0
    0
    0
    0
   31
   60
    0
    0
   52
   22
    9
    2
   18
   30
    0
    0
    0
   18
    0
    0
    0
    0
   33
    0
    0
    0
    0
   17
    0
    0
    0
    0
    0
    6
    0
    0
   70
    0
    0
    0
    0
    0
   71
    6
   26
    2
    0
    0
   34
    6
   52
   40
   67
   31
  117
   58
   81
    0
    0
    0
    0
    3
    0
    9
  118
   31
    0
   34
    0
    0
    0
    0
    0
    0
    0
    1
    0
    0
    0
    0
   25
   59
   29
    0
    0
    0
   20
   33
    6
    0
   29
   14
    0
    0
    1
    7
   39
    3
    0
    0
   58
    0
    0
    3
   19
    0
    0
    0
    0
    0
    0
   53
    0
    4
    3
    1
    0
    0
    0
    0
    0
    0
    0
    0
    0
    0
    0
    0
    0
   23
   33
    0
    0
    0
   14
    0
    0
    0
    0
  295
   11
   34
   26
    0
    0
    0
    0
    0
    0
    0
    9
   15
  185
    0
    0
    2
   13
   11
    0
    0
    0
   87
   17
   62
   27
    2
    0
    4
    0
    0
   51
    0
    0
    8
   18
   58
    0
    0
   65
   59
    0
   51
   44
  128
    0
    0
    8
    0
    0
    0
    0
   20
    0
    5
   33
    0
    0
  223
   63
    9
   24
    0
    0
   42
    0
   11
    0
    0
    0
    0
    0
    0
    0
   32
    6
    0
    0
    0
    0
    0
    0
    0
   29
   49
   76
   21
    2
  191
   33
   48
   32
   16
   19
    0
    0
   84
    8
   41
   11
    0
    0
   16
   38
    2
  192
    0
  147
  135
  113
   64
    3
    0
    0
    0
    0
    0
    0
    0
    0
    3
    0
    0
    0
   12
   35
   10
    0
    0
    0
   25
   25
    1
   32
   20
   33
    9
   10
    0
    0
   65
    2
    0
    9
    3
    0
   29
   76
   20
   11
   76
  254
    4
   66
   40
  173
   11
   30
   10
   25
    2
    0
    6
   65
   71
    1
    0
    2
   38
    1
    7
   16
    0
    1
    0
    0
    0
    0
    0
    0
    1
    3
    0
    0
    0
    0
    0
    0
   20
   63
   43
   10
    0
    0
    0
    0
   72
   31
   68
   40
    4
    0
   20
    2
    0
    0
    0
    0
    0
    0
    0
    0
    0
    0
    0
    0
