Station: Niederstriegis , scaling_factor: 10.0, latitude:  51.0802, longitude:  13.1486, altitude:  198, nodata_value: -9
start: ..1969-01-01  end: ..2003-12-31
  103
   84
    3
    0
    0
    0
    0
    0
    0
    0
    0
    0
    2
    0
    2
    0
    5
    4
    1
    0
    0
   68
   22
   20
   42
    0
    0
   12
   10
    5
   29
    0
   25
    0
   15
    0
    0
   17
    0
   19
    1
    0
    2
   13
    0
  218
   28
    0
    0
    0
    0
    0
    0
    0
    3
    1
    0
    0
    0
    0
    0
    0
    0
    0
    0
    0
    0
    0
    0
   42
   96
  108
    0
   65
    8
    4
    0
    0
    0
    0
    0
    0
   13
   19
    1
   17
   37
    0
   89
   98
   20
    1
    0
    0
    0
    0
    0
    0
    0
    3
  115
   81
    0
   10
   72
   40
   58
   32
    1
    0
    0
  101
   29
    9
   15
    1
  144
    2
   44
   70
    2
    1
   91
    0
    0
    0
    6
    0
    1
    3
    2
    0
    0
    0
    0
   10
    0
    2
    0
   34
    2
    0
    0
    0
   19
   96
    0
    4
    0
   75
    0
   41
   20
  128
    0
   65
    1
    0
    0
    0
    0
    0
    0
    0
   59
    0
   46
    0
    0
  402
   54
    0
    0
    0
  161
    0
   24
   17
   22
  111
    0
    0
    0
    0
    0
    0
   15
    0
    5
   37
   35
    8
    3
    0
    0
    0
    0
    0
    0
    0
    0
   15
    0
    0
    0
    0
    0
    0
    0
    0
    0
    0
    0
    0
    0
    0
    0
    0
   28
    0
    0
    0
    0
    5
   46
  168
    2
    7
   58
    0
    0
   44
   18
    0
    0
    0
    0
    3
   10
   13
  130
  132
    0
    0
    0
    0
    0
    0
    0
    0
    0
    0
    0
    0
    0
    0
    0
    0
    5
   22
    0
    0
    0
    2
   20
    0
    0
    0
    0
   32
    0
    0
    0
   11
   23
   13
    0
    0
    0
    0
    0
    0
    0
    0
    0
    0
    0
    0
    0
    0
    0
    0
    0
    0
    0
   23
   22
   30
    3
    0
    0
    0
   44
   34
    0
    0
    0
   54
    0
    0
   24
   43
    8
    0
    0
    0
    0
    0
    0
    0
    0
   14
   16
    6
    0
    0
    0
   63
    5
  113
    5
    2
    0
    0
    0
    2
   55
    0
    0
    0
    0
    0
    0
    0
    0
    0
    0
    0
   65
    5
    4
   42
    4
    0
    0
    0
   11
    0
    4
    0
    0
    0
   40
    0
   19
   11
   16
   22
   20
   76
    0
    3
    0
    0
    0
    0
    0
    0
    0
    0
   33
    0
    0
    0
    0
    0
    0
    0
    0
    0
    6
   90
   20
    0
    0
    2
    0
  145
   11
   14
   12
   13
    2
   20
   34
   38
    0
    0
   19
    0
    0
   17
    6
   22
   12
   47
   10
  195
   98
   57
   14
   49
   35
   18
   48
   73
    0
  179
  138
    0
    0
    0
    0
    0
    0
    0
    0
    0
   14
    5
   33
   34
   15
   40
    3
    0
    0
    0
   14
    0
   18
   98
    0
   18
   62
    3
    0
    4
    3
    7
   12
    5
    0
  202
   16
   45
    2
   94
    0
    0
   48
    0
    9
   68
   40
   37
   14
   25
   20
   20
   15
   11
    4
   54
   91
   43
   19
    7
    0
    0
    0
    0
    0
    0
    0
   44
   42
    2
    0
    0
    1
    0
    0
   34
   35
   17
   37
    2
    0
    4
   93
   79
   79
   28
   84
   35
   22
    0
    0
   95
   15
    0
    0
    0
    0
  271
   26
    0
    0
    0
    0
  115
    0
    0
    0
    0
    0
   75
   10
    7
   10
    0
    0
   52
   21
    0
   24
    5
   25
    0
    0
    0
    0
   65
   59
    0
    0
    0
    0
   40
   26
   51
   48
    0
   36
    8
   47
    0
    0
   75
   27
   26
    4
    0
    2
    0
   33
  446
    1
    0
    0
   38
    0
    5
   40
    0
   13
    0
    0
    0
   69
    0
   26
   17
    0
    0
   52
  168
   42
   13
    5
    0
    0
    0
    0
    0
    0
    0
    7
    0
   18
   23
    0
   14
    0
    2
    0
    0
   32
    3
   17
    0
    0
    1
    0
    0
    0
    0
    4
    0
    0
    0
   34
    0
    0
    0
    0
   42
   54
  165
  129
   75
    2
    0
    0
    0
    0
    0
    0
    0
    0
    0
    0
    0
    0
    0
   26
    1
   72
   96
   10
   56
    1
   36
    6
  136
    0
   26
    7
    0
  183
   26
    9
   91
   96
    0
    4
   27
   46
   48
    2
   12
   42
    0
    3
    9
   26
    0
    0
   25
    0
    0
    0
    0
    0
    0
    0
   17
    1
   37
   23
   72
   56
    3
    1
    8
    0
    8
    2
    0
    0
    1
    1
    2
    0
    5
    2
    0
   17
    9
    3
   18
   22
    0
    8
    0
   23
    0
  133
    0
    0
    0
    0
    0
    0
    0
    0
    0
    0
    0
    0
    0
    0
    0
    6
    2
    0
    0
    4
    2
    0
    0
   42
    2
    0
   30
   36
    8
    0
    0
    0
   12
    0
   21
    0
   15
    2
   13
   34
    1
    0
    0
    6
   25
    0
    0
    0
    2
    0
   60
    0
    6
   83
   33
   66
   64
   14
    7
   53
   11
    1
    5
   34
    5
    0
    2
    0
   26
   14
    0
    0
    0
    0
   10
    2
    0
    0
   12
    0
    0
   14
    0
   15
   10
   11
    0
    0
    0
    2
   24
    0
    0
    0
    0
   36
    1
    0
    0
    0
    0
    0
    0
    0
    0
    0
    0
  112
    0
    0
   58
    0
    0
    2
  162
   46
   38
    8
    4
    0
    0
    0
    0
    0
    0
    0
    0
    0
    0
   23
    0
    0
    0
    0
    0
    0
    0
    0
   25
    0
    0
    0
    0
   13
    1
    0
  237
    0
   19
    4
    1
    2
    0
    8
    0
    0
  115
  113
    4
    0
   89
  136
   20
    9
   54
    0
   30
   18
    6
   41
   40
   26
    2
   22
    0
    0
    0
  192
    4
   56
   91
  161
    0
   52
    0
    0
    0
    0
    0
    0
    0
    0
    0
    0
    0
   14
    0
    0
    0
    0
    0
    0
    0
    0
    0
    0
    0
    0
    0
    0
    1
    0
    0
    0
    0
    0
    0
    0
    0
   11
    0
    0
    0
    0
    0
    0
   50
    0
    0
    0
    0
    0
    0
  193
   84
   36
    0
    2
    7
   34
    0
    0
    0
   73
    0
    0
    0
    0
    0
    0
    0
    0
  173
   45
    0
   12
    0
   15
   45
    0
    0
   73
    0
    0
    0
    0
   12
   45
   39
    0
    0
  130
   11
    0
    0
    0
    0
   14
    0
    0
    0
    0
    0
    0
    0
    0
   44
  165
    6
    0
    0
    0
    0
   24
    1
    0
    0
    0
    0
    0
    0
    0
    0
    0
    0
    0
    2
    1
    0
    0
    0
    0
    4
   18
  121
    1
    1
    0
   43
   23
   79
   41
  298
    5
    0
   33
    0
   47
   13
    0
    1
    0
    0
    0
    0
    1
    1
    1
   11
   22
   14
   18
    0
   60
   84
   35
   38
    2
    0
    0
    0
    0
    0
   45
   91
    2
   43
   18
    1
    0
    0
    0
   26
    1
    0
    0
    0
    0
    0
    0
   38
    0
    0
    0
   11
    0
    0
    0
    0
    0
    0
    0
    0
    0
    0
    0
   35
    4
    0
    0
    0
    1
    5
    0
   11
    5
   35
    0
    0
    0
    0
    0
    0
    0
    0
    0
   16
    7
    0
    0
    0
    0
    0
    0
    0
    0
    0
    0
    0
    0
    0
    9
    0
    0
    0
    0
    0
    0
    0
    0
    0
    0
    1
    0
    0
   74
    0
    0
    0
    0
    0
    0
    0
    0
    0
    0
    0
    0
    0
    0
    0
    1
   95
   10
    6
    1
   81
   52
   45
   55
   15
    1
   19
   25
    3
    0
    0
   13
    0
    0
    0
    1
    0
    1
   22
   36
    0
    8
    0
    1
    3
    0
    7
   18
   25
    0
    0
    0
    0
   14
    3
    0
    0
    1
    0
   10
   28
  115
   23
    1
   18
   33
   93
    0
   43
   41
    1
   45
    0
    0
    0
   75
   49
   16
   61
   16
   39
    0
    0
   41
    0
    0
    0
   30
   92
    0
    0
   57
   99
  185
    0
    0
    0
    0
    0
    0
   30
    0
    0
    1
   71
    0
    0
    0
    0
    0
    1
   54
    0
    0
    7
    0
    0
    0
    4
    0
   10
  124
    0
    0
    0
    0
    0
    0
    0
    0
    0
    0
    0
  132
    9
    0
   12
    1
    0
    0
   42
   90
   19
   10
  117
    8
    0
    2
    0
    0
    0
    2
    0
  155
    0
    0
    0
  241
   14
    0
  128
    0
    0
    3
   36
    0
    0
    0
    1
    0
    0
    0
    0
    0
   90
    0
    0
    0
    0
    0
    0
   30
    0
   59
   13
    0
    5
    0
    0
    0
   21
    0
    0
    0
    0
   39
   31
    5
   17
   16
   47
   22
    0
    0
    0
    0
    0
    0
    0
    0
    0
    0
    0
    0
    0
    0
    0
    0
    0
    0
    0
    0
   28
   70
   53
  103
   53
    0
    0
    0
    1
  136
    5
    0
    0
    0
    0
    0
    0
    2
    2
    0
   21
    7
   58
   66
   50
    0
    2
   26
    0
   98
    2
    2
    0
    1
    1
    9
   51
    0
    0
    0
    0
    0
    0
    0
    0
    2
    0
    0
    0
   12
    8
    0
    0
    0
    0
    0
    0
    0
    0
    0
    5
    7
    0
    0
    0
    0
    0
    0
    0
    0
    0
    0
    0
    0
    0
    0
    2
    0
    6
    0
    2
    2
    1
    1
    0
    0
    0
    0
   44
    3
    0
    0
    1
    0
    0
    0
    0
    0
    0
   26
   79
   19
   27
    9
    7
   36
    0
    0
    0
    1
    0
    1
    2
   13
    3
   13
   14
    0
    0
    0
    0
    5
   41
    0
   27
   70
   30
   66
   46
    5
   18
    2
    0
    0
   30
   75
    5
    0
    2
   18
   24
    3
    0
    6
    2
    0
    0
    0
    0
   20
   79
   52
    1
    0
    0
    0
    0
    0
    0
    0
    8
    0
    0
    0
   25
   42
   35
    0
    6
    2
    2
    0
   52
  293
   19
   66
    0
    0
    0
   24
   89
   49
   18
    1
   46
    1
    0
    0
    0
    0
    0
   20
    1
    0
   29
  302
   19
   10
   31
    1
    0
   18
   20
    5
    0
    0
    0
   61
    3
    0
    0
    0
    0
    0
  118
    0
    0
   29
    6
   13
    0
    0
    0
   28
    0
   62
    2
    0
    0
    0
   13
   12
  412
    1
   20
    0
    0
   63
    1
    2
    0
   18
    0
    0
    0
    0
    0
   14
   19
    0
    0
    0
    2
  103
    0
    0
    0
    0
    0
    0
    0
   88
    0
    0
    0
   30
   11
   12
    0
  103
   45
   62
    0
   34
   50
    0
   39
   85
   50
   19
  238
   53
  140
    0
    0
    0
    0
    0
    0
  141
    0
    0
   88
    5
    0
    0
    1
    0
    0
    0
    0
    0
    0
    0
  121
    8
   13
    0
    0
    0
    0
    0
    0
    0
    0
  141
   16
    0
   93
    0
    0
    0
    0
    0
    0
   30
    7
    0
    1
    0
    0
    0
   18
    1
    0
    7
    0
    1
    0
    0
   77
    0
    0
    0
    0
   11
    0
    0
    0
    0
    0
    0
    0
    0
    0
   22
    2
  157
    0
    0
   32
   27
   55
   26
    3
  125
   88
  156
   20
  113
    0
    0
    0
    0
    0
    0
   18
    0
    0
    0
    0
    0
   50
    1
    1
   22
    0
    0
    0
   16
  143
   67
   20
   27
    5
    0
   23
    0
    0
    0
    0
   38
   10
   43
   23
   10
   24
    0
   10
    0
   40
   37
   10
   37
   76
   70
   15
    0
   20
    0
   46
   51
   72
   41
    3
    0
    0
    0
    0
    0
    0
    0
    3
    4
    0
    0
    0
    2
    2
   34
    0
    0
    0
    0
   41
   47
    0
    0
    0
    5
    0
    0
    3
    5
    0
   10
  111
    2
    0
    0
   25
    3
   27
    0
    0
    1
    0
    3
    0
    0
    0
    0
    2
    0
    4
   43
   97
   53
    7
    0
    0
    4
    0
    1
    0
    0
    1
    7
  137
    0
   13
  107
  121
   11
   12
    0
    0
    0
    0
    0
    0
    0
   17
    0
    0
    0
    0
    0
    0
    0
    0
    5
    0
    0
   56
   53
    1
    0
    0
    0
    0
    0
    0
    0
    0
    0
   32
    0
    0
    0
    0
    0
    0
    0
    0
    0
    0
    0
    0
    0
    0
    0
    0
   90
   60
   16
    0
    0
    0
    6
    2
    0
    1
    0
    0
    0
   27
    0
    0
    0
    0
    0
   33
  113
   93
   26
    0
    3
    0
  123
   40
   21
   68
    1
   23
   10
    0
    0
    0
   79
  124
    1
    0
    0
    0
    0
    0
    0
    3
   32
   25
    0
   15
    0
    0
    4
   10
   43
   25
    1
   27
   55
  142
   66
    0
    0
    0
   55
    2
   15
    0
    0
    2
    0
    0
   59
   67
    7
    6
   75
   36
   25
   30
   20
    1
  204
   20
    1
   93
    3
   78
    0
    6
   10
    0
    0
    0
   47
    0
   79
    0
    0
    3
   55
    7
    6
    0
    0
    0
    0
    0
   96
   38
    0
   19
   11
    0
    0
    1
    0
    2
    8
    4
    0
    0
    0
    0
  107
   65
   35
   43
    1
    0
    0
    0
    0
    0
    8
    0
    0
    0
    0
    0
    0
   35
    1
    0
   64
    0
    0
   84
    0
    0
    0
    2
    0
    0
    0
    0
   90
    0
    0
    0
    0
    0
    1
   12
   69
    0
  115
    8
    0
   28
   12
   37
    0
    0
    0
    2
    4
   32
    6
    0
    0
    0
    6
   12
  279
   11
    0
    5
  145
  163
  428
   70
   46
   82
   11
   43
   85
    0
    0
    9
  248
   44
    0
    0
    0
    0
    0
    0
    0
    2
    0
    0
    0
    0
    0
    0
    0
   10
   20
    0
    0
   66
    2
   11
   11
   18
   60
   60
   42
   16
   26
   36
    6
    9
   51
  160
  206
   61
   30
   22
   23
   43
    9
    5
   34
   26
   76
   32
   16
    0
    0
    1
   10
    0
   28
   60
   12
   93
   69
  127
   84
   40
    0
    0
    0
    5
   14
   54
    5
    0
    0
    0
    0
    1
    0
    0
    0
    0
    0
    0
    0
    3
   33
    9
    0
   38
    0
   30
   60
    5
    4
    1
   12
   51
    0
    0
    0
    0
    0
    0
    0
    0
   10
    0
   25
   30
    0
    0
    3
   18
   59
    0
    0
    0
    0
    0
    0
    0
    0
    0
    0
    0
    0
    0
    0
    0
    3
    0
    0
    0
    0
   40
    1
   51
    8
   32
    0
    3
   18
  162
    0
    0
    0
   25
   77
   65
   17
    3
    1
    0
    0
    0
    3
    3
   39
    9
   36
    0
    0
    0
    0
    2
   48
    7
  130
  178
   32
   65
    0
    0
   11
    0
    0
    0
    0
   18
    0
    0
    0
    0
    1
    0
   24
   84
    0
    0
    0
    0
  175
   22
    2
   57
    8
    0
    0
    0
    0
    1
   24
    0
    0
    0
    0
    0
    0
   12
    0
    0
    0
    0
   18
    0
    0
    0
    0
    0
    0
    0
    0
   10
  131
   30
    1
    0
    6
    0
    2
    4
    0
  174
   97
   21
   49
  188
    0
  102
    0
    0
    0
    0
    0
   60
  116
    0
    0
    0
    0
    0
    0
    0
    2
    3
    0
    1
    0
    0
    0
    6
    0
  299
   85
   22
    0
    8
    0
    0
    8
    0
    0
    0
    0
    0
    0
    3
    0
    0
    0
    0
    0
    0
    0
    0
    0
    0
    0
    0
    0
    1
    0
   74
  131
    0
    0
    0
  612
   54
  163
  136
    2
    0
    0
    0
    0
    0
    0
    0
    0
   49
    0
    0
    0
    0
    0
    0
  427
   33
    8
    1
    0
    0
    0
    0
    1
    0
    2
    0
    0
    0
    0
   14
    0
    0
    0
    0
    0
    0
    5
   24
   52
    0
   17
   22
   34
    2
    0
    0
   23
    0
    0
    0
   25
   39
   41
   30
   85
    5
    0
    0
    5
    0
    0
    0
    0
    0
    0
    0
    0
    0
    0
    0
    0
    0
    0
   15
    0
    0
    0
    1
   34
   10
    0
    0
   71
   54
   69
   74
    0
    0
    0
    0
    0
    0
    0
   57
   10
    0
   31
   10
   10
   11
    7
    8
    1
   12
    0
    0
    0
   23
    0
    0
    0
    0
   12
    0
    7
    0
    0
    0
   30
   88
   55
    0
    0
    0
    0
   54
   92
   47
   43
   17
   26
   49
    0
    0
   18
  162
  109
  119
  102
  115
   10
   21
    5
   23
   40
   45
   50
   72
   42
   12
    5
    0
    0
    5
    5
    0
    0
    0
    0
    0
    0
    0
    0
    0
    0
    0
   47
    0
    0
   14
   17
   22
    0
    0
    0
    0
    0
    0
    0
    3
    2
    0
    0
    0
    0
    2
    0
    4
    0
    0
    0
    1
    2
    0
    0
    0
    0
    0
    4
    0
    0
    2
    7
   17
   70
    0
    1
   12
    0
    0
   22
   32
    0
    0
   27
   32
    0
    0
    0
    0
   27
    0
    0
   13
    0
    0
    0
    0
    0
    0
    0
   25
    5
    0
    0
    0
    0
    4
    2
   50
   23
   26
    0
   16
    0
    0
    0
    0
    0
   41
    0
    0
    0
    0
    0
    0
    0
    0
    5
    0
    0
    0
    0
    0
    0
    4
  157
   65
   10
    0
    0
    0
    3
   23
   17
   35
   42
  118
    0
   53
    1
   55
    0
    0
    0
    0
    0
    0
    0
    0
   49
    0
   98
   33
    0
    0
    3
   15
    0
    0
    0
    0
    0
    0
    0
    0
    0
    0
    0
    0
    0
    0
    0
    0
    0
    0
  132
    0
    0
   70
    0
    0
    0
    0
   12
    0
    0
    0
    0
    0
    0
    0
   12
    0
    0
    0
    0
    0
   61
   26
   30
  101
    1
    0
    0
    0
    0
    0
    5
    0
    3
    0
    0
    0
    0
   25
   18
    1
   42
    0
    0
    0
    0
    0
    0
    9
    0
    0
   15
    1
    0
   33
    0
    6
    0
    0
    0
    0
   21
    0
    0
    0
    0
   59
    0
    2
    0
   21
    1
    0
    0
    0
    0
    3
    0
    0
   16
   15
    9
    1
    0
    0
   32
    0
    0
    0
    0
    0
    0
    0
    0
    0
    2
    1
    3
   41
  111
    0
    0
    0
    0
    0
    0
    0
    0
    0
    0
    0
    0
   32
    9
    0
    1
   10
    0
    0
    0
  118
    0
    0
    0
    1
    0
   27
   69
   48
   20
    0
   10
   12
    0
    8
   86
   53
  143
   17
    0
    4
    1
    0
    0
   24
    3
    1
    0
    0
    3
   47
    1
    0
    5
   56
   84
   19
   44
    4
    0
    1
    0
    0
    0
    0
    0
    0
   16
   17
    0
    0
   10
    0
    0
    0
   33
    0
    0
    0
    1
    0
   22
   29
    3
    0
   24
    0
    0
    0
    0
    0
    0
    0
   10
    0
    0
    0
    5
    0
   61
    0
    0
    0
  101
    1
    0
    0
    0
    0
    0
   14
   41
   47
   41
    1
    0
    1
    0
    0
    0
    0
    0
    2
    2
   39
   51
   13
    0
    0
    0
    9
   45
    1
    3
    0
   23
    3
    5
    0
    0
    0
   64
    0
    0
    0
   91
    1
    2
   34
    0
    0
   77
   28
    8
    1
    0
    0
    0
    0
   37
   65
   40
    2
    0
    0
    9
    0
   22
    2
   11
   21
   17
    3
    2
  110
    6
    4
  117
   40
   60
    0
    0
    0
    0
    0
   11
    5
   41
   14
    0
   15
   13
    1
   79
    8
    0
    0
    0
    0
  129
    0
    0
    3
    0
    0
    0
   93
    0
    0
    4
    0
    0
    0
   31
   46
    6
    0
    0
    0
    0
    0
    0
    0
    0
    0
    2
    0
    2
   70
    4
   51
   12
   12
    3
   48
   21
    8
    0
    0
   80
  166
   32
    0
  143
  332
    0
    0
    0
    0
    0
   52
    0
    0
    0
   18
    0
    0
    0
    0
    0
    0
  168
   26
   28
   51
   28
    0
    0
  250
    0
   10
    0
    8
   21
   11
    0
    0
    0
    0
  170
  165
    0
    0
    0
    0
    0
   91
    0
    0
    0
   42
    0
    0
    0
    0
   75
  551
   76
   31
    1
    1
    2
    0
    1
   63
    0
   65
   85
  134
    0
    0
    0
   10
   67
    0
    0
    0
    0
  268
    1
  339
    0
    0
    0
    8
  137
   36
    0
    0
    0
    0
   44
    0
    0
    0
    0
    0
    0
   22
   29
    0
    0
    0
    0
    0
   14
    0
    0
   42
   21
    0
   12
   27
    0
    0
    0
    0
   61
    0
    0
    0
    0
    0
    0
    0
    0
    0
    0
    0
    0
    0
   48
   14
    0
    0
   11
   31
    0
   13
   63
   80
  113
   15
    0
    0
    0
    0
  235
    0
    0
  125
    0
   43
    0
    9
    0
   40
    2
    0
   12
   18
    0
    5
   95
   26
    5
    2
    0
   12
    0
   30
    0
    0
    3
    2
    0
    0
    0
    0
    0
   75
    2
   22
    0
    1
    0
    0
    0
    0
    0
    0
   10
    7
   31
   10
   38
    9
   37
   46
    7
    0
    0
   33
   55
    2
    5
    0
    0
    8
    0
    0
    0
    0
    0
    0
    0
    0
    3
    0
    0
    0
    0
    0
   57
   57
   12
    1
    7
    0
    0
   14
    1
   20
    5
    3
    0
    0
    4
   19
    4
    0
   37
    0
    0
    4
    0
    0
    0
    0
    0
    0
   12
    1
    0
    1
    0
    1
    0
    0
    0
    0
    0
    0
   20
    0
    0
   80
    0
    0
    0
    0
   39
    0
    9
   19
   37
   23
    1
   40
    0
   23
   12
   24
   40
    0
   24
    0
    0
    0
    0
    0
   13
   20
    2
    0
    0
    0
    0
    0
    1
   38
    0
    0
    0
    0
    4
    0
    0
    0
    0
   13
    2
    0
    0
    0
    0
    4
    0
   12
    0
   81
  121
    0
    0
    0
   74
  590
  233
    6
   22
   10
   44
    0
    0
    0
   32
    0
    0
   72
   10
    0
    0
  182
   39
    0
    0
    0
    0
    0
    0
    0
    0
    0
    7
   16
    0
    0
    0
    0
   54
    0
    0
    4
   50
   15
    0
    3
    0
    0
    0
    0
    0
   10
    4
    0
    0
   27
   34
    0
    0
    3
    0
   42
   21
   28
   28
   16
   18
   70
   67
   14
    0
   19
    0
    0
    0
    0
    0
   47
   17
   70
    7
    0
    0
    0
    0
    0
    0
    0
    0
    0
    0
    0
    2
    3
    0
    0
    0
  475
  698
   39
   30
   10
    0
    0
    0
    7
    0
   17
    1
    0
    0
    0
    0
   10
    0
    2
   21
   56
    0
   33
  106
    7
   65
  127
    6
    0
    0
   24
    9
    0
   25
   13
  148
   61
    0
    0
    0
    0
    0
    0
   60
   61
   10
  177
   35
    1
   15
   96
    2
   17
   75
    0
    0
   17
  100
  262
   40
    2
    0
    0
    0
    0
    0
    0
    0
    0
    0
   24
   14
    0
    0
    0
   30
   73
    1
    0
  105
    0
    9
    0
    0
    0
    0
    0
    0
    0
    0
    0
    2
    0
    0
    0
    0
    0
    0
    0
    0
    0
    0
    0
    0
    0
    0
    0
    0
    0
    0
   36
    6
    0
    0
   22
  198
   51
    0
    1
    0
    0
    0
    0
   59
   66
    0
    0
   36
   25
   25
   65
    3
    1
    0
    0
    0
    0
    0
    0
   26
   22
   21
   12
   51
   14
  240
   58
   51
   16
   19
   10
    5
   11
   33
   12
   18
    0
    4
   89
   10
   25
   30
  101
    0
    0
    0
    0
    0
    0
   27
    7
    0
    0
   44
    5
    0
   15
   17
   47
   39
    0
    0
    6
    0
   10
    1
    0
    0
   11
   62
   36
   30
    0
   11
    5
    0
    0
    0
    0
    0
    3
    3
    0
    0
    0
    0
    5
    0
    0
   78
    0
    0
    0
    0
   67
    0
   51
   11
   25
   45
    0
   73
    0
   25
    0
   28
    0
    0
   15
    0
   12
   26
    0
    0
   42
  150
    4
    0
    4
    0
  213
   19
  129
  109
    0
    0
    0
    0
    0
    0
    0
    0
    0
   11
    0
    0
    0
    1
   44
   24
   10
    0
    0
    4
    0
   52
   39
   10
   13
    0
   38
    0
   40
    0
    0
    0
    0
   24
    0
    0
    0
    0
    0
   18
   15
    0
    0
    0
    0
    0
    2
    0
    0
   98
    0
    0
    0
    0
    0
    0
    0
    0
    5
  643
   30
  100
    0
    0
    0
   55
    0
    0
  137
   66
    0
    0
    0
    0
    0
    0
    0
   13
    0
    0
  123
   37
    3
    1
   21
    0
    1
    0
    0
    0
  142
   20
   82
    0
    0
    0
    0
    0
   25
   40
   95
    0
   26
    0
    0
    5
    6
   56
   80
   83
   45
    0
   92
    0
    0
  130
    4
    0
    0
    0
    0
    0
    0
    0
  136
    0
    0
    0
    0
    0
    0
    0
    0
    0
    5
   24
   14
  156
    0
   36
   29
    5
    0
    0
    0
    0
    0
    5
   77
    0
    0
    0
    0
   60
    4
    0
    0
    0
    0
    0
   35
    0
    0
    4
    0
  159
  111
  251
   80
   75
    2
    0
    7
    0
    0
    0
    0
    0
    0
    0
    0
    0
    0
    0
    0
    0
    0
    0
    0
    0
    0
    0
   13
   26
    0
    0
    0
    0
    0
    0
    0
    0
    0
    0
    0
    0
   23
   32
   30
    0
   81
   88
    0
   25
  155
    0
    0
    0
   18
   27
    4
    0
    0
    7
   72
   17
   55
    7
    0
    0
    0
    0
    5
    4
    0
    0
    0
   44
    0
    0
    0
   22
    0
   38
   10
   26
  226
  102
    4
   20
   50
  100
   73
    0
    0
    0
   77
    0
    0
    0
    0
    0
    0
    0
    8
   40
   32
   35
   37
   37
   37
    1
   18
   32
   39
    0
    0
    3
    0
    0
    0
    0
    0
    0
    0
    0
    0
    0
    3
    0
    6
    0
   36
   36
    4
    0
    0
   28
   80
   49
   49
   77
   26
  150
   30
    0
    0
    0
   27
   22
   18
    0
    0
    0
   12
    0
    0
    0
    0
    0
    0
    0
    0
    0
    0
    0
   30
   15
    8
    8
   25
    5
    0
    0
    0
   81
   72
    1
    0
    0
    0
    0
    0
    0
    0
   18
  110
    0
    0
    0
    0
    3
    3
    4
   10
    0
    0
   70
    0
   77
  211
  143
    0
    0
    0
    0
   51
   89
    9
    4
    0
    0
    0
    0
    0
    0
   18
   34
   10
    0
   45
  533
  242
    9
   33
   24
    0
    0
    0
    0
    0
    0
    0
    0
    0
    0
   53
    0
    0
    0
    0
    0
    0
    0
    0
    0
    0
    0
    0
    0
    0
    0
    0
    0
    0
    0
   11
    0
    0
    0
    0
    0
   63
    0
    0
    0
    0
   24
    0
    0
   87
    0
    0
    0
   50
   10
  122
   53
    2
    0
    5
    0
    0
   27
    5
    0
   32
   43
   30
   69
   14
  115
  111
    0
   18
    0
   53
   23
   22
    0
   80
    1
   65
   19
   91
    0
    0
    0
   22
    0
  460
   68
    0
    0
    0
    0
    0
  216
    0
    4
    0
    0
    0
    0
    0
   47
    0
    0
    0
    0
    0
    6
  115
    0
    0
    0
    0
    0
    0
    0
   26
  126
   17
    0
   28
    0
    0
    0
    0
   20
   25
  186
   44
    0
    0
    0
  285
    0
    0
    0
   44
   42
   49
   15
   31
   23
   21
    2
   38
    0
    0
    0
    0
    0
    0
    0
  125
    0
    0
    0
    4
   38
   11
    0
    0
    0
    0
    0
   73
    0
    0
    0
    0
  233
  287
   23
    0
    0
    2
   19
    0
    0
    0
    0
   45
    0
    0
    0
   52
    0
   21
    4
    4
    0
    0
   13
    0
    0
  118
   74
    0
    0
    0
    0
    0
    2
   13
  103
    2
    0
    0
    7
    3
    0
    0
    0
    0
   93
    3
    0
    2
   61
    2
    1
    9
   18
    0
   53
   23
    2
    0
    0
    4
   13
    0
   48
   22
   56
    0
    0
    5
    9
    0
    0
    0
   46
    0
    8
    2
    2
    0
    0
    0
   52
   12
  176
  154
   19
   70
   41
    7
    0
    3
   45
    0
    0
    6
   57
    6
    0
   10
   22
  107
   17
   17
    0
    0
    0
    8
    4
    0
    0
    0
    0
    0
    0
    0
    8
   52
   12
   96
   25
    0
    0
   31
   12
    8
   12
    0
    0
    0
    4
    5
    3
    0
    3
    3
   14
    0
    0
    0
    0
    0
    3
    3
   21
   13
    4
    0
   31
    5
  136
  170
  151
  130
    3
   10
    0
    0
    1
    0
    0
    0
    0
    0
  107
    5
   12
   81
    0
    0
    0
    0
    0
    0
    0
    0
    0
   21
    0
    0
   23
    1
    0
    0
    0
    0
    0
    0
    0
    7
    3
    2
    0
    0
   45
   15
    0
    0
    0
  368
   23
   32
  397
    7
   13
    0
    3
   13
    0
    0
    0
    0
    0
    0
    0
    4
    8
  123
    7
   59
    0
    0
    0
    0
  241
   44
   22
   35
   53
    2
    0
    2
    0
    0
    7
    0
    0
    0
    0
    0
    0
   13
    0
    0
    0
   41
    0
    0
   77
    0
    1
   55
    3
   80
    4
    3
    1
    0
    6
    0
    0
    0
   25
    5
    0
    4
  236
    0
    0
    0
    0
    0
    0
    0
    0
  104
    0
  102
    0
   53
    4
  248
  312
   29
   69
    6
   92
   58
   26
  146
    6
    3
    0
    0
    0
    0
    0
    0
    0
    0
    0
    0
    0
   63
  280
    5
    0
    0
    0
    0
   11
   16
    0
   12
   71
    4
   25
   27
    0
   27
   11
    0
    0
    0
    0
    0
    0
    0
    0
    0
    0
    0
    0
   17
   16
    0
    0
    0
    0
    1
    0
   91
    0
    4
   10
    4
    2
   21
   53
    0
    0
    0
   22
  297
   52
    1
    0
    0
    0
    0
    4
    0
   11
    0
   20
   55
   20
   32
   43
    2
  168
    0
    0
   58
    1
    3
   78
  112
   25
    0
    0
    0
  185
   18
    3
   15
    9
   24
    0
    0
   15
   28
   55
   21
   21
   22
    8
   24
   16
  136
    0
    0
   21
    2
   45
   43
    2
   93
    0
    1
    7
    3
   66
   69
   11
    4
   38
   49
   16
   69
  141
   16
   13
   28
  188
    3
    2
   90
    0
    1
   48
   12
    4
    0
   51
   14
    0
    0
    0
    6
    3
    4
    0
    2
    0
    0
   37
    0
    5
    9
    1
   40
   76
    2
    0
    0
    7
    0
    0
    0
    0
    0
    0
    1
    0
    0
    0
    0
    0
    5
    0
    0
    0
    4
    0
   32
   61
  160
    0
    0
    0
    0
    0
    0
    4
    0
   63
    0
    0
    0
    0
    0
    0
    0
    0
    0
    0
    0
    0
    0
    2
    0
    0
    0
    0
    0
    6
   18
    0
   46
    0
    1
    0
    0
    0
    0
    6
   56
    2
    6
    0
    0
    0
    0
   15
   50
    0
    0
    0
    0
    0
    0
    0
    0
    9
    0
    0
    0
    0
    1
    0
    0
    0
    0
   16
  151
   25
   43
   25
   15
    0
    0
    0
    6
    0
    0
    0
    0
    2
    0
    0
    0
    0
   10
    0
   10
   67
   12
   39
    0
    0
   17
  182
  170
    6
    0
    7
   62
  204
    0
    0
    0
    0
    0
    0
   16
    0
    0
    0
   82
   24
    0
    0
    0
    0
   12
    0
    0
    0
    0
    0
    0
    0
    0
    0
    0
    6
    0
    0
   49
    0
   22
   26
    5
  129
    0
    7
    9
    9
   11
    0
  101
   33
   34
   58
    1
    7
    3
   37
    0
    0
  119
   21
    0
   30
    0
    0
    0
    0
    0
    0
    0
    0
   79
    0
    3
    0
    0
    0
    0
    0
    0
    0
   31
   45
    0
    0
    0
    0
    0
    0
    0
    0
    0
  128
  117
   50
    3
    0
    0
    0
    0
   15
    0
    0
    0
    0
    0
    4
   10
    0
    0
    0
    0
    0
    0
    0
    0
    0
    0
    0
    0
   20
    0
    0
    0
    3
   47
    0
    0
    0
    0
    0
    0
    0
    0
    0
    0
    0
    5
    0
   20
   15
    1
    0
    0
    0
    0
    0
    0
    0
    0
    0
    0
    0
    0
   20
   83
    0
    0
   10
   15
   32
   77
    0
   29
    0
    8
    1
   30
    0
    0
    0
    0
   10
    0
    0
    1
    0
    0
    0
    0
    0
    0
    6
    0
    0
    0
    0
    0
    0
    0
    0
    0
    0
    2
    0
   39
   56
   13
    0
    1
    0
   40
    1
    2
    0
    0
    1
   35
    7
    1
    0
    0
    0
    0
    0
   69
   37
   60
    1
   29
   75
    4
    0
    0
   63
    5
   13
   21
    1
    0
    0
    1
    0
    0
   10
    0
   65
   31
    0
    0
    0
    3
    0
  111
   59
   17
    1
   13
   18
    7
    4
    0
    2
    0
    2
   64
  116
   20
   25
   49
   36
   31
    0
    0
    0
   56
    0
   11
   62
   16
   62
   52
   28
   16
   60
    2
   32
    8
    1
    3
   27
   68
   16
  123
    1
    0
    1
    1
    0
    0
   21
    4
    0
    1
    0
    0
    0
    9
    8
    9
    1
    0
    0
    0
   16
   32
    6
    1
    0
    0
    0
    0
    0
   12
    0
    2
    0
  136
   36
    2
   27
    6
    0
   63
    2
   37
    1
    7
    0
    0
   15
  217
   11
   22
    0
   13
   24
   20
  145
    0
    5
   81
   86
   22
   42
   75
    0
    0
    0
   33
    0
    0
   12
    0
    0
    0
   15
    0
    0
   10
   10
    5
    0
   28
   29
    0
    0
   19
   20
    0
   75
    8
    3
   16
    0
    3
    0
    0
    0
   71
    0
    4
    0
   47
  103
    0
    1
    0
    0
    0
    0
    0
    0
    0
    0
    0
   34
    0
    0
    0
   68
    0
    0
    0
   63
   75
    3
    4
    7
    0
    0
    0
    0
    0
    0
    0
    0
    0
   54
    0
    0
    0
    0
    0
    0
    0
    0
    0
    0
    0
    0
    0
    0
    0
    0
    2
    0
   30
    0
   40
   54
   34
    0
    0
    0
    0
    0
    0
    0
    0
    3
    0
    0
  135
  200
  349
  718
  506
    5
    3
    0
   10
    0
    0
    8
    0
    0
    0
    3
    0
    0
    0
    0
    0
    0
    0
    0
    0
    0
    0
    0
    0
    0
    0
    0
    0
    1
    0
    0
    0
    0
    0
   14
  112
    2
    0
    0
   41
   55
    0
    0
    0
    0
  110
    3
    0
    0
   37
    0
    0
    0
    0
    0
    0
    0
    0
   15
    0
    0
    0
    0
   56
    2
    7
    0
    0
    0
    0
    0
    0
    0
    0
    3
    0
    0
    0
    0
    0
    0
    0
    0
    0
    0
    0
   13
    0
    0
    0
    0
    0
    0
    0
    0
    0
    0
    0
    0
    0
    0
   50
    0
    0
   13
    1
    1
    9
    0
    0
    8
   23
  108
   33
   63
   15
    5
   23
    0
    0
    0
    1
   34
   10
    0
   27
   41
   25
    0
    0
    0
    0
    0
   10
    0
    0
    0
    0
   38
   50
    4
   93
   80
    0
    8
    0
    0
    1
    0
   19
   18
   17
    6
    1
   35
    0
   41
    1
    0
   21
   29
   91
   24
   37
   10
    0
    0
    2
    0
   25
   52
    0
   11
    1
    0
    0
    2
   40
    0
    0
    0
   89
    3
   25
  161
   48
   61
   16
   22
    9
    0
    0
    0
    0
    0
    0
    0
    0
    0
    0
    1
   14
   80
    2
    0
    0
    0
    0
    0
    5
    0
    3
    3
    0
    4
   14
    0
    0
    0
    0
    0
    0
    0
    0
    0
    0
    0
    0
    0
    0
    0
    0
    0
    8
   11
    0
    6
    0
    0
  110
  186
   34
   62
    3
    0
    0
    3
    5
    0
   25
   19
    0
    0
    0
   38
    0
    0
    0
    0
    0
    0
    0
    0
    0
    0
    0
   32
    0
   53
    0
    0
    3
    0
    0
    1
    0
   15
    5
    4
   16
   36
   48
   19
    0
   22
    0
    0
    0
    0
    0
    0
    0
   45
   82
    0
   22
    2
    0
    0
   32
    0
    0
    0
   25
  225
   78
    3
   53
    0
    0
    0
    0
    0
    0
   27
   17
    0
    0
    0
    0
   67
    8
   82
    0
   43
    6
    2
    0
    1
   28
    0
   49
   68
    8
    6
    0
    0
    0
    0
    0
    0
    0
   20
   19
   57
   63
   66
   33
   30
    0
    0
    0
    0
    0
    0
    4
  100
   63
   22
    0
    0
  159
    0
    0
    3
   70
    0
    0
    2
  321
  239
  310
    8
    0
    0
    0
    9
    0
    0
    0
    0
    0
    0
    0
    0
  181
    0
    0
    0
    0
    0
    0
    3
    0
    0
    0
   32
  105
    0
   39
   44
    3
   60
   28
    0
    9
   31
    3
    0
    0
    0
    0
   62
   13
   41
    8
    3
   31
   49
    0
    0
    1
    0
   83
    0
    0
    1
    3
   76
    2
   57
   10
    0
    1
    0
    7
    0
    0
    0
    0
    0
    0
    0
    6
   34
    1
    5
   28
   16
    0
    1
    0
    0
    0
    0
    0
    3
    0
    0
    0
    0
    0
    0
    0
    0
    0
    0
    0
    0
   16
    4
    0
    0
   15
  245
   25
    7
   30
    7
    0
    0
    0
    0
    0
    0
    0
    0
    0
    2
    0
    0
   26
   35
    6
    2
    2
   19
    0
   17
   18
   37
    0
   78
    1
    0
    0
    0
    0
    0
    5
    5
   17
    3
    6
   13
   31
   23
   21
   11
    3
    1
    1
    1
    4
   36
   27
    7
    1
    0
    0
    0
    0
    0
    0
    0
   20
    5
    6
   28
   35
    0
    0
   48
    6
   63
  108
   60
    0
    0
   16
   27
    0
   19
   28
    2
    0
    0
    0
    4
    0
    4
    6
    1
    0
    0
   73
    2
   28
    2
    2
    1
    0
    0
    4
    1
    1
    0
    0
    0
    0
    5
    8
    4
    0
    0
    0
    1
    0
    0
  110
  287
    3
    8
    0
    0
    0
    0
    2
    3
   37
   17
    2
    7
   27
   25
   39
    0
    0
    0
    0
    0
    0
    0
    0
   39
   10
  119
   10
    0
   21
    0
    0
    0
    0
    0
    0
   28
    0
   33
    1
   48
   22
  179
   85
   26
   46
   15
    0
    0
    0
   30
   14
    0
    0
    0
    0
    0
    7
   10
    0
    0
    0
    0
    0
    0
  282
   58
    0
    0
    0
    0
    0
   10
    0
    0
    5
    0
    0
    0
   10
   11
    7
   12
    0
   29
   84
   50
   83
   51
   48
    1
  169
    0
    0
   57
   70
    7
   23
    0
    2
   71
   10
    0
    0
    0
  120
    0
    0
    0
    0
   75
    0
   42
   55
    0
    0
    0
    0
    0
    0
   57
    0
    0
    0
   10
    9
   15
    0
    0
    0
   38
    0
   44
   18
    0
   19
   11
    0
    0
    0
    0
    8
    1
    0
    0
  122
    0
   90
    0
    0
  180
  132
    6
    5
   45
    0
    0
  120
    0
   33
    6
    0
    0
    0
    0
    0
    0
    0
    0
   65
   19
    4
   43
   14
   43
    0
    0
    0
    0
    0
    0
   42
   22
   22
    0
    0
    0
    0
    5
    0
    0
    0
    0
    0
    0
    0
    0
    0
    0
    2
    0
    0
    0
    0
    6
    0
    0
    0
    0
    6
   78
    0
    6
    3
    2
    0
    0
    0
    0
    0
    0
    0
    0
    3
    0
    0
    0
    0
    0
   14
    0
    0
   50
   13
   39
    2
   72
   34
    0
    0
    0
   48
    6
    0
    0
    6
   16
   15
   88
   25
   22
    0
   29
    0
    2
   14
    0
    0
    0
    2
    0
    3
    0
   11
    3
    0
    5
    9
   70
   25
   37
    3
   15
   45
  160
   75
   45
   35
    0
    0
    0
    0
   21
   10
    8
   98
   14
    3
    0
    0
    0
   41
   43
    0
    6
    1
    5
    0
   50
   52
   54
   77
   73
   68
   60
    7
  133
   49
   22
    1
    2
   25
    8
   20
   10
   10
    0
    0
    0
    0
    3
    0
    0
    0
    0
    7
   22
    0
   80
    4
    1
    0
    0
    0
    0
    0
    0
   31
   45
    4
    0
    0
    0
    0
    0
    0
    0
    0
    0
    0
    0
   10
   35
   54
   25
   14
    9
    2
    0
    0
    0
    6
    7
    0
    0
    0
    0
    0
  135
    0
   80
   42
    0
    0
    0
    0
    0
   11
  125
    2
    0
   89
   29
    0
    0
    3
    9
   55
  125
   20
    2
    0
    2
    0
    0
   25
    1
    0
   17
    0
   10
    0
   61
   30
    7
    0
    0
    0
    0
    0
    0
    0
    0
    0
    0
   50
   16
   17
    0
   85
    0
   20
   45
    0
    0
    0
   32
    0
    0
    9
    0
    0
   12
    0
    0
   45
   23
  338
  179
   69
    0
    4
   85
   76
   80
  105
   35
    0
    0
    0
   75
   70
   32
    0
    0
    0
    0
    0
    0
    0
    0
    0
    0
    0
    0
    0
    0
    0
    0
    0
    0
    0
    0
    0
   60
   15
   78
    3
   65
   57
   24
    0
    0
    0
    0
    0
    0
    0
    0
    0
    0
    7
  130
   55
   19
   49
    0
    0
    0
    0
   11
   66
    0
    0
  110
   24
    0
    0
    0
    0
   25
   87
  158
    0
    0
   25
    0
    0
  111
  132
   10
    0
    8
   39
   90
    0
   25
    0
    8
    2
    5
   22
    1
    4
  117
   15
    0
   44
    0
    1
    0
    0
    0
  147
   10
    0
    8
   70
  103
   24
    0
    0
    0
    0
    0
    0
    0
    0
    1
    0
    0
    0
    0
    0
    0
    0
    0
    0
   40
    5
    0
    0
    0
    0
    0
    0
    0
    0
    0
    0
   21
   60
  122
  330
   54
    1
    4
    1
    0
    3
   86
    0
    0
    8
    8
    0
    0
   39
    5
    0
    0
    0
    0
    0
    0
    0
    0
   15
    0
    5
    0
   25
    3
    2
    3
    5
    0
    0
    2
    0
    0
    0
    0
    0
    1
    0
    0
    0
   28
    3
    0
    5
    7
    0
    0
    7
    2
   39
   56
   54
   37
   42
   75
   17
   68
   49
   15
    2
   67
   82
  224
  295
  176
   58
  175
   90
    3
   34
   65
   36
    5
   81
   45
    2
   20
   58
    0
    0
   13
    0
    0
    0
    0
    0
    0
   14
   93
    0
   34
   35
    3
   76
    9
    0
    0
    0
    0
    0
    0
    0
    3
   12
  121
    0
   16
    0
    0
   23
    5
   77
    0
    2
   77
    9
  114
    0
    0
    0
    0
    0
    0
   69
   82
    4
   47
    0
    0
    0
    2
    3
    1
    0
    0
    0
    0
    0
    0
   31
   69
   32
   16
    4
    8
    0
    2
   67
   14
    9
    4
    8
    4
    1
    3
    0
    0
    0
    0
   29
   95
    0
    0
    0
  275
  165
    7
    0
    0
    0
    0
    9
    0
    0
   10
   21
   43
    0
    0
    0
    0
    0
    0
    0
    0
    2
    0
  184
  208
    0
    1
   21
    4
    0
    0
   85
    0
   14
    0
    0
   15
    0
    0
    0
    0
   22
   22
  144
    8
    0
    0
    0
    8
    1
   34
   22
   48
   49
   49
   13
   10
   34
    1
    4
    9
    0
    0
    3
   35
   88
  110
   58
   20
   21
    9
    0
    6
    8
    0
   44
   58
    1
   15
    0
    1
    0
    0
    0
    0
    0
    0
    0
    0
    0
  100
    0
    0
    0
    0
    0
    0
    0
    5
  150
  260
    0
   40
   20
   40
    0
    0
   20
   30
   70
    0
   10
   75
    5
  170
   80
   43
    7
   35
   35
    0
    0
   88
   32
    0
   60
   65
   35
   18
    2
    0
  125
   25
    0
    0
    0
    1
    0
   10
    0
    0
   12
   38
    0
    0
    0
    0
    0
    0
   75
    0
  110
    0
    0
    0
    1
    0
    0
   75
    0
    0
    0
  152
    0
    0
    1
   52
  136
   87
    0
    0
    0
    0
    0
    0
    0
    0
    0
    0
    0
    4
    1
    0
    1
    0
    2
    1
    0
    2
    3
    0
  150
    0
    0
    0
    0
   30
    3
    0
    0
    0
    0
    0
    0
    0
    0
    7
   26
    1
    0
    0
    0
    0
    0
    0
    0
    6
    0
    3
    1
    0
   23
   60
   32
  172
   98
    6
    6
    0
    0
   16
   23
    8
    0
    0
    0
    0
    0
    0
    0
    0
    0
   13
    0
    0
   19
    0
    0
    0
    0
    0
  100
   49
  149
   32
   60
   11
    7
    0
    0
    0
    0
    0
   13
   11
    5
    0
   49
    0
    0
    9
    1
    0
    0
   14
    0
    0
   64
    0
    0
    0
    3
    4
   33
    0
    0
    0
    0
   31
   42
   28
    9
    0
    0
   10
    0
    0
    4
    9
    6
    0
    0
    0
    0
    0
    3
   22
    0
   28
   80
    2
    0
    0
    0
   41
   95
   91
    3
    3
    0
   53
   11
   97
    0
   21
  144
   40
   51
    5
    0
    8
    1
   41
   59
   20
   34
    1
  106
    2
   38
    0
   42
    9
    0
   20
    0
   14
   76
   56
   46
   26
   51
    8
   49
   18
    0
    0
   16
   33
    0
    0
    6
   13
    0
    0
    0
    7
    0
    0
    0
   13
    0
    0
    0
    6
   29
    0
   43
    0
    0
    0
    0
    0
    0
    0
    0
    0
    0
   22
   62
   53
    0
    0
    0
    0
    0
    0
    0
    0
    0
    0
    0
    0
    0
   37
   43
    0
   18
    0
    0
    0
    0
    0
    0
    7
    0
   84
   40
   16
    0
    0
    0
   19
   37
  198
    0
    0
    5
    0
   57
    0
    0
    0
    0
    0
    0
    0
    0
    0
    0
   38
    8
    4
    0
  192
   21
   19
    3
    0
    0
    0
   10
   11
  198
   13
   41
    7
    7
    0
   40
    0
   12
    3
   55
   25
    6
   21
    0
    0
    2
    0
    0
   62
    0
    0
   52
    0
   38
    0
    0
    0
   12
   98
    0
    0
    0
    0
    0
    0
    0
   16
    0
    0
    0
    0
    0
    0
    0
   45
    0
    0
    0
    0
    0
   67
   97
    0
    0
   24
    6
    0
    6
  107
    0
    4
  227
    0
    0
    0
    0
    0
   37
    1
    0
    0
    0
   10
   10
    2
    5
    0
    0
    0
   72
   23
   63
    0
    0
    0
    7
    0
    0
    0
    0
    0
    2
   21
    0
    0
   16
    0
   21
   22
   15
    0
   10
    1
    0
    5
    0
   31
   15
    0
    0
    8
   14
    0
    0
    0
    9
    1
   20
    1
   84
    2
    0
    0
    0
    7
    0
    0
    0
    0
    0
   80
  127
   25
    1
    0
   55
   27
   29
    5
    0
   18
   80
    7
    5
    0
   25
   29
  120
   35
   34
   34
  131
    0
   63
   16
   99
    1
   38
   73
   53
   11
    0
    0
    0
   22
  129
  376
   26
    3
    0
   83
    7
    1
    4
    0
    0
    0
    0
    0
   55
    0
    0
    0
   26
   28
   63
   29
    0
   52
    0
    4
    0
   10
    0
    0
    9
    0
    0
    0
    0
    0
    0
    0
    0
    0
    0
    0
    0
    0
    1
    0
    0
    0
    0
   17
    0
    0
    0
    0
    0
    0
   75
   14
   27
   38
    7
    0
   32
   68
   52
    0
    0
    7
    0
   20
    2
    3
   39
    0
   14
    0
   12
    0
    0
    0
   33
    0
    0
   56
    3
    0
    4
   15
   21
   16
    0
    0
    0
    6
   30
    5
  107
    0
    0
    0
    0
    0
    0
    0
    0
    0
    0
    0
   46
    0
    0
   30
    9
    0
    0
    0
    0
    5
   10
   33
    0
    0
    0
    0
  157
   81
    0
    0
    0
   47
   74
  121
    0
    0
    0
    0
    0
    0
    7
    1
    0
    0
    0
  148
   19
    8
    0
    0
    0
    0
    0
    0
    0
    0
    0
    0
    0
    0
    0
    0
    0
    0
    0
   47
    0
    3
   57
   25
    0
   40
    0
    0
    0
    0
    0
   44
    0
    0
    0
    0
    0
    0
    0
    0
    0
    0
   30
   31
    0
    0
    8
   29
    0
    0
   23
   68
   44
   16
    0
    0
    0
    0
    8
   63
    0
    0
    0
   66
   10
    0
    0
    0
  108
    0
    0
    0
    0
  242
   83
   90
    7
  312
    0
    0
   56
    6
    5
    4
   54
    0
    0
    0
   56
    0
    0
   10
    0
   21
    0
    0
    0
    0
    0
    0
    0
    0
    0
    2
    0
    0
   46
    0
  105
  158
   92
    0
    0
    0
    1
  152
    0
    0
    0
    0
    0
    0
    0
    0
    0
    0
   98
   51
    0
    0
    0
   18
    0
    0
    0
    6
    0
    0
   77
    0
    0
    0
   11
    0
   52
    0
    0
    0
   37
   71
   65
    3
    4
   11
    5
    0
   13
    9
    0
    0
    0
    0
    0
    0
    0
    0
    0
    0
    0
    0
    0
   10
  145
    7
  308
    0
   11
   50
    0
  210
  187
   13
    0
    0
    0
    0
    0
    0
    0
    0
    0
    0
    0
    0
   26
   51
   50
   13
   58
  154
   25
    0
    0
    0
    0
    0
    0
    5
    0
   12
    0
   15
    5
    0
   23
   38
   40
    8
   91
   24
    4
    0
    0
   47
    0
  133
    1
    0
    0
    0
    0
    0
    0
    0
    0
    0
    0
    0
    0
   11
    0
    0
    0
    0
    3
    2
    5
    0
    0
    0
    0
   10
    0
    0
    0
   13
    0
    4
    5
   55
    0
    0
    0
    0
    0
    0
    0
    0
   41
    0
    0
    0
    0
    0
    0
   28
    1
    0
   81
   24
  266
    0
    0
    4
    0
    0
    0
    0
    0
    0
    0
   55
    5
  115
    9
   18
    3
    0
   32
   38
    0
    0
   15
   52
    0
    0
    0
    1
    0
    0
    0
    0
    0
    4
    0
   25
    0
    8
    1
    0
    4
   29
    1
    0
    0
    0
    2
   75
    8
    0
    0
    0
    0
    0
   30
   48
    0
    0
   38
    0
    0
    0
    0
    0
    0
  124
    0
  106
  125
   47
    4
   44
    0
    0
    0
    0
    0
    0
    0
    0
    0
    0
   16
    0
    1
    0
    0
    0
    0
    0
   15
    5
    0
    0
    0
    0
    0
   19
    0
    0
    0
    0
    0
    4
    0
    0
    0
   75
    4
   19
    0
    0
   10
  195
   15
  296
    5
    6
    0
    0
    0
    0
    0
    0
    0
  234
   21
  164
   23
    0
    0
    0
    6
  134
   44
   31
    0
    0
  115
    0
   11
    8
    0
    0
   48
   33
    0
    0
    0
    0
    0
   10
    0
    0
    0
    0
    0
    0
    0
    0
    0
    0
    0
    0
    0
    0
    0
    0
    0
    0
    0
   15
   23
    0
    0
    0
    6
    0
    0
    0
    0
    0
    3
   73
   29
    0
   44
  139
   39
    4
    0
    0
    0
    0
    0
    0
   24
  200
   26
    9
    0
   82
    6
    7
    0
   60
   60
   66
   45
    6
    0
    0
    0
    0
   18
    7
    0
    0
   38
    9
    1
   47
   11
    0
    0
    0
    5
   32
    6
    0
    0
   35
    0
    0
    0
    1
    0
    0
    0
    0
    0
    0
    0
    0
    0
   27
    0
    0
    0
    0
    0
    0
    0
    0
    0
    9
   71
   39
   20
   21
   20
   41
   65
    4
    3
    0
    0
    0
    0
    1
    6
    0
    8
    1
    5
  231
   30
   43
   76
    1
   43
   27
    0
    5
   31
    1
    2
   60
    0
    0
    0
    9
  120
    4
    0
    0
    0
    0
   30
   87
   49
    7
   12
    0
   10
    0
    0
    4
   20
    8
    0
    0
    0
    0
    8
   22
    0
   48
    0
   10
    3
   51
   43
   46
    0
    0
    0
    0
    1
   38
   10
   24
    0
    0
    0
    0
    0
    0
    0
    0
   10
    2
    1
   12
    3
    4
    0
    0
    0
    0
    0
    0
    0
    0
    8
    7
    0
    0
    9
    0
   77
    8
    0
   10
    0
   54
    7
    0
    0
    0
    0
    0
    7
    3
    0
    0
    0
    0
    0
    0
    0
    0
    0
    0
    0
    0
    0
    0
    0
    0
    0
    0
    0
    6
    0
    0
    0
  117
   16
    9
    5
    0
    0
    0
    0
    0
    8
    0
    0
    0
   41
    0
    0
   28
    0
    0
    3
   33
    0
    0
    0
    0
    0
    0
    0
    4
   10
    0
  103
   22
    2
    4
    0
   24
   20
    0
    1
    0
   24
   78
    2
    3
    0
    0
    0
    6
    0
    0
    0
   29
  174
    8
    0
   46
   54
    0
    0
    0
    0
    0
    0
    0
   28
   31
   41
   35
    0
    0
    0
    0
    0
    0
    0
    3
    0
    0
    2
    3
   60
   20
    8
   42
    0
    8
    0
   62
   14
  438
    5
    0
   18
    0
   31
    0
   33
    9
   13
   16
  290
    0
    0
    0
    0
    0
    0
    0
    0
    0
    0
    0
    0
    0
    0
   27
   20
    0
    0
    0
    5
    0
    0
    7
    0
    0
   76
   28
  108
    0
    0
    0
    0
    0
    0
  232
   57
    0
    0
    0
    0
    2
    0
   21
    0
   40
    0
    0
    0
    0
   16
    0
    0
   13
    0
    0
    0
    0
    0
    0
    0
    0
   25
    0
    0
    0
    0
    0
    0
   14
    0
    0
    8
    0
    0
    0
    0
    0
    0
    4
   35
   10
    0
    1
    0
    0
   22
    0
    0
    0
    3
    0
    0
    0
    4
    5
   42
    0
    0
    0
    0
    0
    0
    0
    0
    0
    3
    0
    0
    0
    4
   53
    0
    3
    4
    0
   26
    0
   69
    0
    0
    0
    0
    0
    0
    0
    0
   13
   50
   14
   24
   16
  138
   32
    5
    0
   50
    0
   15
    8
   10
   45
   56
    0
    0
    0
    0
    0
    0
    0
    0
    0
    7
    0
    0
    0
    0
    0
    0
   27
    8
   10
    8
    7
    0
    0
    0
    0
    0
    0
    0
    0
   38
   56
  138
    0
   45
   64
   40
   16
    0
  214
   16
    0
    0
    0
    0
    0
    0
    0
   56
  149
   40
    0
    0
   27
    0
    0
    7
   10
   37
    1
   11
    2
  100
   94
    0
    0
    0
    0
    0
    0
   10
    0
    0
    0
    4
    0
    0
    0
   26
    4
  135
   29
    0
    0
    0
    9
    0
    0
   44
   13
    8
    8
    9
    9
    8
    3
    4
   51
   12
    0
    0
    0
    0
    0
    0
    0
   36
    2
    0
    0
  112
    0
    0
    0
   27
   29
   45
  211
   64
    3
    7
    0
    0
    9
    0
   52
   51
    0
  195
   16
   25
   64
   38
    3
    0
    0
   31
    0
    0
    0
    0
    0
    0
    0
    0
    0
    0
    0
    0
    0
    0
   28
    0
   50
    0
    0
    0
    0
    6
    0
    0
    3
   30
  127
   25
    0
    0
   27
    0
    0
    0
    0
    6
   29
   33
    3
   46
    0
    0
    0
    0
    0
    0
    0
    0
    0
    0
    0
    0
    0
    0
    0
    0
    0
    0
    0
    0
    0
    0
  124
    0
    0
   62
    2
   28
   57
    0
    2
    0
    0
    0
    0
   31
    0
   23
    0
    0
   23
    0
    6
    0
    0
    0
    0
    0
    0
    0
    0
   28
    0
  148
  438
   36
   25
    0
    0
   18
   77
    1
    0
   18
    0
    0
   30
    0
    0
    0
  394
   11
    0
    0
    5
    0
   41
    0
    0
    0
    4
    0
    0
    0
    0
    0
    0
    0
    0
    0
    0
    0
    0
    8
    8
    0
    0
   14
   25
   47
   81
    0
    0
   23
   13
    0
    0
    0
    0
   43
   35
  229
   55
   15
   11
   44
  154
    5
    2
    2
    0
    0
    0
    0
    0
   75
    0
    0
    0
    0
    0
    0
    0
    0
    4
   70
    0
    0
    0
    0
    0
    0
    0
    0
    0
   36
    0
    5
   24
    0
   21
    0
   10
    0
    0
    0
   25
    0
    0
   13
    0
    0
    0
   48
   12
   21
  108
   88
   21
   45
    0
    0
    0
    0
   36
    0
    8
    1
    0
   31
    0
    0
   39
   25
    4
   52
   26
   20
    0
   30
   19
   26
    0
   63
   24
   26
    0
   41
   23
   15
    9
    0
    0
    0
    8
   10
    3
    0
    0
    0
    0
    0
   19
  147
   55
   74
    3
    0
    0
    0
    0
    0
   55
   15
    0
    0
    0
    0
    0
    0
    0
    0
    0
    0
    0
    0
    0
    0
   10
   40
    5
    0
    7
    0
   73
   91
    5
    0
    0
    0
    0
   12
    0
   28
   12
  179
    6
   24
   38
   66
   11
    8
    0
    0
    0
    0
    0
    0
    0
   20
   21
    0
    0
    0
    0
    0
    0
    0
    0
    0
   33
   50
    9
   50
   96
   28
   40
   21
  127
   16
    2
    3
    0
    0
    0
   12
    4
    0
    0
    0
    0
    0
    0
    0
    0
    0
    4
    6
   13
   14
    0
    0
    0
    0
   38
   19
    1
   14
    0
    0
    0
    8
    0
    0
    0
    0
    0
    0
   20
   20
   85
   20
    2
    0
    0
    0
    0
    0
    0
    0
    1
   75
   70
    0
    0
    0
    0
    0
    0
    0
    0
    0
    0
    0
    0
    3
    0
    0
   16
    3
    0
    0
    0
    0
    0
    0
    6
    0
   14
    0
    0
    0
    0
    0
  232
   53
    0
    0
    0
  135
   25
   27
    0
   18
    6
    0
  115
   80
   25
    0
   59
    0
    0
    0
    0
  190
   20
    0
    0
   18
   29
   25
   15
    2
    0
    0
    0
   10
    3
   11
    4
   84
    0
    0
    0
    0
    0
    0
    0
  598
    0
    0
    0
    0
  114
  180
    4
    0
   14
   75
   85
   20
   13
  153
    0
    0
   10
   32
    0
    8
    3
   75
   53
    0
    0
   50
    0
    0
  105
    0
   42
    0
    0
    4
    8
  104
    0
    0
    0
    0
    0
   38
    0
    0
    0
    2
    0
   39
    0
    0
    0
    0
    0
    1
    0
   63
   44
   25
   53
   76
   58
   35
    0
    0
    0
   27
   10
   81
   37
    4
    0
    9
   60
    1
    0
    0
    0
    0
    0
    0
    1
   58
    0
    0
    0
    0
    0
    0
   14
    0
    0
    0
   34
    0
   39
    1
   36
    0
    0
    0
    0
   21
    0
    0
    0
    0
    0
    0
   85
   40
  125
    1
    0
    0
    0
    0
    0
    0
    0
    0
    0
    0
    0
   86
   36
   30
   20
    0
    0
    0
    3
   77
  181
    2
    0
    0
   28
    7
    6
   89
    0
    0
    0
    0
    0
   37
    0
    0
    0
   32
    0
   17
    0
    0
   39
   58
    0
  145
    0
   30
  125
   33
    3
    0
    0
    6
   29
  126
  177
    3
   18
    0
   62
   13
    0
    0
   18
    1
   63
    0
   49
   73
    0
   16
   16
    0
    1
    0
    0
   13
   60
   15
    5
    0
    0
   13
    0
    0
    1
    0
    2
  122
    0
   67
   39
   55
   34
    9
   39
    5
    3
    0
    0
    0
    0
    0
   18
   50
    3
   31
    7
    3
    0
    0
    0
    0
    0
    0
    0
    0
    3
   52
   55
   30
    4
    0
    0
    0
   50
   12
   92
    0
   15
    0
   51
    0
    0
    0
    0
   37
   65
  197
  453
   40
   17
   54
   68
   88
    0
   14
   48
  124
   86
   33
    7
    0
   30
    0
    0
   16
    0
    0
   30
    0
    0
    0
    0
    0
   29
  106
  329
   57
   20
    0
   28
   51
    0
    0
    0
    0
    0
    0
    0
    0
    0
    0
    0
    0
    6
    0
    0
    0
   26
   25
    0
    0
    0
    0
    0
    0
    0
    0
   10
    0
    0
    0
    0
  285
   57
   35
    0
   30
   63
   21
  138
   84
    4
    0
    0
    0
    0
   62
    3
    0
   73
    1
    0
    4
    0
    0
    0
    0
    0
    0
    0
   96
    0
    0
    0
    0
    0
    0
    0
    0
    0
    0
    0
    0
   10
    0
    0
    0
    0
   65
    0
    0
  172
    0
    5
    0
    0
    0
    0
    0
    0
    0
    0
    0
    0
    0
    0
    0
    0
    0
    0
    0
    0
    0
    0
    0
    0
   62
    4
    0
    0
    0
    0
    0
   40
    0
   62
  205
  135
    0
    1
    0
    0
   40
  113
    9
    0
    8
    0
   38
  118
  262
    0
   10
   16
    0
    0
   55
   26
   53
    0
    0
   60
    1
    0
  245
    0
   98
    0
    0
   19
    0
   20
    5
    0
   19
   11
    0
    0
    0
    0
    0
    0
    0
    0
    0
    0
    0
   29
   10
  130
    0
  124
    0
    0
    4
   20
    0
    0
    0
    0
    0
    0
    0
    0
    0
    0
    0
    0
    0
   17
    0
    0
    0
    4
    2
   41
   40
   69
    0
    0
    0
    0
    0
    0
    0
    4
    0
    0
    0
    0
    2
  100
   60
   12
  160
    2
   18
    0
    0
    0
    0
   10
   67
   32
    8
    8
    1
   13
    0
    0
   14
   15
   24
    2
    0
   47
   19
   67
    0
   40
  168
    0
    0
   22
    0
    0
    4
   15
    0
    0
    0
    0
    0
   13
   88
   30
   29
   38
    4
   51
    3
   13
    0
    0
    0
    0
    4
   74
   25
   15
    7
    0
    0
    4
    0
    0
   20
   40
   31
    4
   38
    1
    3
   26
   11
   75
    0
   49
   58
    0
    5
   30
    0
   30
    0
    3
    0
  142
    0
   19
    0
    0
   12
    5
   13
    0
    0
    0
   30
    0
   20
    0
    0
   27
   33
    5
   14
    0
    0
    4
    1
    0
    0
    3
    0
    0
    0
    0
    0
    0
   10
    0
    0
   13
   31
   10
    9
   19
   12
    2
    0
    0
   40
   21
  123
   42
   30
    0
   43
  100
    0
    0
   11
    0
    4
    3
    2
   30
  158
   83
   31
    1
    0
   52
   55
  176
   50
   56
    0
    0
    0
    0
    0
   30
   68
    0
    0
    0
   13
    0
    0
    0
    0
    0
    0
    0
    8
   50
    4
    0
   38
  467
    0
    0
    2
   10
   83
    0
    0
    0
    0
    0
    0
    0
    0
    0
    0
   34
  190
   44
  340
   65
    0
   13
    0
   66
   12
   28
   23
    0
   36
  120
  123
  165
   39
    1
   46
    2
    0
    0
   93
   19
   10
   38
    2
    0
    0
    0
    0
    0
    0
   36
    0
    0
    0
    0
    0
    0
    0
    0
    0
   26
  267
    9
    0
    0
   30
    2
    0
    0
    0
  206
    0
    0
    0
    0
    0
  110
    0
    0
    0
    0
    0
    0
    0
    0
    0
    0
    0
    0
    0
    0
    0
  165
  290
    0
    4
    0
    0
   65
   24
    0
    0
    0
    0
   10
   18
   89
  104
    4
   18
  588
  254
    0
   36
    0
    0
    0
    6
    4
    0
    0
    0
    0
    2
    0
    0
    0
    0
    0
   97
  203
   34
    0
    0
    0
    0
  134
   90
    4
   26
   92
   20
    0
    0
    0
    0
    0
    0
    0
    0
    0
    0
    0
    0
    0
    0
    0
    0
    2
    0
    5
    0
    0
    0
    0
    0
    0
    0
  172
    3
    0
    4
  122
   93
  104
   36
    0
  130
   51
   17
    8
    0
    0
    0
    0
    0
   71
   64
   77
   47
   80
    0
    0
    0
    0
    0
    0
    0
    0
    4
    3
    0
    0
    0
    0
   46
   10
    0
    6
    0
    0
    0
   75
   26
    0
    0
    0
    0
    0
    6
   21
   95
    0
   87
   98
   28
    0
    0
    0
    0
    0
    1
    0
    0
    0
    4
    0
    0
    0
    0
    0
    0
    0
    0
    0
    0
    0
    0
    0
    0
    0
    0
    0
    0
    0
    0
    0
    0
    3
    0
    0
    0
    0
    0
    0
    6
    8
    2
    2
    0
    0
    0
    0
    7
    0
    0
    6
   64
   27
   54
   59
   64
    0
   18
   13
    4
    0
    0
    0
    0
    0
    0
    1
    3
   10
    5
    5
   16
    0
    0
    0
    0
    2
   11
    1
    0
    0
    0
    0
    0
    0
    0
    0
    0
    3
   14
   18
    0
   70
    0
    0
   13
   18
   22
    6
    2
   64
    2
    0
    0
    0
    4
    0
    5
   92
   10
   10
    0
    0
    0
    0
    0
    0
    0
    0
    0
   18
   31
    0
    0
    0
   17
   19
    4
    0
    0
   39
   56
    0
    0
    0
   21
   20
    1
    0
   10
   20
    6
    8
   46
    5
  101
  136
   17
    0
    0
   58
    0
   21
    2
   50
    0
    0
    0
    0
    6
  188
   49
    0
    0
    0
    0
  212
   14
    0
    0
    0
    0
    0
    0
    0
    0
   20
    0
   21
   17
   26
   10
    2
    0
    0
    0
    0
   35
   45
   38
    0
    0
    5
  264
   32
   61
  450
   36
    0
  112
   66
    0
    0
    0
   49
  156
    8
    0
    0
    0
    0
   50
  156
    8
    0
    0
   54
    0
   34
    0
    0
    0
    0
    0
    0
    0
    0
    0
    0
    0
   43
   31
   75
   17
   18
  110
    1
    0
    0
    0
    0
    0
    0
  130
   18
   13
    1
   20
    0
    0
    4
    0
    0
    0
    0
   29
  198
    0
   20
   42
    2
    5
   21
   68
   55
   16
    0
   11
    0
    0
    2
   61
    0
    0
   72
   27
    3
    0
   20
   26
    0
   25
   27
   26
    3
   31
    0
    0
    0
    0
   10
    0
    0
    0
    0
    0
  133
   68
   10
    0
    8
   87
   30
    0
    0
    0
    0
   27
    0
   27
    7
   15
   12
    0
    0
    0
    0
    0
   98
    0
    0
    9
    0
    0
   64
    0
   22
    0
    0
   25
    2
    7
    0
    0
    0
    3
   11
    3
   28
   11
   56
   45
   53
   20
    0
    0
    0
    0
    0
    0
    0
    0
    0
    0
   63
    0
    0
    0
   12
   14
  121
   72
    0
    0
    0
    0
    5
    0
    0
    0
    0
    0
    0
    0
    0
    0
   35
    0
    0
    0
    0
    0
    1
    4
    0
    0
    0
    0
    0
    0
   17
   32
   12
    0
   16
   23
   23
    0
    0
    0
    5
    2
   10
   15
    0
    0
    0
   14
   52
    0
    0
    0
    3
    3
   75
   68
   70
    0
   12
    0
    0
   95
   20
    8
   18
    0
    0
    0
   62
   33
   13
    0
    0
    5
    0
    0
    0
    0
    0
    0
    0
    0
    0
    0
    0
   12
   54
   80
    5
   26
  106
    2
    8
    9
   12
    0
    0
   10
    7
  128
   33
    7
    0
    0
    0
   22
    8
  112
    5
    0
    0
    0
    0
    4
    0
    8
   29
   39
    0
    0
   76
    0
    0
    0
    0
    0
    0
   28
   17
    2
    6
  127
    5
    0
    0
    0
    0
   31
   62
    3
    0
    5
    2
    0
  105
    0
   18
    0
    0
    0
    0
    0
   25
    8
   32
   60
   58
    0
    2
   83
    4
    0
    0
    0
    0
    0
    0
    0
    0
    0
    0
    0
    0
    0
    0
    2
    3
  151
    0
    0
    0
    8
    0
   63
   60
    0
   36
    5
    0
   11
    5
    0
    0
   68
    0
    0
    0
   55
    0
    0
    0
    0
    0
    0
    0
    0
    0
    0
    5
   15
   10
  198
   89
  373
  247
    0
    0
    0
   86
    8
    0
    0
   12
    0
  250
   38
    0
    0
   19
    0
    0
    0
    0
    0
    0
    0
    0
    0
    0
   68
    0
    0
    2
    0
    0
    0
    0
    2
   25
    2
   23
    0
   90
   82
    0
    1
    0
    0
   52
   37
   18
    2
    0
    0
    3
    0
    0
  183
    0
    0
    0
    0
    0
    0
    0
    0
    0
    0
   16
    0
    0
    0
    0
    0
    9
    1
   30
    7
    2
    0
    0
    0
    0
   21
  188
   13
   75
    7
   20
  107
   73
    0
    0
    0
    0
    0
    0
    0
   13
    6
   29
    0
    0
    0
    0
    0
    0
    0
    0
    0
    0
    5
    4
   14
   25
    0
    0
    0
    0
    0
    0
   96
   43
    0
    0
    0
    0
   16
    0
    0
    0
    0
    0
    0
    9
    2
    0
   11
  117
  137
   14
   12
   60
   20
    0
    5
    0
   32
   71
   45
   51
    4
    0
    0
    0
    9
   63
    5
    0
    0
   52
   39
    4
   20
   21
   12
    0
    0
    0
    0
   38
    6
   10
   45
   31
    0
    0
    0
    0
    0
    0
    7
    1
   62
    0
    0
   61
   17
   47
   24
    3
   34
    0
    0
    0
   31
    6
   28
    0
    0
   11
    3
    0
    0
    0
    0
    0
    0
    0
    0
    0
    0
    0
    0
   61
    0
    0
    0
    0
    3
   62
    0
   65
   21
    0
    0
   40
   10
   22
   52
   86
   18
  146
   38
   30
   10
    0
    0
    0
    0
   10
   20
  151
   87
   16
    4
   78
    0
    0
    0
    0
    0
    0
    0
    0
    0
    0
    0
    8
   14
    5
    0
    0
    0
   12
   96
   45
    0
   57
   16
    0
    0
    0
    0
    3
    0
    0
    0
   10
    0
    0
   18
    0
    8
    0
    0
    0
    0
   29
    8
   24
    7
    2
    2
    0
    0
    0
    0
    0
    0
    0
    0
    0
    1
    0
    0
    0
    0
   39
    0
    0
    2
   66
   61
    0
    0
    0
   62
    0
    4
   23
    2
    0
    0
    0
    3
    0
    0
    2
  139
  315
    0
    0
    0
   63
   84
    0
    0
    0
  188
   30
   52
   18
    0
    6
    0
    0
    0
   25
    0
    0
   15
   50
   80
   11
    4
  130
   70
   45
   40
   22
    3
    0
   10
   60
    0
    2
    0
    0
    3
    5
   33
    0
   10
    0
  402
   71
    5
   81
    0
    0
  168
    0
    0
    0
    0
    0
    0
    0
    0
    0
   87
   11
    0
    0
    0
    0
    0
    0
    0
   94
   20
   27
   36
    0
  134
   32
   42
   25
    9
    7
    0
    0
   26
    0
  114
   13
    0
    0
    0
   82
   13
  160
    0
  146
  137
   65
   86
    1
    0
    0
    0
    0
    0
    0
    0
    0
   11
    0
    0
    0
   77
   10
    5
    0
    0
    0
   31
   10
    0
   22
   14
   61
   30
   22
    0
    0
   40
    0
    0
   20
    0
    0
   17
   80
   25
    0
   40
  129
   20
   49
   92
  227
   26
   10
   48
    0
   19
    0
   23
   60
   48
    5
    0
    0
   48
    5
   36
    9
    2
    4
    2
    0
    0
    0
    0
    0
    0
    8
    0
    2
    5
    0
    0
    0
   23
   64
   65
   11
    0
    0
    0
    0
   41
   10
   50
   30
    3
    0
    5
   12
   17
    8
   10
    0
    2
    0
    0
    2
    8
    0
    0
    0
    0
   10
   54
    0
    0
    0
   19
   56
   17
    0
   91
    5
   14
   24
    0
    0
    0
    0
    0
    0
    0
   17
    0
    0
   23
    0
   47
   53
   29
   10
   14
    9
   18
   76
   37
  115
   13
   64
   14
    0
    0
    0
    0
   22
   12
    4
  110
   33
    6
   88
    2
   73
   51
   78
   66
    5
    6
    5
    0
   68
   81
    0
    0
   17
    3
    0
    4
    0
   82
    0
    0
    0
    0
    0
    0
    0
    0
    0
   29
    0
    2
   36
    0
    0
   20
  132
    5
    0
    0
    0
    0
    0
    0
    0
    0
   40
    5
    2
    0
    0
    2
    0
   30
    0
    7
  133
   40
    0
    0
    0
    0
    0
    0
    0
    2
   23
   25
    2
    0
    0
    0
    0
    0
    0
    0
    0
    9
   85
    0
   28
  128
   67
   26
  134
    3
    0
    0
    0
    0
   84
   39
    8
    0
    0
    0
    0
    0
   19
    0
   73
    0
    0
   30
    9
    0
   19
    3
    0
   61
    0
   44
   49
   10
    0
    0
    0
    0
  132
  472
    5
   38
    9
    0
    0
    0
    0
    1
   52
    2
    0
    3
    0
    0
    0
    2
  258
  182
  168
    8
    4
    0
    0
  129
    2
  168
   76
    0
    0
    0
    0
   10
   38
    0
   34
    0
    0
    0
    0
    0
    0
    0
    0
    0
    0
    0
    0
   10
    0
    0
    0
   63
   23
   10
    0
    0
   26
    0
   81
   15
   25
    0
   10
    0
    0
    0
    0
    0
    0
    0
   20
    0
    0
   52
   16
    0
    0
    0
    0
    0
    0
    0
    0
    0
    0
    0
    0
    0
    0
    0
  120
    0
    0
   32
    0
    0
    0
    0
   29
   42
    0
    2
   43
   13
    4
    0
   26
    0
    0
    9
    0
    0
  126
   15
   37
    0
    0
   10
    0
    0
    0
    0
    0
    0
    0
    0
   23
    0
    3
   24
    0
    0
    0
   18
   20
    1
  138
    0
    0
    0
   17
   18
   87
   74
  102
    3
    0
    7
   54
    0
    0
    0
   47
   25
   42
    8
    5
    0
    0
    0
    0
    0
    0
    0
    0
   25
   23
   14
   11
    1
   14
   48
    0
    0
    0
   24
    6
   48
   39
    0
    7
   37
    0
    9
    2
    0
    0
    0
   21
   18
   84
   37
    7
    8
    2
    0
   31
    0
    0
   18
    0
    2
    0
    0
   27
    0
    0
    0
    0
    0
    0
   31
  123
   30
    0
  160
   17
   40
    0
    2
    0
   21
    0
    8
  137
   30
   61
    8
   47
    3
   12
    0
    0
    8
   64
    8
   34
    0
    9
   36
   18
   67
   10
   22
    9
   45
   16
    0
   28
   16
   78
   83
    0
    0
   32
   16
   32
   40
   18
   21
   40
   18
   21
  155
  250
  125
   52
   25
    8
  114
   95
  150
   40
    0
    0
    0
    0
    0
    0
   25
    0
   69
   74
   36
   69
   39
   25
    0
    0
    0
    6
    0
    0
   10
    0
    0
    0
    0
   30
    0
   17
   36
    0
   15
    3
    0
    0
    0
    0
    0
    9
    0
    0
    0
    0
    0
    0
    0
    0
    0
    0
    0
    0
    0
    3
    0
    0
    0
    0
    0
    0
    0
    0
  189
    2
   62
   69
   50
   77
    0
    0
    0
    0
    4
    0
   16
    9
    4
    0
    0
    0
    0
   16
    1
   18
    0
    0
    0
   65
    0
    0
    0
   36
    0
    0
    0
    0
    0
    0
    0
    0
   17
   12
    8
    0
    0
    0
    0
    3
   16
    0
   20
  120
    0
  209
   30
    8
    3
    0
    0
   14
  113
    0
    0
    0
    0
   33
    2
    0
    2
    0
    0
    0
   40
   11
    6
   28
    0
    0
    0
    0
    0
    0
    0
    4
   19
    0
    0
   19
    0
    0
    0
    0
   18
    0
   10
    0
    0
  252
  140
    0
    0
    0
    0
    0
    2
  327
    0
    0
    0
  154
   61
  135
    2
    2
   46
   11
    0
    0
    0
    0
    0
    2
    0
    0
   54
    4
    0
    0
    0
   39
    0
    0
    0
    0
    0
    3
    0
    0
    0
  135
    0
    0
    0
    0
   60
  172
    3
    0
    1
    5
    0
    0
    0
    0
    0
    8
    0
    0
    0
    0
    0
    2
    0
    0
    9
   16
   10
    0
    0
   10
    2
    0
   45
    0
    0
   11
    0
    0
    0
    0
    0
    0
    0
   70
    0
    9
   22
    0
    0
    6
   35
    0
    0
    9
   20
   13
    0
    6
    0
    0
    0
    0
    0
    0
    0
    0
    0
    9
    0
   24
   36
    5
    0
   18
  105
    5
    0
    0
    0
    0
    0
    0
    0
    1
   60
    5
    0
    0
    0
   15
    0
    8
    1
    0
    5
   33
    5
    0
    0
    0
   12
    0
    0
    0
    0
    0
    0
    0
    2
    0
    0
    0
   10
    3
   36
   27
    0
    2
    0
    7
   10
    6
   56
   38
   61
   59
   10
    0
    0
    0
    0
    0
    0
   18
    0
    0
    0
    0
    5
    0
   12
    0
   16
  183
   98
    0
    0
    0
    0
    0
    1
    8
   72
   63
    7
    0
    0
   87
   18
   57
    0
   80
   17
    0
   18
    0
  131
   48
   73
    0
   62
   24
   92
   85
   90
    0
    0
    0
    0
   17
    0
    0
    0
    8
   50
    0
   50
    8
   26
    6
   52
    4
    9
   38
    2
   90
   10
    8
    7
    0
   21
   12
    8
    0
    0
   49
    0
    2
    3
    0
    0
    0
    0
    2
  107
  181
   21
    0
    0
    0
    0
    0
    0
    0
    0
    0
    0
   42
    9
    0
    0
    0
    0
    0
    0
    0
    0
    3
   37
    0
    0
   13
    3
   35
   82
   56
    0
    0
    8
   10
    0
   45
   30
    0
    0
    0
   19
   31
   81
  249
    0
    0
  117
   65
    0
    0
    0
    0
    0
   19
    0
   33
    0
    0
    0
    0
    0
    0
  181
   75
   71
   14
   28
    1
    2
    0
  169
   68
   20
    0
    0
    0
    0
    0
    0
    0
    0
    0
    0
    1
    0
    0
   68
    0
    0
    2
   67
    2
    7
    0
    0
   29
    4
    0
    0
    8
    0
    0
   46
    9
    0
    0
   25
    2
    0
    0
    0
    0
    0
   56
    0
    0
    0
   10
   50
    4
   27
   20
   14
   30
   79
   40
  224
  140
   43
   50
   41
    0
    1
    8
    0
   19
   30
   19
    9
    0
    2
   80
   49
   10
   32
    9
    0
   33
   50
    0
   78
   15
    0
    0
    8
    5
    0
    0
    0
    0
    0
    0
    0
    0
    0
    0
    0
    0
   31
   43
    1
   11
   10
    0
   15
   25
    9
    0
   43
   39
    8
    0
    0
    0
   12
  122
  218
    0
    0
    0
   63
    0
    0
    2
    0
    1
    8
   15
    0
   23
   94
    0
    0
    8
   40
   17
   20
   33
    2
    0
    0
    0
   53
  100
  115
    7
    0
    0
   23
   32
   38
    1
    4
    9
    8
   16
    3
   53
    0
  118
   53
    0
    8
    0
   32
   52
   38
  115
   32
   13
   19
   25
    0
    0
    0
   28
    5
    0
    0
    0
    5
   22
    0
    0
    0
    0
    0
    0
    6
   55
   17
    0
    2
    1
   28
    7
   87
   22
    0
    0
    0
    0
    0
    0
    0
    0
    0
   15
    9
   68
   33
   30
   75
    0
    0
    0
    0
    0
    0
  120
   23
   10
   77
   31
   30
   67
   93
   47
    0
    0
    1
    2
    0
    0
   16
   13
    0
    8
    0
    0
    0
   15
   50
    1
    0
    0
   15
   10
   38
   15
   20
   37
    1
    0
    0
    0
    0
    0
    0
    0
    0
    0
    0
    0
    0
    0
    0
    0
    0
    0
    0
    0
    9
  226
   37
    0
    2
    0
    0
    0
    0
    0
    0
    0
    0
   60
   30
    1
   10
    0
    0
    0
    2
   32
  100
   20
    0
    0
    0
    3
  206
   12
    0
    0
    0
    0
    0
    2
   31
    0
    0
    0
   20
    3
   81
    8
   10
   60
    0
    0
    0
    0
    0
    0
    0
   12
    4
   55
  197
    1
    0
    0
    0
   22
    5
   94
    0
    0
    0
    1
  252
    5
    0
    0
    0
    0
    0
   20
    0
    0
    0
    7
    0
    8
    0
    0
    0
    0
    0
    0
  136
    0
    0
   77
    0
    0
  160
  200
    9
    0
    0
    0
    0
   22
    8
    0
    6
    0
    0
    0
    0
    0
  528
    0
    0
   35
   12
    7
   57
   90
    0
   12
  126
 1528
   18
    2
    0
    0
   55
    0
    0
    0
    0
    0
    0
    6
    0
    0
    0
    0
    0
    0
   15
    0
    0
    0
  270
   51
    0
    0
    0
    0
  117
    0
    0
    0
   29
    0
   16
    0
    0
    0
    0
    2
   18
   52
    0
    5
  167
    8
    0
    0
    0
    0
    0
   10
   21
   46
   70
   26
   20
    0
    0
    0
    0
    0
    0
   45
   48
   23
   53
   34
    0
   90
   40
    0
    3
   52
    3
   68
   62
    7
    0
    5
   54
   68
  138
    2
    0
    0
   10
  158
   43
   12
   33
    0
    0
    0
    2
    0
    0
   76
  273
    0
    0
  167
    2
    0
    3
    3
    0
    0
   82
  210
    0
    0
    2
    0
    0
    0
    0
    0
    0
    0
    0
    0
    0
    0
    4
   18
   34
    1
    0
    0
    0
  173
    0
    8
    0
    9
    2
    2
  127
  252
    4
   43
  151
  121
    3
   10
   23
    2
    0
    0
    8
    0
   28
   44
    0
    0
    0
    0
    0
    0
    0
    0
    0
   46
   24
    2
    0
   70
   33
   93
   11
   11
    0
   15
   36
    0
    0
    0
   23
   10
    0
    0
    0
    0
    0
    0
   12
    0
    0
    0
    0
    0
    0
    0
    0
    0
    0
    0
    0
    0
    0
    0
    3
    0
    0
   25
   10
   26
    5
    0
  137
   61
    0
    0
    0
    0
    0
    0
    0
    0
    0
    0
    0
    0
    0
    0
   27
    0
    0
    0
    0
   39
   27
   31
    0
    0
   10
    0
    0
    0
    0
    0
    0
    0
    0
    0
    0
    0
   65
   44
    0
    0
    0
    0
    0
    0
   16
    7
    0
    0
   15
    0
    0
    0
    0
    0
    0
    0
  170
   75
    0
    0
   20
   24
    0
    5
    0
    0
   89
   38
    2
    0
    0
    0
    0
   13
    0
    0
    0
    0
    0
   10
    0
    0
    0
    0
    7
    0
    0
   20
    0
    1
    0
   53
    0
    3
    0
    0
    0
    8
   24
    2
    0
    0
   16
    0
    0
    0
    0
    0
   20
   84
   60
    0
  105
    0
   79
    0
    0
    0
    0
    0
    0
    0
    0
    0
    0
    0
   85
    0
    0
    0
   72
    0
   12
   70
    0
    0
  149
   30
    0
    0
    0
    0
    0
    0
    0
    0
    0
    0
    0
    0
    0
    0
    0
    0
    0
    0
    0
    0
   23
    2
    0
    0
    0
    1
    0
    0
    0
    0
   16
   28
    2
   30
   55
   12
    2
    0
    0
    0
    0
    0
    0
   90
  216
    8
   16
    0
    0
    0
    0
    0
    0
    0
    0
    0
   10
    0
    0
    0
    0
   38
    3
    0
    0
    0
   41
   51
   14
   14
   75
  240
    2
    0
    0
    0
    0
    0
    0
    0
    0
    0
    0
    0
   58
    3
    0
    5
   15
   52
    0
    0
  109
   10
    0
    0
    3
   26
    0
    0
    0
    0
    0
    0
    0
    0
    0
    0
    0
    0
  126
   15
    0
    0
    0
    0
    0
    0
    0
    4
   11
    4
   87
   15
    0
    0
    0
    1
    0
    8
   12
    0
    0
    0
    0
   13
    5
  238
  104
   24
    8
    0
    0
    0
    8
   14
   15
    0
    0
    0
    0
    0
    0
    1
    0
    3
