Station: Oschatz , scaling_factor: 10.0, latitude:  51.2960, longitude:  13.0928, altitude:  150, nodata_value: -9
start: ..1978-01-01  end: ..2015-12-31
    4
   17
   23
   28
    1
    5
    0
    0
    6
    8
    0
    0
    0
    0
    0
    0
    2
    6
    0
    0
    0
    0
    0
   65
   24
    2
    1
    0
    7
    0
    0
    0
   33
   35
    5
    0
    0
    6
    9
    3
    0
   10
    7
    0
    3
    0
    4
    0
    0
    2
    0
    2
   16
    0
    7
    0
    0
    0
    0
    0
    0
    0
    0
    4
    1
    0
   84
    1
    3
    0
    0
   17
    0
    4
   17
   10
    8
  127
   63
    4
    4
   39
    0
   19
    0
   13
    0
    0
    0
    0
    0
   18
   20
    2
    0
    0
    0
    0
    0
    0
   28
    0
    0
    0
    1
    1
    0
    0
    0
    0
    0
    0
    0
    0
    0
    0
    0
    0
   17
    0
  176
  233
    0
    0
    0
   39
  208
  159
    0
   22
   10
   31
   33
    1
   13
   21
  210
    0
   10
   40
    0
    1
  127
    0
    0
    0
    0
    0
    0
    0
    0
    0
    0
    0
    0
    1
    0
    0
    0
    0
    0
    0
   40
   42
   90
    0
    0
    0
    0
    0
    0
   25
    0
    1
    0
    3
   20
   29
    0
    0
    9
    0
   55
   14
    8
    0
    2
   25
   68
   44
    0
    0
   13
    0
    0
    0
    0
    0
    8
    0
   27
   31
    0
    0
    0
    0
    0
    0
    0
   60
    0
    0
    0
    4
    0
    0
    0
    0
  517
  613
   56
   48
    0
    0
    0
    0
   10
   18
    8
    0
    0
    0
    0
    2
   35
    0
    1
    0
    8
    0
   35
   70
   53
   17
   45
   16
    0
    0
   48
    1
    0
   17
   12
  105
    7
    0
    0
    0
    0
    0
    0
   67
   30
    6
   97
    7
    3
    5
   74
    8
   30
   70
   13
    0
   10
   82
  202
   32
    0
    0
    0
    0
    0
    0
    0
    0
    0
    0
   20
    7
    0
    3
   10
    5
   85
    0
    0
   88
    0
    8
    7
    0
    0
    0
    0
    0
    0
    0
    0
    0
    0
    0
    0
    0
    0
    0
    0
    0
    0
    0
    3
    0
    0
    0
    1
    0
    0
    0
   20
    0
    0
    9
   24
  125
   35
    0
    0
    0
    0
    0
    0
   80
   36
    4
    0
   25
   22
   22
   26
   11
    4
    0
    0
    2
    0
    0
    0
   18
   32
   10
   12
   33
   77
  147
  109
    1
    1
    9
    9
    2
    0
   15
    4
    8
    0
   15
   74
    8
   25
    6
   45
    0
    0
    0
    0
   10
    0
   33
    4
    0
    0
   32
    1
    0
    5
   10
   36
   27
    0
    2
    0
    0
   15
   17
    0
    0
    0
   40
   60
   52
    0
    4
   51
    0
    0
    0
    0
    0
    5
    0
    0
    0
    0
    0
    7
    2
    0
   58
    0
    0
   11
    0
   60
   25
   50
   44
   32
   53
    1
   65
   12
    8
   29
   20
    1
    4
    1
    0
   19
    3
    0
    0
   53
  123
    0
    4
    2
    2
  166
    1
    2
  143
    0
    0
    0
    0
    0
    0
    0
    0
    0
   10
    0
    0
    0
    1
   38
   27
   10
    0
    0
    1
    0
    8
   58
    4
    0
    0
    1
    0
   15
    0
    0
    0
    0
   21
    0
    0
    0
    0
    0
   27
   53
    1
    0
    2
    0
    0
   11
    0
    0
  125
    0
    0
    0
    0
    0
    0
    0
    0
   10
   44
   28
   55
    0
    0
    0
   21
   32
    0
  100
  131
    2
    0
    0
    0
    0
    0
    0
   21
    0
    0
  110
   23
    0
    2
    3
    0
    0
    0
    0
    0
  161
    4
   38
    0
    0
    0
    0
    2
    0
   22
    7
    2
   22
    0
    1
   21
    7
   31
   27
   55
    0
    1
   74
    0
    3
   36
   30
    0
   12
    0
    0
    0
    1
  120
   18
    0
    0
    0
    0
    0
    0
    0
    0
    0
    0
    7
   21
   43
    0
    0
    8
    0
    0
    0
    0
    0
    0
    0
   42
   18
    0
    0
    0
   14
   82
    0
    0
    0
    0
    0
    2
    0
    0
    6
    0
  130
   68
  221
   70
   20
    0
    0
    2
    1
    0
    0
    0
    0
    0
    0
    7
    0
    0
    0
    0
    0
    0
    0
    0
    0
    0
    0
    1
    8
    0
    0
    0
    0
    0
    0
    0
    0
    0
    0
    0
    0
   27
   20
    9
    0
   83
   49
   20
   13
  167
    7
    0
    0
    9
   42
    5
  120
    1
    1
   62
    2
    7
    2
    0
    0
    1
    0
    6
    2
    3
    0
   10
   20
    0
    0
    0
    0
    1
   31
   19
   28
  122
  100
   10
    5
   63
   55
   57
   27
    0
    0
   40
    0
    0
   22
    0
    0
    0
    0
    5
   56
   67
   36
   22
   18
    0
   17
    7
   13
   18
    0
    0
    1
    1
    0
    0
    0
    0
    6
    0
    0
    0
    0
    1
    0
    3
    0
   39
   30
    3
    1
    1
   23
   58
   21
   38
   95
   22
  135
   30
    1
    0
    0
   12
   19
    9
    1
    0
    0
    6
    1
    0
    0
    0
    0
    0
    0
    0
    0
    0
    0
   23
    3
    2
   12
    6
    0
    0
    1
   15
   31
   50
    4
    0
    0
    0
    0
    0
    0
    0
   10
   80
    0
    0
    0
    0
    0
    0
    0
    9
   10
    1
   30
    0
   75
  221
   85
    0
    0
    0
    0
   18
  111
    1
    0
    0
    0
    0
    0
    0
    0
   16
    9
    5
    2
   20
  161
  250
    0
    3
   46
    1
    0
    0
    0
    0
    0
    0
    0
    0
    0
   37
   10
    0
    0
    0
    0
    0
    0
    0
    0
    0
    0
    0
    0
    0
    0
    0
    0
    0
    0
   35
    0
    2
    0
    0
    0
   13
    0
    0
    0
    0
    6
    0
    0
    0
    0
    0
   65
  119
    2
   51
   93
   30
    1
    1
    8
   20
    4
    0
    3
   19
   36
   43
  152
   16
   87
   88
    0
   87
    0
   14
   16
   25
    2
   51
    0
   34
   27
  118
    0
    0
   11
   20
    0
  249
   26
    0
    0
    0
    0
    0
   63
    0
    5
    0
    0
    0
    0
    0
    3
    0
    0
    0
    0
    0
    0
   57
    0
    0
    0
    0
    0
    1
   30
    0
   78
   20
    1
   11
    0
    0
    0
    0
   27
    2
  235
   29
    0
    0
    0
  126
   11
    0
    0
   30
    7
  112
    4
   12
   38
    8
    0
   23
    0
    0
    0
    0
    0
    0
    0
  121
    0
    0
    0
    1
   15
    4
    4
    0
    0
    0
    0
   67
    0
    3
    0
    0
  145
  236
   21
    0
    1
    0
   94
   24
    0
    0
    0
   23
   27
    0
    0
   33
    0
   33
    0
    0
    0
    0
    6
    2
    0
  129
   90
    0
    0
    0
    0
    0
    0
   16
  103
   25
    0
    0
    3
    4
    0
    0
    0
    0
  124
    5
    0
    0
   32
    0
    0
    1
   55
   53
   85
   28
    0
    0
    0
    0
   26
    0
   30
   17
   31
    2
    0
    4
    9
    0
    0
    0
   41
    0
    7
   10
    1
    0
    0
    0
   97
    1
  181
  167
   15
   17
   28
    4
    0
    4
   35
    0
    0
    2
   14
    0
    4
   35
   19
   75
   15
    0
    0
    0
    0
   17
    0
    0
    0
    0
    0
    0
    0
    0
    8
   32
   24
   27
   26
    0
    0
    6
    5
    0
   17
    0
    0
    0
    3
    0
    3
   10
    0
   21
   30
    0
    0
    0
    0
    0
    5
    8
   28
   23
    8
    0
   40
    2
  155
  155
  171
  132
    8
   34
    0
    6
    1
    0
    0
    0
    0
    0
   67
    0
   26
   88
    0
    0
    0
    0
    0
    0
    0
    0
    1
    6
    0
    0
    0
    0
    0
    0
    0
    5
    0
    0
    0
    1
    0
    0
    0
    2
    5
    0
    0
    0
    0
  505
   13
   26
  154
   27
   20
    0
    1
    2
    0
    0
    0
    0
    0
    0
    0
    0
    0
   18
    7
   70
    0
    0
    0
    0
  195
   32
   16
   27
   48
   14
    0
    2
    0
    0
   14
    0
    0
    1
    0
    0
    0
   45
    0
    0
    0
   11
    0
   16
   70
    0
   17
   54
    2
   57
    1
    6
    0
    4
    5
    0
    0
    0
   45
    8
    0
    4
  137
    0
    0
    0
    0
    0
    0
    0
    0
   10
   19
   14
    0
   62
    0
  196
  133
    0
   63
   11
   46
   36
   58
  196
   39
    0
    0
    0
    0
    0
   16
    0
    0
    0
    0
    0
    0
    9
   92
   12
    0
    0
    0
    0
    6
   10
    0
   21
   61
    6
   25
   19
    0
    0
    4
    0
    0
    0
    0
    0
    0
    0
    3
    0
    0
    0
    0
    0
    0
    0
    0
    0
    0
    0
    0
  110
    0
    3
    0
    0
    0
   12
   76
    0
    0
    0
    9
  280
   65
    0
    0
    0
    3
    0
   14
    0
   20
    0
   34
   17
    1
   34
   51
    2
  112
    0
   10
   36
    3
    6
   38
   70
   30
    0
    0
    0
  175
   32
    4
   23
    5
   19
    0
    0
    9
   18
   15
    4
    6
    3
    0
   34
   16
   70
   33
    1
    0
    3
   40
   39
   12
   67
    0
   20
    0
    0
   54
   96
    1
   11
   42
   32
    5
   84
  108
   25
   15
   36
  133
    2
    0
  111
    0
    0
   94
    5
    7
    1
   21
   15
    0
    0
    0
    3
    0
    0
    5
    0
    0
    1
   40
    0
    2
    4
    6
    9
   87
    6
    0
    0
    3
    0
    0
    0
    0
    0
    0
    0
    0
    0
    0
    0
    0
    4
    0
    0
    0
    0
    0
   25
   77
  167
    0
    0
    0
    0
    0
    0
    1
    0
   45
    0
    0
    0
    0
    0
    0
    0
    0
    0
    0
    0
    0
    0
    5
    0
    0
    0
    0
    0
    3
   24
    5
   98
    0
    0
    0
    0
    0
    0
    4
   74
    3
   12
    0
    0
    0
   10
    5
    9
    0
    0
    0
    0
    0
    0
    0
    0
   16
    0
    0
    0
    0
   22
    0
    0
    0
    0
   27
   65
   10
   43
   31
   30
   15
    0
    0
    0
    0
    0
    0
    0
    0
    0
    0
    0
    0
   14
    0
    1
   80
   11
   26
    0
    0
   45
  141
  146
    6
    0
    3
   72
  205
    0
    0
    0
    0
    0
    1
    0
    0
    0
    0
   40
   38
    0
    0
    0
    0
    1
    0
    0
    0
    0
    0
    0
    0
    0
    0
    0
    0
    0
    0
   64
   15
   10
   38
    2
  105
    0
   48
    2
   14
    4
    5
   10
    3
   20
    7
    0
   42
    4
   68
    0
    0
   80
   32
    0
   44
    0
    0
    0
    0
    0
    0
    0
    0
    3
    0
   11
    5
    0
    0
    0
    0
    0
    0
    8
    7
    0
    0
    0
    0
    0
    0
    0
    0
    0
   14
   96
   65
    2
    1
    0
    0
    0
    0
    0
    0
    0
    6
    0
    8
    6
    0
    0
    0
    0
    0
    6
    0
    0
    0
    0
    0
    0
    8
    0
    0
    1
   10
    6
    0
    0
    0
    0
    0
    0
    0
    0
    0
    0
    0
    0
    0
   13
    7
    1
    0
    0
    2
    0
    0
    0
    0
    0
    0
    0
    0
   37
   37
   98
    0
    0
    0
   25
    9
   66
    6
   26
    0
    3
    0
   12
    0
    0
    0
    0
    8
    0
    0
    1
    0
    0
    0
    0
    0
    0
    5
   10
    2
    0
    0
    0
    0
    0
    0
    3
    0
    0
    0
   35
   59
    8
    0
    0
    0
   40
    0
    2
    0
    0
    0
    8
    5
    0
    0
    0
    0
    0
    6
   63
   35
   16
    1
  102
   51
    5
    0
    0
   74
    1
    1
   10
    6
   23
    0
    3
    0
    2
    1
    0
    1
   35
    0
    0
    2
    7
    0
   72
   32
   14
    0
    8
   20
   26
    4
    1
    0
    6
   23
  127
   78
   36
   20
    4
   15
    8
    3
    0
    0
   59
    0
   48
   50
    3
   26
   97
   29
    2
   13
    0
   13
    0
    4
    3
   23
   96
    5
   50
    0
    0
    0
    0
    0
    0
    8
    2
    0
    0
    0
    0
    0
   13
    1
    8
    0
    0
    0
    0
    5
    9
    2
    0
    0
    0
    5
    0
    0
    0
    0
    0
    1
   74
   29
    0
   48
   10
    0
   10
    0
    6
    6
    6
    0
    1
   23
  204
   12
   26
    4
   22
    4
    0
  186
    0
   15
  166
   18
    1
   26
   60
    0
    0
    0
   62
    0
    0
    4
    0
    0
    0
    2
    0
    0
    0
    0
   25
    3
   10
   15
    0
    0
   40
    8
    3
   57
   21
    0
    8
    0
    3
    0
    0
    0
   48
    0
    1
    2
   52
   36
    9
    0
   14
    0
    0
    0
    0
    0
    3
    0
    0
   15
    0
    0
    0
   62
    2
    0
    0
   16
  140
    0
    1
    1
    0
    0
    0
    0
    0
    0
    0
    0
    0
   60
    6
    0
    0
    0
    0
    0
    0
    0
    0
    0
    0
    0
    0
    0
    0
    0
    0
    0
   88
    0
   41
   61
   15
    0
    0
    0
    0
    0
    0
    0
    0
    2
    0
    0
   88
  153
  240
 1081
  322
    2
   12
    0
    0
    0
    0
    8
    0
    0
    0
    3
    0
    0
    0
    0
    0
    0
    0
    0
    0
    0
    0
    0
    0
    0
    0
    4
    0
    0
    0
    0
    0
    0
    0
    9
   80
    1
    0
    5
  158
   71
    0
    0
    0
   23
   44
    6
    0
    0
    8
    0
    0
    0
    0
    0
    0
    0
    3
    8
    0
    0
    0
    1
   48
   11
   15
    0
    0
    0
    1
    0
    0
    0
    0
    3
    0
    0
    0
    0
    0
    0
    0
    0
    0
    0
    0
    8
    0
    0
    0
    0
    0
    0
    0
    0
    0
    3
    3
    0
    0
    0
    6
    7
    9
    2
    0
    4
   18
    5
    0
    4
   40
   86
   49
   26
   14
    0
    4
    0
    0
    0
    0
   24
    4
    0
   35
   24
   16
    0
    0
    0
    0
    0
    7
    0
    0
    0
    0
   22
   87
    5
   97
   98
    0
    3
    3
    0
    1
    0
   14
   10
    3
    9
    0
   40
   22
   20
    0
    0
   32
   48
  136
    8
   28
    0
    0
    0
    3
    0
   20
   13
    0
    9
    0
    0
    0
    7
   39
    1
    0
    0
   71
    5
   24
  122
    1
   33
   14
   18
    0
    0
    0
    0
    0
    0
    0
    0
    0
    0
    0
   20
    6
   73
   32
    0
    0
    0
    0
    0
   16
    0
    1
    2
    2
    4
   24
    3
    0
    0
    0
    0
    0
    0
    0
    0
    0
    0
    0
    0
    0
    0
    0
    0
    3
   10
    0
    4
    0
    4
   75
  211
   30
   45
    0
    0
    0
    1
    4
   14
   36
    4
    0
    0
    0
   23
    0
    0
    0
    0
    0
    0
    0
    0
    0
    0
    4
    6
    0
   44
    0
    0
    7
    4
   63
    3
   18
    3
    0
    9
    8
   38
   42
   15
    0
   19
    0
    0
    0
    0
   29
    0
   32
   30
   47
    0
    0
    0
   19
    0
  152
    0
    0
    0
   38
  128
   56
   13
    6
    0
    0
    0
    0
    9
   25
    1
    0
    0
    0
    0
    0
   28
   60
   30
    5
   45
    6
   65
   15
    0
   23
    0
   31
   60
    6
    3
    0
    0
    0
    0
    0
    0
    0
    7
   32
   49
   35
   65
   43
   18
    9
    4
    0
    0
    0
    0
    0
   52
   22
   14
    0
    0
   95
    0
    0
    0
   75
    0
    0
    5
  189
  150
   72
    0
    0
    4
    0
    0
    0
    0
    0
    0
    0
    0
    0
    0
    4
    0
    0
    0
    0
    0
    0
   10
    0
    0
    8
   18
  121
    0
   10
   90
   14
   64
    0
    0
    0
   36
    0
    0
    0
    3
    1
   56
   27
   48
    0
    8
   41
   50
    0
    0
    7
    0
   71
    0
    0
    5
    0
   71
    2
   69
   43
    0
    0
    0
   10
    0
    0
    0
    0
    0
    9
    0
   40
    9
    0
   10
   12
    0
    2
    0
    0
    0
    0
    0
    0
    6
    0
    0
    0
    0
    0
    0
    0
    0
    0
    0
    0
    0
   16
   12
    0
    0
   11
  302
   45
   11
    0
   23
    4
    0
    0
    0
    0
    0
    0
    0
    0
    0
    0
    0
   20
   19
   10
    0
    0
   11
    2
    4
   15
   38
    0
   77
    4
    4
    0
    0
    0
    0
    8
    2
   15
    4
    3
   21
   19
    4
    3
    3
    4
    0
    0
    0
    0
   25
   17
    7
    4
    0
    0
    0
    0
    0
    0
    2
   26
    0
    7
   30
   15
    0
    0
   46
   31
   42
   69
   61
    0
    0
    7
   21
    0
   10
   20
    1
    0
    0
    0
    0
    1
    0
    0
    1
    0
    0
   28
    0
   19
    8
    0
    0
    0
    0
    5
    0
    0
    0
    0
    0
    0
    3
   10
    6
    0
    0
    0
   14
    0
    0
   65
  130
    0
   14
    0
    0
    0
    0
    0
   24
   26
   28
   28
   17
   15
   14
   48
    0
    0
    0
   25
    2
    0
   10
    3
   53
   19
   23
    3
    9
   16
    0
    0
    0
    0
    0
    0
    7
    0
   20
    0
   35
   11
  146
   19
   11
   16
   24
    0
    0
    0
   13
   11
    0
    0
    5
    0
    0
   77
    4
    0
    0
    0
    0
    0
    0
   70
   41
    0
    0
    0
    0
    0
   17
    0
    0
   35
    0
    0
    0
   23
   10
    0
    3
    1
   51
   47
   40
   64
   41
   58
    0
  131
    0
    0
   52
   13
    9
   28
    0
   42
   42
    3
   35
    0
    0
   84
    0
    0
    0
    0
   58
    0
   32
   84
    0
    0
    0
    0
    0
    0
   99
    0
    0
    2
   13
   42
   25
    0
    0
    0
   76
    0
   75
   17
    0
    0
    7
    0
    0
    0
    0
    0
    0
    0
    0
   28
    0
   28
    0
    0
  108
  170
  140
    0
   20
    0
    3
   52
    0
   45
    3
    0
    0
    0
    0
    0
    0
   21
    0
   68
    4
   12
   17
    7
   11
    1
    0
    0
    0
    0
    0
   17
   27
   25
    0
    0
    0
    0
   20
    3
    0
    0
    0
    0
    0
    0
    0
    0
    0
    0
    0
    0
    0
    0
   15
    3
    9
    0
    0
    3
   35
    0
    5
    3
   15
    0
    0
    0
    0
    0
    0
    0
    0
    0
    0
    0
    0
    0
    0
    9
    0
    0
   37
    0
   48
    0
   11
   26
    0
    0
    5
   21
    5
    0
    2
    3
   41
    5
   98
   37
   17
    6
    6
    0
    0
    1
    0
    0
    0
    3
    0
    4
    0
   21
    5
    2
    5
   10
   62
    7
   45
   13
   19
   30
   71
   71
   13
   70
    1
    0
    0
    0
   23
   21
   51
   72
    3
    0
    0
    0
    0
   28
    5
    0
    0
    1
    3
    0
   40
   35
   22
   78
   95
   41
   42
    3
   66
   32
    1
    0
    0
   20
    3
    1
    1
    0
    0
    0
    0
    0
    6
    0
    0
    0
    0
    5
    9
    0
   70
    5
    0
    0
    0
    0
    0
    0
    0
   35
   59
    1
    0
    0
    0
    0
    0
    0
    0
    0
    0
    0
    0
    7
   24
   81
    7
   16
    4
    2
    0
    0
    0
    3
    1
    0
    0
    0
    0
    5
   80
    0
   70
   38
    0
    0
    0
    0
    0
   12
  145
    6
    0
   82
   23
    0
    0
    4
    6
   75
  110
    4
   15
    0
    1
    0
    0
    1
    0
   24
    4
    0
   24
    0
   20
   24
    5
    0
    0
    0
    0
    0
    0
    0
    0
    0
    0
   25
   28
   15
    6
  103
    0
   22
    5
    1
    0
    0
   33
    0
    0
  143
    0
    0
   20
    0
    0
   12
   36
  196
  155
   65
    1
   13
   65
   39
  105
  131
   47
    0
    0
    0
   46
   52
    5
    0
    0
    0
    0
    0
    0
    0
    0
    0
    0
    0
    0
    0
    0
    0
    0
    0
    0
    0
    0
    0
   26
   23
   89
    0
   30
   50
    2
    0
    0
    0
    0
    0
    0
    0
    0
    0
    0
   21
   54
   51
   42
   31
    0
    0
    0
    0
   36
   24
    0
    0
   92
    6
    0
    0
    0
    0
   24
   35
   53
    0
    0
   64
    0
    0
   11
  156
    8
    0
    0
   49
   11
    0
   19
    0
    0
    5
   23
    7
    3
    3
   64
   10
    0
   35
    0
    0
    0
    0
    0
   94
    0
    0
   22
   61
  126
   15
    0
    0
    0
    0
    0
    0
    0
    0
    2
    0
    0
    0
    0
    4
    0
    0
    0
   12
   47
    1
    0
    0
    0
    0
    0
    0
    0
    0
    0
    0
   31
   45
   61
  276
    7
    0
    7
    0
    0
    4
   45
    0
    0
    4
    0
    0
    4
   40
   11
    0
    0
    0
    0
    0
    0
    0
    0
    7
    0
    3
    0
   45
   11
    0
    3
    5
    0
    0
    6
    0
    0
    0
    0
    0
    0
    0
    0
    0
   11
    1
    0
    0
    5
    0
    0
    5
    0
   40
   20
   25
   60
   46
   16
   30
    6
    5
    2
    1
   14
   40
  173
  218
  193
   38
  184
   88
    3
   17
   80
    6
    1
   21
   27
    1
   10
   33
    1
    0
    6
    0
    0
    1
    1
    2
    1
    5
   77
    0
   70
   14
    0
   45
   16
    0
    0
    0
    0
    0
    0
    0
    2
   10
   65
    0
    8
    0
    0
   22
   10
   75
    1
    0
   71
    0
   71
    8
    1
    0
    0
    0
    0
   30
   84
    5
   11
    0
    0
    0
    0
    0
    0
    0
    0
    0
    0
    0
    0
    8
   17
   35
   13
   11
    4
    0
    1
   56
   10
    3
    4
    2
   10
    3
    0
    0
    0
    1
    0
   18
   59
    0
    0
    0
  361
  135
    8
    1
    0
    0
    0
    4
    0
    0
   24
   16
   27
    0
    0
    0
    0
    4
    0
    0
    0
    1
    0
   54
  235
    1
   30
   33
    4
    0
    0
  110
    0
   33
    0
    2
    5
    0
    0
    0
    5
   34
    9
   84
    0
    0
    0
    0
  143
    0
   30
    7
    9
   89
   21
    5
   29
   16
    1
    3
    8
    0
    0
    5
   58
   14
   80
   32
    1
    7
   25
    0
    6
   74
    6
    5
   94
    0
   11
    0
    1
    0
    0
    0
    0
   10
    0
    0
    0
    0
  148
    0
    0
    0
    0
    0
    0
    0
    0
  167
  187
    4
    9
   10
   41
    1
    0
   21
   33
   48
    3
    8
   84
    3
  175
   62
   49
   23
   12
   21
    0
    0
   85
  146
    0
   71
   35
    0
    2
    4
    1
   83
    7
    0
    0
    0
   21
    0
    1
    0
   18
   11
   43
    0
    0
    0
    0
    0
    0
   48
    0
  105
    0
    5
   15
    3
    0
    0
   49
    0
    0
    0
   51
    2
    0
    0
    7
  119
   25
    0
    0
    0
    0
    0
    0
    0
    0
    0
    0
    0
   11
    2
    0
    0
    0
    0
    0
    0
    2
    3
    0
   70
    0
    0
    0
    0
   28
    3
    0
    0
    0
    0
    0
    0
    0
    0
   24
    9
    0
    0
    0
    0
    0
    0
    0
    5
    6
    0
   18
    3
    0
   30
   61
   37
  191
   77
    5
   10
    0
    0
   48
    0
    1
    0
    0
    2
    0
    0
    2
    2
    1
    1
    4
    0
    0
   20
    2
    0
    0
    0
    0
   68
   50
   75
   50
   77
    9
    4
    0
    0
    0
    2
    0
    9
   53
    8
    0
   59
    0
    0
   10
    0
    3
    1
    6
    0
    0
   49
    0
    1
    0
    0
    0
   21
    0
    2
    0
    0
   30
   25
   47
   16
   30
    0
   25
    0
    0
    8
   23
   45
    6
    0
    4
    0
    0
   11
    7
    7
   23
   72
    0
    1
    0
    0
   31
   63
   47
    5
    5
    1
   62
   18
   91
    7
    7
   23
   18
   19
    3
    0
    4
    0
   36
   25
    4
    0
   30
   65
    1
   15
    0
   53
   11
    5
    8
    2
   26
   67
   72
    6
   48
   74
   11
   58
    7
    0
    0
   22
   10
    0
    0
    0
    9
    0
    0
    2
    6
    0
    0
    0
   10
    0
    0
    0
    0
    2
    0
   21
    0
    0
    0
    0
    0
    0
    0
    2
    0
    0
    0
   83
   60
    6
    0
    0
    0
    0
    0
    0
    0
    0
    0
    0
    0
    0
    9
   24
    4
   18
    0
    0
    0
    0
    0
    0
    8
    0
  105
   42
    1
    0
    0
    0
   47
   30
  193
    0
    0
   25
   34
   40
    0
    0
    0
    0
    0
    0
    0
    0
    0
    0
   42
    5
    4
    0
   90
    6
    0
   21
   52
   15
    0
   14
    6
  383
    0
    7
   27
   12
    0
   24
   13
   30
    0
  196
   23
    8
   40
    0
    0
    1
    0
    0
   53
    0
    3
    7
    0
   43
    0
    0
    0
   14
   44
    0
    0
    0
    0
    0
    0
    0
   55
    0
    0
    0
    0
    0
    0
    0
   54
    0
    0
    0
    0
    7
  127
   39
    0
    0
   10
    4
    0
    9
   78
    0
    1
   97
    0
    0
    0
    0
    0
   15
    8
    0
    0
    0
    7
    6
    1
    2
    0
    0
    0
   35
   63
   34
    0
    0
    0
    0
    0
    0
    0
    0
    0
    2
   12
    0
    0
   11
    0
    5
   22
   10
    2
    7
    3
    0
    5
    1
   12
    4
    0
    0
   20
   10
    0
    3
   10
    3
    5
   13
    3
   60
    0
    3
    0
    2
    1
    1
    0
    1
    0
    2
   82
   55
   54
    1
    0
   44
   18
    6
    2
    0
   14
   40
    2
    1
    3
   18
   22
  115
   40
   16
   49
  105
    1
   37
    7
   75
    2
   16
   90
   36
    8
    0
    0
    0
    5
  141
  323
    9
    6
    0
   91
    5
    3
    0
    0
    0
    0
    0
    1
   28
    0
    0
    0
   16
   17
   48
   12
    0
   27
    0
    7
    0
    1
    0
    0
    0
    0
    0
    0
    0
    0
    0
    0
    0
    0
    0
    0
    0
    0
    0
    0
    0
    0
    0
   32
    0
    0
    0
    0
    0
    0
   58
   15
   15
   45
   26
    5
   13
   57
   57
    0
    0
    5
    0
   17
    2
   11
   30
    0
    4
    0
    7
    0
    0
    0
    5
    3
    0
   45
    0
    2
    2
   16
   41
   16
    0
    0
    0
    5
    4
    0
  111
    0
    0
    0
    0
    0
    0
    0
    0
    0
    0
    0
   16
    0
    1
   28
   14
    0
    0
    0
    0
    0
    3
   47
    6
    0
   20
    0
  180
  148
    0
    0
    0
   45
   52
   53
    0
    0
    0
    0
    0
    0
    3
    1
    0
    0
    0
   95
   17
   32
    0
    0
    0
    0
    0
    0
    0
    0
    0
    0
    0
    0
    0
    0
    0
    0
    0
   22
    0
    0
   39
   10
   10
   57
    0
   24
    0
    0
    0
   15
    0
    0
    1
    0
    0
    0
    0
    0
    0
    0
    0
    0
    0
    0
    0
   94
    0
    0
   16
   25
  110
    3
    0
    0
    0
    0
    0
   26
    0
    0
    0
    0
    6
    4
    0
    3
   32
    0
    0
    0
    0
  104
   10
  427
    0
  350
    0
    0
   11
   92
    2
   16
   38
    0
    0
    0
   99
    0
    0
    0
    0
    0
    0
    0
    0
    0
    0
    0
    0
    0
    0
   10
    0
    0
   13
    0
   30
   66
   53
    0
    0
    0
    0
   22
    0
    0
    0
    0
    0
    0
    0
    0
    0
    0
   97
   73
   81
    0
    0
    4
    0
    0
    0
    0
    0
    0
   50
    0
    0
    0
    6
    0
    6
    0
    0
    0
   28
   94
    0
    2
   15
   10
   10
    0
    3
   26
    0
    0
    0
    0
    6
    0
    0
    0
    0
    0
    0
    0
    0
    8
  162
    0
  239
    3
   25
   35
    0
  213
  175
   13
    1
    0
    0
    0
    1
    0
    0
    0
    0
    0
    0
    0
   36
   78
   18
   13
   60
  106
   25
    0
    0
    0
    0
    0
    0
    0
    0
   11
    0
   20
   18
    0
    0
   45
  102
    4
   34
   44
    2
    0
    1
   44
    0
  140
    0
    2
    0
    0
    0
    0
    0
    0
    0
    0
    0
    0
    0
    5
    0
    0
    3
    1
    3
    3
    1
    0
    0
    0
    0
    2
    0
    3
    0
    5
    0
   30
   15
   32
    0
    0
    0
    0
    0
    0
    0
    5
   45
    0
    0
    0
    0
    0
    0
   23
    5
    0
   67
   35
  120
    1
    0
    5
    0
    0
    0
    0
    0
    0
    0
   42
   37
   67
   20
    0
    9
    0
    0
   35
    0
    0
   18
   40
    0
    0
    0
    0
    0
    0
    0
    0
    0
    9
    0
   23
    0
    6
    1
    0
    3
   14
    1
    0
    0
    0
    0
   52
    0
    0
    0
    0
    0
    0
   22
   23
    0
    0
   49
    1
   17
    7
   14
   11
    0
   11
    0
   18
   62
   50
    3
   29
    0
    0
    0
    0
    0
    0
    0
    0
    0
    0
    3
    0
    0
    0
    5
    0
    0
    0
    1
    5
    0
    0
    0
    0
    0
   37
    0
    0
    0
    0
    0
    1
    0
    0
    0
   67
    6
    8
    0
    0
   12
  215
   45
  274
    2
    0
    1
    0
    0
    0
    0
    2
    0
  249
   16
   24
   17
    0
    0
    0
    9
    0
   57
   31
    0
    0
   49
    0
   13
   24
    0
    3
   25
   81
    0
    0
    0
    0
    0
   15
    0
    0
    0
    0
    0
    0
    0
    0
    0
    0
    0
    0
    0
    0
    0
    0
    0
    0
    0
   60
   27
    0
    0
    0
   10
    0
    7
    0
    1
    0
   11
    0
   27
    0
   74
  112
    0
    2
    0
    0
    0
    0
    0
    0
    5
  150
   60
   45
    0
   36
   15
    4
    0
   28
   43
   47
   18
    2
    0
    0
    0
    0
   13
   10
   20
    0
   48
    5
   11
   33
   34
    2
    0
    0
    7
    5
    6
    0
    0
   28
    0
    0
    0
    1
    0
    0
    0
    0
    0
    0
    0
    0
    0
   31
    0
    2
    0
    0
    0
    0
    0
    0
    0
   24
   49
   74
    9
   25
   22
   27
   23
    5
    3
    1
    0
    0
    0
    0
    8
    5
   10
    3
    3
  368
   22
   68
   55
    0
   41
   46
    0
    2
   26
    0
    0
   51
    0
    0
    0
   10
   60
    0
    0
    0
    0
    0
   19
   49
   57
    6
    5
    2
    5
    0
    0
    2
   20
   10
    0
    0
    0
    0
   11
    7
    0
   42
    0
    8
    0
   67
   25
   24
    0
    0
    0
    0
    0
   49
   21
   14
    0
    0
    0
    0
    0
    0
    0
    0
   12
    0
    0
    2
    0
    0
    0
    0
    0
    0
    0
    0
    0
    0
    4
    4
    0
    2
    8
    2
   42
    0
    4
    2
    0
   34
    2
    0
    0
    0
    0
    0
    5
    0
    0
    0
    0
    0
    0
    0
    0
    0
    0
    0
    2
    0
    0
    0
    0
    0
    0
    0
    0
  105
    0
    0
    0
  125
   32
   24
    5
    0
    6
    0
    0
    0
    0
    0
    0
    0
   22
    0
    0
   62
    0
    0
    2
   17
    0
    0
    0
    0
    0
    0
    0
   11
   31
    0
   93
    4
    7
    5
    9
    0
   30
    0
    0
    0
    9
   68
    4
    6
    0
    0
    0
   19
    0
    0
   12
   31
  103
    0
    0
   26
   85
    0
    0
    0
    0
    0
    0
    0
   36
    9
   45
   21
    0
    0
    0
    0
    0
    0
    0
   34
    1
    0
    0
   43
    9
    4
    2
   10
    4
   21
    0
    0
   22
  379
   14
    0
   36
    0
  135
   17
   34
    7
   25
   20
  188
    0
    0
    0
    0
    0
    0
    0
    0
    0
    0
   40
    0
    0
    0
  115
   34
    0
    0
    0
    1
    0
    0
    0
    0
    0
   40
    0
   82
    0
    0
    0
    0
    0
   33
   89
    0
    0
    0
    0
    0
    5
    0
   26
   26
   20
    0
    0
    0
    9
   23
    0
    0
   21
    0
    0
    0
    0
    0
    0
    0
    0
    5
    0
    0
    0
    0
    0
    0
    7
    0
    0
    3
    0
    0
    0
    0
    0
    0
    0
   55
   16
    0
    4
    0
    0
   29
    0
    0
    0
    2
    9
    0
    2
    6
    3
   46
    0
    0
    0
    0
    0
    0
    0
    0
    0
    7
    3
    0
    0
    5
   51
    0
    8
    0
    0
   15
    0
   45
    0
    0
    0
    0
    0
    0
    0
    0
   10
   47
   14
   27
   57
   98
   30
    8
   21
   90
    0
   28
    4
    2
   28
   34
    1
    0
    0
    0
    3
   20
    0
    0
    0
    1
    0
    0
    0
    0
    0
    0
   16
    1
    0
    0
    2
    0
    0
    0
    0
    0
    0
    0
    0
   38
   33
  165
    0
   53
   57
   12
   57
    0
  122
   10
    0
    1
    0
    0
    0
    0
    0
   21
  167
   31
    0
    1
   62
    0
    0
    1
    6
    9
    0
   13
    2
  126
   87
    0
    0
    0
    0
    0
    0
    3
    0
    0
    0
    0
    0
    0
    0
   18
    4
   86
   27
    0
    0
    0
   36
    0
    3
   33
   30
   28
    0
   11
    0
    5
    0
   15
   35
    7
    0
    0
    0
    0
    0
    0
    0
   30
    7
    0
    0
   62
    0
    0
    0
   45
   16
   61
  182
   40
    4
    1
    0
    0
    2
   15
   43
   58
    0
  140
   15
   15
   49
   47
    0
    0
    0
   30
   10
    0
    0
    0
    0
    0
    0
    0
    0
    0
    2
    0
    1
    1
   32
    7
   35
    0
    0
    0
    0
    0
    0
    0
    0
   27
   42
   13
    0
    0
   12
    0
    0
    0
    0
    2
   25
   57
   28
   23
    0
    0
    0
    0
    0
    0
    0
    0
    0
    0
   10
    0
    0
    0
    0
    0
    0
    0
    0
    0
    0
    0
   41
    0
    0
    2
    2
   41
    4
    0
    3
    0
    0
    0
    0
    0
    0
   90
    0
    0
    0
    0
    0
    0
    0
    0
    0
    0
    0
    0
    0
    0
    0
   75
  336
   55
    1
    0
    0
    1
   31
   21
    6
   57
    0
    0
   19
    0
    0
    0
  158
    1
    0
    0
   26
    0
   32
    0
    0
    0
    0
    0
    0
    0
    0
    0
    0
    0
    0
    0
    0
    0
    0
   28
   37
    5
    0
   21
    2
    5
   37
    0
    0
   14
   32
    0
   14
    0
    0
   10
    7
  184
    6
    6
    3
   68
   64
    0
   24
    0
    0
    0
   35
    0
    0
   34
    0
    0
    0
    0
    0
    0
    0
    0
   20
   54
    0
    0
    0
    0
    0
    0
    0
    0
    0
   62
   54
    2
    8
    0
    4
    0
   19
    0
    0
    0
   47
    0
    0
    0
    0
    0
    2
  123
    8
   27
  115
   61
   31
   60
    1
    0
    0
    0
   37
    0
    3
    4
    0
    8
    0
    0
   18
   62
    4
   23
   31
    8
    0
   25
   10
   12
    0
   49
   19
   25
    5
   50
   21
    5
   13
    0
    0
    0
   46
   12
   12
    0
    0
    0
    0
    2
    7
  144
   49
   79
    0
    0
    0
    0
    0
    0
   84
    7
    0
    0
    0
    0
    0
    0
    0
    0
    0
    0
    0
    0
    0
    0
   12
  115
   29
    5
    2
    0
   64
   80
    2
    1
    0
    0
    4
    0
    0
   38
   18
  174
    3
   36
   25
   28
    3
   16
    0
    0
    0
    0
    0
    0
    0
   26
   15
    0
    0
    0
    0
    0
    0
    0
    0
    0
   24
   20
   10
   26
   64
    3
   11
    1
   15
    4
    0
    0
    0
    0
    0
    0
    3
    2
    2
    0
    0
    0
    0
    0
    0
    0
    2
    0
   11
   13
    6
    0
    0
    0
   40
   11
    0
    5
    8
    1
    0
    0
    0
    0
    0
    0
    0
    5
   16
   36
   46
    0
    0
    0
    0
    0
    0
    0
    0
    0
    2
  169
   30
    0
    0
    0
    0
    0
    0
    0
    0
    0
    0
    0
    0
    6
    0
    0
   15
    0
    0
    0
    0
    0
    0
    0
    4
   45
    0
    0
    0
    0
    0
    7
  331
   35
    9
    0
    0
  142
   56
   95
    0
   11
    1
    0
   21
   35
    0
    0
   33
    0
    0
    0
   40
  305
   33
    0
   10
    5
   42
   11
   17
   11
    0
    0
    0
   41
    0
    1
    6
   82
   23
    0
    0
    0
    0
    0
    0
  262
    0
    5
    0
    0
  106
  111
    3
   28
   45
   63
   47
   15
   64
   77
    0
    0
   27
   37
    0
   59
   45
  100
   71
    0
    0
   66
    0
    0
   36
    7
   35
    0
    0
   13
   35
   46
    0
    2
    0
    0
    0
  157
    0
    0
    0
    3
    0
  262
    0
    0
    0
    0
    0
    0
    0
   99
    7
    0
   18
  115
   77
   24
    0
    0
  158
    0
    0
   75
   48
   23
    0
   15
   22
   12
    0
    0
    0
    1
    0
    0
    0
   16
    0
    0
    0
    0
    0
    0
   14
    0
    0
    0
   25
    0
   35
    0
   49
    1
    0
    2
    0
    6
    0
    0
    0
    0
    0
    1
   49
   51
   98
    0
    0
    0
    0
    0
    0
    0
    0
    0
    2
    2
    0
   76
   28
   10
    1
    0
    3
    0
    0
  100
   77
    0
    1
    0
   20
    5
    8
   96
    0
    0
    0
    0
    0
   17
    0
    0
    0
   39
    0
    0
    0
    0
   32
   55
    5
  107
    2
   22
   98
    8
    0
    5
    0
    6
   55
   92
  121
   19
   25
    5
   10
   20
    0
    0
   32
    2
   53
    0
   55
  129
    0
   26
    0
    0
    0
    0
    3
   13
   51
   11
    0
    1
    8
    0
    0
    0
    0
    0
    0
   40
    0
   65
   60
   38
   21
   11
   42
    5
    2
    1
    0
    0
    0
    0
   11
   52
    0
    2
    6
    0
    0
    0
    0
    0
    0
    0
    0
    0
    6
   53
   17
   30
    2
    0
    0
    0
   25
   16
   78
    0
    9
    0
   47
    0
    0
    0
    0
   61
   72
  120
  311
   25
   10
   41
   61
   14
    0
   25
   36
   49
   41
   15
    0
    0
    8
    0
    4
    4
    0
    0
   34
    2
    0
    0
    4
    1
   48
  166
  356
   63
   21
    0
    3
   15
    0
    0
    0
    0
    0
    0
    0
    0
    0
    0
    1
    0
   69
    0
    0
    0
   56
    0
    0
    0
    0
    0
    0
    0
    0
    0
    7
   11
    1
    0
   11
  375
   37
   11
    2
   68
   82
    4
   48
   45
    0
    0
    0
    0
    0
   47
    2
    2
   60
    0
    0
    0
    0
    0
    0
    0
    0
    0
    0
   48
    0
    0
    0
    0
    0
    0
    0
    0
    0
    0
    0
    0
    1
    0
    0
    0
    0
   97
   98
    3
  151
    1
    0
    0
    0
    0
    0
    0
    0
    0
    3
    0
    0
    0
    0
    0
    0
    0
    0
    0
    0
    0
    0
    0
    0
   52
    0
    0
    0
   31
    0
   83
   23
    0
  117
   99
   52
   35
    5
    0
    0
   62
  195
    4
    0
    0
    0
   24
  158
  230
    0
    2
   34
    0
    0
  499
    1
   45
    0
    0
   34
   20
    1
  244
    0
   74
    0
    0
   17
   19
   17
    3
    0
   13
    3
    0
    0
    0
    0
    0
    0
    0
    0
    0
    0
    0
   19
    8
   67
    9
   49
    0
    0
    0
    4
    0
    0
    0
    0
    0
    1
    0
    0
    0
    0
    0
    0
    0
   23
    0
    2
    0
    0
    0
   61
   68
   35
    0
    0
    0
    0
    0
    0
    1
    0
    0
    0
    0
    0
    5
  102
   87
   15
  157
    3
   19
    0
    0
    0
    0
   12
   47
   15
    1
    2
    0
    6
    0
    0
   14
    9
   17
   12
    0
   40
   22
   44
    0
   68
  115
    0
    0
    6
    0
    0
    0
    3
    0
    0
    0
    0
    0
    9
   66
   34
   11
   12
   18
   17
    5
    5
    0
    0
    0
    0
    0
   45
    6
   24
    1
    0
    1
    0
    0
    0
   12
   47
   25
   41
   30
    5
    1
   13
   10
   57
   20
   53
   36
    0
    5
   35
    0
   23
    0
    4
    0
   82
    0
   37
   13
    3
   21
    4
   53
    4
   10
   13
   41
    7
   30
    0
    0
   12
   39
    0
    9
    0
    3
   22
    4
    0
    4
    5
    4
    0
    0
    0
    0
    0
    0
    0
   12
    6
   39
    3
   25
   12
    1
    3
    0
    0
   34
   18
   39
   60
   33
    0
   44
   45
    0
    1
   26
    1
    1
    9
    2
   22
   87
   50
   32
    7
    0
   68
   26
  146
   52
   65
    0
    0
    0
    0
    1
   11
   65
    0
    0
    0
    3
    0
    0
    0
    0
    0
    0
    0
   16
  164
    5
    0
   13
  232
    0
    0
    2
    9
   77
    0
    0
    0
    0
    0
    0
    0
    0
    0
    0
   13
  158
   32
  312
   15
    0
    0
    0
   12
    5
   16
   12
    3
   30
   88
  102
   69
   20
    9
   33
    7
    0
    0
  120
   30
   13
   58
    0
    0
    0
    0
    0
    0
    0
  212
    1
    0
    0
    0
    0
    0
    0
    0
    0
    0
   53
    0
    2
    0
    0
   25
    0
    0
    0
  139
    0
    0
    0
    0
    0
    0
    0
    0
    0
    0
    0
    0
    0
    0
    0
    0
    0
    0
    0
    0
    0
   79
   68
   16
    0
    0
    0
   69
   80
    0
    0
    0
    0
    0
    2
   63
   66
   24
    7
  390
   74
    0
    0
    0
    0
    0
    4
   12
    0
    0
    0
   24
    0
    0
    0
    0
    0
    0
  167
  173
    0
    0
    0
    0
    0
  118
   74
   20
    7
   41
   16
    0
    0
    0
    0
    0
    0
    0
    0
    0
    0
    0
    0
    0
    0
    0
    0
    0
    0
    9
    0
    0
    0
    0
    2
    0
   19
   33
   27
    0
    7
   65
   62
   50
   15
    0
  113
   18
   16
    2
    0
    0
    0
    0
    0
   51
   46
   21
   31
   71
    0
    0
    0
    0
    0
    0
    0
    0
    2
    0
    0
    0
    0
    0
    4
    5
    0
   18
    0
    0
    2
   17
    3
    0
    0
    0
    0
    0
    6
    4
   49
    0
   92
   57
   12
    0
    0
    0
    0
    0
    0
    0
    0
    0
    0
    0
    0
    0
    0
    0
    0
    0
    0
    0
    0
    0
    0
    0
    0
    0
    0
    0
    0
    0
    0
    0
    0
    9
    1
    0
    0
    0
    0
    0
    0
    2
    1
    4
    0
    0
    0
    0
    0
    8
    3
    5
    9
    7
   37
   24
   59
    0
    0
    0
    0
    0
    0
    0
    0
    0
    0
    0
    1
    0
    0
    3
    0
   20
    0
    0
    0
    4
    6
    0
    0
    1
    0
    0
    0
    0
    0
    0
    0
    0
   30
   14
    0
   50
    0
    0
   11
    7
    1
    0
    1
   54
    0
    0
    0
    0
    3
    0
    0
   73
    1
   14
    0
    0
    0
    0
    0
    0
    0
    0
    0
   16
   14
    0
    0
    0
   24
    2
    1
    0
   68
    9
   18
    0
    2
    0
   25
   75
    0
    1
    2
    0
    0
   57
   23
   21
   53
  157
    0
   57
   29
    8
    0
   18
    9
   26
    0
    0
    0
    0
    0
  145
   22
    0
    0
    0
    0
    1
    0
  137
    1
    0
    0
    0
    0
    0
    0
    0
    1
   19
    3
    3
    0
    0
    0
    0
    0
    0
   61
   30
   24
    0
    0
    1
  235
   45
   83
  235
    4
    0
   66
   24
    0
    0
    0
    0
    0
   61
    0
    0
    0
    0
   47
  101
    4
    0
    0
    4
    0
   18
    0
    0
    0
    0
    0
    0
    0
    0
    0
    0
    0
   29
   79
   93
    0
   22
   79
    0
    0
    0
    0
    0
    0
    0
   13
  148
    1
    1
   34
    0
    0
    8
    0
    0
    0
    1
   21
  137
    0
    2
   14
    2
    0
   16
   97
   14
   26
    1
   23
    0
    0
    2
   75
    0
    0
  111
   39
    0
    1
    1
   18
    0
   21
    3
    0
    1
   28
    0
    0
    0
    0
    9
    0
    0
    0
    0
    0
  106
   30
    0
    5
    0
   69
    1
    0
    0
    0
    0
   21
    0
    1
   15
   21
    8
    3
   14
    0
    2
    0
   92
    5
    0
    4
    0
    0
   40
    0
   13
    0
    0
   34
    3
    3
    0
    0
    0
    0
   20
   38
   28
    3
   50
   13
   28
   36
    0
    0
    0
    0
    0
    0
    0
    0
    0
    0
   75
    0
   31
    0
    2
   39
  165
   12
    0
    0
    0
    0
    0
    0
    0
    0
    1
    0
    0
    0
    0
    0
   16
    0
    0
    0
    0
    0
    0
    2
    0
    0
    0
    0
    0
    0
   13
   23
    0
    0
   12
   19
   26
    0
    0
    0
    5
    0
    1
    5
    0
    0
    0
   22
   47
    0
    4
    0
    0
    4
   53
   74
   52
    0
   25
    0
    0
  129
   38
   15
   15
    0
    2
    0
   49
   62
    1
    0
    0
    0
    0
    0
    0
    0
    0
    0
    0
    0
    0
    0
    0
    8
   30
   59
    3
   24
  101
    0
    4
    3
    2
    0
    0
    8
   28
   38
   22
    0
    0
    0
    0
   36
    4
  104
    2
    0
    0
    0
    0
   39
    0
    4
   49
   17
    0
    1
   24
    4
    0
    0
    0
    0
    0
   14
    3
    7
   19
   56
    0
    0
    0
    0
    2
   53
   46
    0
    0
    1
    0
    0
    0
    0
   30
    0
    0
    0
    0
    0
    3
   11
   16
   45
   31
    0
   12
  103
    3
    4
    1
    0
    0
    0
    0
    0
    0
    0
    0
    0
    0
    0
    0
    0
    1
   39
    0
    0
    0
   10
    0
   66
   73
    0
   24
   11
    4
   20
    3
    0
    0
   51
    0
    0
    0
   31
   15
    0
    0
    0
    0
    0
    0
    0
    0
    2
    0
   34
   27
  173
   37
  291
   15
    0
  176
    0
  237
    3
    0
    0
   22
    2
   54
    5
    0
    0
    0
    0
    0
    0
    0
    0
    0
    0
    0
    0
    0
   30
    0
    0
    0
    0
    0
    0
    0
    0
    7
    0
    0
    0
   60
   93
    0
    0
    0
    0
    2
    0
  109
    4
    0
    0
    1
    0
    0
  135
   19
    0
    0
    0
    0
    0
    0
    0
    0
    0
    0
    0
    0
    0
    0
    0
    7
    1
   23
   27
    0
    0
    0
    0
   11
    9
   72
  105
   48
   14
   17
   73
   30
    0
    0
    0
    0
    1
    0
    0
    2
   10
   57
    0
    0
    0
    0
    0
    0
    0
    0
    2
    0
    0
    9
    0
   23
    4
    0
    0
    0
    0
    0
  123
    0
    0
    0
    0
    0
   32
    0
    0
    0
    0
    0
    0
   11
    0
    0
    8
  112
   63
    3
    1
   32
   11
    0
    4
   26
   19
   33
   43
   28
    0
    0
    0
    0
   14
   56
    1
    0
    0
   72
   26
    0
   22
   13
    8
    0
    0
    0
    4
   20
    9
   36
   30
   14
    6
    0
    0
    0
    0
    0
    0
    5
   55
    0
    0
   78
   14
    8
    5
    0
   26
    0
    0
    0
    6
    9
   10
    0
    0
    0
    0
    0
    0
    0
    4
    0
    0
    0
    0
    0
    0
    0
    0
   40
    0
    0
    0
    0
    2
   78
    1
   21
    0
    0
    0
   61
    2
   15
   72
   37
   34
  122
   49
   35
    1
    0
    0
    4
    0
    3
   15
  125
   50
    7
    5
    0
    0
    6
    0
    0
    0
    0
    0
    0
    0
    0
    0
   73
    4
    9
    0
    0
    3
   19
  121
    4
    0
   38
   14
    0
    0
    0
    0
    0
    0
    0
    3
   36
    0
    0
    0
    4
    0
    0
    0
    2
    0
    0
   50
    2
    5
    0
   20
    0
    0
    0
    0
    0
    0
    0
    0
    0
    4
    0
    0
    0
   33
   44
    3
    0
    0
    7
    0
    2
    0
   16
   69
    0
    0
   87
    0
    0
    0
    0
    7
    0
    0
   13
   33
  202
    0
    0
    7
   16
    9
    0
    0
    0
   53
    0
   35
   22
    0
    0
    0
    2
    0
    9
    0
    0
   17
   25
   24
    0
    0
  112
   34
   24
   48
   22
    5
    0
    0
    6
    1
    0
    0
    0
    6
    1
   25
    2
    6
    0
  159
   37
    9
    0
    0
    0
   92
    0
    0
    0
    0
    0
    0
    0
    0
    0
   73
    7
    0
    0
    0
    0
    0
    0
    0
   29
   60
   37
   16
   12
  228
   22
   28
    2
   30
   40
    0
    0
   43
    0
   48
    1
    0
    0
    0
   81
    9
  109
    0
  122
   96
  218
   79
    0
    0
    0
    0
    0
    0
    0
    0
    0
    3
    0
    0
    0
  127
   12
   15
    0
    0
    0
   14
   20
    0
   20
   25
   46
    8
   27
    0
    0
   21
    2
    0
   22
    0
    0
   11
   95
    9
    6
   31
   79
   25
   90
   80
  194
   34
    6
   25
    0
   17
    0
   50
   43
   16
    5
    0
    0
   45
    3
   12
    4
    0
    0
    0
    0
    0
    0
    0
    0
    0
   11
    0
    1
    0
    1
    0
    0
    6
   11
    7
    0
    0
    0
    0
    0
   34
   35
   40
   29
    0
    0
   19
    0
    0
    0
    3
    0
    0
    0
    2
    0
   10
    0
    0
    0
    0
    0
   50
    4
    0
    0
   11
   49
    9
    0
   20
    3
   15
   33
    8
    0
    0
    0
    0
    0
    6
   19
    0
    0
   23
    0
   36
   15
   11
    2
    5
    0
    0
   50
   18
   40
   31
   41
   11
    1
    0
    0
    0
    8
    0
    1
   47
   18
    6
   70
    6
   51
   20
    4
   25
    3
    4
    2
    0
   45
   88
    0
    0
   16
    5
    0
    0
   10
   44
    0
    0
    1
    0
    0
    0
    0
    0
    1
   21
    0
    4
   31
    0
    0
   17
   57
    0
    0
    0
    0
    0
    0
    0
    0
    0
   43
    5
    3
    0
    0
   21
    0
   36
    1
    1
  101
   34
    0
    0
    0
    0
    0
   36
    0
    9
    9
   10
    0
    0
    0
    0
    0
    0
    0
    0
    0
   22
  126
    0
   34
   67
   38
   42
   57
    1
    2
    0
    0
    0
  192
   28
    3
    0
    0
    0
    0
    0
   13
    0
  217
    0
    0
   41
    4
    0
    6
    0
    0
   32
    0
   95
    1
   10
    0
    0
    0
    0
  125
  276
    0
   51
    6
    0
    0
    0
    0
    0
    0
    0
    0
    2
    0
    0
    0
   86
  163
  318
   12
   13
    0
    0
    0
    0
    0
  178
    0
    0
    0
    0
    0
  135
    2
    2
    1
    0
    0
    0
    0
    0
    0
    0
    0
    0
    0
    0
    0
    0
    0
   13
    0
    0
  134
    4
    0
    0
   64
    1
   41
   12
   33
    0
    0
    0
    0
    0
    0
    0
   10
    0
    7
    0
    1
   24
   18
    0
    0
    0
    0
    3
    1
    0
    0
    0
    0
    0
    0
    0
    0
    1
   49
    0
    0
   36
    0
    3
    0
  112
    6
   32
    0
    0
   24
    2
    1
    3
   24
    0
    0
    0
   14
    1
   82
    3
    7
    0
    0
    0
    0
    0
    0
    0
    0
    0
    0
    0
   22
    0
   47
   13
    0
    0
    3
   11
    0
    4
   94
    0
    0
    0
   13
   34
   40
   96
   65
    1
    0
    1
   23
    0
    0
    4
   22
   13
    3
    4
    3
    0
    0
    2
    0
    0
    0
    0
    0
   13
    8
   21
    4
   30
    6
   37
    0
    0
    0
   13
   18
   18
   24
    0
    2
    5
    0
    6
    3
    0
    0
    3
   14
   29
  104
   39
    0
    4
    3
    0
   11
    0
    0
   28
    0
    3
    0
    2
    4
    0
    0
    0
    0
    0
    0
   15
   50
   27
    0
  107
    3
   33
    0
    0
    0
    0
    0
    3
  235
   31
   54
    4
   49
    7
   14
    0
    0
   10
   46
   16
   36
    0
   15
   44
    7
   45
   25
   11
   11
    9
    1
    1
   11
    0
   88
   70
    0
    0
   30
    3
   43
   51
   20
   11
    4
    0
   36
  136
   93
   43
   58
   14
    8
  153
   54
   96
    8
    0
    0
    0
    0
    0
    0
   22
    0
   43
   62
   10
    3
   35
    4
    0
    0
    0
   11
    0
    0
    4
    2
    0
    0
    6
   40
    0
   14
   44
    0
   26
    2
    0
    0
    0
    0
    0
    3
    0
    0
    0
    0
    0
    0
    0
    0
    0
    0
    0
    0
    0
   17
    0
    0
    0
    0
    0
    0
    0
    0
  144
    4
   30
   22
   33
   10
    0
    0
    0
    0
    0
    0
    2
   14
    1
    0
    0
    0
    0
    7
    0
   65
    0
    0
    0
   34
    0
    0
    0
   22
    0
    0
    0
    0
    0
    0
    1
    0
    0
   24
    1
    2
    0
    0
    0
    0
   23
    0
   22
  147
    0
  162
    6
    2
   23
    0
    0
    4
  101
    0
    0
    1
    1
    9
    0
    0
  106
    0
    0
    1
   13
   18
    1
   47
    0
    0
    0
    2
    0
    0
    0
   12
    2
    3
    0
   34
    0
    0
    0
    0
   45
    0
   33
    0
   36
  167
   86
    0
    0
    0
    0
    0
   15
  163
    0
   78
    0
  163
   61
  155
    3
    1
   39
    1
    0
    0
    0
    0
    0
    0
    1
    0
   54
   24
    0
    0
    0
   48
    0
    0
    0
    0
    0
    2
    0
    0
    0
   77
    0
    0
    0
    8
   34
  103
    1
    0
    1
   17
    0
    0
    0
    0
    0
    0
    0
    0
    0
    0
    0
    2
    0
    1
    0
    0
    8
    0
    4
   22
    0
    0
   37
    0
    0
   14
    0
    0
    0
    0
    0
    5
    5
   90
    0
    0
   19
    0
    0
   13
   35
    0
    0
    1
   17
    2
    8
    6
    0
    0
    0
    0
    0
    0
    0
    0
    0
    5
    0
   22
   43
   18
    0
   25
  125
    2
    0
    0
    0
    0
    0
    0
    0
   23
   58
    5
    0
    0
    0
    6
    0
   14
    0
    2
    9
   41
    9
    0
    0
    3
    2
    0
    0
    0
    0
    0
    0
    0
    0
    0
    0
    0
   19
    9
   39
   18
    0
   14
    0
   35
    0
    1
   26
   14
   33
   75
    1
    0
    0
    0
    1
    0
    0
    2
    0
    0
    0
    0
   12
    0
    6
    0
   12
   68
   53
    0
    0
    6
    0
    0
    6
    0
   40
   53
    0
    0
    0
   59
    7
   46
    2
   73
   29
    0
    2
    0
  116
   36
   27
    0
   38
    7
  109
   74
  100
    0
    0
    0
    0
   12
    0
    0
    0
    0
   47
    5
   31
    4
    8
    0
   17
   10
    0
   10
    2
   79
   12
    9
    1
   14
    4
    6
   12
    0
    0
   39
   20
    0
    5
    0
    0
    0
    0
    0
    9
  158
   59
    1
    0
    0
    0
    0
    0
    0
    0
    0
    5
  125
   12
    0
    0
    0
    0
    0
    0
    0
    0
    1
   40
    0
    0
   92
   32
   65
  117
   55
    0
    0
   20
   31
    8
   60
    7
    0
    0
    0
   13
   21
    0
   27
    0
    0
   14
   47
    0
    0
    0
    0
    0
    6
    0
   31
    0
    0
    0
    0
    0
    1
  389
  103
  149
    8
    3
    2
   12
    0
  150
   46
    1
    0
    0
    0
    0
    0
    0
    0
    0
    0
    0
    1
    2
    0
  189
    0
   14
    0
   56
   26
   18
    0
   23
    0
    7
    5
    0
    9
    0
    0
   26
    3
    2
    9
   52
    8
   10
    0
    0
    0
    0
   24
    0
    0
    2
    0
    9
    4
   19
    2
    1
    8
   81
   60
  154
  107
   75
   25
   64
    2
    0
    0
    0
    5
   41
   20
   37
    0
    2
   87
    8
    0
   54
   12
    0
   48
  117
    0
   73
    6
    0
    0
   13
   39
    0
    0
    0
    0
    0
    0
    0
    0
    0
    0
    0
    0
   39
   40
    4
   13
    6
    0
   13
    5
    3
    0
   12
   27
    5
    0
    0
    0
   16
   86
  128
    4
    0
    0
   41
    0
    1
    0
    0
    0
    1
    1
    0
   26
   88
    0
    0
    4
   22
   14
   33
   34
    0
    0
    0
    0
   53
   93
   49
    2
    0
    0
    8
   22
   12
    0
    0
    3
    0
    2
    2
   28
    2
   43
   39
    0
    1
    4
    3
   23
   31
   24
   10
    2
    3
    6
    0
    0
    0
    4
    0
    0
    0
    0
    1
   15
    0
    0
    0
    0
    0
    0
    8
   79
   13
    0
    0
    0
   23
    8
   87
   43
    1
    0
    0
    0
    0
    0
    0
    2
    0
    9
   21
   79
   35
   38
   14
    0
    0
    0
    0
    0
    0
   71
   52
    0
   50
   22
    9
   92
   52
   36
   20
   33
    0
    2
    0
    0
   20
   71
    0
    3
    1
    0
    0
   90
   48
    7
    0
    0
    4
    2
   42
   29
    2
   28
    1
    0
    0
    0
    0
    0
    0
    0
    0
    0
    0
    0
    0
    0
    0
    0
    0
    0
    0
    0
   12
  141
   69
    0
    3
    0
    0
    0
    0
    0
    0
    0
    0
   75
   47
    3
   20
    0
    3
    0
    0
    9
   57
   11
    0
    0
    0
    3
   95
   51
    0
    0
    0
    0
    0
    0
   27
    0
    0
    0
  146
    0
   54
    9
   34
   72
    0
    0
    9
    0
    0
    0
    0
   14
   14
   43
   71
    0
   67
    0
    0
   21
    4
   32
    9
    0
    0
    0
   22
   23
    0
    0
    0
    0
    0
    0
    0
    0
    0
   15
   13
    0
    4
    0
    2
    0
    0
    0
   69
    0
    0
    4
    0
    0
   36
  335
    4
    6
    0
   19
    0
   29
   33
    2
    0
    0
    0
    0
    0
    0
  319
    0
    0
   93
   19
    0
  103
   73
    0
   33
   72
 1085
   14
    0
    0
    0
    0
    0
    0
    0
    0
    0
    0
    0
    0
    0
    0
    0
    0
    0
    6
    0
    0
    0
    0
   30
    0
    0
    0
    0
   59
    0
    0
    0
   25
    0
    3
    0
    0
    0
    0
    2
    8
   23
    0
    1
  110
    1
    0
    0
    0
    0
    0
    4
    2
   29
   78
   33
    2
    0
    0
    0
    0
    0
    0
   47
   40
   11
   48
   11
    0
   69
   35
    2
    0
   39
   33
   88
   47
   18
    0
    0
   22
   52
   98
    5
    0
    0
    6
  121
  101
    8
   61
    0
    0
    0
    2
    0
    0
   32
  136
    0
    0
  146
   10
    0
    2
    2
    0
    0
   43
  211
    9
    0
    0
    0
    1
    0
    0
    0
    0
    0
    0
    0
    0
    0
    1
   24
   25
    2
    0
    0
    0
  130
    1
    0
    0
   10
    2
    1
   81
  247
    4
   48
  113
  140
    0
    0
    9
    2
    1
    0
    0
    0
    1
   19
    3
    0
    0
    0
    0
    9
    0
    0
    0
   36
    4
    7
    0
   29
   58
   39
    7
    3
    0
    2
   58
    0
    0
    0
    9
   15
    0
    0
    0
    0
    0
    0
    0
    0
    0
    0
    0
    0
    0
    0
    0
    0
    0
    0
    0
    0
    0
    8
    0
    0
    0
   10
    8
   18
    1
    0
   80
   25
    0
    0
    0
    0
    0
    0
    0
    0
    0
    0
    0
    0
    0
    0
  138
    1
    0
    0
    0
   19
    8
    5
    0
    0
    1
    0
    0
    0
    0
    0
    0
    0
    0
    0
    0
    0
   41
   62
    0
    0
    0
    0
    0
    0
   16
    2
    0
   16
   19
    0
    0
    2
    0
    0
    0
    0
    9
   64
    0
    0
   11
   23
    1
    0
    0
    9
   44
   20
    0
    0
    0
    0
    0
    4
    1
    0
    0
    0
    0
    0
    0
    0
    0
    0
   15
    0
    0
   14
    0
    2
    0
   59
    0
    2
    0
    0
    2
    7
   29
    0
    0
    0
    5
    0
    0
    0
    0
    0
    0
  117
   89
    4
   65
    0
    6
    2
    0
    0
    3
    0
    0
    0
    0
    0
    0
    0
   10
    0
    0
    0
  175
    1
    0
   20
    0
    0
   64
    4
    1
    0
    0
    0
    0
    0
    0
    0
    0
    0
    0
    0
    0
    0
    0
    0
    1
    0
    0
    0
   15
    0
    0
    0
    0
    0
    0
    0
    0
    0
   28
   53
    8
   13
  117
   42
    0
    0
    0
    0
    0
    0
   11
   61
  177
    5
    4
    0
    0
    0
    0
    0
    0
    0
    0
    0
   13
    0
    0
    0
    0
   78
    1
    0
    3
    5
   21
   32
    3
    6
   18
   82
    2
    0
    0
    0
    0
    0
    0
    0
    0
    0
    0
    0
   51
    3
    0
    0
   12
   84
    0
    0
   83
   15
    0
    0
    2
    9
    0
    0
    0
    0
    0
    0
    0
    0
    0
    0
    0
    0
  171
    8
    5
    0
    0
    0
    0
    0
    0
   10
    6
    0
   67
   22
    0
    0
    0
    0
    1
    5
   12
    0
    0
    0
    0
   51
    5
  148
  106
   35
    2
    0
    0
    0
    9
   13
    9
    0
    0
    0
    0
    0
    0
    0
    0
    0
    0
    0
    0
   25
    0
   74
    0
    7
   32
   33
   53
   61
   39
   61
   39
    2
    2
    4
   92
    2
    3
    0
    0
   15
   17
    0
    0
    0
   42
   42
   10
   22
   93
    7
    0
    1
    7
   45
   31
   23
   52
    2
    1
    2
    6
    0
    0
    5
    5
    0
    0
    0
    0
    0
    0
    0
    2
    0
    0
    0
   20
   12
    2
    0
    0
    4
    0
    2
   43
    8
    0
    0
   23
    0
    0
    0
    0
    0
   33
   49
    2
    6
    0
    7
    0
    7
    0
    0
    0
    0
    0
    0
    0
    0
    5
   10
   14
    0
    6
   23
   28
    0
    0
    0
    0
    0
    0
    0
    1
   30
    0
    0
    0
   48
   63
    0
   45
    0
    0
    0
    0
    0
    1
   47
    3
  163
  134
   29
    0
   14
  549
   32
    0
   13
    0
   59
    0
    0
    0
    0
    0
   79
   25
   57
    2
    0
    0
    0
    0
    0
    0
    0
   38
    5
    0
   18
   60
    0
    0
    0
   25
   26
   92
   57
   14
    0
   54
    0
  106
    6
   16
    0
    2
    0
  111
    0
    1
    0
   80
    0
    6
    0
    2
    0
   15
    1
    1
    0
    0
  190
    3
    0
    3
   97
    8
    8
    0
   19
    9
   19
    7
  292
    0
  208
   48
    0
   21
  105
    0
    0
    0
    0
    0
    0
    0
    0
    0
    0
    0
    0
    0
    0
    0
    0
   63
    7
   99
    0
    0
    1
    0
   35
    1
   66
    0
    0
  192
    0
   46
   23
    0
   61
   41
   20
    0
    0
    0
    0
    0
    0
    0
    0
    0
    0
   59
    2
    0
    0
    0
    0
    0
    0
    7
    4
   56
   73
   29
   40
    5
   16
    3
    6
   30
    0
    0
   10
    0
    0
    0
   47
    0
    9
    0
    0
    0
    0
    0
    0
   98
   12
   32
    0
    0
   49
    1
    0
    0
    0
    0
   72
    0
    0
   33
   35
    0
    0
    0
    0
    2
    0
   25
   25
   33
  130
    0
    0
   44
    6
    0
    0
   40
   63
  289
   26
    7
    8
   80
   11
    0
    0
    1
   28
    0
    3
    0
    0
    0
    0
    0
    0
    0
    0
    0
    0
    0
    0
    0
    0
    0
    0
    7
   51
   38
    1
    0
    0
    2
   14
   18
    4
  137
   13
   11
    4
    0
    2
    5
    0
   67
    7
   45
    5
    0
    0
    2
    0
    1
    6
    4
    3
    0
    0
    0
   31
   15
  183
   80
   14
   24
   17
    0
    0
    6
    4
    0
    4
   94
    0
   41
    5
    0
    0
    0
    0
    0
    0
   39
   32
  129
   11
    1
    5
   19
    0
    0
    0
    0
    0
   34
    0
    8
    5
   23
    3
    0
    0
    0
    0
    0
    0
    0
    0
    0
   11
    0
  102
   14
    0
    0
    0
    0
    0
   33
    9
    0
    0
    0
    5
    0
   22
    0
    0
    0
    0
    0
    0
    0
    0
    0
    0
    0
    3
    7
    7
    2
    1
    0
    0
    0
    0
    0
   14
    1
    0
    0
    0
    0
    0
    0
    0
   22
    6
   12
    0
    0
    0
    0
    0
   30
  127
    5
   42
  162
    4
    0
    0
   44
    0
    0
   76
    9
   28
    0
    0
    0
    0
    6
    0
   16
    0
    0
    0
    0
    0
    0
    3
    1
    0
    2
    0
    0
   21
  151
   23
    0
    0
   24
    0
    2
    0
   24
    0
    0
    0
    0
    0
    0
   58
    0
    0
    8
  119
    0
    0
    0
    0
   34
   32
    0
    0
   58
  140
    0
   13
   47
    1
   31
    0
    0
    0
    0
   65
    0
    0
   25
   44
   63
  195
   23
    0
    5
   29
    0
   21
    0
  202
   24
    0
    0
   49
  216
   19
   18
   33
   14
    4
    5
    6
    0
   28
    0
   30
    1
    0
    0
    0
    0
   37
    0
   30
  105
    0
   32
    0
    0
    0
    0
    0
    0
    0
    0
    0
    0
    0
    0
    0
    0
    0
   31
   70
    8
    0
    0
   67
   46
    0
    0
    0
    0
    0
    0
    0
    0
    0
    6
    0
   22
   27
    4
  113
    4
    0
    0
    0
    1
    0
    0
    0
    0
    0
    0
    0
    0
    0
    0
    0
    0
    0
    0
    0
    0
   23
   31
    0
    0
    0
    0
    0
    0
    0
    0
    0
    8
    0
   16
    0
    0
    0
    0
    3
    1
    0
    0
    0
   41
   30
  101
   16
   12
   27
    1
    1
    7
    0
    3
    0
    0
    0
    0
    0
    0
    0
   21
   18
    0
    0
   43
   15
    0
    0
    0
    2
    7
    9
   89
   84
   21
   15
   15
   43
   20
    1
   16
    7
    0
    1
    5
   21
    9
    3
    8
    0
    0
    0
    0
    0
    0
    0
    0
    0
    0
    9
    0
    0
    0
    0
    0
   35
   54
    6
   59
   72
    0
    0
    0
    0
    0
    0
    0
    0
    0
    0
    0
    0
    0
   18
    0
   47
   63
   30
   36
   12
    3
    1
    0
    0
   39
   17
   13
   11
    7
    8
    0
    0
    0
    0
    0
    2
    0
    5
   10
    0
   12
    0
    3
   62
    2
   12
  102
   41
   20
    8
    0
    0
    0
   14
    4
    0
    0
    0
    0
    0
    0
    5
   20
   64
    1
    2
    1
   43
   58
    3
    7
   13
   11
    0
    0
    0
    0
    0
    0
    0
    3
   28
   47
    8
   28
   31
    4
    0
    0
    0
    5
    0
    0
    0
    1
   10
   27
   27
    0
    0
    0
    0
    0
    0
    0
    0
    0
    1
    0
    0
    0
    4
    0
    1
   22
    0
   44
   11
   41
    0
   20
    0
    0
   24
   72
   80
    6
   20
   12
   13
    1
    0
   19
    0
    0
   14
    0
    0
    0
    0
    0
    0
    0
    0
   15
   17
    0
    0
   63
    5
   25
    0
    0
    0
    0
    0
   23
    0
    0
   15
    0
    0
    0
    0
    0
   26
    0
   50
    0
    0
    0
    1
  115
    0
    0
    0
    0
    0
    0
    0
    0
    1
  157
    0
    0
    0
    7
    0
  177
    3
    0
    5
   40
    4
   11
  162
   61
    0
    0
    0
   23
    0
    0
    0
   28
   42
   19
    0
   29
    6
   52
   42
   44
    0
   22
    0
    2
   26
   20
   57
   24
    0
    0
    0
   15
    3
    0
    0
    1
    0
    0
    0
    0
    0
    0
    0
    0
    0
    0
    5
    5
    0
    0
    0
    0
    0
    0
    0
   53
    0
    0
   54
   83
   12
  164
   16
    9
   16
   11
    0
    0
    0
    0
    0
    3
    0
    0
    0
    0
    0
    0
    2
    0
    2
   13
   16
    0
    0
    0
  120
   85
    0
   51
    1
    3
    0
   46
   41
    0
    0
   82
   20
    0
   50
   28
   40
    0
    0
    0
    0
    0
   13
    6
   14
    0
   46
    0
    0
    0
    0
    0
    0
    0
    0
    0
   25
   21
    0
    0
    0
    0
   21
   12
   24
   26
    0
    0
    0
   20
    1
    1
    2
    4
    0
    0
    0
    1
    1
    0
    0
   22
    0
   10
   15
    6
   13
   19
   14
   12
   22
    7
   18
    0
   18
    8
    4
    0
    9
    0
    0
   37
  154
   15
   29
    0
    5
    1
   18
    1
    9
    1
   47
   24
   14
   12
    0
   16
    0
    0
    0
    0
   22
   39
   19
   37
    5
    8
   70
   55
   12
    0
    0
    0
    0
    0
   17
    0
    0
    0
   12
   20
   62
   12
   27
    8
  130
    0
   16
    0
    0
    0
   15
    0
    0
    0
    0
    0
    0
    5
   19
   25
    6
   14
   43
  116
   82
    0
    0
    0
    0
    0
    0
    0
    0
    0
    0
    0
    0
    0
    0
    0
    0
    0
    0
    0
    0
    0
    0
    0
    0
    0
    0
    0
    0
    0
    0
    0
    0
    0
    0
    0
    0
    0
    0
    0
    0
    0
    0
    0
    0
  214
  134
   16
   12
    5
   26
   26
   61
    3
   53
    0
    0
    0
    0
    0
   56
    0
    0
   65
    1
   94
  260
    6
    0
    0
    0
    9
    0
    1
    0
    0
    0
    0
    0
    0
    0
    0
    0
    0
  270
   28
   23
   12
    0
    0
  123
   12
   40
    0
   76
   35
    2
   46
    0
    0
    0
  151
   12
    0
   38
    2
    0
   57
   29
   18
   84
    5
    0
    0
    0
    0
   19
   12
    0
   86
  196
   36
    1
   36
    0
    0
    0
  107
  118
    0
    0
    0
  112
    0
    0
    0
    0
    0
   46
    0
    4
   52
    0
    0
    0
   16
   32
    0
    0
    0
  336
   36
    0
   34
    0
    0
    0
    0
    0
    0
    1
  129
    0
    0
   56
   31
    0
    0
    5
   10
    0
  162
    8
    0
    0
    4
    0
    0
   13
   51
    0
    0
    0
    0
    0
    0
   26
   28
  147
  222
   32
    0
    0
   28
    0
    5
    0
    0
    0
    0
    0
    0
    0
    0
    0
    0
    0
    0
   23
   27
    0
   30
   23
    0
   10
    2
    0
    0
    0
    0
    0
    0
    0
    0
   10
    4
    0
   47
   65
   90
   76
   10
   23
  109
   92
   78
   30
    0
    0
   20
    0
    0
    0
    0
    0
   20
    2
   45
    0
    0
    0
   28
   41
   29
   10
   32
   19
    0
   65
   24
    1
   11
    0
   56
   44
    0
    0
    0
    0
    0
    0
    0
    0
    0
    0
    0
    0
    0
    0
    0
    0
    0
   15
    0
    0
    0
    0
    0
    3
   15
   41
    0
    0
    0
    0
    0
    0
    0
    4
    1
    7
   44
  253
   72
   14
    8
    1
   17
    0
  105
   87
   14
    0
   12
    0
   13
    5
    0
    0
    7
   20
    0
    0
    0
    0
    0
    0
    0
    0
    0
    0
    0
    5
    0
    8
    1
   10
    0
    0
    5
   22
    2
    0
  140
  104
   15
   17
   11
    0
    0
    0
   10
    0
    0
   18
   28
   16
    4
    0
   95
    0
   21
   38
   46
   13
   16
    6
    0
   26
    0
    0
    9
    2
    0
    0
   21
  111
   58
    0
    8
    8
   75
    2
  100
    8
  358
    0
    7
   25
   56
    0
    0
    0
   22
    0
   55
    0
    0
    1
    0
    0
    0
   16
   22
   24
    0
    8
    8
    0
    0
    0
    0
    0
    0
    0
    0
    0
    0
    0
    0
   15
    0
    0
    0
    0
    0
    0
    1
    0
    0
    0
    0
    0
    0
    0
    3
    0
    0
    0
    0
    0
    0
    1
   35
    0
    0
    0
   76
   46
    0
   37
   70
    0
    0
   12
    4
    2
   34
    0
    0
  522
    0
    1
    0
    0
    0
    0
    0
   85
   16
    0
   28
    0
   11
    0
    5
   46
    0
   16
    0
    0
   27
    0
    5
   50
    5
   26
    1
    0
    6
    4
    0
    0
    0
    5
    0
    0
   12
   15
    0
    9
    0
    0
   53
   21
    0
   28
   27
   15
    0
   47
  138
   16
    0
    0
  106
    0
    0
   12
   48
   41
    6
    0
    0
    0
    0
    0
    0
   36
    0
  172
    0
    2
  215
    0
    0
    0
    0
    0
    0
    0
    0
    0
    0
    0
    0
    0
   17
   63
   11
   26
   18
    0
    0
    0
    0
   10
   44
   55
    4
    0
    0
   17
   11
    0
    0
    0
    0
    0
    0
    0
    2
    5
   51
    2
    0
    0
    0
   46
   71
    0
    0
    0
   10
   55
   36
  263
   23
    0
    0
    0
    1
    0
    2
    0
    0
    0
    0
    0
    0
    0
    0
    0
    1
    2
    0
   12
   19
   94
   20
   18
   11
   19
    2
    1
    1
    0
   12
    0
   47
    0
   19
    2
   19
   46
   45
    0
    0
   13
   58
    0
    0
    0
    0
    0
   12
    5
   24
   17
   14
    7
   17
   43
    0
    0
    0
    0
    0
    0
    0
    0
    5
    5
   31
    2
    0
    2
    0
    0
    0
    0
    0
    0
    3
    0
    0
   11
   35
    3
    0
    0
    0
   20
    2
    0
    0
    0
    0
    0
    0
   20
    0
    0
    0
    0
    0
    1
    1
    0
   19
   36
    6
    0
   13
    0
   15
   46
    3
    2
   13
   32
   22
   18
   61
    0
    5
   87
   50
   28
    0
   12
    0
    0
   66
   11
   21
    7
   16
   96
    1
   53
    3
    6
   46
    0
    0
    0
    5
    0
    0
   33
   71
   22
    1
    1
    3
   34
    0
    0
    0
    0
    0
    0
    5
    0
    0
    0
    0
    0
    0
    0
    0
    0
    0
    0
    0
   39
    0
    0
    0
    0
    0
    3
    0
    0
    0
    0
    0
    8
    2
    0
    0
    0
    0
   34
    8
    0
    2
   12
    1
   50
    0
    0
    0
   43
    0
  105
    0
    6
   32
   90
  126
    0
    0
    0
   71
    1
   18
    0
    6
   74
    0
    0
    0
   17
    0
   79
    0
    0
   19
   26
   72
   13
    0
   36
  148
   11
    0
    0
    8
    0
   13
    4
    2
   50
   17
    0
    2
    0
    0
    0
    1
   13
    0
    0
    0
    2
   10
   47
    2
   64
   41
    0
    0
    0
    0
    0
  173
   25
    2
    0
    1
    0
  102
    9
   49
    0
    0
    0
    0
    0
    0
    0
  110
    1
    0
    0
    0
    0
    0
    0
   59
    2
   17
    0
    0
    0
    0
   25
    0
    0
    0
   66
    0
    0
    0
   57
   36
    0
    0
    0
    0
    0
   35
    0
  132
   71
    3
    3
    0
    0
    0
    0
    0
    0
   66
    2
    4
    0
    0
    0
    0
    0
    0
    0
    0
    4
    0
    0
    0
    0
   87
    2
   10
    5
    0
   10
   59
   30
    0
    0
    0
   40
   74
   33
    0
    1
  108
   34
   12
    2
    0
    0
    0
   52
    0
    1
    2
   26
    4
   16
    5
    0
    0
    2
  278
   19
  165
    2
    0
    0
   13
    4
    2
    0
    6
    2
    0
    0
   37
  105
    5
    0
    0
    0
    0
   51
    6
    0
    0
    6
    1
    0
   78
   31
    0
    0
    5
   16
   75
    0
   74
    6
   75
   10
    0
    0
    0
    0
    0
   21
    7
    1
   21
    1
   85
   27
   34
    0
    0
    0
    2
   22
  109
   43
   26
   21
   51
    0
    0
    1
    0
   59
   34
   37
    0
    0
    0
    0
    0
    2
   18
    9
   20
    2
    0
    0
    0
    0
    0
    0
   19
   17
   29
    0
    1
    5
   45
    0
    0
    0
    0
    1
    0
    0
   32
    8
   16
    2
    0
    0
    0
    0
    0
   13
    0
    4
    3
   96
    4
    1
   11
    0
    8
    2
    0
    0
    2
   30
   11
    0
   12
    0
    0
    0
   27
   18
   37
   77
    1
    0
    0
    0
    8
   71
    0
    0
    0
    0
   99
   16
   14
   47
    3
    0
    0
    0
    2
    0
    0
    0
    0
    0
    0
   29
   27
    9
    0
   39
   37
    0
    0
    0
    0
    0
   13
    0
    0
    0
    0
   39
    0
    0
    0
    1
    2
   67
    5
    0
   49
  118
    1
    0
    7
   54
   16
    0
    0
  106
    0
    0
    0
   29
   62
    0
    0
    0
   20
   63
    0
    5
    1
   30
    0
   56
   44
   20
   16
    7
    0
    0
    3
    0
    0
    3
    0
    0
   17
    0
    0
    0
    0
    0
    0
    0
    0
    0
    0
    0
    0
    0
    0
    0
    0
    0
    0
    0
    0
    0
    4
  111
    3
    0
    0
    0
    0
    0
    0
    2
    0
    6
   54
   51
    2
    0
    0
    0
  276
  238
    0
    0
    0
    0
   83
   64
    0
    0
   23
   86
   49
    0
    0
  173
    0
    0
    0
    0
    0
   18
   32
    6
  203
    0
  218
   24
    0
    0
    0
  122
    7
    1
    3
   91
  358
   11
   25
    6
    0
    3
   22
    0
    1
    0
    0
    0
   30
   20
    0
    0
    2
    3
  103
   27
   25
    5
    0
    0
    0
    0
    0
    0
    0
  281
  264
  388
   14
    4
    0
    0
    1
    0
    0
    0
    0
    0
    0
    0
    0
    0
    0
    0
    5
   11
   37
    0
    0
    9
   79
    1
    0
    0
    0
    0
    0
    0
    0
    0
    0
    0
    0
    0
   44
    0
    0
   99
  101
    3
    0
   10
   21
   11
   27
    2
  167
  124
    1
   63
    0
    0
   33
  117
   33
    6
   64
    4
    0
   44
   49
    4
  103
    0
    0
    0
    4
    0
   30
   99
    8
   34
   82
   16
    3
   21
   22
   25
   10
    0
   33
    0
   16
    4
    0
   56
    7
    4
   24
    1
    0
    0
    0
    8
    7
    1
    0
    0
   40
    9
    0
    7
    0
    4
   45
   82
  111
    1
    0
    0
   39
    7
    9
    2
    0
   51
    7
   49
    5
    0
    0
    0
    0
    0
    1
    0
    6
    2
    0
    0
    0
    0
    0
   60
   30
    3
   19
    0
    0
    0
    6
    0
    0
    1
    2
    0
    0
    0
    0
    0
    0
    0
    0
    0
    0
    0
    0
    0
    0
    0
    7
    0
   13
    0
    1
    2
    0
   17
  105
    2
    0
    0
    0
    0
    0
    0
    0
   11
    0
    0
    0
    0
    1
    1
    0
   16
   90
    0
    0
    0
    0
    0
    0
    0
   20
  155
   18
    0
    0
    0
    0
    0
    0
    0
    0
    0
    0
    0
   13
    0
    0
    1
    0
    0
  103
   13
    0
    0
    0
    0
    0
    0
    0
    0
    0
    0
   41
    0
    3
    0
    0
    0
    0
   16
   42
    0
    0
    0
    8
    0
    0
    0
    0
   78
   25
    0
    0
    0
    1
    1
    1
    0
    0
    2
    0
    0
    0
   18
    0
   57
   23
    0
   69
    5
  104
   42
   16
    1
   10
    0
    0
    0
    0
   71
    0
  115
  105
  212
    0
    5
   73
    7
   29
  435
    0
    0
    5
    0
    0
    0
  120
    0
    0
   34
    2
    1
    0
    0
    0
    0
    0
    0
  158
  385
   11
    0
    0
   46
    1
  121
    0
   28
   10
   36
    2
    0
   32
   10
   67
    0
    2
    0
    0
   20
    0
    0
    0
   33
   55
    0
    0
   48
    0
    0
    0
    0
    0
    0
    0
  112
   19
    9
   15
   60
    0
    0
   20
    0
    1
    0
    0
    0
  330
  120
    0
    0
    0
    0
    0
    0
    0
    0
    2
    0
    0
    0
    0
    0
    0
    0
    0
   66
    7
   18
   16
   40
   58
   15
    0
    0
    0
    0
    0
   40
   17
   10
    0
    0
    0
    0
    0
    9
    0
    0
    0
    0
    0
    0
    0
    0
    0
    0
    0
    0
    0
    0
    0
    0
    0
    0
    0
    3
    0
    1
    0
    0
    0
    0
    0
    0
    0
    1
    0
    0
    0
    0
    0
    5
    9
   48
  107
   11
    6
   73
   33
   29
    0
    0
    0
    3
   30
    0
  115
    5
    9
    3
   36
   41
    7
    9
   52
    4
    0
    0
    0
   26
   44
    1
    6
   46
    0
   14
   54
    0
   51
   50
   56
    0
    2
   43
   19
    0
    0
   16
    3
   52
   82
   36
   24
  128
   30
   51
    0
    0
    1
    2
    0
    0
    0
    0
    0
    0
    2
    0
    0
    1
    0
   10
    0
    0
    0
    0
   36
    0
   67
   11
   14
    9
    0
    5
    3
    0
   17
    3
   35
    7
    7
    4
    1
    0
    0
    0
    0
    0
   17
   23
    0
    6
    8
    2
    3
    0
    0
    0
    0
   18
    0
    0
    0
    0
    0
    0
    0
    0
    0
    0
   18
   14
   10
    0
    0
   46
    3
    0
   16
    2
    0
    1
    2
   35
   25
    0
    0
   11
    0
    0
    0
    0
    0
   99
    1
    0
   34
    2
    0
    0
    0
    0
    0
    0
    4
   44
    0
   93
   22
    0
    0
    0
    0
   17
    0
    0
    0
    0
   17
    0
    0
    0
    0
    0
    4
    0
    0
    0
    2
    0
    0
    0
    0
  103
    5
    0
   62
   49
   21
   11
    7
   66
   16
    0
   16
    0
   34
    3
    0
   68
    0
    1
   88
  134
    2
    0
    1
   40
   74
    0
   17
    0
    1
   88
   14
   82
    1
    0
  440
   84
  163
   94
    1
   10
    8
   42
   29
   60
   79
   82
   20
    8
   49
    2
    0
    0
    0
    0
    0
   13
    4
    0
   13
    6
    0
    0
  148
   78
    0
    0
   13
    0
    4
    0
    9
    0
    0
    0
    0
    0
    1
    0
    0
    0
    0
   27
    0
   38
   39
    0
    4
    0
    0
    0
   66
    0
    0
    0
    0
    0
   14
    0
    0
    0
    0
    0
  161
   19
    0
    2
    0
    0
    0
  101
    0
    0
   16
    1
    0
    0
    0
  111
    1
    0
    0
    0
    0
    0
    1
   53
   31
   32
    0
    0
    0
    0
    0
   30
    0
    0
    1
    0
    0
    0
    0
    0
    0
    0
    0
    0
    8
   79
   63
    0
    1
   12
    0
   39
   15
   56
    7
    1
   34
   23
    3
    0
   44
   44
    0
    0
    0
    0
    0
    0
   27
    0
    0
    0
    0
    0
    0
    0
    5
   14
  168
  166
   15
    0
   11
   17
   25
   23
    7
    0
    0
   34
   48
    4
    0
    2
   52
   10
   28
    0
   14
   35
    0
    0
   80
  211
   13
    4
   12
    5
    0
    0
    3
    0
   15
    1
   19
   52
   37
   41
   23
   33
   41
   33
    7
    2
    0
    2
    0
    3
    4
    1
    0
   31
   31
    0
    0
    1
    0
    0
   29
    7
   79
  122
   23
   55
   15
   44
   44
   22
    2
    2
    4
    0
    0
    0
   23
    4
    0
    0
    7
    3
   16
   37
    2
    3
   13
   37
   57
    8
    1
    1
    0
    0
    0
    0
    0
    0
    0
   14
    0
   22
   39
    6
   44
    0
    8
    0
    0
    4
   43
    4
   17
    1
    3
    0
    0
    0
    0
    3
   23
    5
    0
   10
    0
    0
    0
    0
    0
    8
    0
    0
    0
  105
   24
   26
   38
    0
    0
    4
    0
    0
    0
    0
    2
    2
    0
    0
    0
   47
  146
    2
    0
    7
    0
    0
    0
    0
    4
   28
   70
   10
   18
   14
    0
   22
    0
    0
    0
    0
    4
   28
   38
    0
    0
   39
    0
   41
   97
  109
    6
  234
   53
  240
  114
  313
  191
   15
    0
    0
    0
    0
    0
  316
    0
    0
    0
   44
    0
    0
    0
    0
    0
    0
  459
    0
    1
    0
   41
  122
    6
   23
    0
    4
    0
    0
    3
    0
    0
    2
    0
    0
    0
    0
    0
    0
    0
    0
    0
    0
    0
    0
    0
    0
    0
    0
    0
    0
   61
    0
    2
   28
   81
  131
    0
   33
    0
    0
   28
    9
    0
   88
   37
    0
    4
  140
    0
    8
   25
    0
    0
    0
    0
    0
    2
    0
    0
    0
    5
    0
    0
    0
    0
    0
    0
    0
   13
    0
    4
   21
    0
    0
    0
    0
  119
   11
    1
    0
    0
    0
    0
    0
   26
    6
   17
    2
   20
    1
    0
    2
    1
    0
   77
    0
    0
    0
    0
    0
    0
    0
    0
    0
    0
    0
    0
   12
  217
  153
   18
    0
    0
   47
   14
   14
    2
    0
    0
    0
    0
    1
    0
    0
   36
   19
    0
    0
    0
    0
    0
   26
   53
   22
   48
   49
    2
   35
    0
    4
    0
   32
    0
    0
    0
    0
    0
    0
   84
   29
    7
    2
    7
    9
    0
    0
    0
    1
   32
   22
    0
    0
    0
   25
   55
    6
   17
   16
   55
    1
    0
    0
    0
    1
    2
    0
    0
    0
    5
    3
    0
    1
    0
    0
    5
    1
    0
   15
    0
    0
    0
    0
    0
    9
   10
    5
   39
    5
    0
   14
    0
   28
    0
   13
   82
    4
   28
    0
    0
    1
    9
   25
    8
   12
    7
    0
    5
   13
    0
    0
    0
    0
    3
    4
    0
    0
    0
    0
    0
    1
    0
    0
    0
    0
    4
    0
   37
    5
    0
    0
    5
    0
   21
    0
    0
    0
    0
    0
    0
    2
    0
    0
    0
    4
    0
    0
    0
    0
    0
    0
    0
    0
    0
    1
   41
    6
    0
   15
    8
    0
    0
   44
    0
  105
    1
    0
    0
    4
    0
    0
    0
    0
    0
    3
    0
    0
    0
    0
    5
   18
    0
    4
    3
   14
   30
   34
    0
   43
   42
    0
    0
    0
    0
    0
    0
    0
    0
   12
    0
    0
    0
   25
   30
    0
    0
    0
    0
    6
   40
   16
   29
   40
    0
   11
   23
    9
    0
   43
  155
    0
    0
    0
    0
    1
   25
    0
   14
  417
  253
   19
   12
    0
    0
    0
    0
    1
    0
    0
    0
    0
    0
    0
    0
    0
    2
   36
    0
    0
    0
    0
    0
   13
    1
    0
    0
    0
   37
    4
    3
    4
   58
   21
    0
    0
    0
    0
    1
    0
   66
  103
   48
   22
    8
    3
    4
    7
    0
    0
    0
    0
    0
    0
    3
    0
    1
  282
  157
    0
   22
  188
   39
    2
    0
    0
   69
  275
   89
    5
    0
    0
    0
    0
   13
    0
    2
   51
    1
   22
   42
    0
   16
    6
    3
    0
    0
   18
    9
   48
   59
    0
    0
   71
   80
   33
    1
    7
    0
    0
    0
   27
    0
    0
    0
    4
   79
   21
   23
   18
    0
    0
    0
    0
   12
   94
  215
   73
    0
    0
    8
   19
    0
    0
    0
   13
    0
    0
    0
    0
    0
    0
   27
   19
    0
    0
    0
    0
   27
   22
    4
   43
    1
    0
   21
    0
   81
   62
   15
    0
    6
    0
    0
    0
    0
    0
    1
    0
    1
    0
    0
    8
    8
    0
    0
    0
    1
    0
    0
    0
    0
    0
    1
    0
   49
    2
    2
    0
    0
    0
    5
    0
    0
    0
    0
    0
    0
    0
    0
    4
   23
    0
    0
   18
    0
    0
    0
    5
   14
   64
   15
    5
    2
   21
   24
   74
   77
    0
    7
    0
   41
   51
    6
    0
   32
    9
   20
    7
    0
   27
   21
   11
    2
    0
    1
   93
  153
   23
   21
    8
    8
   27
    1
   39
    0
    0
    3
    9
    0
   14
    5
    5
    1
   50
   19
    6
    1
   17
    1
    1
    0
   20
   13
    0
    0
    1
    3
   15
    0
    0
    0
    0
    0
    0
    0
    0
    0
    0
    0
    0
    0
   21
    0
    0
    0
    0
    0
   58
   29
   12
   13
    5
    1
    0
    0
    0
   10
   17
    5
    2
   27
    0
    0
    0
    0
    0
    0
    0
    0
    0
    0
    5
   11
    8
    0
   70
   94
   34
   84
   31
    0
    0
    0
    0
    0
    0
    0
    0
    0
    0
    1
    0
    0
    0
    0
    0
    0
    0
    0
    0
    0
    0
    0
  100
  131
  134
    0
   75
    0
    0
   22
    0
    1
    0
   12
    3
   39
    0
    0
   21
    3
    0
    0
   10
    0
    0
    0
    0
    0
    0
    0
    0
    5
    0
    0
    6
   13
    3
    0
   88
    0
    0
    0
    0
   51
    0
  150
    0
    0
  105
    0
  100
    0
    0
    0
    9
   22
   27
    7
    0
   92
   10
    0
    0
    1
    6
    2
    1
    0
    0
    0
    0
   86
   66
    0
  108
    4
   23
    0
    0
   49
    7
   16
    0
    0
    3
   67
   77
   28
    0
  285
    0
   20
    0
    1
  103
    0
   60
    0
    0
    0
    0
    0
   28
    0
    0
    0
    0
    0
    0
    0
    0
    0
   70
    0
    5
  311
  240
   15
    0
    0
    0
   24
   62
    0
    0
   11
   12
    0
    0
   -9
   42
    0
   51
   11
   18
    6
    2
    0
    0
   12
    0
    0
    0
   17
    0
    5
   25
    0
    9
   40
    0
    3
    0
    0
    0
    0
    0
    0
    0
    0
    0
    0
    0
    0
    0
   56
  161
   41
    0
    0
    0
    0
   41
   81
   69
   72
    0
    0
    1
   25
    0
   10
    0
    0
    0
    0
    0
    0
    0
    0
    0
    0
    0
    0
    0
    0
   51
    4
    9
    9
    9
    4
    0
   27
   99
  137
   64
   40
   24
  120
    7
    7
   21
    1
    0
    4
    0
    0
   34
  183
  135
    2
    0
    0
    3
    0
    0
    0
    0
    9
    0
   39
   61
    6
    0
    0
   10
    1
   70
    0
    0
   29
    1
    0
    2
   10
    0
    0
    0
    0
    0
   12
