Station: Pleissa , scaling_factor: 10.0, latitude:  50.8441, longitude:  12.7751, altitude:  388, nodata_value: -9
start: ..1969-01-01  end: ..2000-03-31
  208
  168
    0
    4
    3
    0
    0
    2
    3
    0
    0
    0
    8
    0
   19
    0
    0
    0
    0
    0
    0
  149
   37
   36
   34
    2
    0
    3
    8
    0
   43
    0
   24
    3
   23
    0
    0
    0
   20
   48
   14
    3
    0
   28
    4
  234
    5
    0
    0
    0
    4
    0
    0
    0
   14
   11
    0
    0
    0
    0
    0
    0
    0
    0
    0
    0
    0
    0
    0
   66
   80
   84
    1
  104
   24
    0
    0
    0
    0
    0
    0
    0
    6
   36
   12
   26
    5
    0
   25
  106
   48
   49
   49
    0
    0
    0
    0
    0
    0
    0
  109
   72
    0
    0
   74
   67
   67
   23
    0
    0
    0
   64
  149
   28
    0
    0
  121
    3
   87
   65
    4
    0
  134
   16
    0
    0
   35
   68
    9
    5
    0
    0
    0
    0
    0
   38
    0
   13
    7
    0
    5
    0
    0
    0
   19
  135
    0
   13
    0
  109
   18
   77
   36
   84
   13
  151
   30
    3
    0
    0
    0
    0
    0
    0
    0
   81
    0
    0
    0
  472
   63
    0
    0
    0
  495
    0
   55
    0
   56
   84
    0
    0
    0
    0
    0
    0
   30
    0
   34
   13
    6
   82
   15
   34
    0
    0
    0
  101
    0
    0
    0
    0
    0
    0
    0
   18
    0
    0
    0
    0
   42
    0
    0
    0
    0
    0
    0
   49
    0
    0
    0
    0
    0
    2
  164
  103
   81
   36
    0
    0
   21
   78
    0
    0
    0
    0
    0
   34
    5
   98
   51
  124
    0
    0
    0
    0
    1
    0
    0
    0
    0
    0
   23
    0
    0
    0
    0
    0
   18
  102
    0
    0
    0
   10
   23
    0
    0
    0
    0
   45
    0
    3
    0
   13
   68
   28
    0
    0
    0
    0
    0
    0
    0
    0
    0
    0
    0
    0
    0
    0
    0
    0
    0
    0
    0
   78
   31
   21
    8
    0
    0
    8
   37
   23
    0
    0
    0
   41
    0
    0
   28
   48
    3
    0
    0
    0
    0
    0
    0
    0
    0
    0
   28
   12
    0
    0
    0
   69
   15
   99
   18
    0
    7
    1
    0
   15
   75
    0
    0
    0
   13
    0
    0
    0
    0
    0
    0
    0
   57
   12
    0
  120
    0
    0
    0
    0
    0
   29
    0
    0
    0
    0
   38
    1
    0
    8
   21
   39
   35
   41
    0
    8
    0
    0
    0
    0
    0
    0
    0
    0
   28
    0
    0
    0
    0
    0
    0
    0
    7
    0
   16
   97
   60
    0
    0
    9
    0
  112
    3
    0
    0
   36
    0
   18
   21
   88
   12
    0
   36
    0
    8
    0
   11
   43
   21
   54
  146
  162
  110
   28
    0
   54
   51
   34
   68
   71
    8
  132
  155
   18
    2
    0
    0
    0
    0
    0
    0
    0
    0
   37
   56
   35
   49
   39
   13
    0
    0
    8
    2
    0
    0
   60
    0
    1
   61
    0
   57
   12
   32
    0
    4
    0
    0
  135
    0
    3
   25
   87
    0
    0
   83
    0
   24
  130
   52
   11
   12
   24
   42
   23
   25
   27
   68
   37
   48
  118
   12
   28
    0
    0
    0
    0
    0
    0
   82
   98
  116
   12
    0
   23
   58
    0
    0
   49
   23
   44
   15
   18
    0
    0
   91
  168
  145
   20
   58
  212
   72
    0
    0
   43
    2
    0
    0
    0
    1
    0
    0
    0
    0
    0
    0
  116
    0
    0
    0
    0
    0
   61
   11
    0
   25
    0
    0
  308
   25
    0
   68
    0
   47
   27
    0
    0
    0
    0
   45
    0
    0
    0
    0
   68
   27
   51
    0
    2
   36
   28
  102
    0
    0
   65
   47
   75
   39
    0
   47
    0
  287
   74
    0
   45
    0
    0
    0
   51
   32
    0
    0
    0
    0
    0
   74
    0
   16
    3
    0
    0
   83
  268
   46
   78
    8
   43
    0
    0
    0
    0
    0
    0
   17
    0
   39
    0
    0
    0
    0
    8
    0
    0
   47
    3
   16
    0
    0
    0
    0
    0
    0
    0
   13
    0
    0
    0
   12
    2
    0
    0
    0
   76
  131
   91
  198
  187
    0
    0
    0
    0
    0
    0
    0
    2
    4
    0
    0
    0
    0
    0
   35
    9
   98
   81
   29
  128
    3
   98
    0
  127
    2
    6
   31
    0
  165
   18
    5
   58
   42
    0
    0
   15
    6
  108
    5
   28
   46
    0
    0
   20
   26
    0
    0
  169
  163
    0
    0
    0
    0
    0
    0
   35
   12
   78
   17
   71
   63
   29
    4
   24
    0
    3
    7
    0
    0
    0
   16
   12
    5
    0
   17
    0
   25
   21
    4
   26
   41
   11
    0
    0
   49
    0
  174
   18
    0
    0
    0
    0
    0
    0
    0
    0
    0
    0
    0
    0
    0
    0
   15
   16
    0
    0
    4
    2
    0
    0
   30
    0
    0
   32
   48
   10
    2
    0
    0
    3
    0
   60
    2
    4
    6
   18
   38
    4
    0
    0
    2
   19
    1
    0
    0
    0
    6
   65
   21
   21
   42
  118
   51
   78
   41
   18
  104
   28
    0
   10
   31
   13
    4
    0
    0
   45
    9
   19
    5
    0
    0
    9
   17
    0
    0
    0
    0
    5
   65
   10
    5
   34
   12
    0
    0
    0
    3
    2
    0
    0
    0
    0
    9
    1
    0
    0
    0
    0
    0
    0
    0
    0
    0
    0
   59
    0
    0
   26
    0
    0
   91
  123
   41
   43
   32
    8
    0
    0
    0
    4
    0
    0
    0
    0
    0
    0
   23
    0
    0
    0
    0
    0
    7
    0
    0
   35
    0
    3
   21
    8
  103
   10
   34
   86
    0
   49
   56
   12
    0
   28
   14
    0
    0
   12
  115
    0
   22
  121
  112
   56
   91
   42
   24
    6
   14
   32
   92
   89
   41
   14
    0
    0
    0
    0
   19
   47
   94
   53
  131
    3
   65
    0
    0
    0
    0
    0
    0
    0
    0
    0
    0
    0
   24
    0
    0
    0
    0
    0
    0
    0
    0
    0
    0
    0
    0
    0
  104
    3
    0
    0
    0
    0
    4
    0
    0
    0
   12
    0
    0
    0
    0
    0
    0
   82
    0
    0
    0
    0
    0
    0
  125
  154
  215
    0
   18
   48
   61
    0
    0
   23
   12
    0
    2
    0
    0
    0
    0
    0
    0
  264
   77
    6
   41
    0
    7
   14
    0
    0
   93
    0
    0
    0
    0
   26
   15
    0
    0
    0
   78
   18
    0
    0
    0
    0
   23
    0
    0
    0
    0
    0
    0
    0
    0
   78
  145
    6
    0
    0
    0
    0
    0
   34
    0
    0
    0
    0
    0
    0
    0
    0
    0
    0
    4
    0
    1
    0
    0
    0
    0
   12
   48
   71
    0
   18
    0
   52
   24
   56
   28
  363
   21
    0
    0
    0
   32
   49
   31
    0
    0
    0
    0
    0
    0
    3
    6
   21
   29
    5
    7
   25
  158
   68
   21
   68
   12
    0
    0
    0
    0
    0
   39
  131
    2
   34
   28
    0
    0
    0
    0
   36
    2
    0
    0
    0
    0
    0
    0
   23
    0
    0
    5
    4
    0
    0
    0
    0
    0
    0
    0
    0
    0
    0
    0
   25
    0
    0
    0
    0
    0
    4
   33
    2
    0
    0
    0
    0
    0
    0
    0
    0
    0
    0
    0
    0
   17
    0
    0
    0
    0
    0
    0
    0
    0
    0
    0
    0
    0
    0
    0
    0
    0
    0
    0
    0
    0
    0
    0
    0
    0
    0
    0
    0
  146
    3
    0
    0
    0
    0
    0
    0
    0
    0
    0
    0
    0
    0
    0
    0
   21
   72
   19
   23
    0
   37
   57
   64
   14
   13
    7
   23
   18
   12
    0
    0
   23
    2
    0
    0
   23
   12
   13
   12
   28
    0
   13
    0
    0
    2
    1
   26
   13
    2
    0
    0
    0
    0
   17
    0
    0
    7
   14
  121
   67
  121
   65
   25
    1
   21
   83
  192
   28
   32
   46
    2
   71
    0
    0
   26
    2
   43
   72
   96
   43
   41
    0
   45
    0
    0
    0
    0
   25
   87
    0
    0
   60
  124
  214
    0
    0
   19
    1
    0
    0
   56
    0
    0
    8
   13
    0
    0
    0
    0
    0
    7
   39
    0
   12
   26
    0
    0
    0
    0
    0
    0
  121
    0
    0
    0
    0
    0
    0
    0
    0
    0
    0
    0
    0
  175
    0
   16
    4
    0
    0
  198
  171
    0
    9
   68
   14
    6
   19
    0
    0
    0
    2
    8
  152
    0
    0
    0
  334
   55
   36
   58
    0
    0
   48
    0
    0
    0
    0
    2
    0
    0
    0
    0
    0
   92
    1
    0
    0
    0
    0
    0
   64
    4
  104
    0
    0
    0
    6
    0
   32
   58
    0
    0
    0
    0
   32
   58
   45
   13
    5
   24
   39
    0
    0
    0
    0
    0
    0
    0
    0
    0
    0
    0
    0
    0
    0
    0
    0
    0
    0
    0
    0
   37
   23
   37
  186
   56
    1
    0
    0
    0
  121
   32
    0
    0
    0
    0
    0
    0
    0
    0
    0
    0
   24
   56
   42
   49
   24
    0
   12
    0
  140
   13
   15
    0
    0
   13
   36
   72
    0
    0
    0
    0
    0
    0
    0
    0
    0
    0
    0
    0
   16
    0
    0
    0
    0
    0
    0
    0
    0
    0
    0
    0
    0
    0
    0
    0
    0
    0
    0
    0
    0
    0
    0
    0
    0
    0
    0
    0
    0
    0
    0
    0
    0
   10
    0
    0
    0
    0
    0
   23
    5
    0
    0
   15
    0
    0
    0
    0
    0
    0
   20
  104
   16
   15
   95
   25
   63
    0
    0
    0
    0
    0
    0
   77
   23
   24
   12
    4
    0
    0
    0
    0
   21
   62
   20
   61
   58
   37
   66
   56
   63
   34
   16
    9
    0
   36
  140
    4
    0
    3
    4
   60
    3
    0
   20
    0
    0
    0
    0
    0
   67
   56
   23
   32
    0
    0
    0
    0
    0
    0
    0
    0
    0
    0
    0
   21
   15
   51
   76
    0
    0
    0
    0
   80
  253
   12
   49
    8
    0
    0
    0
   40
   16
   52
    0
   49
    8
    0
    0
    0
    0
    0
   23
    5
    0
   29
  254
    2
    0
    0
    0
   13
    6
   66
   15
    0
    0
    0
   68
    0
    0
    0
    0
    0
    0
  232
    0
    0
   65
   53
    0
    0
    0
    0
    0
    0
  150
    0
    0
    0
    0
    8
   12
  286
    8
   37
    0
    0
   75
    1
   12
    0
   66
   37
    0
    0
    0
    0
   39
    0
    0
    0
    0
    1
   16
    0
    0
    0
    0
    0
    0
    0
   24
    0
    0
    0
   63
   91
   18
    0
  334
    8
    3
   76
   35
  100
    0
    0
   28
   12
   76
  338
   12
  219
    0
    0
    0
    0
    0
    0
   28
    0
    0
   70
    0
    0
    0
    0
    0
    0
    0
    0
    0
    0
    0
   55
    1
    0
    0
    0
    0
    0
    0
    0
    0
    0
  132
   57
    0
    0
    0
    0
    0
    0
    0
    0
    0
    0
    0
    0
    0
    0
    0
  230
    8
    0
    0
    0
    0
    0
    0
  112
    0
   12
    0
    0
   21
    0
    0
    0
    0
    0
    0
    0
    0
    0
    4
    0
   14
    0
    0
   22
   23
   84
   31
    0
  125
  123
  161
   31
   72
    0
    0
    0
    0
    0
    0
   23
    0
    0
    0
    0
    0
   76
    0
    2
    0
    0
    0
    0
   37
   12
   31
   34
   16
    2
    0
   15
   26
    0
    0
   18
    0
    0
  118
   50
   30
   52
   13
    1
    0
   88
   41
    0
   47
   44
   85
   11
    0
   17
    0
    3
   71
   82
  104
    0
    0
    0
    0
    0
    0
    0
    0
    3
    1
    1
    2
    0
    0
    3
    0
    0
    0
    0
    0
   54
   56
    0
    0
    0
   12
    0
    0
   15
    0
    0
   95
  185
    0
    0
    0
   57
    6
   31
    0
    0
    0
    0
    0
    0
    0
    0
    0
    0
    0
    8
   98
   34
   36
    0
    0
    0
    0
    0
    0
    0
    0
    0
   12
  145
    0
    0
  123
  138
   18
   19
    0
    0
    0
    0
    0
    0
    0
   23
    0
    0
    0
    0
    0
    0
    0
   15
   13
    0
    0
   52
   45
    0
    0
    0
    0
    0
    0
    0
    0
    0
    0
   19
    0
    2
    0
    0
    0
    0
    0
    0
    0
    0
    0
    0
    0
    0
    0
    0
  101
   48
    6
    0
    0
    0
    0
   19
    0
    0
    0
    0
    0
    0
    0
    0
   15
    0
    0
  170
   62
  114
   26
    0
    0
    0
  242
   46
   52
  122
   21
    0
    3
    0
    0
    4
  142
  185
   43
    3
   14
    0
    0
    0
    0
    0
   48
   56
    0
   75
    0
    0
   15
    8
   85
   57
   27
   74
  112
  164
   52
    0
    0
   18
   44
    0
   64
    0
    0
   22
    0
    0
   21
  156
   52
   73
  176
   52
   48
   69
   23
    0
   75
   18
    0
  124
   25
  170
    0
   18
   38
    0
    6
   31
  103
   21
  116
    3
    0
   34
  152
   45
    0
    0
    0
    0
    0
    0
   86
   22
    0
   68
   34
    0
    0
    0
   68
   27
    2
    0
    0
    0
    0
    0
  117
   35
   46
   35
    1
    0
    0
    0
    0
    0
   36
    0
    0
    0
   20
    5
    0
   43
    0
    0
   28
    0
    0
   96
    0
    0
    0
   35
    0
    0
    0
    0
   23
    0
    0
    0
    0
    0
    2
   25
   12
    0
  192
   21
    0
   54
    3
   61
    0
    0
   13
   11
    0
   76
    0
    0
    0
    1
    0
   28
  232
    4
    0
   31
  186
   53
  519
  108
   34
   82
   68
   63
   42
   31
   24
   41
  211
  132
    2
    0
    0
    0
    0
    0
    0
   12
    0
    0
    0
    0
    0
    0
    0
   23
    0
    0
    0
  105
   29
    0
    3
   43
   62
    0
   28
   14
   34
   25
   31
   14
   23
  132
  253
  135
   35
   48
   39
   22
   51
    0
   32
    0
   85
   15
    3
    0
    0
    0
    0
   28
   26
  114
   28
   64
   69
   51
   68
   42
    5
    0
    0
   15
    0
   57
   26
    2
    0
    0
    0
    0
    0
    0
    0
    0
    0
    0
    0
   12
   24
    4
    0
   27
    0
   40
   70
    5
   31
   51
   12
   40
    2
    0
    0
    0
    0
    0
    0
    0
    9
    0
   35
   62
    0
    0
    6
   20
   91
    0
    0
    0
    0
    0
    0
    0
    0
    0
    0
    0
    0
    0
    0
    0
    0
    0
    0
    0
    0
   65
    8
   64
   24
   37
    0
    8
   15
    8
    0
    0
    0
   41
   81
   77
   25
    5
    0
    0
    0
    0
   15
    0
   52
   29
   12
    0
    0
    0
    0
   18
   68
   35
  139
  201
   66
    3
    0
    0
    6
    0
    0
    0
    0
    6
    0
    0
    0
    0
    0
    0
    0
  138
    0
    0
    0
    0
  142
   12
   41
  126
   16
    0
    0
    0
    0
   19
    6
    0
    0
    0
    0
    0
    0
   32
    3
    0
    0
    0
   12
    0
    0
   22
   20
    0
    0
    0
    0
   42
  128
   59
    0
    0
    0
    0
   15
   35
   12
  265
    6
   78
    0
   57
    0
  103
    0
    0
    0
    0
    0
   12
   31
    0
    0
    0
    0
    0
    0
    0
   51
    8
  108
    0
    0
    0
    0
    0
    0
  195
   43
    8
    3
   28
    0
    0
   18
    0
    0
    0
    0
    0
    0
    0
    0
    0
    0
    0
    0
    0
    0
    0
    0
    0
    0
    0
    0
    0
    0
   25
   65
    0
    4
    0
  696
   42
  128
  160
    4
    0
    0
    0
    0
    1
    0
    0
    0
   48
    8
    0
    0
    0
    0
    0
  208
   72
    0
    0
    0
    0
    0
    0
    0
    0
    0
    0
    0
    0
    0
   34
   12
    0
    0
    0
    0
    0
   45
    0
   93
    0
   37
  105
   46
    0
    0
    0
  119
    0
    0
    0
   68
   48
   25
   27
   26
   31
    0
    0
    0
    0
    0
    0
    0
    0
    0
    0
    0
    0
    0
    0
    0
    0
    0
    0
    0
    0
    0
    0
   45
    0
    0
    0
   87
  213
   81
   68
    3
    0
    0
    0
    0
    0
    0
   39
   15
    0
    0
   12
   15
   38
    2
    0
    0
    0
    2
    0
    0
   53
    0
    0
    0
    0
    0
    0
    7
   24
    0
    0
   52
   65
   85
    0
    0
    0
    0
   31
   98
   84
    9
   22
   81
   38
    6
    0
   13
  123
   76
   36
  173
  148
   57
    0
    8
    7
   45
   47
   41
  112
   68
   62
    0
    0
    0
    0
    2
    4
    0
    0
    0
    0
    0
    0
    0
    0
    0
    0
   46
   13
    2
   39
   21
    2
    0
    0
    0
    0
    0
    0
    0
    0
    0
    0
    0
    0
    0
    0
    0
    0
    0
    0
    0
    9
    0
   15
    6
    0
    0
    0
    5
    0
    0
   19
   17
   18
   99
    0
    9
    0
    0
    0
   78
   98
    0
    0
    0
    0
    0
    0
    0
    0
   30
    8
    0
    0
    3
    0
    0
    0
    0
    0
    0
    0
    2
    0
    0
    0
    0
   21
    0
   51
   25
   24
    0
   24
   10
    0
    3
    0
    0
   17
    0
    0
    0
    0
    0
    0
    0
    3
    0
    0
    0
    0
    0
    0
    0
   17
  102
   53
    3
    0
   11
   12
    2
   22
   51
    2
   29
   79
  235
   69
    5
   24
    0
    0
    0
    0
    0
    0
    0
    0
    0
    0
   95
   85
    0
    0
    0
    0
    0
    0
    0
    0
    0
    0
    0
    0
    0
    0
    0
    0
    0
    0
    0
    0
    0
    5
    8
    0
    0
    0
  135
   85
    3
    0
    0
    0
   30
    3
    4
    0
    0
    7
   68
    0
    0
   15
    0
    0
   83
   38
   31
   76
   21
    4
    0
    0
    0
    0
    8
    0
    0
    0
    0
    0
    0
    5
   28
    0
   45
    0
    0
    0
    0
    0
    0
   95
    0
    0
   33
    3
    0
   72
   13
   19
    0
    0
    0
    0
   43
    0
    0
    0
    0
   56
    0
    0
    0
    0
   11
    0
    0
    0
    0
   10
    0
    0
   15
   57
   95
    0
    0
    0
   33
   14
   24
    0
    0
    0
    0
    0
    0
    0
   32
    0
    0
   78
   79
    0
    0
    0
    0
    0
    0
    0
    0
    0
    0
    0
    0
   34
    2
    0
    0
    0
    0
    0
    0
  145
    0
    0
    0
    9
    0
    7
   95
   60
   23
    0
    0
   19
    0
   32
   19
   26
  151
   64
    0
   63
   15
    6
    4
    5
    6
   14
   12
    0
    0
   31
   21
    3
    3
   36
  157
   73
    2
   19
    0
    0
    0
    0
    0
    0
    0
    0
    1
    6
   35
    0
   26
    0
    0
    0
    0
    0
    0
    0
    0
    0
   63
   52
    0
    0
   33
    0
    0
    0
    0
    0
    0
   31
    0
    0
    0
    0
    0
    0
   68
    0
    0
    0
  102
    0
    0
    0
    0
    0
    0
   19
   21
   38
   15
    2
   25
    8
    0
    0
    0
    0
    0
    7
    8
   12
   68
   18
    0
    0
    0
    6
   53
   25
    1
    2
   41
   21
   43
    0
    0
    0
   65
    0
    0
    0
  245
   48
   18
    4
    0
    0
   33
   86
    0
    0
    0
    0
    0
    0
   95
   87
   89
    2
    1
    0
   12
    0
   24
   24
    2
   22
    2
   15
    6
   24
   35
   22
  120
   83
   25
    2
    0
    0
    0
    0
   35
   25
   46
   18
    0
   23
    2
   13
  138
   15
    9
    0
    0
    0
  164
    0
    0
   73
    0
    0
    0
   64
    0
   16
   21
    0
    0
    0
   24
   36
   14
    0
    0
    0
    0
    0
    0
    0
    0
    5
    1
    0
    4
   85
  140
   88
   16
    0
    0
    0
   12
    0
    0
    0
  123
  164
   38
    0
  568
  370
    1
    0
   16
    0
    0
    3
   28
    0
    0
   68
    0
    0
    0
    0
    0
    0
   83
    0
   22
    8
   28
    0
    0
  205
    0
   39
    0
   18
   41
    9
    0
   10
    0
    0
  189
  165
    0
    0
    0
    0
    0
  123
   65
    0
    0
    0
    0
    0
    0
   14
  125
  283
  175
    3
  122
    8
    3
    0
    0
    8
    3
    0
   25
  178
    0
    0
    0
   19
    8
    0
    0
    0
    0
   38
    0
  167
    0
    0
    0
   76
   88
   24
   62
    0
    2
    0
    0
   25
    4
    5
    0
    2
    0
   71
   53
    0
    0
    0
    0
    0
    0
    0
    0
   54
   38
    9
    2
    0
    0
    0
    0
    0
  132
    0
    0
    0
    0
    0
    0
    0
    0
    0
    0
    0
    0
    0
   87
   15
    0
    0
    0
   48
    0
   59
   58
   85
  168
   14
    0
    0
    0
   38
  318
    0
    0
   99
    0
   68
    0
    4
   41
   44
    0
    0
    0
    5
    0
    3
   85
   46
   65
   12
    0
   29
    8
   48
    2
    0
    0
    8
    0
    0
    0
    0
    0
   91
    0
   43
    2
    0
    0
    0
    0
    0
    0
    0
   18
    6
   23
   12
   38
    0
   23
   25
   29
    0
   10
    8
   36
    6
   38
    0
    0
    0
   15
    0
    0
    0
    0
    0
    0
    0
   17
    0
    0
    0
    0
    0
   55
   54
   13
    0
    0
    1
    0
    4
    1
   23
    0
   21
    0
    0
   10
   24
    0
    0
   48
    0
    0
   17
   11
    0
    0
    0
    0
    0
   20
    0
    0
    4
    0
    1
    0
   18
    0
    0
    0
    0
   39
    1
    0
  167
    2
   22
    0
    0
   34
    0
    0
   18
   32
   33
   84
   26
   33
   24
    0
    0
   56
    0
   30
    0
    0
    0
    0
    0
    1
   28
   48
    3
    0
    0
    0
    0
   17
   80
    0
    0
    0
   17
    0
    0
    0
    0
    0
   55
    0
    0
    0
    0
    0
    0
    0
    9
    0
   35
  115
    0
    0
    0
  223
  622
  235
    5
   16
   18
   65
   29
    0
   24
   34
    1
   31
   81
   75
    0
   73
   14
   12
    3
    0
    0
    0
    0
    0
    0
    0
    0
   65
    0
   14
    0
   38
    0
    0
    0
    0
   28
  133
  116
    0
   27
    0
    0
    0
   18
    0
    0
   17
    6
    3
  165
   56
    0
    0
    8
    0
   28
   26
   22
   32
   21
    0
  120
   68
   89
    0
    0
    0
    0
    0
    0
    0
  214
    9
   45
   62
    0
    0
    0
    0
    0
    0
    0
    0
    0
    0
    0
   53
   27
    0
    0
    0
  395
  512
   23
  146
   12
    0
    0
    0
    5
   13
   65
   18
    0
    0
    0
    0
   12
    0
    0
   19
    9
    0
    0
  162
   25
    9
   43
    4
    0
    0
   39
   17
    0
   65
    8
  125
    8
    0
    0
    0
    0
    0
    0
   78
   79
   18
  250
   31
    0
   15
  178
    8
   30
   51
   38
    0
    0
  125
  209
  107
    5
    0
    0
    0
    0
    0
    0
    0
    0
    0
   38
   43
    0
    0
   29
  128
    0
    0
    3
  127
    0
   11
    8
    0
    0
    0
    0
    0
    0
    2
    0
    0
    0
    0
    0
    0
    0
    0
    0
    0
    0
    0
    2
    0
    0
    0
    0
    0
    0
    0
   85
    0
    8
    0
   12
  147
   73
    0
    0
    0
    0
    0
    0
   73
    5
    0
    0
    0
    0
   25
   16
   11
    0
    0
    0
    0
    0
    0
    0
    0
    0
   25
   16
   45
  192
  282
   43
    0
   16
   17
   12
    0
    0
    0
   67
   31
    0
    8
   89
   23
    5
   75
  128
    0
    0
    0
    0
    0
    0
   30
    8
    0
    0
   49
    2
    0
    0
   24
    0
   55
    0
   11
    0
    0
   35
    3
    0
    0
   35
   68
   42
   22
    2
    0
    0
   11
    0
    0
    0
    0
    2
    3
    2
    0
    0
    0
   15
   11
    0
   87
    0
    0
    0
    0
   25
   15
  159
   34
   68
   30
    0
  135
    0
    0
   31
   51
    0
    2
    0
    0
   21
   48
    0
   12
   44
  265
   27
   12
    0
    0
  233
    0
   44
  135
    0
    0
    0
    0
    0
    0
    0
    0
   52
   21
    6
    0
    9
    0
   47
    9
    8
    0
   48
   88
    0
    0
   45
    0
    0
    0
    0
   12
   18
    0
    0
    0
    0
   40
    6
    0
    0
    0
    0
   57
   28
    4
    0
    0
    0
    0
    7
    0
    0
  142
    0
    0
    0
    0
    0
    0
    0
    0
   18
  105
   92
   38
    0
    0
    0
   81
    0
    0
   38
   84
    0
    0
    0
    0
    0
    0
    0
   12
    0
    0
  240
  135
   14
    0
    0
    0
    0
    0
    0
    3
  143
   51
  240
    0
    0
    0
    0
   25
    0
   11
   78
    2
   24
    0
    6
   46
    0
   45
   49
   43
   35
  128
   72
    0
   14
   36
   26
    0
    0
    0
    0
    0
   12
  113
   21
    5
    0
    0
    0
    0
    0
    0
    0
    0
    0
   21
   20
  203
    7
    0
    8
    4
    0
    0
    0
    0
    0
   67
  112
   28
    0
    0
    0
   18
   58
    0
    0
    0
    0
    0
   14
    0
    0
    0
    0
  185
  152
  301
  118
   67
    0
    0
   21
    6
    0
    0
    0
    0
    0
    0
    0
    0
    0
    0
    0
    0
    0
    0
    0
    0
    6
   53
   12
   45
    0
    0
    0
    0
    0
    0
    0
    0
    0
    0
    3
    0
   55
   38
   12
    1
   73
   42
    3
   97
  128
    1
    0
    0
   31
   13
    3
   64
    0
   14
   91
    9
   34
    7
    0
    0
    5
    0
    8
    6
    0
    0
    0
   24
    0
    0
    0
   38
    8
   52
    5
   31
  155
  141
   11
   25
   42
   55
   26
   57
    0
    0
  120
    0
    0
    0
    0
    0
    0
    0
    0
   35
   29
   34
   69
    9
    0
    0
   22
    0
    0
    0
    0
    0
    0
    0
    0
    0
    0
   14
    0
    0
    0
    0
    0
   15
    5
    0
   42
   42
   28
    2
    0
   26
   65
   58
   24
   62
   19
   95
  118
    8
    0
    0
   42
   25
   28
    0
    0
   11
   14
    0
    0
    0
    0
    0
    0
    0
    0
    0
    0
    0
   58
   29
    0
   35
    5
    2
    0
    0
   22
  103
   68
    0
    0
    0
    0
    0
    0
    0
    0
    2
  153
    0
    0
    0
    0
    0
    0
    2
   14
   13
    5
    0
    0
  110
   98
  145
    2
    0
    0
    2
   74
   61
   51
    9
    0
    0
    0
    0
    0
    0
   29
   25
   15
   65
    2
  105
  243
    0
    0
   71
    0
    0
    0
    0
    0
    0
    0
    0
    0
    0
   85
   21
    0
    0
    0
    0
    0
    0
    0
    0
    0
    0
    0
    0
    0
    0
    0
    0
    0
   18
   71
    6
    0
    2
    0
    0
   43
    0
   47
    0
    0
   24
    0
   69
  282
    0
    0
    3
  121
    0
  162
   56
   44
    5
    0
   39
    0
   23
   29
   31
   86
   32
   34
   61
   28
  231
  195
    0
   13
    0
  102
   52
   39
   12
  113
   29
   81
   25
  128
    5
    0
   12
   49
   59
  518
   72
    0
    0
    0
    0
    0
  156
    0
    0
    0
    0
    0
   15
    0
    9
    0
    0
    0
    0
    0
    8
  161
    0
    0
    0
    0
    0
    0
   67
    0
   81
   38
    4
   51
    0
    0
    0
    0
   32
   21
  269
   54
    0
    0
    0
  243
   23
    0
    0
   14
   51
  164
   81
   36
   98
   74
    0
   21
    0
    0
    0
    0
    0
    9
    0
   99
    0
    0
    0
    0
   17
   28
    0
    0
    0
    0
    8
  102
    0
    0
    0
    0
  238
  455
   14
    0
    0
    0
   95
   43
    0
    0
    0
   51
   34
    0
    0
   24
    0
   68
    0
    9
    0
    0
   11
   13
    2
   91
    4
    0
    0
    0
    0
    2
    0
    0
   98
   51
    0
    0
   18
    2
    0
    0
    0
    0
   99
    0
    0
   21
   68
   31
    0
   33
   27
   38
   53
   39
   11
    0
    0
    0
   16
    0
   48
   21
   23
    0
    0
   22
   41
    0
    0
   42
   12
    0
    0
    0
   23
    0
    0
    0
   21
   35
   96
   19
   62
   21
   54
   31
    0
    0
   71
    0
    0
   24
   44
    0
   16
    0
   62
  132
   35
    0
    0
    0
    0
   12
    4
    0
    0
    0
    0
    0
    0
    0
    3
   16
   32
    3
   69
    0
    0
    0
    1
   18
   48
    0
    0
    0
   14
    0
    7
   12
    0
    0
   41
    0
    0
    0
    0
    0
    6
    0
   26
   14
    0
   13
   62
   21
  278
  152
  191
   98
   21
   12
    0
    5
    1
   25
    0
    0
    0
    0
   81
   25
   21
  105
    0
    0
    0
    0
    0
    0
    0
    0
   15
    8
    0
    0
    0
    0
    0
    0
    0
    0
    0
    0
    0
    0
    0
    3
    0
    0
   41
    0
    0
    0
    0
  321
   43
   54
  268
   31
    0
    0
    8
   35
    0
    0
    0
    0
    0
    0
    0
    0
    0
   41
    3
   92
    0
    0
    0
    0
  215
    3
   45
   56
   76
   18
    4
   11
    0
    0
  192
    0
   21
    0
    0
    0
    0
   36
    0
    0
    0
   28
    0
    0
   12
    0
   31
  252
   29
   98
    9
   94
   12
   24
   18
    0
    0
    0
   39
   25
    0
    0
  152
    0
    0
    0
    0
    0
    0
    0
    0
   87
    0
  112
    0
    7
   21
  196
  284
    0
   44
    0
   44
  124
   62
  182
   63
   27
    9
    0
    0
    0
  181
    0
    0
    0
    0
   20
    0
   54
  184
    0
    0
    0
    0
    0
   12
    0
    0
   21
  116
    0
   32
   72
    0
    8
    8
    0
    0
    0
    0
    0
    0
    0
    0
    0
    0
    0
    0
    8
  193
    0
    0
    0
    0
   26
   26
  105
    0
   24
   13
    0
    0
   22
   94
    0
    0
    0
   34
  254
   88
    0
    0
    0
    7
    0
   31
    0
    0
    0
   45
   77
  173
   41
    4
    8
  181
    6
    0
  161
    0
   26
   61
   13
    0
    0
    0
    0
  253
   21
    9
   81
    3
   51
    0
    0
   48
   41
   44
   28
   21
   25
    0
   93
   53
  142
   45
   37
    0
    0
   66
   21
    0
  185
    0
   10
   11
   21
  173
  103
    0
    0
   75
  124
    2
    4
   61
    0
   49
   58
  172
    5
    0
   91
   51
    0
   51
   12
    0
    0
   91
   25
    0
    0
    0
    0
   18
    0
   12
    0
    0
    0
   34
    0
    0
    0
   21
   22
   62
   42
   12
    0
   21
    0
    0
    0
    0
    0
    0
    0
    0
    0
    0
    0
    0
    0
    0
    2
    0
    0
    0
   35
  103
  195
    0
    0
    0
    0
    0
    0
   16
    0
   95
    0
    0
    0
    0
    0
    0
    0
    0
    0
    0
    0
    0
    0
    0
    0
    0
    0
    0
    0
   28
   12
    0
   34
    4
    0
    0
    0
    0
    0
    0
   14
   11
    3
    0
    0
    0
    0
    0
   82
    0
    0
    0
    0
    0
    0
    0
    0
    0
    0
    0
    0
    0
   36
    0
    0
    0
    0
   95
   83
   14
   17
   19
   24
   25
    0
    0
    0
    0
    0
    0
    0
    0
    0
    0
    0
    0
    2
    0
   21
  108
   22
   11
   12
    0
   24
  178
  185
    8
    0
   16
   59
  156
    0
    0
    0
    0
    0
   32
   65
   56
    0
   21
   42
   29
    3
    0
    0
    0
   36
    0
    0
    0
    0
    0
    0
    0
    0
   98
    0
    0
    0
    0
   45
   42
   42
   43
    0
   78
    0
   26
   21
   25
   11
    0
    2
    0
   38
   80
   11
    3
   63
   52
    0
    0
  146
  127
    0
   75
    0
    0
    0
    0
    0
    0
    0
    0
    0
  152
    0
    0
    0
    0
    0
    0
    0
    0
  162
   45
    0
    0
    0
    0
    0
    0
    0
    0
    0
    0
  402
   82
    0
    0
    0
    0
    0
    0
    0
    0
    0
   56
    0
   34
   37
    0
    0
    0
    0
   21
   18
    0
    0
    0
    0
    0
    0
   18
    0
    0
    0
    9
    7
    0
    0
    0
    0
    0
    0
    0
    0
    0
    0
    0
    0
    0
   39
   23
    0
    0
    0
    0
    0
    0
    0
    0
    0
    0
    0
    0
    0
   16
   34
    0
    0
    0
   21
   43
   65
    0
   47
    0
    4
    0
   11
    0
    0
    0
   16
   26
    0
    0
    0
    0
    0
    0
    0
    0
    0
    0
    0
    0
    0
    0
    0
    0
    0
    0
    0
    0
   22
    0
   48
   44
   21
   24
    0
    0
   31
    0
    0
    0
    0
   12
   31
    9
    0
    0
    0
    0
    0
    0
   92
   31
   43
   21
   26
   53
   22
    0
    0
   96
   25
   36
   27
    0
   52
    0
    0
    0
    5
   14
    0
    0
   40
    0
    0
    0
    0
    0
  152
   32
   51
    0
   28
   26
   24
   16
   19
    0
   19
   14
  116
   78
   25
    7
   16
   32
   38
    0
    0
    0
   86
    0
   32
   43
   12
   16
   17
   12
   48
   12
    0
   45
    0
    2
    0
   51
   88
    0
  172
    0
    0
    0
    0
    0
    0
   21
   43
    0
    0
    0
    0
    0
   36
    6
    8
    0
    0
    0
    0
   22
   63
    0
    0
    0
    0
    6
    0
    0
    0
    0
    0
   44
   46
  112
    0
   35
    5
    0
   70
    9
   41
    0
   42
    0
    0
   21
  274
   62
    8
    0
   28
   51
   16
  212
    0
   12
  132
  475
   48
  272
   73
    0
    0
    0
  132
    0
    0
   18
    0
    0
    0
    0
    0
    0
    8
    0
   45
    0
   12
   39
    0
    0
   25
   24
    0
  115
   30
    0
   19
    0
    0
   21
    0
    0
   46
    0
   15
    0
   28
  109
   15
    0
   23
    0
    0
    0
    0
    0
    0
    0
    0
   93
    0
    0
    0
   61
    0
    0
    0
  224
   98
   24
   30
    0
    8
    0
    0
    0
    0
    0
    0
    0
   29
  131
    3
    0
    0
   36
    0
    0
    0
    0
    0
    0
    0
    0
    0
    0
    0
    0
    0
    0
   63
    0
   13
   55
    0
    0
    0
    0
    2
    0
    0
    0
    0
    0
    0
    0
  148
  175
  357
  623
  432
    5
    0
    0
   21
    0
    0
   88
    3
    0
    0
   26
    0
    0
    0
    0
    0
    0
    0
    0
    0
    0
    0
    0
    0
    0
    0
    0
    0
   26
    0
    0
    0
    0
    0
   26
  108
    0
    0
    8
   21
   53
    0
    0
    0
   45
   78
    0
   12
    0
   22
    0
    0
    0
    0
    0
    0
    0
   35
   16
    0
    0
    0
    0
   31
    0
    0
   16
    0
    0
   23
    0
    0
    0
    0
    0
    0
    0
    0
    0
    0
    0
    0
    0
    0
    0
    0
   26
    0
    0
    0
    0
    0
    0
    0
    0
    0
    0
    3
    0
    0
    0
   50
    2
    0
    0
    0
    3
   35
    0
    0
    0
   56
   73
   22
   92
   40
   17
    0
    0
    0
    0
    0
   45
    3
    0
   48
   52
   21
    0
    0
    0
    0
    0
    0
    0
    0
    0
    0
    0
   36
    0
   78
   75
    0
    8
   12
    0
    6
    0
    0
   17
   15
   18
    0
   29
   35
   73
    3
    0
    2
    0
   83
    0
    0
    0
    0
    0
   46
    0
   62
    3
   19
    1
    0
    0
    0
   11
   49
    0
    0
    0
   58
   12
   41
  234
   28
   88
   42
   32
    0
    0
    0
    0
    0
    0
    0
    0
    0
    0
    0
    6
    0
   21
    0
    0
    0
    0
    0
    0
    0
    0
    0
    0
    0
    0
   30
    0
    0
    0
    5
    0
    0
    0
    0
    0
    0
    0
    0
    0
    0
    0
    0
    0
   18
    7
    0
   25
    5
    0
   86
  242
   21
   63
    0
    0
    0
    0
   12
   26
    0
    0
    0
    0
    0
   56
    0
    0
    0
    0
    0
    0
    0
    0
    0
    0
    0
   18
    0
   40
    0
    0
    0
    7
   33
    0
   13
    5
    0
   12
   18
   48
   61
   32
    0
   44
    0
    0
    6
    0
  114
    0
  123
   74
   30
    0
   53
   22
    0
    0
   43
    0
    0
    0
  182
  151
  102
   45
   84
    4
    0
    0
    0
   12
  142
    5
    0
    0
    0
    0
    0
   63
    0
  102
    0
   98
    0
    0
    0
    0
    8
    0
   94
   44
  246
   12
    0
    0
    0
    0
    0
    0
    0
   51
   41
  194
  145
   97
  172
   92
    0
    0
    0
    0
    0
    0
    0
   16
   94
   60
    0
    0
  113
    0
    0
    5
   33
    0
    0
    4
  161
   44
  383
   23
    0
    0
   25
   21
    0
    0
    0
    0
    0
    0
    0
    0
   22
    0
    0
    0
    0
    0
    0
    0
    5
    0
   14
   61
   96
    0
   44
   95
   95
  293
    0
   16
    0
  105
   44
    5
    0
    0
   38
  116
    0
   38
   65
   85
  106
   66
    0
    0
    5
    0
   75
    0
    0
    0
    0
  114
   15
  103
   23
    0
    0
    0
   42
    0
    0
    0
    0
    0
   23
    0
   17
   79
    0
   12
   58
   18
    0
    0
    0
    0
    0
    0
    0
    0
    0
    0
    0
    0
    0
    0
    0
    0
    0
    0
    0
    0
   37
    0
    0
   16
   29
  245
   25
   26
    0
  102
   39
    0
    0
    0
    0
    0
    0
    0
    0
    0
    0
    0
   31
   43
   29
    0
    0
   16
    0
   34
   78
   43
    0
   73
    0
   13
    0
    0
    0
    0
   30
    4
   26
    4
    0
   65
   45
   53
   52
   61
    0
    0
    0
    0
   12
   28
   45
   39
    0
    0
    0
    0
    0
    0
    0
    0
    0
    0
   28
    0
   65
   12
    0
   32
   16
   39
   44
   21
    0
    0
    0
   12
    0
   51
   41
    0
    0
    0
    0
   15
   26
    0
   20
    8
    0
    0
   94
    0
    2
   63
    0
    0
    0
    6
    0
    0
    0
    0
    0
    0
    4
   18
    5
    9
    0
    0
    0
   26
    3
    0
   86
  258
    5
   11
    0
    0
    0
    0
    0
    0
   44
   14
    0
   16
   55
   64
   22
    0
    0
    0
    0
    0
    0
    0
   18
   23
    0
   14
   27
   51
   35
    0
    0
    0
    0
    0
    0
   40
    0
   58
    3
   79
   66
   65
   28
   42
   48
   18
    0
    0
    0
   33
    5
    0
    0
    0
    0
    0
   91
    8
    0
    0
    0
    0
    0
    0
  282
  207
    0
    0
    0
    0
    5
   63
    0
    2
    0
    0
    0
    0
  136
   46
   88
   26
    0
   99
   33
   50
   63
   50
    2
    0
   58
    0
    0
  113
   35
    3
   20
    0
   35
   42
    0
    0
   11
    0
  101
    0
    0
    0
    0
   42
    0
   49
   12
    2
    0
    0
    0
    0
    0
   93
    0
    0
   23
   92
   12
   35
    0
    0
    0
   66
    0
   64
   25
    0
   60
   21
    0
    0
    3
    0
   49
   12
    0
    0
    0
    0
   53
    0
    0
  185
  173
   98
    0
   92
    0
    0
   41
    0
   36
    0
    0
    0
    0
    0
    0
    0
    0
    0
  103
   27
   31
   26
   15
   17
   16
    0
    0
    0
    0
    0
   45
   28
   55
    0
    0
    0
    0
   23
    0
    0
    0
    0
    0
    0
    0
    0
    0
    0
    0
    0
    0
    2
    0
   12
    3
    5
    0
    0
    6
   86
    0
    0
   16
   43
    0
    0
    0
    0
    0
    0
    0
    0
    0
    0
    0
    0
    0
    0
    0
    0
    0
   65
   14
   33
    0
   54
   12
    0
    0
   45
    3
    0
    0
    0
    0
    0
   36
   71
   31
   18
    0
   15
    0
    0
   20
    0
   35
    0
    0
    0
    0
    0
   28
   12
    0
   13
   46
   45
   15
   42
    8
   24
   63
  194
   96
   16
    0
    0
    0
    0
    0
   28
    0
   71
   68
   28
    0
    0
    0
    8
   69
   39
    0
    0
    0
    0
    0
   31
   41
   12
  103
   54
   61
   90
   28
  164
   12
    0
    0
   11
   25
   42
   65
   34
   12
    0
    0
    0
    0
    0
    0
    0
    0
    0
    4
   10
    8
   71
    4
    0
    0
    0
    0
    0
    0
    0
   74
   34
    4
    0
    0
    0
    0
    0
    0
    0
    0
    0
    0
    0
    0
   82
   72
   26
   86
    9
    0
    0
    0
    0
    0
    8
    0
    0
    0
    0
    0
  102
    0
   85
   44
    0
    0
    0
    0
    0
    0
  100
    0
    0
  108
   59
    0
    0
    0
    0
    0
  158
   34
    0
    0
    0
    0
    0
   32
    0
    0
   21
    0
   13
    0
   21
   42
    0
    0
    0
    0
    0
    0
    0
    0
    0
    0
    0
   95
   52
   19
   32
   33
    0
   34
   35
    0
    0
    0
   55
    5
   12
    0
    0
    0
   65
    0
    0
   27
   54
  395
  267
   33
    0
   21
   68
  114
   72
   36
   55
    2
    0
    0
   37
   52
   41
    0
    0
    0
    0
    0
    0
    0
    0
    0
    0
    5
    0
    0
    0
    0
    0
    0
    0
    0
    0
   13
   75
   39
   87
   12
   23
  144
    3
    0
    0
    0
    0
    0
    0
    0
    0
    0
    0
    0
  121
   52
   86
    8
    0
    0
    0
    0
   65
   64
    0
    0
  256
    0
    0
    0
    0
    0
    0
  127
  230
    0
    0
    6
    0
   46
  220
  146
   18
    0
   23
   38
  169
    0
   48
    0
   43
   18
   12
   36
    0
   12
   75
   28
    0
   76
    0
   12
    0
    0
    0
  195
   10
    0
    8
   99
   80
   23
    0
    0
    0
    0
    2
    0
    0
    0
    0
    0
    0
    0
    0
    0
    0
    0
    0
    0
   58
    0
    0
    0
    0
    0
    0
    0
    0
    0
    0
    0
  122
   63
   52
  491
   53
    0
    0
   22
    0
    8
  124
    0
    5
   28
   25
    0
    8
   37
   43
    0
    0
    0
    0
    0
    0
    0
    0
   27
    0
   16
    0
   18
   12
    8
   12
    0
    0
    0
    0
    0
    0
    0
    0
   22
    3
    0
    0
    0
   38
    0
    0
    9
    3
    0
    0
   24
    0
    3
   12
   52
   48
    8
   40
   84
   92
   21
   64
   26
    8
   46
   36
  232
  181
   39
  134
   80
   12
   33
   74
   43
   12
   71
   43
   12
   12
   52
   22
   20
   31
   12
    0
    0
    0
    0
    0
    0
   43
   16
   25
   69
    0
   80
    6
    0
    0
    0
    0
    0
    0
    0
    0
    7
  118
    0
   45
    0
    0
   24
    0
   84
    0
    0
   76
    0
   85
    0
   18
   12
    0
    0
    0
  110
   92
   28
   68
    0
    0
    0
    3
    4
    0
    3
    0
    0
    0
    0
    0
    5
   96
   37
   12
    0
    0
    0
   15
  138
   35
   30
   29
   12
   15
    8
    0
    0
    6
    0
    0
   96
   36
    0
    0
    0
  322
   86
   18
    4
    0
    0
    0
   22
    0
    0
   34
   75
   86
    0
    0
    0
    0
    0
    0
    0
    0
    0
    0
   46
  238
    0
   45
   38
   16
    0
    0
   92
    0
   12
    8
    3
   23
    0
    0
    0
    0
   42
   43
  191
    6
    0
    0
    0
   33
   14
   60
   23
   36
   32
   78
   63
  113
   65
   18
    8
   12
    0
   23
   30
    0
   55
  128
   68
   14
   45
   38
   24
   58
   21
    8
   32
  108
    0
   18
    0
    0
    0
    0
    0
    0
    0
    0
    0
    0
    0
  163
    0
    0
    0
   33
    0
    0
   11
  337
   34
  209
    0
   27
    0
   32
    3
    0
   25
   48
  121
   12
    0
  102
   12
  133
   16
  148
    5
    8
   31
   11
    2
  128
   12
    0
   68
    0
   14
    6
   32
    0
  122
    0
    0
    0
    0
   71
    4
    2
    0
   37
   49
   25
    0
    0
    0
   12
    0
    0
  162
    0
  232
    2
    0
   23
    0
    0
    0
   37
    0
    0
    0
  143
    0
    0
    0
    0
   93
   68
    0
    0
   14
    9
   11
    0
    0
    0
    0
    0
    0
    8
    0
    0
    4
    0
    0
    0
    0
    0
    0
    0
   62
    0
    0
    0
    0
   38
    0
    0
    0
    0
    0
    0
    0
    0
    0
   12
   26
    2
    0
    0
    1
    0
    0
    0
    8
   15
    3
    9
    8
    2
   26
   62
   46
  218
  161
   34
   25
    0
    3
   51
    0
   10
    0
    0
    0
    0
    0
    0
    0
    0
    0
   18
    0
    0
   18
    0
    0
    0
    0
    0
   92
  119
  212
  103
  158
   26
   21
    0
    0
    0
   41
    5
    3
    2
    0
    6
   33
   21
    0
   32
    5
    5
    4
   24
    0
    0
   55
    0
    0
    0
    4
    0
   62
    0
    0
    0
    0
   35
   19
   65
   16
    7
    0
   21
    0
    0
   12
    0
   15
    6
    0
    4
    5
    0
    1
   16
    0
    2
  102
    0
    0
    0
    0
   21
   85
   71
   21
   12
    0
   73
   43
  185
   17
   34
   62
   28
   52
   16
    2
    0
    2
   11
  121
   36
    0
   62
   28
   28
  117
    0
   25
    6
   18
    8
    0
   41
   33
  112
   13
   70
   61
   30
  112
   36
    0
    0
   33
   51
    0
    0
   41
   74
    0
    0
   23
   18
    0
    0
    0
   63
    0
    0
    0
    3
   18
    0
   68
    0
    0
    4
    0
    0
    0
    0
    0
    0
    0
    0
   19
   27
    0
    0
    0
    0
    0
    0
    0
    0
    0
    0
    0
    0
    0
   31
   81
   55
   12
    0
    0
    0
    0
    0
    0
    0
    0
  173
    4
    0
    0
    8
    0
   54
   76
  236
    0
    0
    0
    0
   32
    0
    0
    0
    0
    0
    0
    0
   16
    0
    0
   58
   16
   11
    8
   16
    5
   14
  108
    0
    0
    0
   33
   18
   38
    0
   53
    0
   81
    0
    0
    5
    0
    0
  104
   32
   13
   82
   15
    0
    0
    0
    0
   53
    0
    0
   43
    0
   45
    0
    0
    0
    3
   35
    0
    0
    0
    0
    0
    0
    0
   23
    3
    0
    0
    0
    0
    0
    0
   75
    0
    0
    0
    0
    0
   55
  114
    0
    0
   66
   13
    0
   32
   91
    6
    8
  189
    0
    0
    0
    0
    0
   46
    3
   12
    2
    0
   21
   31
    3
    6
    0
    0
    0
   71
    2
    6
    0
    0
    0
   34
    2
    0
    0
    0
    0
   28
   43
   21
    0
   14
    0
   23
   31
    3
    2
    9
    2
    0
    1
    0
   24
   34
    0
    0
    0
    3
    0
    0
    0
    0
   13
   46
    5
   98
    0
    0
    0
    0
    0
    0
    0
    0
    0
    0
  143
  206
   45
    0
    0
   59
   54
   64
   16
    0
   34
  127
   16
    8
    8
   34
   14
  140
   22
   48
   70
   55
    0
   86
   20
  130
   13
  130
   61
   74
   29
    0
    0
    0
   47
   98
  372
   14
   33
    0
   65
   89
    5
    0
    8
    0
    0
    0
    5
   64
    0
    0
    0
   92
   46
   77
   39
    0
   47
    0
   12
    0
    0
    0
    0
   16
    0
    0
    0
    0
    0
    0
    0
    0
    0
    0
    0
    0
    0
    0
    0
    0
    0
    0
    4
    0
    0
    0
    0
    0
    0
   71
   16
   22
   39
    9
    0
   88
   18
   71
    0
    0
    3
    2
   39
    6
    8
   25
    0
   57
    1
    2
    0
    0
    0
   29
    0
    0
   66
   20
    0
    4
   24
   25
   17
    0
    0
    0
   10
   45
    0
   87
    0
    0
    0
    0
    2
    0
    0
    1
    0
    0
    2
   68
    0
    4
   68
    0
    0
    0
    0
    0
    7
   33
   14
    3
    0
   19
    0
   96
   85
    0
    0
    0
   89
   86
  150
    0
    0
    0
    0
    0
    0
    0
    2
    0
    0
    0
   92
   48
    3
    0
    0
    0
    0
    0
    0
    0
    0
    0
    0
    0
    0
    0
    0
    0
    0
   16
  190
    0
    3
   66
   43
   13
   59
    0
   13
   39
    0
    0
   51
    0
    0
    0
    0
    0
    0
    0
    0
    0
    0
    2
    7
    0
    0
   43
    2
    0
    5
   28
   48
  233
    4
    0
    0
    0
    0
    0
   24
    0
    0
    0
   51
    0
    0
    0
    0
   27
    0
    0
    0
    0
  195
    0
    0
  140
  290
    0
    0
   24
   37
   15
   26
   25
    3
    0
   13
  297
    0
    0
    0
    4
    7
    0
    0
    0
    0
   62
    2
    0
    0
    0
   22
    0
    0
   65
    0
   31
  284
   52
    0
    0
    6
   12
  118
    0
    0
    0
    0
    0
    0
    0
    0
    0
    0
   62
  141
    8
    0
    0
   23
    5
    0
    0
    0
    0
    3
   54
   14
    0
    0
   26
   12
   48
    0
    0
    0
   76
  133
   48
   14
   16
   23
    3
    0
   41
   11
    0
    0
    0
    0
    9
    0
    0
    0
    0
    0
    0
    0
    0
   16
  152
   27
  264
    0
   22
   46
    0
  203
  122
   10
    0
    0
    0
    0
    0
    0
    0
    0
    0
    0
    0
    0
   19
  125
   20
   27
   53
  213
   43
    0
    0
    0
    0
    0
    0
    0
    1
   26
    0
   22
   41
    0
   11
   21
   19
   66
  123
   23
    2
   23
    3
   60
    0
  102
    3
   15
    0
    0
    0
    0
    0
    0
    0
    0
    9
    0
    6
   25
    0
    0
    3
    0
    0
   17
    0
    8
    0
    8
    0
   10
    0
    0
    3
   12
    0
    3
    9
   16
    0
    0
    0
    0
    0
    0
    0
    0
    9
    0
    0
    0
    0
    2
    6
   19
    6
    2
   50
   80
  100
    5
    4
    4
    0
    0
    0
    0
    0
    0
   11
   76
   12
    8
   17
   16
   42
    1
    0
   18
    6
    0
   12
   95
    0
    0
    0
    2
    0
    0
    0
    0
    0
    8
    0
   69
    0
   22
    8
    0
    5
   16
    2
    0
    0
    0
   35
   49
    0
    0
    0
    0
    0
    0
   28
  116
   13
    0
   40
    2
    0
   13
   51
   16
    0
   22
    0
   98
  173
   90
   36
   47
    0
    0
    0
    0
    0
    0
    0
    0
    0
    0
   24
   43
    0
    4
    4
    0
    0
    0
   55
    4
    0
    0
    0
    0
    0
  304
    0
    0
    0
    0
    0
    0
    0
    0
    0
    4
    2
   53
    0
    0
   22
  124
   37
  438
   15
    0
   15
   14
    0
    0
    0
    0
    0
  238
    6
    2
   13
   34
    0
    0
   49
  220
   26
   25
    0
    0
   98
    0
   29
   38
    0
    1
  115
   30
    0
    0
    0
    0
    0
    0
    0
    0
    0
    0
    0
    0
    0
    0
    0
    0
    0
    0
    0
    0
    0
    0
    0
    0
    0
   15
   65
    0
    0
    0
    4
    0
    0
    4
   51
    0
    3
   36
   23
    3
   36
  264
   15
   11
    0
    0
    0
    0
    0
    0
  109
  220
   25
   63
   86
  147
   35
   80
    4
   57
   37
  284
   44
    0
    0
    3
    2
    0
   26
   37
    0
    0
   63
   25
    4
   29
   32
    4
    0
    0
    5
  107
   97
    0
    0
   88
    0
    0
   18
    2
    0
    0
    0
    0
    0
    0
    0
    0
    0
  103
    0
    2
    0
    5
    0
    0
    0
    0
    3
    4
  110
   30
   36
    3
   38
   52
   73
   24
    5
    0
    0
    0
    3
   28
   25
    0
   19
    0
    2
   89
   15
   58
   75
    0
   58
   10
    0
   14
    0
    5
    0
   82
    0
    0
    2
   35
  105
   12
    0
    0
    0
    0
   47
  106
   82
    0
   25
    3
    8
    0
    0
   10
   31
   10
    5
    0
    0
    0
    0
    6
    0
   42
    0
   10
   22
   55
  140
   68
    1
    5
   13
    0
    2
   40
    9
   25
    0
    0
    0
    0
    0
    0
    0
    0
   27
    0
    0
    9
    0
    0
    0
    0
    0
    0
    0
    0
    0
    0
    5
    6
    1
    2
   18
    0
   49
    0
   18
   25
    9
   50
   10
    0
    0
    0
    0
    0
    0
    2
    0
    0
    0
    0
    0
    0
    2
    0
    0
    0
    0
    0
    0
   18
    3
    0
    0
    0
    0
    9
    0
    0
    0
  147
   32
   10
   51
    0
    0
    0
    0
    4
    6
    0
    3
    0
   60
   11
    0
    0
    0
    0
    2
   24
    0
    0
    0
    0
    0
    0
    0
    9
   51
    0
  135
   28
    4
    0
   32
    2
    0
    0
    7
    0
   35
    0
   12
   14
   12
    0
    0
    5
    2
    0
    0
    0
  199
    6
    0
   82
   49
    2
    3
    0
    0
    1
    0
    0
   21
   93
   53
   14
    0
    0
    0
    0
    0
    0
    0
   15
   12
   14
    0
    1
   28
   10
    5
   31
    8
   15
    0
   10
   20
  468
   24
    1
   11
    0
   19
    0
   71
    1
    1
   21
  331
    0
    0
    0
    0
    0
    0
    0
    0
    0
   10
    0
    0
    0
    1
  109
  101
    0
    0
    3
    0
    0
    3
    0
    0
    0
  118
    0
   47
    0
    0
    0
    0
    2
   47
  178
    4
    0
    0
    0
    0
   18
   21
   19
    2
   62
    0
    0
    0
    0
   50
    0
    0
   41
    0
    0
    0
    0
    0
    0
    0
    4
    6
    0
    0
    0
    0
    0
    0
   25
    0
   14
   27
    0
    1
    0
    0
    0
    0
    0
  110
    3
    0
   31
    3
    0
   26
    2
    0
    0
    8
    0
    0
    0
   22
   12
   21
    0
    0
    0
    0
    0
    0
    0
    0
    0
    8
    0
    0
    0
   17
   42
    2
   14
    0
    0
   36
    0
  114
    0
    0
    0
    0
    0
    0
    0
    0
   11
   74
   46
   45
   16
   85
   38
   32
    2
   60
    0
    8
   10
    0
   34
   52
    8
    5
    0
    0
    0
    0
    0
    0
    0
    2
    0
    0
    0
    0
    0
    3
   42
    5
   43
   29
    4
    0
    0
    0
    0
    0
    0
    0
    0
   80
   34
  249
    5
   89
  115
   45
   48
    0
  201
   38
    8
    9
    0
    0
    0
    0
    0
   95
  134
   71
    0
    0
   17
    0
    0
   23
    6
   42
    0
   10
    0
   82
  105
    0
    0
    0
    0
    0
    0
   21
    0
    0
    3
    0
    3
    0
    0
   12
    5
  155
   20
    3
    0
    0
    2
    2
    2
   96
   22
   31
   16
   28
   27
   26
   15
   22
   46
   12
    0
    0
    0
    0
    0
    0
    0
   23
    2
    0
    0
   61
    0
    0
    0
   36
   48
   72
  129
   41
   22
    5
    5
    0
   28
   44
   20
   70
    0
  152
   31
   31
  104
   36
    2
    0
    0
   46
   26
    2
    0
    7
    0
    0
    0
    0
    0
    0
    0
   25
    0
    0
   89
    5
    2
   21
    1
    0
    9
    9
    0
    0
   46
   39
  106
    0
    0
    0
   25
    0
    0
    0
    0
   20
   35
   53
    9
   77
    0
    0
    0
    0
    0
    0
    0
    0
    0
    0
    2
    0
    0
    0
    0
    0
    0
    0
    0
    0
   27
    7
  337
    0
    0
   40
    7
  207
   60
    0
    3
    0
    0
    0
    0
    3
    0
   13
    0
    0
    2
    0
  192
    0
    0
    0
    0
    0
    0
    0
   42
   18
   21
  232
  368
  115
   33
    0
    0
   33
   87
   29
    0
   57
    0
    0
   65
    0
    0
    0
  283
   41
    0
    0
   57
    0
   17
    0
    0
    0
   21
   86
   25
    6
    0
    2
    0
    0
    0
    0
    0
    0
    0
   73
   20
    0
    0
   15
    7
   76
   99
    0
    0
  106
   12
    0
    0
    0
    0
   20
   30
  164
   18
   37
    7
   10
   36
    0
    9
    2
    0
    0
    0
    0
    0
   62
    2
    0
    0
    0
    0
    0
    0
    0
   32
   77
    0
    0
    0
    0
    0
    0
   12
    0
    0
   16
   13
    7
   36
    0
   33
    0
   22
    0
    0
    0
   32
    0
    0
   10
    0
    0
    5
   30
   34
   12
  109
  112
    3
   43
    0
    0
    0
    0
   26
    1
    0
    5
    0
   35
    0
    0
   17
   40
    5
   72
   15
   25
    1
   82
    2
   21
    0
   60
   38
   39
    0
   14
   27
   11
    0
    0
    0
    0
    0
    0
    0
    0
    0
   16
    0
   12
    7
  153
   83
   42
    1
    0
    0
    0
    0
    0
   53
    5
    1
    0
    0
    0
    0
    1
    0
    0
    0
    0
    0
    0
    0
    0
    3
   61
   67
   10
    0
    0
  119
   40
   27
    0
    0
    0
    0
    2
    3
    7
    1
   89
    1
   27
   47
   20
   40
   82
    3
    0
    0
    0
    0
    0
    0
    4
   36
    0
    0
    0
    0
    0
    0
    0
    0
    0
   60
   55
    0
   62
   64
   36
   22
   45
   84
    6
    0
    0
    0
    0
    0
   17
    6
   25
   57
    0
    0
    0
    2
    0
    0
    0
    2
   26
   30
   29
    5
    0
    0
    5
   32
   25
    1
   41
   22
    1
    1
    3
    0
    0
    0
    0
    0
    1
   19
   73
   83
    9
    0
    0
    0
    0
    0
    6
    1
    0
    2
  110
   95
    0
    0
    0
    0
    0
    0
    0
    0
    0
    0
    0
    0
    1
    4
    0
   10
    1
    0
    0
    0
    0
    0
    0
   16
  179
  141
    0
    0
    0
   43
    0
  304
   49
    7
    0
    0
   12
   84
   21
    0
    8
    0
    0
  157
   62
    3
    0
   22
    2
    0
    0
   82
  152
   31
    1
   45
   17
   55
   20
    1
  181
    0
    0
    0
    2
    2
   16
    0
   98
   53
    0
    0
    0
    0
    0
    0
  302
    0
    0
    0
    0
  103
   59
   10
    2
    0
   52
  172
    1
    6
  110
   11
    0
    3
   17
    0
  176
    9
   43
   57
    0
    0
   47
    0
    0
   18
   67
  240
    0
    0
   19
    5
   93
    0
    0
    0
    0
    0
  140
    0
    0
    0
    3
    0
   30
    4
    0
    0
    0
    0
   15
    3
  121
   54
   11
   76
   59
   76
  179
    0
    0
    4
    1
   10
  114
   42
    7
    0
    3
    0
    0
    2
    0
    0
    0
    0
    0
    0
    0
    0
    0
    0
    0
    0
    0
   16
    0
    0
    0
   38
    0
   18
    9
   57
    0
    0
    0
    0
   35
    0
    0
    0
    0
    0
    0
  115
   45
   96
    0
    0
    0
    0
    0
    0
    0
    0
    0
    0
    0
    0
   85
   34
   28
   15
   19
    0
   11
    0
  121
  161
    4
    2
    0
   20
    1
    1
   45
    0
    0
    0
    0
    0
   45
    1
    0
    0
   15
    0
   15
    0
    0
    0
   64
    5
  150
   15
   62
  196
   66
    3
    0
   20
    4
   80
  183
  116
   26
    3
    0
   82
    4
    0
    0
   20
    1
   35
   41
   38
   73
    0
    3
    0
    1
    0
    0
    1
   10
   14
   46
   26
    0
   20
    5
    0
    0
    3
    0
   34
   31
    0
   34
   53
   29
   21
   10
   29
    0
    4
    8
    0
    0
    0
    0
    6
  102
   32
   44
   15
    4
    0
    0
    0
    0
    0
    0
    0
    0
    6
   89
   42
   36
    1
    0
    0
   32
   29
   14
   91
    0
   18
   15
   55
    0
    0
    0
    0
   44
   73
   97
  316
   21
    1
   30
   62
   37
    1
   52
    2
   37
   16
    3
    0
    0
   18
    0
    0
   16
    1
    1
   14
    0
    0
    0
   13
    0
    0
   99
  304
  112
   17
    0
   20
  141
    0
    0
    0
    0
    0
    0
    0
    0
    0
    0
    0
    0
   26
    0
    0
    0
   37
   65
    0
    0
    0
    0
    0
    0
    1
    0
   41
    3
    0
   20
    0
  293
    4
   19
   16
   11
   89
   83
  119
   42
    0
    0
    0
    0
    0
   38
   20
    0
  141
    0
    0
   19
    0
   14
    1
    0
   25
    4
    0
  152
    2
    0
    0
    0
    0
    0
    0
    0
    0
    0
    0
    0
  108
    0
    0
    0
    0
  105
   44
   56
   87
    0
    0
    0
    0
    0
    0
   12
   24
    0
    0
  267
   61
    0
    0
    0
    0
    0
    0
  101
    0
    0
    0
    0
    0
   17
    0
    0
    0
    0
    0
    1
  101
    0
  124
   86
  181
    0
    0
    0
    0
   74
  107
   54
    0
    0
    0
  352
   41
  208
    0
    0
   66
    0
    0
    1
    0
   36
    0
    0
   65
    0
    0
  250
    0
   90
    0
    5
   30
  105
   30
    9
    0
   11
   10
    0
    0
    0
    0
    0
    0
    0
    0
    0
    0
    0
   38
   13
  111
    2
   40
    4
    2
    0
   22
    0
    0
    0
    0
    0
    0
    1
    0
    0
    0
    0
    0
    0
   13
    0
    0
   19
    0
   12
   13
   40
   11
    0
    0
    0
    0
    0
    0
    0
   10
    0
    0
    0
    0
    0
   74
   84
    6
  151
    0
   30
    0
    0
    0
    0
    0
   94
   54
   17
   12
    1
    5
    0
    0
    7
   33
   27
    0
    0
    9
    6
   75
    0
   40
  139
    0
    0
   21
    0
    0
    2
   17
    7
    0
    3
    0
    0
   15
   14
   45
   12
   32
    4
   -9
   -9
   -9
   -9
   -9
   -9
   -9
   -9
   -9
   -9
   -9
   -9
   -9
   -9
   -9
   -9
   -9
   -9
   -9
   -9
   -9
   -9
   -9
   -9
   -9
   -9
   -9
   -9
   -9
   -9
   -9
   -9
   -9
   -9
   -9
   -9
   -9
   -9
   -9
   -9
   -9
   -9
   -9
   -9
   -9
   -9
   -9
   -9
   -9
   -9
   -9
   -9
   -9
   -9
   -9
   -9
   -9
   -9
   -9
    0
    2
    0
    0
    0
    0
    3
    0
    3
    0
    0
    0
    1
    2
   18
   14
   12
   42
   12
   15
   41
    2
    0
    0
   45
   16
  112
   39
   89
    0
   89
  126
    0
    0
    0
    1
    2
   30
   23
   43
  141
  120
   39
    2
    5
   85
   60
  184
   72
   76
    0
    0
    0
    0
    2
    3
   55
   11
    0
    0
   76
    0
    0
    0
    0
    0
    0
    0
   54
   44
    0
    0
   30
  481
    1
    0
   11
   23
  122
    0
    0
    0
    0
    0
    0
    0
    0
    0
    0
    0
   99
   83
  426
   73
    0
    9
   24
   80
   18
   18
   24
    0
   28
   53
   36
   65
   52
    9
   87
    8
    0
    0
  131
   48
   37
   23
   17
    0
    0
    0
    0
    0
    0
   30
   28
   25
    0
    0
    0
    0
    0
    0
    0
    0
   77
   59
    0
  102
    0
   26
    0
    0
    0
  172
    0
    0
    0
    0
   13
  426
    0
    0
    0
    0
    0
    0
    0
    0
    0
    0
    0
    0
    0
    0
    0
   87
   84
    0
    1
    0
    0
   30
   14
    0
    0
   23
    0
   22
   43
   74
  134
   73
   19
  674
  272
   10
   57
    1
    0
    0
    9
    9
    0
    0
    3
    0
    9
    0
    0
    0
    0
    0
  112
  151
   35
    0
    0
    7
    0
  155
   75
   13
   29
   88
    4
    0
    1
    1
    0
    0
    0
    0
    0
    0
    0
    0
    0
    0
    0
    0
    0
   18
    0
   31
    0
    0
    0
    0
    0
    0
   23
  221
   70
    2
    1
  164
  204
  196
   90
    0
  172
   64
   30
    0
    0
    0
    0
    0
   12
   68
   52
  101
   23
   87
    0
    0
    0
    0
    0
    0
    0
    0
    0
    0
    0
    0
    0
    0
   13
    5
    0
    2
    0
    0
    0
   83
   26
    0
    0
    0
    0
    0
   27
    9
  125
   12
   38
  152
   28
    0
    0
    0
    0
    0
   11
    0
    0
    4
    2
    0
    0
    0
    3
    0
    0
    0
    0
    0
    0
    0
    0
    0
    0
    1
    0
    0
    0
    0
    0
    0
    0
    0
    0
    0
    0
    0
    0
    0
    5
   25
    2
   14
    0
    0
    1
    0
    0
    0
    0
   49
   26
   31
   59
   23
   33
    1
    0
   44
   11
    1
    0
    0
    0
    0
    0
    5
   30
   25
   21
    0
   15
   16
    0
    0
    0
    0
   12
   12
    0
    0
    0
    0
    0
    0
    0
    0
    0
    5
   25
   46
    0
   75
    0
    2
   76
   51
    1
   11
    0
   60
    8
    1
    0
    0
    0
    0
    0
   81
   14
   15
    2
    0
    0
    0
    0
    0
    0
    0
    0
   23
   18
    0
    0
    0
   66
    3
   13
    0
   30
   22
   68
    0
    0
    0
   21
   96
    1
    0
   36
   18
   16
   54
   43
    0
   55
  156
    0
   44
   24
    4
    0
   20
   18
  153
    0
    0
    0
    0
    9
   15
    6
    0
    0
    0
    0
   26
   46
    0
    1
    8
    0
    0
    0
    0
    0
   16
    0
   64
   18
   22
   28
    0
    0
    0
    0
    5
  115
   27
   46
    1
    1
   25
  166
  114
  107
  476
   19
    0
  163
   21
    0
    0
    0
    0
    0
    7
    0
    0
    0
    0
   54
   79
   14
    2
    0
   38
    0
    0
    0
    0
    0
    0
    0
    0
    0
    0
    0
    0
    0
   16
   60
   61
   58
  130
   45
    0
    0
    0
    0
    0
    1
    0
    3
    0
    4
    0
   53
    0
    0
    3
    0
    0
    0
    5
   99
  193
   32
    0
   37
   30
   14
   40
  279
   71
   35
    0
    0
    0
    0
   11
   36
    0
   10
   59
   52
    0
   11
    0
   18
    0
   42
    7
    0
    0
   24
    0
    0
    0
    0
   20
    0
    0
    0
    0
    0
   65
  117
    2
    5
   84
   92
    1
    0
    0
    0
    0
   35
    0
   30
   15
   10
   10
    0
    0
    0
    0
    0
   66
   31
    2
    1
    0
    0
  110
    0
   15
    2
    0
   34
    4
    4
    0
    0
    6
   35
    6
    2
   14
   31
   36
   55
   22
   75
    0
    0
    0
    0
    0
    0
    0
    0
    0
    0
  100
    6
    4
    0
   23
   33
  181
   33
    0
    0
    0
    0
    5
    2
    0
    0
    0
    0
    0
    0
    0
    0
   20
    4
    0
    0
    0
    0
    6
    1
    0
    0
    0
    0
    0
    0
   30
   42
   35
    0
   39
   17
   25
    4
    0
    0
   30
    2
   14
   18
    0
    0
    0
    3
   36
    0
    6
    0
    0
    0
   74
   18
   41
    4
   51
    0
    0
   82
   12
    0
   62
    0
    0
    0
  145
   55
   13
    0
    0
   28
    0
    0
    0
   10
    0
    0
    0
    0
    0
    0
    0
   26
  107
  116
   12
   42
  232
    5
   31
    9
   32
    0
    0
   49
   28
   55
    5
    9
    0
    0
    0
   33
   49
  152
   27
    0
    0
    0
    0
   38
    3
   10
   79
   17
    5
    0
   63
    3
    0
    0
    0
    0
    0
   18
   21
   20
   58
  129
   56
    2
    0
    0
   11
   23
   76
    5
    0
   16
    7
    0
   25
    0
  155
    0
    0
    0
   36
    0
   46
    4
  109
   36
    2
    0
   11
  165
   22
    0
    0
    0
    0
    0
    0
    0
    0
    0
    0
    3
    0
    0
    0
    9
   66
  164
    6
    0
    0
   34
    0
   85
   79
    1
    3
   34
    5
   54
    5
    0
    0
   28
    0
    0
   20
   66
    1
    0
    0
    0
    0
    0
    0
    0
    0
    7
   17
   58
  238
  313
  202
  315
  177
    0
   12
    0
  229
   15
   38
    0
    6
    0
  174
   33
    0
    0
    0
    0
    0
    0
  153
    0
    0
    0
    0
    0
    0
   14
    0
    0
   56
    7
    7
    0
    0
    1
    0
    0
    6
    0
  131
   28
    0
    0
    0
    0
    0
    0
   15
    4
    0
    0
   16
    0
    0
  162
   29
    0
    0
    0
    0
    5
    0
    0
    0
    0
    0
    2
    0
    0
    0
    0
    2
   20
   45
   14
    3
    0
    0
    0
   19
   28
   98
   18
  197
   36
   42
  103
   75
    0
    0
    0
    0
   27
    0
    0
   12
    2
   26
   17
    0
    0
    0
    0
    0
    0
    7
    0
    0
    0
    3
    9
   25
    0
    0
    0
    0
    3
    0
   87
    0
    4
    0
    0
    0
    9
    1
    0
    0
    0
    0
    0
   17
    0
    0
   27
   76
  104
   19
    4
   35
   27
    0
    1
   48
   74
  127
   82
   70
    5
    0
    0
    8
    0
   72
    2
    3
    0
   26
   11
    3
    0
   26
    9
    0
    0
    0
    0
   29
    2
    8
   24
   10
    0
    0
    0
    0
    0
    0
    0
   12
   79
   13
    0
   25
   61
   23
   29
    0
   40
    0
    0
    0
   40
   16
   37
    0
    0
    6
    0
    0
    0
    0
    8
    0
    0
    0
    0
    0
    5
    0
    0
   80
    0
    0
    0
    0
    6
   95
    0
   11
   19
    0
    0
   36
    0
    9
   24
   93
   30
  119
   21
   93
    5
    2
    0
    0
    3
   25
   42
  221
   99
    9
   18
    6
    0
    4
    0
    0
    0
    0
    0
    0
    0
    0
    0
   15
   72
    0
    0
    0
    0
   10
   50
   40
   10
   76
   30
    0
    0
    0
    0
    0
    0
    0
    0
   69
    0
    0
    0
    3
    0
    0
    0
    0
    0
    0
   38
   28
   10
    5
    8
    0
    0
    0
    0
    0
    0
    0
    0
    0
    2
    0
    0
    0
    2
  101
   14
    5
    4
   45
   39
    0
    3
   32
   76
    3
   26
   48
    0
    0
    0
    0
   79
    0
    0
   68
   48
  416
    0
    0
   11
   48
   85
    8
    0
    0
    8
   67
   20
    5
    0
    1
    2
    3
    0
   50
   42
    0
   17
   81
   38
   40
   39
  151
   51
    2
   22
   35
   26
    0
    1
   60
    2
    8
    0
    0
   10
   19
   97
    0
    6
    0
  128
   24
   10
    5
    0
   10
  329
    0
   12
    0
    0
    0
    0
    0
    0
    0
   91
   32
    0
    0
    0
    0
    0
    0
    0
   86
   48
   20
   43
    0
  170
   40
   42
   39
    7
    4
    0
    0
   57
    3
  124
    4
    0
    0
    2
   90
   31
   97
   12
  161
  196
   57
  187
   37
    0
    0
    0
    0
    0
    0
    0
    0
    0
    0
    0
    0
  123
    3
    7
    0
    3
    0
  109
   15
    3
   26
   33
  152
   13
   78
    5
    0
    9
    5
    0
   28
    3
    0
   33
   76
   84
    9
   36
  117
   16
   43
  142
  248
   48
    8
   66
    0
   28
    0
   19
   83
   82
    5
    0
    0
   48
   14
   80
   45
    6
   38
   16
    0
    0
    6
    0
    0
    4
    5
    0
    0
    6
    2
    0
    0
   29
   73
   84
   29
    5
    0
    0
    2
   31
    7
   49
   68
    3
    0
    6
    1
   18
    9
   11
    0
    3
    0
    0
    0
   10
    0
    0
    0
    0
   10
   23
    0
    0
    0
   77
   39
   10
    0
  107
    0
   15
   15
    3
    1
    0
    0
    0
    0
    0
    2
    0
    0
   59
    3
   80
   36
   69
   25
   21
   13
   13
  119
   21
   12
    9
   89
   21
    3
    0
    0
   24
   64
   10
    4
   42
    5
   20
  176
    3
   93
   39
   78
   51
    4
   11
    8
    0
   94
   78
    0
    0
   61
    0
    0
    8
   22
   74
    6
    0
    0
    7
    2
    0
    0
    0
   24
   57
    4
   21
   23
   11
    0
   37
  105
   22
    3
    0
    0
    0
    0
    0
   21
    4
   47
   13
   33
    0
    0
   45
    0
   52
    1
    7
   87
   61
    0
    0
    0
    8
    0
   10
    0
    0
    0
   23
    5
    0
    0
    0
    0
    0
    0
    0
    0
   45
  253
    0
   15
   40
    3
    4
   22
   64
    0
    0
    0
    0
   58
   66
   44
    0
    0
    7
    0
    0
   42
    0
  151
    0
    0
   80
   24
    0
   22
    3
    0
   70
    0
   91
   20
    0
    0
    0
    0
    0
  175
  386
   33
   35
   19
    3
    0
    3
    0
    3
   31
    2
    0
   25
   21
   18
    0
    0
  342
   70
  289
   26
    1
    0
    0
    5
   53
  169
   59
    0
    0
    0
    0
   49
    6
    3
   68
    0
    0
    0
    0
    0
    0
    0
    0
    0
    0
    0
    0
   27
    0
    9
    0
    7
    3
   61
    0
    0
   23
   31
  126
   29
   81
    0
   43
    0
    0
    0
    0
    0
    5
   18
   60
    0
    0
   70
    3
    2
    0
    0
    0
    4
   19
    0
    0
    0
    0
    0
    0
    0
    0
    3
    0
    0
    0
   70
    0
    9
    3
    0
   39
   25
    0
    6
   30
    7
   15
    0
   44
    0
    0
   27
    0
   35
  141
   15
   29
    0
    0
   56
    0
    0
    0
    0
    0
    0
    0
    0
   23
    0
   98
   10
    0
    0
    0
   17
   34
    0
  107
    0
    0
    0
   16
   38
  304
   89
  104
    0
    1
   11
   64
    0
    0
    0
   33
   27
    7
   13
   16
    0
    0
    3
    0
    0
    0
    0
    0
    6
   26
   24
    4
    4
    5
   28
    0
    0
    0
    5
    4
   23
   27
   11
    2
    4
    0
   24
   18
    2
    0
    1
    0
   36
  166
   57
   15
   36
   13
    0
   43
    0
    0
   20
    0
    6
    0
    7
   27
    0
    0
    0
    0
    0
    2
   66
  156
   22
    6
  102
   62
   60
    1
   10
    0
    7
    0
    0
  150
   36
   75
    5
    7
   23
   45
    0
    0
    0
   87
    1
   51
    0
    5
   81
   36
  109
   21
   21
   28
   49
   48
    0
   62
   10
  107
   83
    0
    0
   45
   11
   56
   12
   58
   21
    1
    0
   27
  148
  181
   78
   90
   10
   59
   77
   62
  261
   64
    0
    0
    0
    0
    0
    0
   65
    0
   73
   67
    4
   28
   57
   42
