Station: Pratau , scaling_factor: 10.0, latitude:  51.8459, longitude:  12.6251, altitude:  70, nodata_value: -9
start: ..1969-01-01  end: ..2002-12-31
  104
   47
    0
    0
    0
    1
    0
    0
    0
    0
    0
    0
    1
    0
    0
    0
    0
    5
    0
    0
   17
   74
   23
   31
   46
    3
    3
   18
    1
    0
   20
    1
   18
   12
    0
    0
    0
   15
    1
   29
    0
    0
    0
   14
    0
  162
   49
    4
    0
    0
   15
    0
    0
    0
    0
   15
    0
    0
    0
    0
    0
    0
    0
    0
    0
    0
    0
    0
    0
   54
   18
  139
    0
   10
    1
    0
    0
    0
    0
    0
    0
    0
    0
    0
    0
    4
    2
    0
   30
  122
    0
    2
    0
    0
    0
    0
    0
    0
    0
    2
   57
   70
    0
    0
   72
   35
   44
    2
    3
    0
    8
  133
    9
   20
    0
    0
   56
   32
   79
   35
    2
    0
  167
   98
    0
    0
   13
    0
   47
    2
    0
    0
    0
    0
    0
   40
    0
    4
   22
  175
   15
    0
    0
    0
    0
  160
    0
    2
    7
   25
    2
    0
   36
   58
    1
    3
   48
    0
    0
    0
    0
    0
    0
    0
  163
    0
    0
    0
    0
    2
   11
    0
    0
    0
   70
    1
   17
    8
   10
   55
    0
    0
    0
    0
    0
    0
    0
    0
    0
    0
   38
   37
    0
    4
    0
    0
    0
    0
    0
    0
    0
    2
    0
    0
    0
    0
    0
    0
    0
    0
    0
    1
    0
    0
    0
    0
    0
   16
    0
    0
    0
    0
    0
    0
   12
   58
  161
    1
   39
    0
    0
   56
    2
    0
    0
    0
    2
   64
    4
    0
  266
   54
    0
    0
    0
    0
    0
    0
    0
    0
    0
    0
   13
    0
    0
    0
    0
    0
    2
    0
    0
    0
    0
    2
   10
    0
    0
    0
    0
    4
    0
    0
    3
    1
   87
   34
    0
    0
    0
    0
    0
    0
    0
    2
    0
    0
    0
    0
    0
    0
    0
    0
    0
    0
    0
  187
   10
   11
    2
    0
    0
    6
   24
   39
    0
    0
    0
   21
    0
    0
   53
   19
   33
   28
    0
   17
    2
    1
    0
    1
    0
   21
    0
   16
    0
    1
    1
   67
    0
    5
   18
   12
   77
    0
    0
    5
   78
    0
    0
    1
    3
   25
    0
    0
    1
    0
    0
    0
   64
   10
    5
   34
    4
    1
    0
    0
    0
   15
    1
    0
    0
    0
   12
    0
   17
    2
   58
   48
    3
   92
    0
    1
    0
    0
    0
    0
    0
    0
    0
    1
   28
    0
    0
    0
    0
    0
    0
    0
    2
    0
   45
   88
    3
    1
    0
    0
    0
  114
   13
    0
   23
    4
    2
    0
   77
   22
    6
   47
   10
    0
    0
   13
   12
    8
   32
   19
   27
  146
   55
   17
    0
   16
   37
    3
   54
   57
    1
   66
  135
    2
    0
    0
    0
    0
    0
    0
    0
    0
    0
    2
   27
   20
   10
   42
    1
    0
    0
    6
    0
    4
    4
   12
    1
    0
   10
    3
    4
    0
    0
   31
    4
    2
    0
  163
   14
    6
    0
   12
    0
    0
   59
    4
    0
   28
   19
    5
   18
    0
   14
   29
    0
    0
    0
   49
   47
   57
    2
    0
    0
    0
    0
    0
    0
    0
    0
   33
  135
   10
    0
    0
    0
    0
    0
   22
    2
   24
   10
    1
    0
   11
   55
  249
   91
    1
  146
   24
   14
    0
    0
    2
    1
    0
    0
    0
    0
   25
    0
    0
    0
    0
    0
    0
    0
    0
    0
    0
    0
   69
   63
    4
    0
    0
    0
  104
   92
    0
  100
   52
   23
    0
    0
    0
    0
    0
    5
    0
    0
    0
    0
   67
    1
    4
    1
    0
   46
   45
    0
    0
    0
   35
   90
   12
    2
    0
   53
    0
   57
  129
   32
    1
    0
    0
    0
    0
   16
    5
    6
    3
    0
    0
   12
    0
   33
    1
    0
    0
    0
  157
  284
    0
    0
    2
    0
    0
    0
    0
    0
    0
   19
    0
    0
   22
   22
    1
    0
   81
    0
   34
  169
    8
   12
   27
    0
    5
    0
    1
    0
    0
    1
    0
    0
    1
    9
    0
    0
    0
    0
   98
   86
   55
   33
   51
   12
    0
    0
    0
    0
    0
    0
    0
    0
    0
    0
    0
    0
    0
   34
    2
   10
   18
    3
   74
    0
   23
   14
   47
    1
   53
  113
    0
  125
   87
    3
   62
   44
    0
    2
   93
    0
   47
   14
    1
   68
    0
    0
    9
   75
    1
    0
   18
    2
    0
    0
    0
    0
    7
    1
   67
    0
   20
   19
   79
   42
    6
    0
    8
    0
    3
    4
    0
    0
    0
    1
    0
    0
    4
    0
    0
    9
    7
    6
    3
    0
    0
    4
    0
   50
    0
   34
    1
    3
    0
    0
    0
    0
    0
    0
    0
    0
    0
    0
    0
    0
    0
    4
   45
    0
    0
   15
   12
    0
    0
   74
    0
    2
   33
   21
   38
    2
    0
    0
    0
    0
   31
    4
    3
    2
    4
   10
    0
    0
    0
   40
    8
    0
    0
    0
    0
    1
    0
    0
   22
   26
   17
   41
   26
   10
    2
   24
    3
    2
    0
   10
    2
    0
    0
    1
   11
   36
    1
   52
   51
    0
    0
    0
    0
    0
    0
    0
    0
    0
    0
   16
   34
    0
    0
    0
    0
    5
   34
    1
    0
    0
    0
   63
   16
    0
    0
    0
    0
    0
    0
    0
    0
    0
    0
    0
    0
    0
    5
    0
    0
    0
  105
    5
   17
   39
    1
   10
    0
    0
    0
    0
    0
    0
    0
    0
    0
   36
    0
    0
    0
   57
   18
   34
    0
    0
   78
    0
   80
    0
    0
   18
  132
    0
   70
    0
   13
    1
    4
    0
    0
    0
    0
  168
    1
    0
    0
   45
   88
  178
    0
    0
    0
    0
  201
   54
    1
   38
   18
   17
   41
   51
    0
    0
    0
   83
    2
  211
  122
   31
    0
   62
    0
    0
    0
    0
    0
    0
    0
  102
    0
    0
    0
   48
    0
    0
    0
    0
    0
    0
    0
    0
    0
    1
    0
    0
    0
   41
    2
    0
    0
    0
   10
    0
    0
    0
    0
    5
    0
    0
    0
    2
    0
    0
   32
    0
    1
    0
    0
    0
    0
  163
  302
   32
    0
    2
    4
   44
    0
    0
   24
    0
    0
    0
    0
    0
    0
    0
    0
    0
   78
   15
    3
    4
    0
    0
    0
    8
   48
   25
    0
    0
    0
    0
   10
    0
  140
    0
    0
   98
    0
    0
    0
    0
    0
    2
    0
    0
    0
    0
    0
    0
    0
    0
    2
   86
    0
    0
    0
    0
    9
   46
   39
    0
    0
    0
    0
    0
    0
    0
    0
    0
    0
    0
    0
    3
    0
    0
    0
    0
    8
    0
    0
    0
    0
    4
    7
   21
   36
   31
   51
    0
    0
   65
    0
   24
    3
    6
    0
    0
    0
    0
    0
    0
    0
    0
    6
    0
    6
   24
   11
   85
   39
   68
  134
    6
    0
    0
    0
    0
    0
   41
   56
   25
   48
   96
    0
    0
    0
    0
    9
    2
   25
    0
    0
    0
    3
    1
   18
    0
    0
    0
    0
    0
    0
    0
    0
    0
    0
    0
    0
    1
    0
    0
    0
    0
    0
    0
    0
    0
    0
    0
    2
    0
    0
    0
    0
    0
    0
    0
    0
    0
    0
    0
   30
    0
    0
    0
    0
    0
    0
    0
    0
    0
    0
    0
    0
    0
    0
   12
    5
    0
    0
    0
    2
    0
    0
    0
    0
    0
   61
    0
    0
  238
    0
    0
    0
    0
    0
    0
    0
    0
    0
    0
    0
    0
    0
    0
    0
   15
   62
    4
   49
   12
  117
    0
   35
   15
   30
    0
   29
    9
    0
    0
    2
    6
   34
    0
    0
    0
    0
    0
   70
  112
    0
   36
    0
    0
    1
    0
   19
   11
    2
    0
    0
    0
    0
   15
    0
    0
    0
    0
    0
    5
  143
    3
    0
   30
    0
    0
  224
    0
   28
   19
   14
   63
    0
    0
   12
   31
   25
   50
   77
    8
    7
    0
   52
   55
    0
    0
    0
    4
   68
    0
    0
   61
  151
  206
    4
    0
    0
    0
    0
    0
    3
    0
    0
   52
   31
    0
    0
    0
    0
    0
    0
  308
    0
    0
    2
    0
    0
    0
    0
    0
   81
   70
    0
    0
    0
    0
    0
    0
    0
    0
    0
    0
    0
    0
    0
    0
    0
    0
    0
   11
  138
  350
    2
    0
    0
   52
    0
    2
    0
    0
    0
   20
   47
   66
    0
  125
    0
  206
   51
   36
  120
    0
    0
    2
    0
    0
    0
   18
    4
    0
    0
    0
    0
    0
   36
    0
    0
    0
    0
    0
    0
    0
    0
   84
    0
    0
    2
   22
    0
   23
   10
    0
    0
    0
    0
   54
    8
   33
   11
   38
   27
    2
    0
    0
    0
    0
    0
    0
    0
    0
    0
    0
    0
    0
    0
    0
    0
    0
    0
    0
    0
    0
    3
   36
    2
  101
   40
    2
    0
    6
    0
  165
    3
    0
    0
    0
    0
    0
    7
    6
   36
    0
    4
    0
   21
   40
   72
   46
    0
    6
    0
   38
   10
    2
   30
   10
    9
   10
   11
    0
    0
    0
    0
    0
    1
    0
    0
   19
    0
    0
    0
   17
    0
    0
    2
    0
    0
    0
    0
    0
    0
    0
    0
    1
    0
    0
    0
    0
    0
    0
    0
    0
    0
    0
    0
    0
    0
    0
   10
    1
    3
    2
    5
    4
    0
    0
    0
    0
    0
    0
   22
   32
    0
    0
    2
    1
   10
    0
    0
    0
    0
   42
   59
    2
   20
   16
   32
   16
    3
    0
    1
    0
    1
    3
   30
   10
   20
    9
   37
   10
    0
    0
    0
    0
   29
   17
    2
    4
   41
   23
   20
   10
   11
    0
    1
    0
   15
   41
    3
    0
    1
   15
   16
    0
    0
    2
    1
    0
    0
    0
    0
   11
   30
    2
    1
    0
    0
    0
    0
    0
    0
    0
    0
    0
    0
    0
   32
   90
   38
    0
   17
    3
    9
    0
    2
   11
   31
   15
    0
    0
    1
    8
   32
   30
   30
    0
   21
   51
    0
    1
    0
    0
    0
   11
    9
    0
   16
   48
    0
    0
  158
    0
   17
    1
    0
    2
    0
    0
    0
   52
    1
    0
    0
    0
    0
    0
   76
    1
   17
  225
    0
    0
    0
    0
    0
    0
   19
   80
   61
    0
    0
    0
    1
    0
   13
    0
   20
    0
    0
   54
    0
    0
    0
    0
    0
    0
    0
    0
    0
  117
    0
    0
    0
    0
    1
  166
    0
    0
    0
    0
    0
    0
    0
    1
    0
    0
    0
   11
   11
    1
    0
  137
   12
    3
   11
    0
   10
    0
   10
   63
   44
   49
   57
   60
    1
    0
    0
    0
    0
    0
    0
   55
    0
    2
  102
   51
    0
    0
    0
    0
    0
    0
    0
    0
    0
   62
    0
    0
    0
    0
    0
    0
    0
    0
    0
    0
    0
  248
    5
    8
   27
    0
    0
    0
    0
    0
    0
    3
    0
    0
    0
    0
    0
    0
    0
    0
    0
   83
   74
   31
    0
    0
   70
    0
    0
    0
   31
    9
    0
    0
    0
    1
    0
    0
    0
    0
    0
   19
    3
   69
    0
    0
   30
   52
   58
   47
    3
  108
   70
   73
   19
   28
    0
    0
    0
    0
    0
    0
    1
    0
    0
    0
    0
    0
   47
    4
    7
   57
    0
   41
    0
   73
   42
   58
   14
   12
    0
    0
   15
   11
    0
    0
    0
   23
    2
   48
   59
   20
   25
    0
    0
   24
   56
    4
    3
   40
   92
   62
    1
    0
   25
   24
   75
    1
   20
   54
    4
    0
    0
    0
    6
    8
    0
    0
    9
    1
    0
    8
    0
    0
    0
    0
   16
    0
    0
    0
   33
   75
    0
    0
    0
   23
    0
    0
   45
   16
   14
   36
   74
   12
    0
    0
    1
    0
   18
    0
    0
    0
    1
    0
    0
   12
    1
    1
    0
    0
   21
  133
   36
   46
   19
    0
    0
    0
    0
    0
    0
    0
    0
    3
   14
    0
   38
  158
   54
    0
    1
    0
    0
    0
    0
    0
    0
    0
   15
    0
    0
    0
    0
    0
    0
    0
    0
    0
    0
   33
   46
  121
    2
    9
    0
    0
    0
    0
    0
    0
    0
    0
    0
    0
    0
    0
    0
    0
    0
    0
    0
    0
    0
    0
    0
    0
    0
    0
    0
   92
    3
    0
    0
    0
    0
    0
    0
   15
   32
    0
    0
    1
   38
    3
    1
    0
    0
    0
   62
   43
   31
   10
    0
    0
    0
   72
    2
    3
   35
    0
    0
    0
    0
    0
   13
   66
   88
    9
    0
  115
    0
    0
   66
    2
    0
   25
   49
    1
   14
    0
    0
   14
   21
   65
   16
    6
   45
   16
    7
   50
    3
    2
    0
    2
    0
   20
    0
   22
    0
    0
    0
    9
  135
  189
    0
    3
  134
    0
  191
   26
    1
   34
    2
    0
   94
   24
   22
    0
    6
    4
    0
    0
    8
    0
    0
   28
    0
    0
    0
   98
   77
    0
    4
    0
    0
    0
    0
    0
  158
    0
    6
   40
    0
    0
   25
    0
   16
   41
   17
    0
    0
    0
    0
   21
   60
   18
  271
    0
    0
    0
    0
    0
    0
  161
    0
    0
    0
    0
   10
    3
   50
    0
    4
    3
    0
    0
  216
    0
    0
    0
   23
    0
    0
    0
    0
   26
    0
    0
    0
    1
    1
    2
    1
   10
    0
  118
   17
    0
    0
   27
   13
    2
    5
    2
   10
    2
   21
    2
    0
    0
    0
    4
   32
  142
    2
    2
   57
   50
   53
  342
    0
   19
   99
   31
   35
   22
    2
   18
   30
  281
   25
    0
    0
    0
    0
    0
    0
    1
   14
    0
   16
    0
    0
    0
    4
    0
    1
    4
    0
    1
   35
    3
    6
   54
   10
   21
    9
   33
   18
   24
   37
   11
   36
   21
   89
  109
   66
    4
    3
   40
   66
    3
   17
   20
   76
   52
   22
    4
    0
    0
    0
    0
    3
  118
   42
   11
  134
   25
   68
   83
   37
    0
    0
    3
   34
   36
   85
    0
    0
    5
    0
    0
    0
    0
    0
    0
    0
    0
   21
    0
   27
   69
    1
    0
   24
    0
   21
   25
   10
   13
    1
    2
    9
    0
    0
    0
    0
    0
    0
    0
    0
    0
   10
   11
   17
    0
    0
    0
    2
    6
    0
    0
    0
    0
    0
    0
    0
    0
    0
    0
    3
    0
    0
    0
    0
   17
    0
    0
   11
    1
    3
    1
   58
   28
    7
    0
    0
    1
    1
    0
    0
    0
    6
   61
   53
   31
   14
    0
    0
    0
    0
   31
   11
   32
   62
   69
    0
   28
    0
   12
    3
   16
    8
  143
   15
   30
    2
    0
    0
    8
    0
    0
    0
    0
    0
    0
    0
    0
    0
    0
    0
   44
   13
    0
    0
    0
    0
  120
  164
    0
   36
   62
    0
    0
    0
    0
    0
   12
    0
    0
    0
    0
    0
    0
    0
    2
    0
    0
    0
    0
    0
    0
    0
    6
    0
    0
    0
    0
    0
    2
   50
    0
    0
    0
   15
   89
    2
    0
    1
    0
    1
  198
  157
    2
   25
    0
    0
    0
    0
    8
    0
    0
    0
    0
    0
    0
    0
    0
    0
   81
    0
   69
    0
    0
   11
    0
    0
    0
    0
    0
    4
    3
    0
    0
    6
   10
    0
    0
    0
    0
    0
    1
    0
    0
    0
    0
    0
    0
    0
    0
    0
    0
    0
    0
    0
    0
   50
    0
    3
    0
    0
    0
    0
  334
   36
  100
   25
    0
    0
    0
    0
    0
    2
    0
    0
    0
    0
    0
    0
    0
    0
    0
    0
   89
   29
    9
    2
    0
    0
    0
    0
    0
    0
    1
    0
    0
    0
    0
   13
    8
   21
   16
    1
    0
   15
   45
    5
   20
    0
   15
    2
  109
    6
    0
    7
   21
    0
    0
    0
   21
   14
   23
   13
   38
   44
    0
    1
    1
    0
    2
    1
    1
    0
    0
    0
    1
    1
    5
    1
    0
    0
    0
    0
    0
    2
    0
    1
   40
    0
    0
    0
    0
   96
   50
   81
    0
    0
    0
    0
    0
   20
    4
    3
    1
    0
    6
    1
   23
    2
    3
   15
    0
    0
    4
    0
    2
    0
    0
    0
    0
    0
    0
    1
    5
    1
    0
    0
   45
   27
   71
    0
    0
    0
    0
   20
  177
   39
   10
    1
   26
   30
    0
    0
   69
  116
   17
   81
   78
  109
   16
   10
    7
    3
   35
   56
   97
   60
   39
   21
    0
    0
    0
    0
    0
    0
    0
    0
    0
    0
    0
    0
    0
    0
    0
    0
   21
    6
   31
   14
    2
    1
    0
    0
    0
    0
    0
    0
    0
    0
   12
    0
    0
    0
    0
    9
    2
    0
    0
    0
    0
    1
    0
    7
    1
    3
    0
    0
    0
    0
    0
   25
    0
   23
    4
    0
    2
    4
    0
    0
   52
   33
    2
    0
    2
   92
    0
    0
    0
    0
    0
    0
    0
    0
    2
    0
    0
    0
    0
    0
    0
    0
    0
    0
    0
    0
    0
    0
    0
   19
   11
    0
    0
    8
    0
    0
   21
    0
    0
   12
   19
    0
    0
    0
    0
    0
    0
   19
    1
   31
    0
    0
    0
    0
    0
    8
   78
   57
    0
   39
   11
    2
   16
   24
    0
   43
   16
   42
    0
    1
    0
    2
    0
    0
    0
    0
    0
    0
    0
    0
    0
    0
   83
   41
    0
    0
   25
   28
    0
    0
    0
    0
    0
    0
    0
    0
    0
    0
    0
    0
    0
    0
    0
    0
    0
   48
    2
    0
    0
    0
   15
    0
    0
    0
    3
    2
    0
   20
   43
    0
    0
    0
    1
    0
    0
    0
    0
    0
  257
    1
    4
   41
    0
    0
    0
    0
    0
    0
    0
    0
    0
    0
    0
    0
    0
    0
    0
    2
    1
    0
    0
    0
    0
    0
    0
   18
    0
    0
   16
    0
    0
   25
    0
    2
    0
    0
    0
    0
   65
    0
    0
    0
    0
   10
    1
    0
    0
   11
    0
    0
    0
    0
    0
   57
    0
   16
   79
   18
    1
    0
    0
    0
   41
   13
    0
   12
    0
    0
    0
    0
    0
    0
    4
    1
    0
   35
   95
    1
    0
    0
    0
    0
    0
    0
    0
    0
    0
    0
    0
    1
    0
    1
    5
    2
    0
    0
    1
   82
    0
    0
    0
    9
    0
   10
   16
   11
    2
    0
    0
    3
    0
    9
    4
    1
   89
   18
    3
    2
    1
    6
   17
    0
    1
    3
    0
    0
    3
    0
    2
    0
    0
   24
   10
    9
   20
    5
   41
    0
    0
    0
    0
    0
    0
    0
   10
    8
    1
    1
   17
    0
    0
    0
   48
    0
    0
    0
    0
   10
   34
   37
   32
    0
   27
   69
    0
    0
    0
    0
    0
    0
    9
    1
    0
   35
   18
   10
   18
    0
   28
    0
    0
    0
    0
    0
    0
    8
    0
   14
   13
   30
   48
    0
   22
    0
    0
    7
    0
    0
    0
    2
   21
   21
   97
    0
    0
    0
    0
   26
    3
   27
    0
    0
   45
    2
   27
    0
    0
    0
   22
    0
    0
    0
   63
   73
   14
   14
    0
    0
   88
   74
   13
    1
    0
    0
    0
    0
   28
   68
    5
    0
    0
    0
   26
    0
   50
    0
   30
   11
    0
    0
    0
   39
    2
    1
   54
   37
   36
    0
    0
    0
    0
    0
   25
    2
   86
   29
    2
    1
    9
    3
   20
  149
   51
    0
    0
    0
  114
    0
    0
   28
    0
    2
    0
   32
    0
    3
   78
   24
    0
    0
  111
   20
    0
    0
    0
    0
    0
    0
    0
    0
    0
    0
    0
    0
   36
   33
    3
    8
    1
    0
   59
    0
    4
    0
    0
    0
  180
   20
    0
    0
    0
   76
    0
    0
    0
    0
    0
   32
    0
    0
   16
   37
    0
    0
    0
    0
    0
    0
   48
   18
   23
   30
    0
    0
    0
    0
    0
    7
    0
    2
   53
    6
    5
    0
    0
   10
  155
   97
   17
    5
    0
    0
    0
   58
   18
    0
    8
   55
    0
    0
   43
    5
   28
   54
  170
   76
    0
  251
    2
    0
   14
   25
  202
  301
    0
    1
    0
    0
    1
   63
    0
    0
    0
    0
   49
  586
    0
    0
    0
    0
    0
   24
  183
   10
   95
    5
    0
    0
    2
    3
    0
   10
    0
    0
    0
   17
   28
   30
    0
    0
    0
    0
    3
    0
    7
   30
   25
   26
   37
   60
    1
    0
    0
    0
   89
    0
    0
    1
    0
    0
    0
    1
    1
    0
    0
    0
    0
    0
    0
    0
    1
    1
    0
    0
    0
   90
   43
  156
    1
   34
    0
    0
    0
   92
  117
   46
    0
   86
    0
   51
    0
    0
   10
   10
    0
    0
    0
   50
    5
    8
   10
   13
    4
    0
    3
    1
    0
    6
    0
    0
    0
    0
    1
    0
    0
    0
   17
   87
    0
    5
    0
    0
    0
    0
    0
    0
    0
    0
   15
    2
    7
    7
  110
   12
   73
   95
    0
    1
    9
   21
    9
   25
   15
    0
    0
   16
    9
    0
    0
    0
    0
    0
    0
   22
    4
    0
    0
    0
    0
    0
   11
   10
   15
    0
    0
    4
    0
    1
    0
   31
    4
    2
    0
    0
    0
    1
    1
    0
   10
   12
    0
   18
    1
    3
    0
    0
    0
    0
    0
    1
    0
   15
    0
    0
    0
    0
    0
   11
    0
   17
    5
    0
    0
   85
    1
    0
    0
    3
   36
    0
   17
    1
    0
    6
   97
   20
   19
    2
   58
    5
   20
    0
   25
    0
    0
    0
    0
    0
    1
    5
    1
    0
    0
    0
    0
    0
    1
    5
    0
    0
    0
    0
    0
    0
    0
    0
    0
    0
   12
   17
    0
    0
    4
    2
    0
   21
    0
   77
  119
    0
    0
    0
   20
  108
   10
    0
   15
    7
   21
    1
    5
   34
   35
    0
    2
   68
    4
    0
    0
   21
    0
    2
    0
    0
    0
    0
    0
    0
    0
    0
    1
    0
  188
    0
    0
    0
   58
    0
    0
    3
   35
   52
    0
    0
    0
    0
    0
    0
   26
    0
   53
    0
   13
   12
    6
    1
    0
   19
    0
   53
   27
    0
    0
    4
   19
   85
   52
    3
    0
    0
    0
    0
    0
    0
    0
   34
   31
    2
    4
    0
    0
    0
    0
    0
    0
    0
    0
    0
    0
    2
    0
    0
    8
    0
   35
  236
  524
   50
    2
    0
    0
    0
    1
    0
    0
    1
    0
    0
    0
    0
   30
    0
    0
    0
    5
   52
    3
   59
   51
   11
   10
    9
    1
    0
    0
   62
   76
    0
   26
   38
  111
   11
    0
    1
    0
    0
    0
    0
   39
   51
   15
  193
   70
    0
    5
    1
    0
   13
   62
    4
    0
    5
   60
  119
  186
    4
    0
    0
    0
    0
    0
    0
    0
    0
    0
   66
   30
    0
    0
   15
   10
   86
    0
   22
   50
    0
   10
    5
    2
    0
    0
    0
    0
    1
    0
    0
    0
    0
    0
    0
    0
    0
    0
    7
    0
    0
    0
    1
    0
    0
    0
    0
    0
    0
    0
    7
    0
    0
    2
   15
  131
   48
    6
    0
    0
    0
    0
    0
   64
   38
    0
   14
   12
   35
   42
   25
   15
    0
    0
    0
    5
    0
    0
    2
   17
   69
   19
   29
   54
   91
   72
   14
    0
    7
    2
    0
    0
    2
   32
   41
   41
    0
   11
   66
   13
    1
    4
   27
    2
    0
    0
    0
    0
    0
   50
    5
    0
    0
   18
    5
    2
    0
   32
   20
   36
    0
    0
    4
    0
   17
    1
    0
    0
    0
   31
   83
   62
    9
    0
   81
    0
    0
    0
    0
    0
    1
    0
    0
    0
    0
    0
    3
    1
    0
   83
    0
    1
   26
    1
   22
    3
   43
   11
    4
   33
    4
   62
   10
   47
   10
   23
    0
   15
    5
    0
   84
    6
    0
    0
   53
   47
    9
    1
   13
   15
  153
   10
    0
   45
    0
    0
    0
    0
    0
    0
    0
    0
   75
    0
    0
    0
    1
    2
   34
   32
    0
    9
    0
    0
    0
   26
   40
    9
    2
    1
    3
    4
    2
    0
    0
    0
    0
   30
    0
    0
    0
    0
    0
    7
  125
    1
    0
    0
    0
    0
   89
    5
    0
   83
    0
    0
    0
    0
    0
    0
    0
    0
   35
    6
   87
   13
   14
    0
    0
   59
   25
    0
   40
   60
    0
    0
    0
    0
    0
    2
    0
    0
    0
    0
    0
    0
   73
    3
    1
    0
    0
    0
    0
    0
   23
   12
   13
    0
    0
    0
    0
    0
    2
    6
    0
   85
    0
    0
    6
    0
   24
   14
   71
   35
    1
    0
  214
   31
    3
   35
    5
    0
   21
    0
    0
    0
    1
   59
   34
    0
    0
    0
    0
    0
    0
    1
    0
    0
    0
   11
    0
    0
    0
    0
    0
    0
    0
    0
    0
    0
    0
    0
   64
    0
    0
    0
    9
    1
   60
    0
    0
    0
    0
    0
    3
    0
    0
    0
    0
   22
    0
  109
   20
    0
    0
    0
    0
    0
    0
    0
    0
    0
    0
    0
    0
    0
    0
    0
    0
    0
    0
    0
    0
    0
    8
   23
    1
   60
    0
    0
    0
    0
    0
    0
    0
    0
    0
    0
    0
    0
   38
   24
    1
    0
  123
   14
   46
   60
  141
    0
    1
    0
    9
    0
    4
   98
    0
    0
   17
    0
    0
    0
    0
    0
    0
    0
    6
    7
    1
    0
   18
   24
    0
    0
    0
    1
    0
  138
    5
   61
  133
  193
    0
   40
   60
   58
   21
   20
   45
    0
    0
    0
    0
    0
    0
    0
    0
    0
    0
   74
   76
    2
   59
    9
    0
   29
    0
    9
    8
    0
    0
    0
    0
    0
    0
    0
    0
    0
    0
    0
    0
    0
   12
    0
   14
    1
   13
   11
    0
    0
    3
   15
   34
    1
   41
   47
   37
  136
   26
    0
    1
    0
    1
   42
   21
    0
    0
    0
    1
    0
    0
    0
    0
    0
    0
    0
    0
    0
    0
    0
   10
    5
    0
   28
   10
    5
    0
    9
   23
   13
    1
    0
    0
    0
    0
    0
    0
    0
    0
    0
    0
    0
    0
    0
    0
    0
    0
    0
   24
  104
   11
   25
    0
   80
  381
   38
    0
    0
    0
    2
    4
    5
    1
    0
    0
    0
    0
    0
    0
    1
   22
    6
    0
    3
    0
   96
  204
    0
  127
   58
    0
    0
    0
    0
    0
    0
    0
    0
    0
    0
   74
    0
    0
    0
    0
    0
    0
    0
    0
    0
    0
    0
    0
    0
    0
    0
    0
    0
    0
    0
    5
    3
    2
    0
    0
    0
    0
    0
   21
    0
    0
    0
    0
   66
   46
    0
    0
   25
   14
    0
   34
  138
   54
   24
    4
   35
    0
    0
   80
   34
   23
   11
   39
   32
   35
   60
   26
    0
    7
    0
   18
    1
    0
   52
  352
    0
   45
   30
   50
    0
    0
    6
   47
   18
  180
    0
    0
    0
    0
    0
    0
    0
    0
   64
    5
    0
    0
    0
    0
   10
    0
    0
    1
    0
    0
    3
  113
    0
    0
    0
    0
    0
    0
   93
    1
   84
    1
    0
    9
    0
    0
    0
    0
   40
   15
  133
    0
    0
    0
    0
   28
    9
    0
    0
   11
   27
   12
    1
    4
   26
    0
    0
   67
    0
    0
    0
    0
    0
    0
    0
   42
    0
    0
    0
    0
   15
    5
    0
    0
    1
    0
   20
   65
    0
    1
    0
    0
    8
  152
    1
    0
    1
    0
    1
   52
    1
    2
    0
   43
    2
    0
   20
   36
    7
    6
    6
    0
    0
    0
    0
    0
    0
   60
   65
    0
    0
    0
    2
    1
    0
   50
   67
   59
    0
    9
   22
    8
    0
   17
    0
    0
   34
    0
    0
    8
   16
    0
    0
   25
   20
   36
   69
   17
    1
    1
    0
    6
    6
    0
    0
   87
    2
    0
    0
   23
    1
    0
    0
    5
   76
    0
    4
    0
    0
    0
    0
    0
   75
    1
   90
  100
    9
    5
   17
    4
    0
    5
    8
    0
    9
    0
  106
    4
    9
   23
    3
  110
    0
    0
    0
    0
    6
    1
    0
    0
    0
    0
    0
    0
    0
    0
   14
   23
    9
   42
   19
    0
    0
   12
    4
    0
    0
    0
    0
    6
    0
    0
    3
    0
    0
   26
   34
    0
    0
    0
    0
    0
   10
    1
   27
    1
    5
    3
   65
   21
   67
  137
  199
   63
    5
   19
   13
   35
    0
    0
    0
    0
    0
    0
   92
    0
   43
  113
    0
    0
    0
    0
    0
    0
    0
    0
   13
   16
    0
    0
    0
    0
    0
    0
    0
    9
    0
    0
    0
    2
    1
    1
    0
    0
    0
    0
    0
    0
    0
  186
    0
   50
   86
    3
    0
    0
    0
   30
    0
    0
    0
    0
    0
    0
    0
    0
   54
   94
    0
   16
    0
    0
    0
    0
   67
    0
    0
    0
   42
   11
   14
    2
    0
    0
    0
    0
   12
    3
    0
   38
    3
   28
    0
    0
   16
   46
    0
    2
   27
    0
   45
   83
    0
   27
    0
    0
    0
    7
    0
    0
    0
    0
  181
   30
    1
   10
  240
    0
    0
   21
    0
    0
    0
    0
    0
    0
   30
   23
    0
    0
    0
   10
    0
    0
    5
    6
    0
   62
    5
  209
   62
    5
    0
    0
    0
   20
   16
    0
    0
    0
    0
    0
    0
    0
   89
   83
    0
    0
    0
    0
    7
    4
    0
   51
   85
   73
   18
   14
    0
    0
    1
   31
    0
    0
    0
    0
    0
    0
    0
    0
    0
    0
    0
   28
    0
    0
    0
   34
    0
   28
    3
   64
    0
    8
   13
    9
    4
   27
  111
    0
    0
    0
    0
  210
  151
    0
    0
    0
   15
   10
    0
    0
   13
    0
   25
   19
    0
   25
   80
    6
   41
    0
   17
   70
   15
    7
    5
   10
    5
    0
    0
    0
  199
   17
   50
   32
   45
    0
    0
    0
    3
   39
   30
    0
    0
    0
    0
   39
    8
   24
   25
    0
    0
    0
   23
    8
   11
   48
    2
   11
    7
    0
   66
  120
    0
   35
   11
   20
    3
  145
   86
    9
   41
   28
  124
    7
    0
   52
    0
    0
   66
    0
    0
    1
   19
    4
    0
    0
    0
    0
    0
    0
    2
    0
    0
    1
   29
   29
    3
   32
    6
   44
  114
    1
    0
    0
    0
    0
    0
    0
    0
    0
    0
    0
    0
    0
    0
    0
    0
    5
    0
    0
   19
    5
    1
   38
   74
   85
    0
    0
    0
    0
    0
    0
   11
    0
   32
    0
    0
    0
    0
    0
    0
    0
    0
    0
    0
    0
    0
    0
    0
    0
    0
    0
    0
    0
   57
   35
    8
   97
    0
    0
    0
    0
    0
    0
   11
   35
    8
   20
    0
    0
    0
   53
    0
   18
    0
    0
    4
    0
    0
    0
    0
    0
    0
    0
    0
    0
    0
    7
    0
    0
    0
    0
   49
   12
   31
   15
   25
    9
   13
    0
    0
    0
    0
    0
    0
    0
    0
    0
    0
    0
    0
    0
    0
    0
   60
    9
   13
    4
    0
    0
   45
  138
   24
    0
    0
   10
   15
    0
    0
    0
    0
    0
    0
   30
    0
    7
    0
   41
   21
   25
    0
    0
    0
   51
    0
    0
    0
    0
    0
    0
    0
    0
    0
    0
    0
    0
    0
  105
    9
    0
    0
    1
   79
    0
   11
   36
    0
    0
    4
    1
  154
   11
    0
   84
    8
   15
    1
    0
    0
   90
    0
    0
   32
    0
    0
    0
    0
    0
    0
    0
    0
    0
    0
    0
    0
    0
    0
    0
    0
    0
    0
    0
    0
    0
    0
    0
    0
    0
    0
    0
    0
    0
  142
   34
    0
   12
   20
    0
    0
    5
    1
    0
   97
    0
   23
    0
    2
    0
    3
    0
    6
    1
    5
    7
    0
    0
    0
    0
    2
    0
   39
    0
    0
   38
    3
    0
    0
    0
    0
    0
    0
    0
    0
    0
    0
    0
    0
    0
    0
    0
    0
    0
    0
    0
   31
    0
    0
    0
    0
    0
    0
    0
    0
    3
  112
   41
    2
    0
    0
   15
   11
   44
    5
  129
    1
    8
    0
    2
    0
    0
    0
    3
    7
    2
    0
    0
    0
    0
    0
    0
    0
    0
    7
    0
    0
    0
    0
    0
    0
    0
    0
    9
    0
    0
    0
   61
   81
   33
   12
    2
    0
   49
    0
    0
    0
    0
    3
   12
    1
    0
    0
    0
    0
    0
   51
   30
   32
    0
    5
   38
   39
    0
    0
    0
   61
   14
    0
    2
    9
   55
    0
    0
    0
   21
    0
    0
    8
   25
    0
    0
    7
    7
    0
   74
   57
   15
    0
    9
   26
   11
    3
    0
    0
    0
   48
  148
  109
   15
   26
    2
   28
    0
    0
    0
    0
   41
    0
   48
   66
   20
   30
   58
   15
    6
   25
    0
   23
    0
    0
    0
    0
   54
    5
    3
    0
    0
    0
    0
    0
    0
   11
    0
    0
    0
    0
    0
    0
   32
    2
   12
    0
    0
    0
    0
    4
    6
    1
    0
    0
    0
    8
    0
    0
    0
   15
    0
    7
   35
   20
   14
   16
    4
    3
    0
   22
   94
    0
   30
    5
   11
    0
  140
   69
   16
    8
   22
    7
    0
  123
    0
   45
   99
    1
    0
   42
   32
    0
    0
    0
  145
    0
    0
    0
    0
    0
    0
    5
   17
    0
   15
    0
  145
    0
   15
   14
    0
    0
   59
   13
    0
  120
    8
    9
   16
   47
    0
   60
    0
    0
    0
    0
    0
    8
   82
    6
   51
    1
   84
    1
    4
    0
    0
    0
    0
    0
    0
   93
    0
    0
    0
    1
    0
    0
    0
    3
  182
    0
    0
    3
    0
    0
    0
    0
    0
    0
    0
    0
    0
  107
    0
    5
    6
    1
    0
    0
    0
    0
    0
    0
    0
    0
    0
    0
    0
    0
    0
    0
    0
    0
  221
   95
    0
    0
    0
    0
    0
    0
    0
    0
    0
    2
    0
    0
    2
    0
  117
  567
  233
    9
   25
    0
    0
    0
   11
   69
    0
    0
    0
    0
    0
    0
    0
    0
    1
    0
    0
    0
    0
    0
    0
    0
    0
    0
    0
    7
    0
   11
    0
    0
    0
    0
    0
   32
   56
    0
    0
    0
  142
  193
    0
    0
    0
   82
   11
    7
   17
    0
    1
    0
    0
    0
    0
    0
    0
    0
    3
    6
    0
    0
   30
    0
   67
   23
    4
   11
    0
    0
    6
   12
    2
    0
    4
    4
    0
    0
    0
    0
    0
    0
    0
    0
    0
    0
    0
   10
    0
    0
    0
    0
    0
    0
    1
    1
    0
    1
    0
    0
    0
    0
   46
    0
    0
    3
    2
   15
    3
    0
    1
    6
   84
  130
   83
    2
    6
    1
    0
    0
    0
    0
    2
   43
    5
   23
   52
   13
   10
    0
    0
    0
    0
    2
    3
    0
   15
    0
    1
   29
    6
    7
   23
   28
    0
   11
    0
    0
    2
    6
   28
   14
    7
   19
    0
   59
    4
   24
    0
   55
    0
   52
   84
   14
   30
    0
    0
    0
    0
    0
   16
   21
    0
    4
    0
    0
    4
   14
    4
    7
    0
    3
   89
   26
   12
   75
    2
    0
    0
   11
    0
    2
    0
    0
    0
    0
    0
    0
    0
    0
    0
   20
    0
   27
   33
    0
    0
    0
    0
    0
   14
    0
    0
    0
    4
    0
    4
    2
    0
    0
    0
    0
    0
    0
    0
    0
    0
    0
    0
    0
    0
    0
    0
    1
    0
   23
    1
    8
    0
   16
   62
  196
    8
   88
    0
    0
    0
    4
    0
    9
   37
    1
    0
    0
    0
   18
    0
    0
    0
    0
    0
    0
    0
    0
    0
    0
    0
    9
    0
   73
    2
    0
   67
    0
   17
  137
   19
    5
    0
    0
    4
   15
    2
    0
    0
   18
   70
    6
    0
    0
   55
    0
    0
   57
    9
    0
    7
    3
  155
    0
   87
    1
    0
    0
   87
   32
   69
   21
    6
    2
    0
    0
    0
   18
   41
    0
    0
    3
    0
    0
    0
    2
   80
   15
    2
   69
    4
    0
    0
    0
   45
    0
   21
   33
    1
    0
    0
    0
    0
    0
    0
    0
    0
    2
   14
   95
  105
   41
  130
    4
    2
    0
    0
    0
    0
    0
    0
   29
    6
    0
    0
    0
  140
    0
    0
   86
   55
    0
    0
    2
   63
   47
    3
    0
    0
    0
    0
    0
    0
    0
    0
    0
    0
    0
    0
    0
   31
    0
    0
    0
    0
    0
    0
    6
    0
    0
    8
    6
  204
   13
   21
   91
    3
   24
    5
    0
    0
   16
    0
    0
    0
    0
    0
   22
    9
    0
    2
    0
   19
   39
    0
    3
   56
    0
   52
    0
    3
    9
    1
   36
    3
   64
    8
   22
   21
    0
    5
    1
    0
    0
    6
    0
   24
    0
  110
    8
    0
   20
   41
    4
    0
    0
    0
    0
    0
    0
    0
    5
    0
    0
    0
    0
    0
    0
    0
    0
    0
    0
    0
    0
   14
    0
    0
    8
   24
  195
   33
   17
   17
    7
    0
    0
    0
    0
    0
    0
    0
    0
    0
    0
    0
    0
   19
   40
    1
    0
    0
    5
    0
    5
   32
   52
    3
   66
   25
    6
    0
    0
    0
    0
    2
    4
    6
    3
   21
    3
   11
   23
   24
    4
    0
    1
    0
    8
    2
   49
    0
    3
    5
    0
    0
    0
    0
    0
    0
   15
    7
    0
   15
   44
    6
    0
    0
   64
    0
    6
   89
   44
    0
    0
    4
    9
    0
    7
    3
    0
    0
    0
    0
    0
    0
    2
    0
    0
    0
    0
   30
    1
   42
    1
    1
    1
    1
    0
   15
    0
    0
    0
    0
    0
    0
    0
    5
    0
    0
    0
    0
    8
    4
    9
   12
   97
    0
    9
    1
    0
    0
    0
    0
   37
   37
   46
   69
   25
   64
   39
   56
    0
    0
    0
   15
   15
    0
    2
   24
    6
   12
   38
   30
    0
    8
    0
    0
    0
    0
    0
    0
   23
   25
   33
    2
   73
   29
  150
   14
    7
   44
    9
    0
    0
    0
    0
    4
    0
    0
    0
    0
    0
   60
    0
    0
    0
    0
    0
    0
    0
   22
   28
    0
    0
    0
    0
   16
    0
    0
    0
    0
    0
    0
    0
   48
   11
    0
    8
    5
   48
    9
   45
   78
   40
    6
    0
   46
    0
    0
   51
    7
    0
   33
    0
   11
   33
    4
    9
    0
   86
    3
    0
    0
    0
    0
   75
    0
   22
    0
    0
    0
    0
    0
    4
   10
    0
    0
    0
    2
   27
   28
   40
    0
    0
    0
   51
    0
   34
   30
    0
   24
    9
    0
    2
    0
    2
    0
    0
    0
    0
    3
    0
   17
    3
    0
   61
   80
   44
   52
   29
    0
   23
  109
    0
   80
    0
    0
    0
    0
    0
    0
    0
    0
    0
  109
    0
   26
   24
    7
    1
    0
    0
    0
    0
    0
    0
   11
   11
   34
    0
    0
    0
    0
    6
    0
    0
    0
    0
    0
    0
    0
    0
    0
   36
    0
    0
   10
    0
    0
   11
    6
    4
   13
    0
    5
   12
    0
    8
    1
    8
    1
    0
    0
    0
    0
    0
    0
    0
    0
    2
    0
    0
    0
    2
   10
    0
    7
   14
    4
   30
    0
   32
    4
    0
    0
    8
    2
    0
    0
    1
    1
   43
    5
   43
   44
   16
    3
    2
    0
    2
    3
    1
    0
    3
   11
    0
    0
   29
    4
    8
    5
   10
   33
    9
    0
   39
   14
   20
   41
   34
   47
   20
   20
    0
    0
    0
    0
    7
   37
  100
   35
   12
    2
    1
    0
   10
   26
    6
   15
    0
   19
    3
    1
   38
   22
   55
   70
   50
    6
   17
    1
  112
   24
    6
    7
   10
    0
    3
    2
    2
    2
    1
    0
    0
    0
   32
    4
    1
    0
    0
    1
    3
    3
   32
    1
    0
    0
    0
    0
    0
    0
    0
   35
   34
    6
    2
    5
    0
    3
    0
    0
    0
    0
    0
    0
    0
   17
   10
  131
    2
   12
   14
    6
    3
    0
    0
    0
    4
    0
    0
    0
    0
    0
   54
    0
   99
   69
    0
    0
    0
    0
    0
   15
  216
    1
    0
   23
   51
    0
    0
    1
    4
   25
   72
    2
    4
    0
    7
    2
   24
    0
    3
    1
    0
    2
   22
   11
   23
   32
   11
    0
    0
    0
    0
    0
    0
    0
   14
    0
    0
  120
   35
    7
    7
   36
    0
   25
   12
    4
    0
    0
   11
    0
    0
  182
    0
    0
   45
    0
    0
    9
    6
  111
  144
   86
    1
   73
  110
   66
  128
  120
   64
    2
    0
    0
   41
    3
    0
    0
    0
    0
    0
    0
    0
    0
    0
    0
    0
    0
    0
    0
    0
    0
    0
    0
    0
    0
    0
    0
   10
   79
    9
    0
    3
   71
    4
    2
    0
    0
    0
    0
    0
    0
    0
    0
    0
   71
   34
    9
   30
    0
    0
    0
    0
    0
    0
    0
    0
    0
    4
   43
    0
    0
    0
    0
    0
    0
   76
    0
    0
   57
    0
    0
    0
  262
   35
    0
    5
    8
    0
    0
   42
    0
    0
    2
   80
    8
    2
    9
   73
   12
    0
   18
    0
    1
    0
    0
    0
    5
    2
   12
  247
   14
   45
    5
    0
    0
    0
    0
    3
    0
    0
    0
   11
    0
    0
    0
    0
    0
    0
    0
    0
    0
   28
    0
    0
    0
    0
    0
    0
    0
    0
    0
    0
    1
   42
   97
   78
  206
    7
    0
   10
    4
    0
   13
   15
    0
    4
    7
    1
    0
   12
   52
    3
    0
    6
    0
    0
    0
    0
    0
    0
   12
    2
    4
   36
   60
   12
    0
    5
    5
    2
    0
    8
    0
    0
    0
    0
    5
    0
    0
    0
    0
    9
    2
    4
    0
    1
    0
    0
    0
    2
   63
    4
   33
   52
   40
   65
   17
   48
   14
    3
    9
   40
   64
  215
  295
   77
  132
  186
   13
    3
   64
   13
    6
    8
  126
   12
    2
    1
   42
    0
    0
    5
    1
    0
    0
    0
    1
    5
   13
   24
    2
   33
    2
    7
   27
    5
    0
    0
    0
    0
    0
    0
    3
    5
    4
   82
    0
   35
    0
    0
   27
    7
   92
    0
    0
   89
    0
   16
   27
    4
    0
    0
    0
   10
   73
   48
    0
    2
    0
    0
    0
    1
    0
    0
    0
    0
    0
    0
    0
    0
   63
    8
   39
   35
   25
   23
    0
   10
   23
   11
   38
    8
   15
    0
    5
    2
    0
    0
    2
    0
   26
  103
    1
    3
    1
    9
   27
    0
    6
    0
    0
    0
    4
    0
    0
   23
   22
   12
    0
    0
    0
    0
    0
    0
    0
    0
   14
    5
    7
  212
    3
    4
   32
    2
    0
    0
   83
    4
  134
    0
    0
    4
    0
    2
    0
    0
   27
    1
   34
    0
    0
    0
    0
   57
    0
    3
    4
    5
   60
    6
   77
   53
   91
    1
    2
    4
    0
    0
   18
   25
   54
   43
  145
    4
   10
   55
    0
   22
    0
    0
   13
   43
    2
    0
    0
    3
    0
    0
    0
    0
    0
    0
    0
    0
    0
   38
    1
    7
    0
    0
    0
    0
   13
   24
  111
  118
    3
   69
  397
    4
   42
    6
   46
   18
   65
    0
    9
  143
   24
   48
   21
   18
    6
   15
   24
    0
    0
    9
   10
    0
   70
   21
    1
   17
    0
    3
   32
    3
    0
    0
    0
   19
    0
    0
    0
   11
   21
    5
    0
    0
    0
    0
    0
    0
   23
    3
   18
    0
   26
   15
    0
   16
   57
   11
    0
    1
    0
   15
   12
    0
    1
   88
  136
   57
   28
    0
    3
    3
    0
    0
    0
    0
    0
    0
    0
    9
    0
    7
    0
    0
    0
    6
    0
    1
    4
    9
   57
    0
    4
    0
    0
   40
   10
   12
    0
    0
    0
    0
    0
    0
    0
   17
    0
    0
    0
    1
    2
    0
    0
    0
   12
   10
    6
   58
   11
    2
   38
   14
   28
  160
   43
    5
   21
    0
    5
   24
    0
    0
    2
    0
    0
    0
    0
    0
    0
    0
    0
    6
    0
    0
   19
    0
    0
    0
    0
    0
   40
   74
   89
   19
   82
    9
   12
    0
    0
    3
    8
    7
   43
   32
    0
    0
   55
    5
    0
   34
   10
    0
    1
    0
    0
    2
   61
    0
    0
    0
    5
   18
   11
    0
    0
    0
    0
   32
   28
   44
   32
   26
    2
   55
    5
    2
    2
   97
   14
   17
    1
    0
    0
    0
   22
   36
    1
    4
   55
    0
    0
    0
    0
   60
   93
   35
    1
   11
   29
   26
   18
   96
    1
    0
   56
   17
   32
    4
    4
   23
    0
   34
   18
   11
    0
   72
   57
    2
   51
    0
   55
   20
    0
   11
    0
   71
   40
   89
   17
   51
   40
   25
   25
    5
    0
    0
   42
   10
    0
    0
    0
    0
    0
    0
    1
    9
    0
    0
    0
    1
    0
    0
    0
    4
    0
    0
    2
    1
    0
    0
    0
    0
    0
    0
    0
    0
    0
    3
    5
    8
    0
    0
    0
    0
    0
    0
    0
    0
    0
    0
    0
    0
    0
   20
    0
    0
    4
    0
    0
    0
    0
    0
    0
    0
    6
   23
    0
   37
   22
    7
    0
   68
    2
  136
    0
   12
  132
    5
    7
    0
    0
    0
    0
    0
    0
    0
   21
    0
    0
   88
    7
   22
    2
   35
   98
    0
    0
    7
   66
    0
   33
    0
    1
    0
   27
    0
    5
    0
   25
    0
   83
    0
   24
    9
   45
   29
    0
    0
   14
    0
    0
  102
    0
   21
    8
    0
   33
    0
    0
    0
    5
   87
    0
    0
    0
    0
    0
    0
    0
    5
    0
    0
    0
    0
    0
    0
    0
    0
    0
    0
    0
    0
    0
   64
   24
    0
    0
  252
   26
    0
    6
   39
    0
   11
   75
    0
    0
    0
    0
    0
    0
   20
   24
    0
    0
    5
    4
    0
    0
    0
    0
    0
   29
   94
    5
    0
    0
    6
    0
    0
    0
    0
    0
    0
    0
   26
    4
    0
   48
    0
   14
   25
    8
    0
    4
    1
    0
    0
    0
    1
    0
    0
    0
   23
    0
    0
    1
    0
    0
   11
   10
   22
    0
    0
    0
    0
    0
    4
    0
    0
    0
    0
    3
   46
   35
   20
    4
   10
   43
    0
   29
    0
    1
   19
   39
    1
    1
    0
   37
   36
  164
   42
    0
   65
  136
    0
   38
    1
   71
    1
    3
   68
    3
    6
    0
    0
    0
   37
  123
   33
    3
    5
    1
   33
   12
    5
    0
    5
    4
    0
    1
    0
   15
    4
    3
    9
   11
    0
   42
   16
    0
   28
    0
    0
    0
    0
    0
    0
    2
    0
    0
    0
    0
    0
    0
    0
    0
    0
    0
    0
    0
    0
    3
    4
    4
    0
    0
   21
    0
    0
    0
    0
    0
    0
   33
   12
   11
    6
    7
    5
   52
  115
   14
    0
    0
    2
    1
   25
   13
    9
   26
   21
    9
    1
    9
    0
    0
    0
   14
    0
    0
   13
    0
    1
    0
   31
   45
   38
    0
    0
    0
    5
   28
    1
   38
    0
    0
    0
    0
    0
    0
    4
    0
    0
    0
    0
   42
    0
    0
    5
    3
    0
    0
    5
    0
    3
    0
   48
    0
    7
   35
   34
   73
  135
    9
    0
    0
    0
   23
   42
    0
    0
    0
    0
    0
    0
    0
    0
    0
    0
    0
   12
   85
   16
    0
    0
    0
    0
    0
    0
    0
    0
    0
    0
    0
    0
    0
    0
    0
    0
    0
   73
    0
    0
   38
   15
   42
   17
    0
    3
    0
    0
    0
   32
    0
    0
    0
    0
    0
    0
    0
    0
    0
    0
    0
    0
    0
    0
    0
    2
   14
   25
   23
   35
  111
    2
    0
    0
    0
    0
    0
  111
    0
    0
    0
    5
   11
    5
   10
    2
    4
    0
    0
    0
    0
    8
    0
  481
    9
    0
    0
    0
   91
    9
    6
    7
   22
    4
    0
    0
   54
    4
    0
    0
    0
    0
    0
    0
    0
    0
    3
    0
    0
    0
    0
   11
    0
    0
    7
    0
  135
   89
    7
    0
    0
    0
    0
    0
    0
    0
    0
    0
    0
    0
    0
    0
    0
   23
   20
   15
    9
    0
    0
    6
    0
    0
    0
    0
    0
    0
   55
    0
    0
    0
    3
    0
    0
    0
    0
    0
   23
   67
   38
    4
   12
   10
   30
    9
   33
    2
    0
    0
    0
    0
   19
    2
    0
    0
    0
    0
    0
    0
    0
   28
  188
    5
  123
    9
   63
    0
    0
  183
   43
   17
    0
    0
    0
    0
    0
    0
    0
    0
    0
    0
    0
    0
   78
    9
   26
    9
  164
   33
   22
    0
    0
    0
    0
    0
    0
    0
    9
   21
    0
    5
    3
    0
    4
   41
   83
   65
   40
   43
   10
    4
    0
   55
    0
  183
    5
    9
    0
    0
    0
    0
    0
    0
    0
    3
    0
    0
    7
   10
    0
    0
    1
    4
    5
    0
    0
    0
    0
    2
    8
    4
    0
    1
    8
   22
    2
   35
   14
   40
    6
    0
    1
    0
    0
    0
    0
    0
    0
    0
    0
    0
    0
   10
    0
   63
   10
   12
   72
   37
   59
    0
    2
   10
    0
    0
    0
    0
    0
    0
   19
   56
   30
   83
   25
   32
    7
    9
    4
   22
    6
    0
   33
   58
    0
    0
    0
    0
    0
    0
    0
    0
    0
   22
    0
   32
    0
    0
    1
    8
    1
    0
    0
    0
    0
    0
    9
   21
    9
    0
    0
    0
    0
    0
   12
   38
    0
    0
   86
   13
    6
    1
    0
   47
   22
   15
    1
   38
   18
   10
    2
   29
    0
    0
    0
    0
    0
    0
    0
    0
    0
    0
   42
   19
    9
   19
    4
    0
    0
    0
   19
    0
    0
    0
    0
    0
    0
    0
    0
    0
    0
    0
    0
    1
    0
    0
    0
   70
   17
   35
    0
    0
   41
  219
  180
  320
    4
    0
    0
    0
    0
    0
    0
    0
    0
  187
    3
   21
    5
    0
    1
    0
    6
    3
  102
   57
    1
    0
   54
    0
   67
    9
    0
    0
    6
   14
    0
    0
    0
    0
    0
    8
    0
    0
    0
    0
    0
    0
    0
    0
    0
    0
    0
    0
    1
    0
    0
    0
    0
    0
    0
   34
    0
    0
    6
   38
   39
    0
   55
    0
    0
   11
   38
    0
   57
    2
   85
   52
    5
    1
    0
    0
    0
    0
    0
    0
    0
  243
   41
    5
    7
   80
   39
   11
    1
   31
   30
   31
   24
    3
    0
    0
    0
    0
   24
    6
    3
    0
   40
    1
    0
   22
    3
    8
    4
    0
   23
   42
    4
    0
    0
   12
    2
    0
    0
    8
    0
    0
    0
    0
    0
    0
    0
    0
    0
   10
    0
    0
    0
    0
    0
    0
    0
    0
    1
   42
   21
   51
    3
   11
    7
    0
    2
    8
    2
    0
    0
    0
    0
    0
   37
    2
   31
    6
   17
  220
    8
    5
   41
    0
   16
   77
    0
    3
   16
    0
    1
   42
    1
    0
    5
    4
   77
    0
    0
    0
    0
    0
   71
   81
   47
    0
    5
    0
    6
    2
    0
    9
   70
   11
    6
    0
    0
    0
    8
    6
    8
   96
    1
   20
   15
   51
   24
   12
    2
    0
    0
    1
    2
   33
   29
    0
    0
    0
    0
    0
    0
    0
    0
   12
   16
    0
    0
    3
    0
    1
    0
    0
    0
    0
    0
    0
    0
    0
    0
    4
    0
    2
   15
   47
   78
    0
    1
    7
    1
   65
    0
    0
    0
    0
    0
    0
   14
   21
    0
    0
    0
    0
    0
    0
   12
    0
    0
    1
    0
    0
    0
    0
    0
    0
    0
    0
    0
   13
    0
    0
    0
  139
   33
  128
    2
    0
   32
    0
    0
    0
    0
    0
    0
    0
   44
    4
    0
   13
    2
    0
    5
    6
    0
    0
    0
    0
    0
    0
    0
   12
   31
    4
   34
    0
    0
    6
    0
    4
   37
   32
    0
    0
    7
   59
    8
    3
    5
    0
    0
   69
    0
   31
   22
   18
   24
    0
    4
   33
   63
    0
   17
    0
    0
    0
    0
    0
   58
    9
   27
    3
    0
    0
    0
    0
    0
    0
    0
   14
   15
    0
    0
    0
   10
   21
    1
    1
   31
   26
    0
    1
    2
  174
   20
    0
    0
    0
   32
   10
    0
    0
   30
   66
  110
    0
    0
    0
    0
    0
    0
    0
    0
    0
    0
    0
    0
    0
    0
   14
    0
    0
    0
    0
    1
    0
   10
    0
    0
    0
   19
   25
   41
    0
    0
    0
    0
    0
   50
   12
    0
    0
    0
    0
   10
   10
    0
    0
   15
    0
    0
    0
    0
    0
   54
    5
    0
   18
    0
    0
   11
   38
    0
    0
    0
    0
    2
    0
    0
    0
    0
    0
    0
    0
    0
    0
    0
    0
    0
    4
    0
    0
    0
    0
   36
    0
    0
    0
    0
    0
   32
    0
    0
    0
    1
    4
    0
    3
   40
    6
   22
    0
    0
    0
    0
    0
    0
    0
    0
    0
   14
   13
    0
    0
   15
   20
    3
   10
    0
    0
    6
    0
   10
    0
    0
    0
    0
    0
    0
    0
    1
   21
   57
    3
    8
   75
  116
  145
    9
    2
   86
    0
   10
    2
    1
    0
    1
    0
    3
    0
    0
   12
   32
    0
    0
    0
    0
    4
    3
    0
    0
    0
    2
   10
    1
    0
    0
    0
    0
    0
    0
    0
    0
    0
    0
    1
  100
   92
  137
    0
   43
   83
   15
    3
    9
  120
    3
    0
    3
    0
    0
    0
    0
    0
    8
  145
   54
    0
   25
   34
    0
    0
    4
   11
   23
    0
    6
    2
   24
  123
    0
    0
    0
    0
    0
    0
    9
    0
    0
    5
    2
    5
    0
    0
    4
    0
   41
   19
    0
    0
    0
   25
    8
   10
   65
   38
   28
    5
    8
    2
    8
    1
    6
   35
    9
    0
    0
    0
    0
    0
    0
    0
   10
    2
    0
    0
   66
    0
    0
    0
   20
    9
  123
  161
    9
    2
    2
    0
    0
    2
   12
   93
   32
    0
   72
   53
    0
   15
   42
    0
    0
    0
   53
    0
    5
    0
    0
    2
    0
    0
    0
    0
    0
    8
    1
    5
    0
   21
    4
   13
    0
    0
    0
    0
    0
    0
    8
   33
    2
   10
    0
    0
    1
   38
    0
    0
    0
    4
    5
   23
   65
   69
   62
    2
    0
    0
    0
    0
    0
    0
    0
    0
    0
    4
    0
    0
    0
    0
    0
    0
    0
    0
    0
    0
    0
   78
    4
    0
    0
   14
   82
    0
    6
   53
    0
    0
    0
    0
    0
    0
   10
    0
    0
    0
    0
    0
    0
    1
    0
    0
    0
    0
    0
    0
    0
    0
  157
  178
   96
    0
    0
    0
    1
   20
    0
   22
   80
    0
    0
  178
    0
    0
    0
  225
    8
    0
    0
   80
    0
   12
    0
    0
    0
    0
    2
    0
    5
    0
    0
    0
    0
    0
    0
    2
    0
    8
   45
   55
    0
    0
   34
    0
    0
  272
    0
    0
   13
   14
    6
   20
    5
    3
    2
    0
  226
   46
   11
    0
   12
   30
    0
   20
    9
    0
    0
    0
    0
    0
   28
    0
    0
    0
    0
    0
    0
    0
    0
    8
   43
    3
    5
    0
    0
    0
    0
    0
    0
    0
   30
   70
   12
   14
    0
   19
    0
    2
    0
    0
   14
   24
    0
    0
    0
    0
    0
    0
   45
   28
   10
  103
   60
   46
   20
   16
    0
    0
    0
   28
   11
    5
   26
    0
    2
    0
    0
    2
   47
    1
   16
   34
   22
    0
    6
   23
   19
   66
    3
   13
   25
    3
   34
  102
   37
   30
    0
    2
    0
   33
    0
   73
    0
    0
    0
    0
    0
    5
  181
    8
   52
    3
    0
    0
    0
    0
   18
   97
    4
    0
    0
    0
    0
    0
    0
    0
    0
    0
    0
    0
    0
    0
    0
   10
   61
   15
    2
    5
    3
   80
  123
    7
    3
    0
    0
    0
    0
    7
   15
    2
   94
    5
   49
    8
   37
    9
    0
    0
    0
    0
    0
    0
    0
    0
   17
   18
    0
    5
    3
    0
    0
    0
    0
    0
    5
   75
    5
   10
   50
   74
   37
    0
    4
    5
    7
    0
    2
    0
    0
    0
    4
    0
   15
    6
    0
    0
    0
    0
    0
    0
    0
    4
    0
    6
    1
    6
    0
    0
    0
   19
    2
    0
   11
    0
    1
    0
    0
    0
    0
    0
    0
    0
    0
   14
   19
   21
    0
    0
    0
    0
    0
    5
    0
    0
    0
    0
   85
   10
    0
    0
    1
    0
    0
    0
    0
    0
    0
    0
    0
    0
    1
    0
    0
    9
    0
   11
   18
    1
    0
    0
    0
    3
   32
    0
    0
    0
    0
    0
    0
  220
   60
    2
    0
    0
  222
   33
   20
    0
   62
   17
    0
   40
   99
    0
    0
    0
    0
    0
    0
    1
  188
  213
   32
    5
    0
   26
    5
   59
   47
   16
    0
    0
  118
    9
    4
    4
   27
   41
    0
    0
    0
    0
    0
    0
  212
    3
    4
    0
    0
   34
    4
    7
   15
   44
   39
   24
    7
    1
   58
    0
    3
   32
   83
    0
    2
   13
  112
    8
    0
    5
   60
    0
    0
    2
    0
   23
    2
    0
    8
    2
   85
    0
    2
    0
    0
    0
    3
    0
    0
    0
    3
   10
   48
    0
    0
    0
    2
    0
    1
    0
   24
    3
    0
   34
    2
   36
    1
    0
    0
   15
    2
    1
   71
   55
  121
    0
   26
   21
   13
    0
    0
    0
   16
    0
    0
    0
    0
    0
    0
    0
    0
    0
    0
   21
    2
    0
    0
    0
    0
    3
    5
   22
    3
    3
   18
   48
   13
    3
    0
    0
    0
   21
    0
    0
   38
    0
    0
    0
    0
    0
    0
    0
    0
    0
    0
    5
    3
    1
   31
   34
    9
    2
    0
   11
    0
    0
  102
    9
    4
    0
    0
   11
    2
   16
  106
    0
    2
    0
    0
    4
   16
    0
    0
    0
   40
    0
    0
    0
    0
   46
  119
   12
   32
   11
   29
  115
    5
    0
    0
    2
    2
   58
   47
   75
   45
   14
    6
  177
   24
    0
    0
   35
   50
   55
   31
   95
   75
    6
   30
    4
    2
    0
    3
    0
    4
   38
   41
    0
    2
    0
    0
    0
    4
    1
    1
    3
   72
    1
  104
   24
   35
    9
   10
    8
    9
    2
    0
    0
    1
    0
    0
    2
    2
    5
   14
   15
    3
    0
    0
    0
    0
    0
    0
    0
    0
   21
   43
    0
    6
    2
    0
    0
    3
   79
   28
   44
    0
   23
    9
   48
    0
    1
    9
    1
   32
   56
   45
  142
   71
    3
  103
   58
   39
   10
   19
   11
    4
   93
   15
    0
    3
    3
    0
   10
    3
    2
    0
   61
    1
    0
    0
    0
    8
  100
  229
  449
   30
    8
    0
    0
    5
    0
    0
    0
    0
    0
    0
    0
    0
    1
    0
    0
    0
   20
    0
    0
    0
   68
   71
    0
    0
    0
    0
    0
    0
    3
    0
    0
   10
   41
    2
   70
  468
   39
   18
   15
   48
  143
    7
   62
    4
   13
    0
    0
    0
    0
   42
    0
    0
   51
    0
    0
    0
    3
   14
   34
    0
    4
    0
    0
   31
    0
    1
    0
    0
    0
    2
    0
    0
    0
    0
    0
    0
   47
    0
    0
    0
    0
   18
    0
    0
  157
   43
    1
    0
    0
    0
    0
    3
    0
    0
    0
    0
    0
    0
    0
    0
    0
    0
    0
    0
    0
    0
    0
    0
    0
   78
    0
    0
    0
    0
    0
   22
    0
    0
   18
  294
    6
  120
   44
    0
    0
   56
  248
    5
    0
    0
    0
    5
    3
  100
    0
   36
   52
    0
    0
   42
    0
   25
    1
    0
   69
  116
    7
  232
    0
   98
    0
   10
    0
   24
  118
   22
    0
   15
    4
    0
    0
    0
    0
    0
    0
    0
    0
    0
    0
    0
    7
    5
   62
    0
   27
    0
    0
    0
    0
    0
    0
    0
    0
    0
    0
    1
    0
    0
    0
    0
    0
    0
   14
    3
    0
    0
   30
    2
   80
   58
   31
    0
    0
    0
    0
    0
    3
    3
    0
    0
    2
    1
    0
   17
   70
    1
   14
  112
    5
   34
    5
    0
    0
    5
    8
   14
   20
    3
    1
    0
    0
    0
    0
   25
    4
    9
    0
    3
   91
   12
   58
    1
   97
   31
    0
    0
   25
    0
    0
    0
    0
    0
    0
    0
    0
    0
   44
   25
   19
   36
    0
   17
   32
   45
    2
    0
    3
    0
    3
   10
  128
   33
    1
    0
    0
   12
   18
    0
    0
   44
   31
   33
   56
   23
    0
   12
   18
   65
   32
   12
   90
    3
    0
   15
   10
    0
   42
    0
    2
  116
   81
    4
   39
   57
    1
   30
    0
   43
   18
    0
   20
   31
   10
   23
    0
    1
    5
   37
    0
   30
    1
    0
    3
    2
    0
    2
    1
    0
    0
    2
    0
    0
    0
    0
    0
    5
   14
   52
   11
   47
   12
    3
    0
    0
    0
   24
   58
   31
   55
   21
    0
   38
   33
    0
    2
    6
    3
    3
   18
    4
   24
   31
   29
    2
    0
    0
   32
    1
  107
   53
   77
    0
    0
    0
    0
    0
    2
   18
    2
    0
    0
    0
    0
    0
    0
    0
    0
    0
    0
   73
   38
    8
    0
   17
   19
    0
    0
    7
   19
   79
    0
    0
    0
    0
    0
    0
    0
    0
    0
    0
    3
   82
   20
  141
  142
    0
    0
    5
   51
   43
    0
    4
    2
   22
   41
   32
    0
    3
    8
   23
    0
    0
    0
   22
   84
    3
    6
    0
    0
    0
    0
    0
    0
    0
   31
    0
    0
    0
    0
    0
    0
    0
   86
    0
    6
    0
   89
   36
  136
    4
  104
    0
    0
    0
   12
    0
    0
    0
    0
    8
    2
    0
    0
    0
    0
    0
    0
    0
    0
    0
    0
    0
    0
    0
    0
    0
  148
   40
    0
    7
    0
    0
    0
    0
    0
    0
    1
    2
   28
   27
    6
   62
    3
    4
  255
   62
    0
   17
   15
    0
    0
   11
   19
    3
    0
    4
   62
    9
    0
    0
    0
    0
    0
  119
   64
    2
    0
    0
    0
    0
  139
   96
    9
   50
   28
   13
    0
    0
    6
    3
    0
    0
    0
    0
    0
    5
    2
    0
    0
    0
    0
    1
    9
    0
    1
    0
    0
    0
    0
    5
    0
   11
    4
    2
    0
    5
   12
  106
   68
   11
    0
   53
    6
   21
    4
    0
    0
    0
    0
    0
   52
   15
    0
   65
   71
    0
    0
    2
    1
    0
    0
    0
    0
    8
    2
    1
    0
    0
    0
    0
    1
    8
   12
    0
    0
    2
   15
    5
    1
    0
    0
    0
    3
   11
    3
   33
    0
  142
   65
    8
    0
    0
    0
    0
    0
    0
    0
    2
    2
    2
    0
    0
    1
    0
    0
    0
    0
    0
    0
    0
    0
    0
    0
    0
    1
    3
    0
    0
    0
    0
    0
    0
   11
    1
    0
    0
    0
    0
    0
    0
    8
   11
    0
    0
    0
    0
    0
    0
    1
   24
   13
    2
   47
  102
   30
   55
    8
    3
    5
    2
    0
    1
    0
    0
    0
    0
    1
    5
    3
    1
    2
    0
   39
    0
    0
    0
    1
    2
    1
    0
    1
    0
    0
    0
    0
    0
    0
    0
    0
   56
    2
    0
    0
    0
    1
    9
   33
    4
    2
    0
    8
    0
    0
    0
    0
    1
    0
    0
   30
    6
    2
    0
    0
    0
    0
    0
    0
    0
    0
    0
    3
   19
    0
    0
    0
   18
    0
    0
    0
   15
    3
    0
    0
   33
   96
   24
   67
    6
    2
    0
    0
    0
   24
    1
   42
   43
   60
   50
   45
   34
  131
   51
   48
   14
   18
    0
    0
    0
    0
    3
    9
    5
    0
    0
    0
    0
    0
   29
    0
    6
    1
    0
    0
    0
    0
    0
    6
    6
    0
    2
    0
    0
    0
    0
    0
    0
    0
   20
   43
   50
   20
    5
   57
   21
   44
   21
  124
    1
    0
   12
    0
    0
    0
    0
    0
    0
   65
    0
    0
    0
    0
   59
   72
   12
    1
    0
    2
   80
    9
   10
    0
    0
    0
    0
    0
    0
   75
   14
    0
    0
   51
   15
   47
   38
   30
    1
    0
    0
    0
    0
    0
   47
    0
   56
    0
    0
    0
   29
    0
    0
   78
    2
    0
    0
    8
    6
   66
    0
    0
   21
    5
    0
   15
   44
   18
    2
    0
    2
    7
    0
    0
   58
    0
    0
   31
   47
    0
   22
    3
   27
    0
   82
    2
    0
   10
   24
    0
    0
    6
    3
    2
    0
    0
    0
    0
    0
  110
    7
    1
    4
    2
   81
    2
    0
    0
    0
    0
   60
   14
   20
    5
   27
   16
   20
    1
    0
    1
    0
   71
    3
   12
   10
    0
    4
   37
    0
    1
   11
    4
   72
   18
   10
    3
    0
    0
    0
   18
   25
   32
   13
   79
   53
   29
   23
   14
    0
    0
    0
    0
    0
    0
    0
    0
    0
   14
    0
    4
    0
    0
   28
   38
    0
    1
    1
    0
    2
    1
    1
    0
    0
    9
    0
    0
    0
    0
    1
    0
    3
    1
    0
    4
    1
    3
    3
    0
    0
    0
    0
    0
    0
    1
   22
    5
    1
    6
    3
    6
    7
    0
    1
    3
    4
    5
    3
    0
    0
    0
   46
   28
    0
    0
    0
    0
    0
   32
  114
   20
    2
   18
    0
    0
  110
   20
    0
   65
    0
    0
    0
   90
   20
    0
    0
    1
    0
    0
    0
    0
    0
    0
    0
    0
    0
    0
    1
    0
   13
   40
   72
    0
   42
   34
   12
    0
    4
    9
    0
    0
   21
   43
   36
    4
    0
    0
    0
    0
   21
   32
  140
   21
    0
    0
    0
    0
   15
    0
    4
   10
    0
    0
    0
    0
    0
    0
    0
    0
    0
    0
    0
    0
   16
   33
   88
    1
    0
    0
    0
    0
   12
   56
    3
    0
    0
    0
    0
    0
    0
   91
    2
    0
    0
    0
   91
   21
   28
   28
    0
    0
    0
   19
   76
    5
    0
    0
    5
   50
    0
    0
    0
    0
    0
    0
    0
    0
    0
    0
    1
   13
   89
    0
    0
    0
    0
    0
   13
   42
   11
   21
   69
    0
   23
    2
    0
    0
   17
    0
    0
    0
   42
    6
    0
    0
    0
    0
    0
    0
    0
    0
    0
  150
   16
    2
   92
   86
  424
   74
    0
    0
    0
   49
    5
    2
    0
    0
   33
   12
   10
    0
    0
    0
    0
    0
    0
    2
    0
    0
    0
    0
    0
    0
   14
    0
    0
    0
    0
    0
    0
    0
    0
    0
    0
   85
    0
   77
   15
    0
    0
    0
    0
    0
    1
   52
    4
    0
    0
    6
    0
    0
   35
    9
    0
    0
    0
    0
    0
    0
    0
    0
    0
    0
    0
    0
    0
    0
    0
   27
    7
   50
    2
    1
    0
    0
    0
    0
   41
   45
  118
    5
    5
   36
   52
   23
    0
    0
    0
    0
    0
    0
    0
    2
    3
   29
    4
    0
    0
    1
    0
    0
    0
    1
    2
    0
    7
   39
    1
    0
    0
    0
    0
    0
    0
    0
   91
    1
    0
    0
    0
    0
    0
    0
    0
    0
    0
    0
    0
   10
    2
    0
   61
   94
   46
    0
    0
   64
   15
    0
   25
   86
   25
   44
   46
   22
    0
    0
    0
    0
   14
   67
   23
    0
    0
   65
   17
    0
   24
   21
   44
    0
    9
    0
    7
   55
    0
   37
   55
   59
   41
   31
    0
    0
    0
    0
    0
    0
   33
    0
    0
   75
   20
   21
    0
   22
    1
    0
    0
    0
   21
    3
   14
    0
    0
   22
    0
    0
    0
    0
    5
    0
    0
    0
    0
    0
    2
    0
    0
   32
    0
    0
    0
    0
    1
    2
    8
   14
    0
    0
    0
   20
    2
   23
   46
   55
   45
  127
   25
   21
    1
    0
    0
    4
    5
    6
   48
   44
   13
    2
   10
    2
    0
    9
    0
    0
    0
    0
    0
    0
    0
    0
    0
   81
  182
   29
    4
    1
    0
   28
   56
    6
    0
   18
    0
    0
    0
    0
    0
    0
    0
    1
    0
   74
    0
    0
    0
    4
    0
    0
    0
    0
    0
    0
   54
    0
    1
   14
    2
    0
    0
    0
    0
    0
    0
    0
    0
    0
    0
    0
    0
    0
   21
   15
    0
    0
    3
    0
    0
   35
    0
   10
   49
   31
  212
  120
   25
    0
    0
    0
   19
    0
    0
   11
   61
  210
    0
    0
    0
   58
    1
    0
    0
    0
   58
    7
   48
   15
   61
    0
    2
    4
   10
  138
    0
    0
    8
    5
   72
    0
    1
   74
   55
   19
   13
   51
  129
   23
    0
    0
    3
    0
    0
    0
   14
    0
   20
    0
    0
   49
  234
    4
   19
   81
    0
   16
    0
    0
    0
    0
    0
    0
    0
    0
    0
    0
   11
    0
    0
    0
    0
    0
    0
    0
    0
  105
   25
  147
   12
    3
  130
   11
   37
    3
   32
    6
    0
    0
   29
    3
  202
   24
    0
    0
  128
    1
    2
  275
    0
   68
   47
   50
   20
    4
    0
    0
    0
    0
    0
    0
    0
    0
    5
    0
    0
    0
    0
    2
    2
    3
    0
    1
   43
   20
    2
   45
    9
   48
    6
   13
    0
    0
   64
   21
    3
    0
    0
    0
   40
  130
    8
   16
   49
  170
   31
   36
  102
   82
   39
    0
    2
    6
    8
    0
   23
   76
   56
    4
    0
    9
   34
    2
    1
    2
    0
    1
    1
    0
    0
    1
    0
    0
    1
    4
    3
    1
    0
    0
    0
    1
   38
   35
   24
    2
    0
    0
    0
   12
   66
    8
   37
   42
    0
    0
    9
   20
    5
    0
   10
    0
    0
    0
    0
   21
    0
    0
    0
    0
    0
    3
   27
   12
    0
    0
    6
   64
    4
    0
    7
   25
   20
   15
   10
    7
    0
    0
    0
    0
   14
    5
    0
    2
   31
    2
   54
    3
    1
    0
   15
    4
    4
   62
   37
   14
   25
   28
   11
    1
    0
    0
    0
    0
    0
   33
   30
   37
    6
   69
    0
   43
   28
   11
   20
   13
    2
    0
    3
   78
   86
   32
    0
   21
    9
    0
    3
    1
   15
    0
    0
    0
    1
    0
    1
    0
    0
    0
   18
    9
   14
   39
    2
    0
    0
   58
    2
    0
    0
    0
    0
    0
    0
    0
    7
   31
   36
   29
    0
    0
   12
   10
   78
   18
    4
   33
    8
    1
    0
    0
    8
    0
    0
    0
   12
    0
    0
    0
    0
    0
    0
    0
    0
    0
    0
    0
    0
  145
    0
   46
   53
   64
    1
   28
    0
    0
    0
    0
    0
   76
   12
    5
    0
    0
    0
    0
    0
   25
    0
    0
   45
    0
  358
    0
   44
   45
    1
    0
   40
    0
   42
   77
    0
    1
    0
    0
    0
   67
   45
    0
   41
    2
    1
    0
   23
    0
    4
   35
    9
    0
   15
    0
    0
    0
   19
   64
   25
    9
    0
    0
    0
    0
   43
  136
   18
   12
    0
    0
    0
    0
   94
    4
    2
    0
    1
    0
    0
    0
    0
    0
    0
    0
    0
    0
    0
    0
    0
    0
    3
    4
    0
   20
    1
    0
    0
  106
    5
   11
   14
   30
    0
   12
    0
    0
    0
    0
    0
   11
    0
    0
    0
   14
   15
    3
    0
    0
    0
    0
   27
    0
    0
    0
    0
    0
    0
    0
    0
    0
    0
    0
    0
    0
   74
    0
    8
   10
    0
    0
  157
    0
    2
   84
   93
    4
    0
    0
    0
    2
    1
   27
   17
   82
    2
   11
    0
    0
   12
    0
    0
    0
    0
    0
    0
    0
    0
    7
    3
    0
    0
    5
    0
    0
   17
    5
   19
   84
    0
    0
    0
    3
   46
   27
  119
    9
    0
    0
   11
    8
    0
    0
    3
   25
   28
    7
   11
    0
    0
    2
    5
    0
    0
    0
    0
    0
   31
   40
    0
   24
    8
   93
   67
    0
    0
    0
   47
   24
   35
   14
    2
    0
   10
    0
    9
    0
    0
    0
   16
   34
   36
  135
    2
    8
    7
    0
    0
   17
    0
    3
   58
    0
   11
    2
    6
    2
    0
    0
    0
    0
    5
   15
   17
    2
    4
    2
   65
   28
   48
    0
   56
    4
   43
    0
    8
   52
    3
   12
   32
   45
    1
   23
    0
    2
    3
   39
    9
   42
    0
    2
   78
    7
   11
   10
    8
    6
   15
    0
    4
   25
    0
  133
   24
    0
    0
   13
   24
   19
   54
   16
   15
    1
    0
   35
   75
  131
   35
   37
   16
   15
  103
   64
  116
    5
    0
    0
    0
    0
    0
    0
   30
    3
    0
   28
   91
    4
   55
   21
    0
    0
    0
   12
    0
    0
    0
   45
    0
    0
    0
   20
    6
   26
  211
    0
    0
   11
    0
    0
    0
    0
    0
    0
    0
    0
    0
    0
    0
    0
    0
    0
    0
    3
    0
    0
    0
    0
    0
    2
    0
    0
    0
    0
    0
    0
    0
   38
   50
   15
   35
   13
    0
    0
    9
    0
   19
    0
    8
   12
    0
    0
    0
   69
    0
    8
    3
   27
    0
    0
    0
  110
    0
    0
   23
   28
    0
    0
    0
    0
    0
    0
    0
    9
   70
    0
    8
    3
    0
    0
    0
    0
    4
    0
    0
    9
    0
   15
   15
   43
   43
    3
    3
    1
   20
    0
    0
    0
    0
    1
   10
    0
  140
    0
  100
   20
    0
   20
   10
  160
    0
    0
    0
   63
   15
    0
    0
    0
    0
    0
    0
  102
    0
    0
    0
    0
  117
    0
   25
    0
   56
  214
   21
    0
    0
    0
    0
    0
    0
   50
    0
   24
    0
   60
   20
   75
    5
    0
   35
    5
    0
    0
    0
    0
   85
   82
    0
   50
   85
    0
    0
    0
    0
    0
    0
    0
    0
    0
    0
   11
    0
    0
    0
  111
   22
    0
    0
   30
    0
   60
    3
   32
    8
   13
    0
    0
    0
    0
    0
    0
    0
    0
    0
    0
    0
    5
    0
    0
    0
   10
    0
    0
    0
    0
    0
    0
   56
    0
    0
    3
    0
    0
    0
    0
    0
    0
    0
   90
    0
    0
   40
    0
   12
    0
   50
    0
    0
    3
    0
    0
    0
   19
    0
    0
    0
    2
    0
    0
    0
    2
    3
   28
    0
   43
   66
   26
    0
   24
   52
   25
    0
    0
    0
    0
    0
    0
    0
   54
   31
   20
    0
    0
    0
    0
    0
   75
    0
    8
   15
   80
    2
    0
    0
    0
    0
    0
    0
    0
    0
    0
    0
    0
    0
    0
    0
    0
   16
   30
   77
    0
    0
   45
    5
   10
    3
    0
    4
   10
   45
   60
    0
    0
    0
    0
   33
    0
    0
    0
    0
    0
    0
   22
    0
    0
    0
   12
   30
   60
   53
    5
    0
    0
    0
    0
    5
    0
   42
   58
    5
    0
    0
   40
    0
    0
   20
   90
   12
   20
    0
    0
   44
   84
   41
    0
    0
    0
   65
   35
  178
    0
    0
    5
   20
    1
    0
    0
   10
   25
   20
   12
   40
   30
    3
    0
    3
    5
    0
    5
   20
   62
    2
    8
   14
   24
    2
    0
    3
    0
    0
   85
   22
   15
    7
    0
    0
    0
    0
   10
    0
   89
   22
   11
    0
    0
    0
    0
    0
    0
    0
    0
    4
   61
   28
    0
    0
    0
    0
    0
    0
    0
    0
    0
   58
    0
    0
   83
    0
   58
  108
   48
    2
    0
   20
   34
    4
   14
    8
    0
    0
    0
    0
    0
    2
    0
    0
   10
   80
   50
    0
    0
    0
    0
   48
   76
    0
   85
    0
    0
    0
    0
    0
    0
  220
   89
  153
   11
    1
    2
   62
   12
   65
   18
    0
    0
    5
    0
    0
    0
    0
    0
    0
    0
    0
    0
    5
    0
   56
    0
    0
    6
   26
   62
   15
    0
    0
    0
    0
    0
   10
    6
    0
    0
    0
    0
    0
   78
    8
    5
    0
    0
    0
    0
    0
   56
    0
    0
    0
    1
    0
    0
   58
   32
    3
    0
  136
   55
  283
  118
   69
   42
   53
   36
   50
   20
    0
    5
   32
   26
   51
    0
    0
   56
   48
    0
   47
   15
    5
   25
   36
    5
   17
    0
    0
    0
   36
   10
    0
    0
    0
    0
    0
    0
    0
    0
    0
    5
    0
    0
   31
   35
   20
   24
    0
    0
   15
    0
    2
    0
    3
    0
   18
    0
    0
    0
   19
   49
  120
   10
    0
   10
   45
    0
    0
    0
    0
    2
   15
    0
    0
    0
   90
    5
   20
    0
   11
   33
   10
   50
    0
    0
    0
    0
   80
  100
   48
   11
    0
    0
    8
   10
    7
    0
    2
    0
    0
   20
    0
   35
    5
   70
   60
    0
   55
   10
   10
   49
   50
    7
  120
    0
    6
    5
    0
    0
    0
   14
    0
    0
    0
    3
   15
   15
    0
    0
    0
    5
    0
    8
    0
  103
    0
    0
    0
   15
    4
   47
   51
   25
    0
    0
    0
    0
    0
    0
    0
   15
    0
   12
    0
   93
   17
   28
   10
    0
    0
    0
    0
    0
    0
   51
   39
    0
   36
    0
   45
   77
   88
   25
    0
   20
    5
    0
    0
    0
    8
   15
    0
   12
    2
    0
    0
   46
    5
   15
    0
    0
   25
    0
   35
   36
    6
    8
    1
    0
    0
    0
    0
    0
    0
    0
    0
    0
    0
    0
    0
    0
    0
    0
    0
    0
    0
    0
    1
   67
  139
    3
    6
    0
    0
    0
    0
    0
    0
    0
    0
   67
    7
   20
   46
    0
   48
    0
    0
   67
    5
    0
    0
    0
    0
    0
   94
   37
    0
    0
    0
    0
    0
   20
   35
    0
    0
    0
  217
   20
   31
    5
    0
    0
    0
    0
    6
    0
    0
    0
    0
    0
  234
    0
   41
    0
   50
   10
    3
   51
    0
    0
    0
    0
    0
    0
  172
   20
    0
    0
    0
    0
    0
    0
    0
    0
    0
   31
   10
    0
    0
    0
   15
    0
    0
    0
  119
    0
    0
   10
    0
    0
   88
  150
   36
   20
    0
   41
    0
   41
   28
    0
   10
    0
    0
    0
    0
    0
  234
    0
    0
  166
  119
    0
    0
    0
    0
   67
   20
  409
   10
    0
    0
  134
    0
    0
    0
    0
    0
    0
    0
    0
    0
    0
    0
    0
    0
    0
    0
    0
    0
    0
    0
   15
    0
    0
    0
    0
    0
    0
    0
    0
   16
    0
    0
   10
    0
    0
    0
    9
   21
  103
    0
   31
   88
    0
    0
    0
    0
    0
    0
    0
    5
   29
   67
   10
    5
    0
    0
    0
    0
    0
   41
   30
   33
   62
   65
    0
    0
   36
   77
   20
    5
   10
   48
   30
    0
   15
    0
    0
   45
   30
  166
    0
    0
    0
    5
   99
   35
   15
   15
    1
    0
    5
   15
   31
    0
    7
   35
    0
    0
  135
    0
    0
    5
    0
    0
    0
   62
  118
    0
    0
    0
    0
    0
    0
    0
    0
    0
    0
    0
    0
    0
    0
    0
   35
   15
    0
    0
    0
    0
   62
   13
    8
   16
   40
   30
    0
  108
  250
    0
