Station: Priessnitz , scaling_factor: 10.0, latitude:  51.0948, longitude:  11.7791, altitude:  250, nodata_value: -9
start: ..1969-01-01  end: ..2002-12-31
   68
   65
    5
    0
    0
    0
    0
    0
    0
    0
    0
    7
    6
    0
    0
    0
    0
    8
    5
    0
   20
   38
   10
   30
   95
    0
   11
    9
    4
    0
   28
    0
   48
   16
    4
    0
    0
   28
    0
   20
   16
    0
   20
    6
    9
  215
   20
    0
    0
   18
   32
    0
    0
    0
   11
   64
    0
    0
    0
    0
    0
    0
    0
    0
    0
    0
    0
    0
    0
   39
   76
   83
   16
  100
   16
    0
    0
    0
    0
    0
    6
   20
    9
   21
    6
    7
   29
   12
   10
   28
    1
    0
    0
    0
    0
    0
    0
    0
    0
    0
   88
   38
    3
    0
   34
   81
   39
   15
    4
    0
    5
   37
   69
   22
    0
   10
   41
   29
   38
   24
   14
    0
   30
  140
    0
   90
  100
    0
    0
   88
    0
    0
    0
    0
    0
   14
    0
   13
    0
    0
    0
    0
    0
    0
   48
    0
    0
   18
    0
   70
    5
   70
   10
   72
    8
  130
   62
    0
    0
    0
    0
    0
    0
    0
   20
    0
    0
    0
   55
  216
   17
    0
    0
    0
   51
    0
   94
   25
   16
   66
    7
    7
    0
    0
    0
    0
    0
    0
   18
   11
   27
   78
    7
    3
    0
    0
    0
    0
    0
    0
    0
    0
    0
    0
    0
    0
    0
    0
    0
    0
    0
    0
    0
    0
    0
    0
    0
   18
    0
    0
    0
    0
    0
    0
   58
  189
   46
    8
    6
    0
    0
  125
   15
    5
   11
    0
   20
   16
   26
   62
  115
   61
    6
    0
    0
    0
    0
    0
    0
    0
    0
   26
    0
    0
    0
    0
    0
    0
   69
   35
   12
    0
    0
   10
   16
    0
    0
    0
    0
   30
    0
    0
    0
   10
   48
   10
    0
    0
    0
    0
    0
    0
    0
    5
    0
    0
    0
    0
    0
    0
    0
    0
    0
    0
    0
   46
   12
   15
    0
    0
    0
    0
    9
   24
    0
    0
    0
   20
    0
    0
   26
    7
   14
    5
    0
    6
    0
    8
    0
    0
    0
   11
   44
   10
    0
    0
    4
   50
   29
   54
   21
    0
    1
    0
    0
   16
  115
    0
    0
    8
    9
    0
    0
    0
    8
    0
    0
    0
   37
   26
    8
   70
    9
    0
    0
    0
   16
    0
    0
    0
    1
    1
   37
   16
    7
    7
   16
   27
   36
  100
    0
    5
    0
   15
    0
    0
    0
    0
    0
    0
   20
    0
    0
    0
    0
    0
    0
    5
    0
    0
   47
   50
    7
    0
    7
    0
    0
  121
    8
    7
    5
   40
    0
   40
   30
   25
   25
    5
   22
    0
    3
   15
    0
   46
   16
   10
   61
  164
   99
   54
    0
    8
   26
   26
   45
   66
    0
   82
  220
    0
    0
    0
    0
    0
    0
    0
    0
    0
    6
    4
   16
   20
    5
   25
    0
    0
    0
    5
   30
    0
    8
   71
    3
    0
   21
    0
    2
    5
   41
    0
    0
    0
    3
  160
   24
    6
    0
  195
    0
    5
   95
    0
    0
   95
   30
   16
    0
    3
   26
   21
    4
    3
    1
   30
   31
   45
    5
   14
    0
    0
    0
    0
    0
    0
   35
   55
  170
    0
    0
   15
    6
    0
    0
   41
   15
   45
   15
    0
    0
   10
   25
   52
    1
   35
   23
   40
    5
    0
    5
   12
   35
    0
    0
    0
    5
    5
    0
    0
    0
    0
    0
    0
    0
    0
    0
    0
    0
   93
   18
  162
    3
    0
    0
  262
   70
    0
   31
   41
    8
    3
    9
    8
    0
    9
   12
    0
    0
    0
    0
    0
    0
    3
   25
    0
   15
   45
    0
    0
    0
   20
   15
   28
    8
    0
    7
    0
  250
  120
   40
   16
    0
    2
    8
    0
   40
    0
    9
    0
    0
    0
   71
    0
   61
   11
    0
    0
  621
  250
   95
   45
   25
   15
    0
    0
    0
    0
    0
    0
   23
    0
   17
    5
    0
    0
    0
  130
    0
   63
  145
   13
   13
    0
    7
    8
    0
    0
    0
    0
    8
    0
    0
    0
   17
   20
    0
    0
    0
   60
   65
   90
   95
    5
   15
    0
    0
    8
    0
    0
    5
    3
    4
    0
    0
    0
    0
    0
   44
   55
   65
   55
   45
   35
   80
   51
    5
   75
    5
    6
    0
    0
  140
   35
    6
   35
   70
    0
    0
   45
   35
   23
    0
    0
   34
    0
    1
   18
    0
    0
    0
   50
   16
    0
    0
    0
    0
    5
    0
    3
    0
    6
   17
   41
   41
    3
    0
    0
    0
    0
    2
    8
    0
    0
   11
    0
    0
    8
    0
    0
    0
    8
    0
   10
   11
    0
   12
    0
   45
    0
  125
    0
   12
    0
    0
    0
    0
    0
    0
    0
    0
    0
    0
    0
    0
    0
   25
    4
    3
    0
    0
    0
    0
    0
   43
    0
    0
   15
   20
   25
    0
    0
    0
   10
    3
    0
    8
    4
    3
   20
    3
    0
    0
    0
    3
   13
    0
    0
    0
    0
    0
   30
    0
   28
   47
   11
   13
   40
    3
   18
   30
    8
    0
    5
   50
    5
    5
    0
    0
    0
   20
    0
    0
    0
    0
    0
    0
    5
    0
   51
    0
    3
   11
    0
   28
   21
    0
   17
    0
    0
    2
    1
    0
    0
   80
    0
    0
    0
    0
    0
    0
    0
    0
    0
    0
    0
    0
   11
   10
    0
    0
   61
    0
    0
   27
  140
   38
   35
   25
    0
    0
    0
    0
    0
    0
    0
    0
    0
    0
    0
   20
    0
    0
    0
    0
   91
    0
    0
    0
   50
    0
   88
    0
    0
   60
   23
    0
  103
   50
    0
    0
    0
    0
  140
    0
   40
   20
    0
  140
  200
  140
  123
   60
   20
  180
   50
    5
   30
   95
  120
   20
  100
   50
    3
    2
    0
    0
    0
   23
   32
   30
   40
   30
    0
   25
    0
    0
    0
    0
    0
    0
    0
    0
    0
    0
    0
   20
    0
    0
    0
    0
    0
    0
    0
    0
    0
   20
    0
    0
    0
  150
    0
    0
    0
    0
    0
    8
    0
    0
    0
    7
    0
    0
    0
    0
    0
    0
  110
    0
    0
    0
    0
    0
    0
   85
   92
   50
    0
   13
   90
   10
    0
    0
    9
   26
    0
    0
    0
    0
    0
    0
    0
    0
   58
  110
    0
   10
    0
    0
    0
    4
    0
   60
    0
    0
    0
    1
    9
   15
    0
    0
    8
    0
   20
    0
    0
    0
    0
   10
    0
    0
    0
    0
    0
    0
    0
   38
  125
  128
    0
    0
    0
    0
   10
   40
   23
    0
    0
    0
    0
    0
    0
    0
    0
    0
    0
    0
    0
    0
    0
    0
    0
    0
   10
    0
   70
    0
    0
   10
    0
    0
   25
   38
  280
    5
    0
   38
    0
   28
   11
    8
    7
    0
    0
    0
    0
    0
    0
    8
    7
    0
   11
   10
    9
   39
   10
    0
   15
   30
    0
    6
    0
    0
    0
   42
   58
    3
   30
   28
    0
    0
    0
    0
   30
    3
   20
    0
    0
    0
    5
    0
    0
    0
    5
   24
   10
    0
    0
    0
    0
    0
    0
    0
    0
    0
    0
    0
   16
    0
    0
    0
    0
   30
    0
    5
    0
    5
    0
    0
    0
    0
   13
    0
    0
    0
    0
    0
   23
    5
    0
    0
    5
    0
    0
    0
    0
    0
    0
    0
    0
    0
    0
   21
   10
    0
    0
    0
    5
    0
    0
    0
    0
    0
   82
    0
    0
  185
    0
    0
    0
    0
    0
    0
    0
    0
    0
    0
    0
    0
    0
    0
    0
    0
  115
    5
   11
    0
   56
   40
   88
   72
   32
   10
   52
   15
    0
    0
    0
   25
   11
    0
    0
   13
    3
    0
   60
   20
    0
   20
   15
    0
    0
    2
   12
    0
    0
    0
    0
    0
    0
   60
    0
    0
    0
    4
    0
   90
  110
   23
   92
    0
   15
    0
  141
    0
   38
   27
    0
   38
    0
    0
    0
   18
   10
   50
   70
   38
    3
    0
   16
   17
    0
    0
    0
  180
   40
    0
    0
   11
   38
  185
    0
    0
   18
   15
    0
    0
   29
    0
    0
   20
   60
    0
    0
    0
    0
    1
    2
   35
    0
    0
   38
    0
    0
    0
    0
    0
   60
  140
    0
    0
    0
    0
   18
    0
    0
    0
    0
    0
    0
    0
    0
    0
   10
    0
    0
   55
  320
  158
   55
    0
    0
   20
   10
    0
    0
    0
    0
   31
    0
  170
    0
  152
   65
  218
   48
   55
  125
    0
    0
    0
   45
    0
    0
    0
    1
    0
    0
    0
    0
    0
   62
   17
    0
    0
    0
    0
    0
    0
    0
  150
   15
    0
    0
    1
    0
   35
   61
    1
    0
    0
    0
   14
   20
   50
    0
   20
   41
    1
    0
    0
    0
    0
    0
    0
    0
    0
    0
    1
    0
    0
    0
    0
    0
    1
    0
    0
    0
    0
   55
   43
    0
   92
   23
    0
    0
   11
    0
  130
   20
    6
    0
    0
    0
    5
    0
    0
    0
    0
    5
    0
   25
   37
   51
    0
    0
   27
    0
  155
    0
   31
    6
    0
    2
    0
   30
    0
    0
    0
    0
    0
    0
    2
    0
    0
    0
    0
    0
    5
    0
    0
    0
    0
    0
    0
    0
    0
    0
    0
    3
   20
    0
    0
    0
    0
    0
    0
    0
    0
    0
    0
    0
    0
    0
    0
   11
    0
   16
    5
    5
   11
    6
    0
    3
    0
    0
    0
   28
   65
    0
    0
   18
    0
   33
    0
    0
    0
    0
   35
   33
   28
    0
   18
   21
   66
    0
    0
    0
    0
    4
    0
   13
   18
   10
   21
   12
    0
    0
    0
    0
    0
   55
    8
   24
    0
   22
   35
   70
   12
   13
    0
    0
    0
   22
   72
    8
    0
    0
    0
   40
    5
    0
    0
   19
    0
    0
    0
    0
    0
   19
   45
    0
    0
    0
    0
    0
    0
    0
    0
    0
    0
    0
    0
   40
   15
   56
    0
    0
    5
    4
    0
   28
   69
   29
   36
    1
    0
    1
    8
   18
   12
   73
    0
   10
    0
    0
    0
    0
    0
    0
   20
    8
    0
   25
   38
    2
    0
  130
    0
   15
   30
   20
   15
    8
    0
    0
   42
    8
    0
    0
    0
    0
    0
   81
    0
    1
  116
    0
    0
    0
    0
   28
   18
    3
   65
    0
    0
    0
    0
   21
   12
   21
    0
    0
    0
    0
   80
    0
    0
    0
   71
   51
    0
    0
    0
    0
   96
   12
    0
    0
    0
   15
    0
    0
    0
    0
    0
    0
    0
    0
    0
    0
    0
    0
   18
  185
    3
    0
  470
   10
    0
    0
   40
   55
    0
   38
   98
    0
   39
  111
   11
   38
    0
    0
    0
    0
    0
    0
    3
    0
    4
   72
    8
    0
    0
   10
    0
    0
    0
    0
    0
    0
    0
  253
   18
    0
    0
    0
    0
    0
    0
    0
    0
    0
  280
    0
    0
   25
    0
    0
    0
    0
    0
    0
   79
    6
    0
    0
    0
    0
    0
  120
    0
    0
   32
    0
   13
    0
   18
    0
    0
   32
    0
   15
    3
    0
    0
    0
    0
    0
    0
    0
    0
    0
   18
    0
  120
    0
    3
   13
   28
  130
    8
    0
   45
   96
   49
   16
   56
    0
    0
    0
    0
    0
    0
   26
    0
    0
    0
    0
    0
   70
    0
    2
    2
    0
    0
    0
   10
   21
   41
    0
    3
    0
    0
   12
    0
    0
    0
    1
    6
    0
   65
   11
    0
   43
    0
   23
    0
    0
   22
   11
   21
   25
   67
    0
    0
    9
    0
   46
   45
   21
    0
    0
    0
    0
    0
   16
    0
    0
    0
   20
    0
    0
    0
    0
   18
    0
    0
    0
    0
    0
    0
   55
   39
    0
    0
    0
    5
    0
    0
    9
    5
    0
   31
   66
    0
    0
    0
   34
    0
    8
    0
    0
    0
    0
    0
    0
    6
    0
    5
    5
    0
   18
  108
    8
   16
   39
    0
    0
    0
    0
    0
    0
    0
    6
   17
   62
    0
   26
  141
   51
    0
    0
    0
    0
    0
    0
    0
    0
    0
   25
    0
    0
    1
    0
    2
    0
    0
    0
   20
    0
    0
   69
   43
    0
    0
    0
    0
    0
    0
    0
    0
    0
    0
    0
    0
    0
    0
    0
    0
    0
    0
    0
    0
    0
    0
    0
    0
    0
    0
    0
  110
   30
    0
    0
    0
    0
   11
    0
   10
   53
    0
    0
    0
    0
    5
    0
    0
    0
    0
  140
  125
   79
   11
    0
    0
    5
   51
    3
   15
    0
    0
    0
    0
    0
    0
   35
   79
   92
   42
    5
   17
    0
    0
    0
    0
   25
   75
    5
    0
   18
    0
    0
   19
    8
   48
    9
   72
   31
   94
   63
   49
   19
   17
    0
   28
   25
    0
    0
   95
   69
    0
    0
   25
  176
   65
    4
  150
   55
    0
  101
   34
    4
   41
    0
    3
   90
    0
   50
    0
    4
   24
    0
    0
    7
    0
    0
   90
    0
    0
    0
  150
   10
    1
    0
    0
    0
    0
    0
    0
    0
    0
    5
    0
    0
    0
    2
   37
   39
   35
    4
    0
    0
    0
    0
   98
   76
  104
  124
   14
    0
    0
    0
    0
   20
   68
    0
    0
    0
   45
   21
    0
   65
    0
    0
   19
    0
    0
   18
    0
    0
    0
    0
    0
    0
    0
    0
   72
    0
    0
    0
    0
    0
    0
    1
   35
    0
  193
   15
    0
   12
    0
   40
    2
    3
   18
   20
    0
   18
    0
    0
    0
   29
   11
  195
  100
    0
    0
   15
   88
   58
  325
   15
   18
   53
    5
   23
    1
   19
   25
   28
   77
   40
   11
    9
    3
    0
    0
    2
    4
   11
    0
    0
    0
    0
    0
    0
    0
    0
    3
    2
    0
   90
    0
   20
   22
    2
   36
   19
   19
   10
   10
    2
    6
   18
   25
   60
   85
   42
   20
   10
   42
   45
    9
    3
    3
   20
   57
    0
    0
    0
    0
    0
    0
    0
   41
   72
   32
   10
  110
   12
   21
   30
   10
    1
    0
    0
    0
   31
   82
    0
    0
    1
    1
    0
    0
    0
    0
    0
    6
    0
    0
    0
    0
   12
    1
   25
    0
   31
   22
    0
   21
   32
    9
   19
    0
    0
    0
    0
    0
    0
    0
    0
    1
    0
   17
   47
    0
    0
    0
   30
   67
    0
    0
    0
    0
    0
    0
    0
    0
    0
    0
    1
    0
    0
    0
    0
    5
    0
    0
    0
   13
   89
   17
   35
   20
   37
    0
   20
  113
  122
    0
    0
    0
   50
   63
   22
    5
    0
    0
    0
    0
    0
   43
   52
   11
   97
   33
    0
   27
    0
    0
   11
   22
   27
  100
  115
   34
    0
    0
    7
    4
    0
    0
    0
    0
    0
    0
    0
    0
    0
    0
    0
   29
   79
    0
    0
    0
    0
  330
   90
    4
   60
    0
    0
    0
    0
    0
   77
   51
    0
    0
    0
    0
    0
    0
    0
    0
    0
    0
    0
   22
    0
    0
    0
    6
    3
    0
    0
    0
    0
  152
  213
    2
    0
    0
    0
   24
    0
    5
  213
   22
   63
  192
    0
    0
   25
    0
    0
    0
    0
    0
    0
   11
    2
    0
    0
    0
    0
    0
    0
   26
    0
   61
    0
    0
    0
   21
    0
    0
   42
    0
   14
    2
    0
    0
    0
   61
    0
    0
    0
    0
    0
    0
    0
    0
    0
    0
    0
    0
    0
    0
    0
    0
    0
    2
    0
    0
   12
   18
   18
   81
    0
   18
    0
  303
    0
   70
   23
    0
    0
    0
    0
    0
    0
    0
    0
    0
    0
    0
    0
    0
    0
    0
    0
   60
   61
   43
   11
    0
    1
    0
    0
    0
    0
    2
    0
    0
    0
    0
    0
    0
    8
    0
    0
   14
    0
   23
    0
   58
    0
    3
    8
   40
    3
    0
   14
  154
    0
    0
    0
   34
   38
   66
   22
   23
   28
    2
    2
    1
    1
    1
    1
    1
    0
    0
    0
    0
    0
    0
    0
    0
    1
    3
    3
    0
    0
    0
    0
    1
    0
    0
    0
   11
   74
   15
   61
    2
    0
    0
    0
    0
    1
    1
   37
    3
    3
    0
    0
    3
    4
    0
    3
    0
    0
    2
    0
    2
   14
    0
    0
    0
    5
    0
    0
    2
   21
    0
    0
    3
   11
    0
    0
    0
    0
    0
   31
   61
   89
   10
    2
   59
   59
    0
    0
    0
  101
   15
   20
   94
   50
   92
   25
   15
    0
   28
   97
   59
   20
   22
   50
   10
    0
    0
   11
    0
    0
    0
   18
    0
    0
    0
    0
    0
    0
    0
    0
   12
    0
    3
   55
    3
    2
    0
    0
    0
    0
    0
    0
    0
    0
   20
    0
    0
    0
    0
    0
    0
    0
    0
    0
    0
    8
    0
    0
    0
    0
    0
    2
    0
    0
    0
   30
   20
   13
    2
    0
   30
    0
    0
    0
   30
   45
    2
    0
    0
   12
    0
    0
    0
    0
   77
   10
    0
   15
    0
    0
    0
    0
    0
    0
    0
    2
    0
    0
    0
    0
    0
    2
    0
    9
   21
    0
    0
    3
    0
    0
    0
    0
    0
   15
    0
    0
    0
    0
    0
    0
    0
   27
    0
    0
    0
    0
    0
    0
    8
   10
   25
   35
    0
    0
  256
    0
    0
   25
   15
   49
   24
   54
  297
   89
    0
   29
    0
    0
    0
    0
    0
    0
    0
    0
    0
    0
   19
    0
    0
    0
    0
    7
    0
    0
    0
    0
    0
    0
    0
    0
    0
    0
    0
    0
    0
    0
    0
    0
    0
    0
    0
    0
    0
    0
   89
    1
    0
    0
    3
    0
    0
   19
    2
    0
    0
    0
   11
    0
    0
    0
    0
    0
  159
    0
   21
   72
   13
    0
    0
    0
    0
    0
    0
    0
    0
   70
    0
    0
    0
    0
   51
    0
    0
    0
    0
    0
    0
    0
    0
   42
    0
    0
    0
    0
    0
   26
    0
    0
    0
    0
    0
    0
   81
    0
    0
    0
    2
   20
    0
    0
    2
    0
    0
    0
    0
    0
    0
    2
    0
    2
   71
   46
    2
    3
    0
    6
   39
   34
    0
    0
    0
    0
    0
    0
    0
    0
   51
    0
    0
   42
   43
    0
    0
    0
    0
    0
    0
    0
    0
    1
    0
    4
    0
   26
    0
    0
    4
   31
    0
    0
    0
   74
    0
    0
   18
   11
    0
   24
   40
   50
    0
    0
    0
    9
    0
   10
   13
    0
   60
   14
    0
    0
    0
    0
   20
    5
   53
    3
    0
    0
    0
   19
    0
    0
    3
   64
   19
   35
   14
    9
    6
    0
    0
    1
    2
    0
    0
    0
   11
    6
    0
    7
    0
    0
    0
    0
   31
    2
    0
    2
    0
    6
   10
   34
    0
    0
  107
  207
    0
    0
    0
    5
    0
    0
   17
    0
    0
    4
    0
    0
   49
    0
    0
    0
   50
    0
    0
    0
    0
    0
    0
   29
   22
   40
    0
    0
   41
    0
    0
   10
    0
    0
    0
    3
    4
   56
  115
    0
    0
    0
    0
    1
   38
    1
    0
    0
   19
   19
   20
    0
    0
   11
    0
    0
    0
    0
  395
   45
   15
    0
    0
    0
   55
    7
    7
    5
    3
    2
    0
    0
   29
   95
   44
    0
    0
    0
    2
    0
   55
    0
    3
   41
    0
   13
   23
    1
    8
   14
   66
   69
   34
    0
    0
    0
    0
    0
   14
    0
  115
    0
    1
    9
    0
    8
  124
  158
   24
    0
    0
    0
   48
    0
    6
   18
    0
    0
    0
    9
    0
    0
    4
   59
    0
    0
   91
   58
    8
    0
    0
    0
    0
    0
    0
    0
    0
    0
    0
    0
    0
   25
   10
   31
    0
   38
   78
    0
   57
    0
    0
    1
   24
   35
    0
    0
  135
  397
    0
    0
    0
    0
    0
   47
   50
    0
    0
    3
    0
    0
    0
    0
    0
    0
    0
    0
    7
    9
   36
    0
    0
  127
    0
   40
    0
    4
   41
    0
    0
    0
    0
    0
  203
   87
    0
    0
    7
   26
    0
    0
   36
    0
    0
   26
    0
    0
   67
    9
   10
   39
  189
    8
  124
   15
    0
    0
   23
   20
  227
    0
  455
   70
    0
    0
    3
  216
    0
    0
    0
    0
  370
    0
    0
   24
    0
    0
    0
    0
  136
   28
   68
    0
    0
    0
    8
    0
    0
    0
    0
    0
    0
  100
   43
    8
    0
    0
    0
    0
    0
    0
    0
   36
    0
    0
    9
  109
    0
    0
    0
    0
  149
    0
    0
    0
    0
    2
    0
    0
    0
    0
    0
    0
    0
    0
   85
    0
    0
    0
   18
    0
    2
   60
   10
   60
  119
   76
    0
    0
    0
    0
  210
    0
    0
  100
    0
   16
    9
    0
   13
    0
    0
    0
    0
    8
    0
    0
   27
   26
   31
    0
    0
   25
    0
   21
   10
    0
    0
    0
    0
    0
    7
    0
   25
   98
    4
   11
    4
    3
    0
    0
    0
    0
    0
    0
    2
    5
    0
    6
   38
    0
    6
   56
    0
    5
    4
    5
   28
    0
    4
    0
    0
    3
    0
    0
    0
    0
    0
    0
    0
   75
    3
    0
    0
    0
    0
    4
    4
    5
    0
    0
    0
   10
    3
    0
   37
   32
   17
    2
    0
    0
    0
   18
    0
    0
   29
    0
    0
   26
    0
   12
    0
    0
    0
    0
    0
    0
    0
   14
    0
    4
    0
    0
    4
    0
    0
   32
   16
    0
    0
   11
    0
    4
    0
    9
    5
    0
    0
    5
    6
    7
   77
    9
    9
    0
   11
    0
   25
    4
    5
    0
    0
    0
    0
   22
    9
   17
   11
    0
    0
    0
    0
    0
    4
   24
    0
    0
   15
    0
   19
    0
    0
    0
    0
   31
    0
    0
    0
    0
    0
    0
    0
   21
    0
   98
   99
    0
    0
    0
   11
  242
   68
    0
    6
    0
   62
    6
    0
    0
   99
   72
    0
  147
   81
    0
   85
   48
    0
    0
    0
    0
    0
    0
    0
    0
    0
    0
   16
    0
    8
    0
    8
    0
    0
    0
   19
  129
   29
    0
    4
    0
    0
    0
    0
   19
   21
    0
   55
    0
    0
   32
    0
    0
    0
   30
    0
    5
   31
   35
    0
    2
   11
   58
   62
   33
    0
   10
    0
    0
    0
    0
    0
    0
   34
    5
   14
    0
    0
    0
    0
   43
   16
    0
    0
    0
    0
   45
    3
    0
    0
    0
    0
  371
  188
   28
   31
    0
    0
    0
    0
    4
   20
   41
    0
    0
    0
    0
   23
    0
    0
    0
    0
    9
    5
   63
   92
   88
   25
   12
    3
    0
    0
    9
   25
    3
   20
    1
  130
    0
    6
    0
    0
    0
    0
    0
   14
   45
    3
  147
    5
    0
   10
   63
    3
  151
   77
   11
    0
    0
  120
  261
   12
    0
    0
    0
    0
    0
    0
    0
    0
    0
    0
   33
   66
    0
    0
    3
    9
   14
    0
    8
   15
    5
    9
    0
    0
    3
    0
    0
    1
    2
    0
    0
    0
    0
    0
    0
    0
    0
    0
    0
    0
    0
    0
    0
    0
    0
    3
    0
    0
    0
    0
   37
    0
    4
    5
   30
  124
   75
    3
    0
    0
    0
    0
    0
   76
    7
    0
    2
    7
    6
   28
   37
   38
    0
    0
    0
    9
    0
    0
    3
   13
    5
    3
   11
   36
  109
  162
   36
    5
    0
    0
    7
    0
    0
    0
   18
    8
    0
    7
   15
    0
   13
   29
   89
    0
    0
    0
    0
    5
    0
   42
    9
    0
    0
   41
   15
    6
    0
    5
   10
   30
    0
    9
    0
    0
    8
    0
    0
    0
   22
   26
   44
   30
    0
   24
   64
    5
    0
    0
    0
    0
    5
    0
    0
    0
    0
   10
    0
    0
    0
   60
    0
    0
    0
    3
   20
    5
   90
   14
   51
  106
    0
   61
    0
   84
   21
   36
    5
    1
    0
    0
   56
   37
    0
   19
   72
  178
   59
    0
    0
    3
   10
   11
    9
   96
    0
    0
    0
    0
    0
    0
    0
    0
  280
    8
    6
    0
    0
    9
   20
   16
    1
   44
    0
    0
    0
    2
   24
    4
    0
    0
   10
    3
   29
    0
    0
    0
    0
   60
    0
    0
    0
    0
    0
   18
   43
    0
    0
    0
    0
    0
   23
   14
    0
  145
    0
    0
    0
    0
    0
    0
    0
    0
   16
    0
  149
    0
    0
    0
    0
   41
    0
    0
   12
   27
    0
    0
    0
    0
    0
   40
    0
    0
    0
    0
  141
   52
    0
    0
    0
    0
    0
    0
    0
    0
  138
   28
   63
    0
    0
    0
   31
    0
    0
    0
    8
    0
   11
    0
    4
    0
    0
   11
  138
  111
    1
    0
  133
    0
   10
   29
   42
    0
   50
    0
    0
    0
    0
   85
   14
    0
    0
    0
    0
    0
    0
   80
    0
    0
    0
   16
   16
   56
    0
    0
   14
    0
    0
    0
    0
    0
    0
   49
   71
   10
    0
    0
    0
   41
   59
    0
    0
    0
    0
    8
    0
    0
    0
    0
    0
   81
   40
  175
    8
    0
    0
    0
    4
    0
    0
    0
    0
    0
    0
    0
    0
    0
    0
    0
    0
    0
    0
    0
    0
    0
    0
    7
    0
   30
    0
    0
    0
    0
    0
    0
    0
    0
    0
    0
   22
    0
   67
   10
    0
    0
   62
   64
   14
   56
  227
    3
    0
    0
   34
    8
   24
   75
    0
    0
    0
   10
    0
   12
    0
    0
    0
    0
    4
    9
    0
    0
    3
    9
    0
    0
    0
    0
    0
   30
    4
   52
  176
   60
    0
   46
   31
    4
    4
   24
    0
    0
    0
    0
    9
    0
    0
    0
    0
    0
    0
   49
   30
    7
   12
    5
    0
   35
    3
    5
   16
    0
    3
    0
    5
    0
    0
    0
    2
    5
    0
    0
    0
    0
    0
    0
   36
    0
   35
   21
    0
    0
    5
   45
   20
   49
    9
   43
   32
  103
   11
    0
    0
    0
    0
    5
    3
    0
    0
    0
    8
    4
    0
    0
    0
    0
    0
    0
    0
    0
    0
    5
    7
    7
    0
   25
    5
    8
    0
    0
   24
   17
   45
    4
    0
    2
    0
    0
    0
    0
    0
   22
  104
    0
    0
    0
    0
    0
    0
   33
    2
   10
    3
    5
    0
   91
   21
  168
   25
    0
    0
    6
   40
   17
   20
    6
    0
    0
    0
    0
    0
    0
    0
   22
    5
   29
    0
   29
  664
   19
    9
  226
   37
   38
    0
    0
    1
    0
    0
    0
    0
    0
   56
  101
    0
    0
    0
    0
    0
    0
    0
    0
    0
    0
    0
    0
    0
    0
    8
    0
    0
   31
   14
   77
   99
    0
    0
    0
    0
    0
    0
    8
    0
   35
    0
    0
   25
    0
    0
   50
   83
    0
   21
   12
    0
   17
    0
   52
    0
    0
   27
   70
   74
   15
   18
   70
   10
   40
   84
    0
   31
    0
   10
   50
    0
   14
  119
   39
  104
   11
   70
   28
    0
    8
   18
   11
   82
   60
    0
    0
    0
    0
    0
    2
    0
   20
    0
    0
    0
    0
    0
   13
    0
    0
    1
    0
    0
    0
   54
    0
    0
    0
    0
    0
    0
   43
    7
   70
   23
    0
    0
    0
    0
    0
    0
    0
   58
   28
   58
    0
    0
    0
  179
   21
    0
    0
   30
    0
   23
    0
   30
    3
    0
    0
   70
    0
    0
    0
    0
    0
    7
    0
   65
   13
    0
    0
    0
    3
   10
    0
    0
    0
    0
    0
  113
    0
    0
    0
    0
   73
  274
   13
    0
    3
    3
    0
   16
    0
    0
    0
    9
   20
    0
    0
    0
    2
   14
    4
    0
    0
    0
    3
    0
    0
  120
   24
    0
    0
    0
    0
    0
    0
   30
   20
   15
    3
    4
   17
    0
    0
    0
    0
    0
   51
    0
    0
    6
   29
  102
    5
   32
   22
   30
   31
   91
    3
    0
    0
    0
    0
    0
   40
   60
   11
    0
    0
    8
    0
    0
    0
   36
   48
    0
    0
   18
    0
   22
    0
    0
   42
   30
   12
   25
   44
   72
    1
   12
    2
   30
   33
    0
   17
    0
    5
    0
   19
   19
   14
   24
   70
   16
    0
    0
    0
    0
   33
    0
    0
    0
    0
    0
    0
    0
    0
   47
   41
   19
    0
    0
    3
    4
    0
    0
    6
    2
    0
    0
    0
    8
    7
    9
    0
    4
    0
   58
    5
    0
    0
    0
   10
   10
    0
   38
    0
    4
   21
    8
  270
  124
   32
   66
   30
    8
    0
   47
   16
   10
    0
    0
    0
    0
   75
   10
    0
  101
    0
    0
    0
    0
    0
    0
    0
    0
    0
    1
    9
    0
    0
    0
    0
    0
    0
    0
    0
    0
    0
    0
    0
   19
    0
    0
   57
   10
    0
    0
    0
  506
   20
   20
  190
  120
    5
    0
    0
    0
    0
    0
    0
    0
    0
    0
    0
    0
    0
   18
   31
   80
    0
    8
    0
    0
   40
    0
   56
   38
    5
  118
   47
   23
    0
    0
    0
    0
   78
    0
    0
    0
   11
    0
   25
    0
    0
    7
    0
    4
    0
    0
    5
   67
    0
   65
   30
    0
    0
    0
    0
    0
    0
    3
   74
    0
    7
   20
   76
    0
    0
    0
    0
    0
    0
    0
    0
    0
    0
   30
    4
    0
  135
   11
   36
    0
   19
   31
   64
    0
   25
   75
    0
    0
    0
    0
    0
   -9
   -9
   -9
   -9
   -9
   -9
   -9
   -9
   -9
   -9
   -9
   -9
   -9
   -9
   -9
   -9
   -9
   -9
   -9
   -9
   -9
   -9
   -9
   -9
   -9
   -9
   -9
   -9
   -9
   -9
   -9
   -9
   -9
   -9
   -9
   -9
   -9
   -9
   -9
   -9
   -9
   -9
   -9
   -9
   -9
   -9
   -9
   -9
   -9
   -9
   -9
   -9
   -9
   -9
   -9
   -9
   -9
   -9
   -9
   -9
   -9
   -9
   -9
   -9
   -9
   -9
   -9
   -9
   -9
   -9
   -9
   -9
   -9
   -9
   -9
   -9
   -9
   -9
   -9
   -9
   -9
   -9
   -9
   -9
   -9
   -9
   -9
   -9
   -9
   -9
   -9
   -9
    0
    0
   25
    0
    0
   20
   20
    0
   20
   24
   74
    5
   40
    3
    0
    0
    0
    0
   40
   70
   10
    0
    4
    0
   10
   93
  116
    0
    0
   90
   14
    5
  241
    5
   10
   41
   67
  124
   20
    0
  124
    0
    0
  123
   40
    0
    0
   92
   47
    0
    0
    0
    0
   30
   10
    4
    0
    0
    0
   24
    0
    0
    0
    0
   20
   52
    0
    0
    0
   40
    0
    0
    0
    0
    0
    0
    0
    0
    0
    0
    0
   10
    0
    0
   10
    0
    0
    0
   15
   30
   65
    0
    0
    0
    0
    0
    0
    5
    0
   50
    0
    0
    0
    0
    0
    0
    0
    0
    0
    0
    0
    0
    0
    5
    0
    0
    0
    0
    0
    4
   40
    5
   42
    1
    0
    0
    0
    0
    0
   40
    6
    0
    0
    0
    0
    0
    0
    0
    7
    0
    0
    0
    0
    0
    0
    0
    0
    0
    0
    0
    0
    0
    0
    9
    0
    0
    0
   30
   82
    0
   10
   10
    0
    0
    0
    0
    0
    0
    0
    0
    0
    0
    0
    0
    0
    0
    0
    0
    0
   40
    4
   10
    0
    0
   40
    3
   44
  103
    0
    0
  263
   93
    0
    0
    0
    0
    0
    0
   50
    0
    0
    0
   27
   55
   18
    0
    0
    0
   28
   11
    0
    0
    0
    0
    0
    0
    0
    0
    0
    8
    0
    0
   55
   74
    0
   32
    0
   80
    0
   73
   14
    0
   75
    0
   14
    0
   30
    7
    0
   50
    0
   37
    0
    0
   76
   24
    0
   30
    0
    0
    0
    0
    0
    0
    0
    0
   50
    0
   87
    0
    0
    0
    0
    0
    0
    0
   30
   30
    5
    0
    0
    0
    0
    0
    0
    0
    0
    5
    0
    0
  110
    0
    0
    0
   10
    5
    0
    0
   11
    0
    0
   22
    0
    0
    0
    0
    2
    5
    0
   14
    0
    0
    0
    0
    0
    4
    0
    0
   33
   15
    0
    0
    0
    0
    0
    0
    0
    0
    0
    0
    0
    0
    0
    0
   12
    4
    0
    0
    0
    4
    0
    0
    0
    0
    0
    0
    0
    0
    2
   55
  150
    0
    0
    0
    4
   20
   55
    2
   18
    0
    5
    8
    2
    0
    5
    0
    9
   63
    0
    0
    0
    0
    0
    0
    0
    0
    0
    0
    0
    0
    0
    0
    0
    0
    0
    0
    1
    0
    0
    0
    0
   58
   26
    0
    0
    0
    5
    0
    0
    0
    0
    0
    3
    0
    0
    0
    0
    0
    0
    0
   38
   30
    0
    0
   75
   20
    4
    0
    0
   23
   10
    2
    4
    0
   20
    0
    0
   21
   22
    0
    0
   62
   64
    0
    0
    0
    0
    0
   20
   30
    4
   36
    0
    9
    9
    3
    0
    0
    0
    0
   80
    3
    3
   20
    2
   33
    0
    1
    0
    0
   10
    0
    7
   20
   24
   31
   52
   50
   34
   40
    0
    0
    6
    7
   18
   13
  110
    9
   29
    5
    0
    0
    0
    0
    0
    0
   17
    0
    0
    0
    0
    0
   10
    1
    5
    5
    0
    0
    2
    0
    0
    0
    0
    0
    0
    5
    0
    0
    0
   26
    0
   33
   35
   50
    8
   21
    8
   48
   29
    8
   52
    0
    0
   10
    0
    0
  222
  124
    5
    7
   52
   10
    0
  184
    0
   17
  110
   84
   10
   52
   31
    0
    0
    0
  374
    0
    0
   10
    0
    0
    0
    8
   36
    0
   40
    0
   88
    0
    3
    6
    0
    0
   20
   30
    0
   36
    0
    6
   37
   51
    0
  162
    9
    0
    0
    0
    0
   33
   87
   97
   40
    0
   35
    0
    0
    0
    0
    0
    0
    0
    0
   28
    0
    0
    0
   70
    0
    0
    0
    0
   11
   10
    6
   25
    0
    0
    0
    0
    0
    0
    0
   36
  141
   46
    0
    0
    0
   46
    0
    0
    0
    0
  717
   23
    0
    0
    0
    0
    0
    0
    0
    0
   70
    0
   92
   57
    8
    0
    0
    0
    2
    0
    0
    0
    0
    0
    0
    0
   10
   10
    5
  264
  345
   10
   10
    0
    0
  121
    0
    0
    0
    0
    0
    0
    0
    0
    0
    0
    0
   10
   10
    0
    0
    0
    0
    0
    0
    0
    0
   40
    0
    0
    0
    0
    0
    0
    0
    4
   48
    0
    0
    6
   65
  190
   15
    0
    0
  128
   12
   16
    0
    0
   20
    0
    0
    0
    0
    0
    0
    0
    4
    0
    0
    0
    0
    0
   89
    4
   25
    8
    0
    0
    1
    0
    0
    0
    0
    2
    0
    0
    0
    0
    0
    0
    0
    0
    0
    0
    0
    0
    3
    0
    0
    0
    0
    0
    0
    0
    0
    0
    0
    0
    0
    0
   63
    0
    0
    0
    0
    0
    9
    2
    0
    0
    9
   10
   60
   30
   63
   20
    8
    0
    0
    0
    0
   57
    0
    0
   20
    6
   15
    0
    0
    0
    0
    0
    0
    0
    8
    2
    0
   21
   13
   10
   45
   20
    0
    0
    0
    0
    0
    0
    2
   28
    0
    7
    0
   23
    4
   43
    0
   20
    0
   49
  102
   14
    5
    5
    0
    0
    4
    0
   40
   48
    0
    2
    0
    0
    3
    0
   10
    8
    2
    5
   56
    2
    6
  175
   40
   52
   12
   70
    8
    0
    0
    0
    0
    0
    0
    0
    0
    0
    0
   42
    0
   63
   38
    0
    0
    0
    0
    0
    6
    0
    0
    0
    3
    2
   20
    8
    0
    0
    0
    0
    0
    0
    0
    0
    0
    0
    0
    0
    0
    0
    0
   14
   23
    9
    0
   15
    0
   31
  138
  206
   20
   67
    0
    0
    0
    2
   18
   13
    0
    0
    0
    0
    0
   84
    0
    0
    0
    0
    0
    0
    0
    0
    0
    0
    0
    4
    0
  132
    0
    0
    0
    0
   33
    0
   12
   12
    0
   46
   15
   62
   49
   19
    0
   23
   32
    0
   12
    0
   73
    0
   35
   52
   53
    0
  134
   44
   42
    0
    0
    0
    0
    0
  260
  115
   64
    0
   20
    0
    0
    0
    0
    0
    0
    0
    0
    0
    0
    0
    0
   45
   56
    2
    0
   54
    0
    0
   10
    0
   13
    0
   90
   22
    5
    0
    0
    0
    0
    0
    0
    0
    0
   38
   33
  165
   41
   24
   73
    7
    0
    0
    0
    0
    0
    0
    0
   15
   94
    8
    0
    0
  263
    0
    0
   52
   26
    0
    0
   59
   80
   10
   19
    0
    0
   13
    6
   36
    0
    0
    0
    0
    0
    0
    0
  278
    0
    0
    0
    0
    0
    0
    0
    0
    0
    0
   46
    8
  110
    0
   28
  102
   18
   40
   34
    0
    0
    9
    0
    0
    0
    4
    0
   45
    6
    6
    1
    8
   47
    0
    0
    0
   36
    0
    4
    0
    8
    6
    0
   95
    5
   40
   10
    0
   10
    0
    0
    0
    0
    0
   33
    0
   22
    0
   19
   37
    0
    8
   20
    6
    0
    0
    0
    0
    0
    0
    0
    0
    0
    0
    0
    0
    0
    0
    0
    0
    0
    0
    5
    0
   13
    0
    0
    0
    9
  450
   25
   15
    5
    0
    0
    0
    0
    0
    0
    0
    0
    0
    0
    0
    0
    0
   13
    0
    0
    0
    0
   17
    0
   44
    4
   50
    0
   66
    5
    0
    0
    0
    4
    0
   19
    5
   15
    8
   10
  125
   59
   26
   57
    5
   10
    0
    0
    0
    6
   50
   40
   10
   12
    0
    0
    0
    0
    0
    0
   15
   10
    0
   18
   20
    0
    0
    0
   15
   20
   38
   12
    0
    0
    0
    0
   10
    0
   38
   46
    6
    0
    0
    0
    0
    6
    0
    0
    0
    0
    0
   25
    0
   23
    0
    0
    0
    0
    0
    0
    6
    0
    0
    0
    0
    0
    8
    6
    4
    0
    0
    0
   20
    7
    0
  170
  250
    0
   17
    0
    0
    0
    0
    0
    0
   71
    0
    0
   10
   12
   22
   25
    0
    0
    2
   21
    0
    0
   10
    0
   12
   18
   15
    0
   30
   32
    0
    0
    0
    0
    0
    0
    5
   16
   15
    0
   45
   21
   21
   12
   47
   33
   15
    0
    0
    0
    8
    0
    0
    0
    0
    0
    0
    0
    0
    0
    0
    0
    0
    0
    0
  190
   50
    0
    0
    0
    0
    0
  135
    0
    0
    0
    0
    0
    0
   30
   40
    0
    3
    0
   17
    5
   25
   75
   60
   28
    8
   15
    0
    0
  135
   23
    0
    0
    0
   46
   46
    0
    0
    0
    0
   75
    0
    0
    0
    0
   52
    0
   52
   23
    0
    0
    0
    0
    0
    0
    0
    0
   22
    0
   32
    0
   30
    0
    0
    0
  110
    0
  124
   92
    0
   50
  114
    0
    6
    0
    0
   25
    0
    0
    0
   45
    0
    0
   40
    0
   25
   99
   22
    0
   86
    0
    0
   14
    0
  127
    6
    0
    0
    0
    0
    0
    0
    0
    0
  190
    5
    0
   20
    0
    0
   10
    0
    0
    0
    0
    0
   10
    0
   10
    0
    0
    0
    0
   11
    0
    0
    0
    0
    0
    0
    0
    0
    0
    0
    0
    0
   10
    3
    0
    0
    5
    0
    0
    0
    0
   25
   15
    0
    0
   20
    0
    0
    0
    0
    0
    0
    4
    3
    0
    0
    0
    0
    0
    0
   37
    0
    0
   36
    0
   62
    0
   15
   27
    0
    0
   12
   19
    0
    0
    0
   20
   30
   43
   73
   18
    8
   10
    0
    0
    0
    0
    0
   20
    0
    0
    0
    0
   32
    0
    0
    0
    5
   50
   60
    0
   45
    0
    0
   10
  130
   34
   15
   35
    0
    0
    0
    0
   13
   45
   60
   60
   15
    0
    0
    0
    0
   83
   30
    0
    3
    0
    0
    0
   16
   23
    5
   60
   17
   45
   53
    0
   95
   30
   10
    0
    0
   23
    4
    0
    7
    0
    0
    0
    0
    0
   12
    0
    0
    0
    0
   10
   13
   26
  122
   24
    0
    0
    0
    0
    0
    0
    5
   22
   30
    0
    0
    0
    0
    8
    0
    0
    0
    0
    0
    0
    0
   30
    4
   88
    0
    0
   34
    0
    0
    0
   21
    2
    2
    0
    0
    0
    0
   10
   67
    0
   33
   70
    0
    0
    0
    0
    0
   34
  163
    0
    0
  101
   40
    0
    0
    9
   12
   53
  181
   10
    0
    0
    0
    0
    0
    2
   58
    1
    0
    0
   22
   14
   39
   85
   20
    0
    0
    0
    0
    0
    0
    0
    0
    0
    0
  223
    5
   12
   25
    0
    0
   57
   25
    0
    0
    0
   40
    0
    0
    0
    0
    0
  127
    0
    0
   28
   31
  179
  230
   15
    0
    0
  132
   64
   50
   77
   49
    0
    0
    0
  108
   23
    0
    0
    0
    0
    0
    0
    0
    0
    0
    0
    0
    0
    0
    0
    0
    0
    0
    0
    0
    0
    0
    0
   24
  140
    0
    0
    0
   60
    0
    0
    0
    0
    0
    0
    0
    0
    0
    0
    0
   60
   60
   24
   26
    1
    0
    0
    0
    0
    4
    0
    0
    0
   16
    0
    0
    0
    0
    0
  338
   30
   75
    7
    0
   18
    0
    0
   53
  138
   28
    0
    0
   38
   50
    0
   42
    0
    0
    7
   14
   16
    0
    0
   60
    0
    0
   32
    0
    0
    0
    0
    0
   90
   16
   13
   93
   88
  128
   16
    0
    0
    0
    0
    0
    0
    0
    0
    0
    0
    0
    0
    0
    0
    0
    0
    0
    0
   40
    0
    0
    0
    0
    0
    0
    0
    0
    4
    6
    0
    0
   42
   80
  147
   17
    0
    4
    0
    0
   25
   13
    0
    3
    0
    2
    0
   10
   58
    0
    0
    0
    0
    0
    0
    0
    0
    0
    6
    0
    0
    0
   12
    8
    0
    3
    0
    0
    0
    0
    0
    0
    0
    0
    0
    0
    0
    0
    0
    8
    5
    0
    0
    0
    0
    0
    0
    0
   27
    0
   15
   28
   10
   39
   47
    0
   20
    0
    6
   10
   20
   61
  124
  125
   15
  188
   94
    0
   30
   79
   17
    5
   68
   68
   28
   20
   74
    0
   15
   20
    3
    0
    3
    0
    0
    0
   21
   36
    0
   11
   30
    0
   23
    5
    0
    0
    0
    0
    0
    0
    0
   14
    0
   54
    0
   12
    0
    4
    8
    6
  110
    0
    5
   34
    3
  140
    4
   11
    0
    0
    0
   15
   55
   80
   70
   80
    0
    0
    0
    5
    0
    0
    3
    0
    0
    0
    0
    0
   52
   46
   33
    8
   27
    0
    0
    3
    6
   69
   15
   16
   11
    0
    0
    0
    7
    3
    2
    0
   18
    0
    0
    0
    0
    9
   11
    8
   14
    0
    0
    0
    4
    0
    0
   15
   32
    0
    0
    0
    0
    0
    0
    0
    0
    0
    0
    0
   78
  290
   10
   15
   15
    0
    0
    0
  165
    0
   18
    0
    0
    0
    0
    0
    0
    0
   27
   18
  157
    6
    0
    0
    0
   22
    0
   84
   15
   59
   54
   49
   14
    2
    4
    8
    0
    0
    0
    9
   18
   53
   22
   95
  212
   15
   21
   19
    6
    0
   17
   40
   15
  131
    0
    0
    0
    0
    0
    0
    0
    0
    0
    0
    0
    0
    0
  264
    0
    0
    0
    0
    0
    0
    0
   80
   22
  116
    0
   30
    0
   30
   43
    2
   32
   15
   50
    2
    0
   74
   11
  118
   39
   74
    2
   10
   23
    0
    0
  112
   74
    0
   70
   91
   15
    0
   23
    0
  140
   10
    0
    0
    0
    9
    0
    7
    0
   74
    8
   12
    0
    0
    0
    0
    0
    0
  170
    0
  160
    0
    0
    0
    0
    0
    0
    9
    0
    0
    0
  124
    0
    0
    0
   62
  140
   19
    0
    0
   10
    0
    0
    0
    0
    0
    0
    0
    0
   21
    0
   36
    0
    0
    0
    3
    0
    0
    0
   28
   21
    0
    0
    0
   24
   48
   15
    2
    0
    0
    0
    0
    0
    0
    0
   31
   42
    0
    0
    0
    0
    0
    0
    0
   16
    0
   14
    2
    0
    0
   25
    0
   21
  124
   21
   18
   20
    0
   14
   84
    0
    0
    0
    0
    0
    0
    0
    0
    0
    0
    0
    0
    0
    0
    8
    0
    0
    0
    0
    0
   43
   87
   70
   52
   65
   25
    0
    0
    0
    0
   15
    0
    0
   17
    0
    0
   17
    7
    0
   27
    0
    0
    0
   20
    0
    0
   37
    0
    0
    0
    4
    6
   10
    0
    0
    0
    0
   42
   11
   31
   18
    6
    0
   46
    0
    0
    0
    4
   68
    0
    0
    0
    0
    0
   14
   11
    3
    7
  111
    0
    0
    0
    0
   22
   41
   26
    4
   21
    0
   46
  100
  167
   85
   50
   67
   30
   38
    3
    0
   13
    0
   30
   44
   22
    0
   15
    5
   12
   69
    0
   15
    4
    4
    2
    0
   24
   30
   72
    4
   72
   47
   28
   46
    6
    2
    0
  156
   72
    0
    0
    0
   22
    0
    0
   20
   34
    0
    0
   12
   13
    0
    0
    0
   17
    7
    0
   23
    0
    0
    0
    0
    0
    0
    0
   14
    0
    0
    0
    7
    0
    6
    0
    0
    0
    0
    0
    0
    0
    0
    0
    0
    0
    0
   45
   43
   15
    0
    0
    0
    0
    0
    0
    0
    2
    7
   34
    0
    5
    0
    0
    0
    4
    6
  151
    0
    0
   11
    0
   46
    0
    0
    0
    0
    0
    0
    0
    0
    0
    0
  100
    0
    5
    0
   38
    8
   24
    0
  139
    8
    0
   82
    4
   40
    9
   60
  100
    0
    0
   30
    0
   98
    7
    5
   95
    8
   14
    0
    0
    4
    0
    0
   35
    0
   40
    0
    0
   58
    0
    0
    0
    0
   66
    0
    0
    0
    0
    0
    0
    0
    0
    0
    0
    0
    0
    0
    0
    0
   24
    0
    0
    4
    0
    3
  144
   24
    0
    0
   85
    0
    0
   30
   10
    5
    0
  230
    0
    0
    0
    0
    0
   23
    0
    9
    5
   10
   15
    0
    0
    0
    0
    0
    0
   35
   10
   37
    0
    0
    2
    0
    0
    0
    0
    0
    0
   10
   40
    4
    0
   32
    0
   24
   25
    0
    5
   16
    8
    0
    3
    0
    6
    0
    0
    0
   18
   11
    0
    0
    0
    0
   31
    6
    0
   40
    0
    0
    0
    0
    0
    0
    0
    0
    0
    2
   50
  120
   40
    5
    4
    6
   37
    0
    0
    2
   12
   50
    5
    0
   15
    0
    9
  180
   20
   10
   63
   60
    0
   42
    2
   67
   14
   28
   67
    8
   14
   22
    2
    0
    4
   22
  343
    3
    7
    0
   42
   30
    0
    0
    4
    0
    2
    0
    4
   29
    5
    0
    3
   40
   30
   30
   12
    0
   63
    0
    0
    0
    0
    0
    0
    0
    0
    0
    0
    0
    0
    0
    0
    0
    0
    0
    0
    0
    0
    0
    0
    0
    0
    0
    6
    0
    0
    0
    0
    0
    0
   34
   13
    6
   10
   18
    0
   13
   38
   20
    0
    0
    3
    0
   15
    6
    0
   38
    0
   30
   12
    0
    0
    0
    0
   10
    0
    4
   68
    0
    4
    0
   11
   37
   12
    0
    0
    0
    4
    1
    0
   34
    0
    0
    0
    0
    0
    0
    0
    0
    0
    0
    1
    0
    0
    2
   23
    0
    0
    0
    7
    0
    2
   18
  120
   25
    4
   15
    0
   33
  230
    0
    0
    0
    0
   52
   72
    0
    0
    0
    0
    0
    0
    4
    1
    0
    0
    0
   88
   11
   26
    6
   11
    0
    0
    0
    0
    0
    0
    0
    0
    0
    0
    0
    0
    0
    0
    3
  115
    0
    0
   82
   11
   13
    0
    0
   42
    0
    9
   11
   39
    0
    0
    0
    0
    0
    0
    0
    0
    0
    0
   11
    0
    4
    0
    0
   10
    1
    3
   58
  169
   92
   25
    0
    0
    0
    0
   80
    0
    0
    0
    0
    0
    0
    0
    0
    0
   21
    0
    0
    0
    0
   14
   30
    0
  103
  100
    0
    0
   21
   23
    0
    0
    8
    0
    0
   13
    0
    0
    0
    0
    0
   29
    0
    0
    0
    0
    4
    0
    0
    0
    0
   15
    0
    0
   65
    0
   65
   37
    1
    0
    0
    0
    1
    0
    0
    0
    0
    0
    0
    0
    0
    0
    0
    0
  138
   82
    2
    0
    0
   28
    0
    0
    0
    0
    0
    0
   20
    0
    0
    0
    5
    0
   25
    0
    0
    0
   50
   48
   20
   18
   10
    0
    0
    0
   10
    0
    0
    0
    0
    0
   18
    0
    0
    0
    0
    0
    0
    0
    0
   35
  135
   30
  170
   15
   70
   12
    0
  190
   25
   25
    0
    0
    0
    0
    0
    0
    0
    0
    0
    0
    0
    0
   40
   75
    0
   26
   12
   10
    6
    0
    0
    0
    0
    0
    0
    0
    0
   18
    0
   28
    5
    0
    0
   15
   48
   40
  102
   40
   12
    0
   10
   70
    0
  100
   10
   10
    0
    0
    0
    0
    0
    0
    0
    0
    0
    0
    0
    8
    0
    0
    0
    0
    0
    0
    0
    0
    0
    0
    0
    0
    0
    0
    0
    0
    0
   22
   35
   31
    0
    0
    0
    0
    0
    0
    0
    0
    7
    0
    0
    0
    0
    0
    0
   25
    5
   10
   72
   37
  168
    3
    0
    0
    0
    0
    0
    0
    0
    0
    0
   70
   42
   82
    3
    0
   11
    0
    0
    0
    0
    0
   10
    7
    0
    0
    0
    0
    0
    0
    0
    0
    0
    0
    0
   32
    0
    0
    2
    0
    0
   32
    0
    0
    0
    0
    0
   40
   20
    0
    0
    0
    0
    0
   40
   15
    0
    0
   45
    0
    8
    0
   15
    6
    0
    5
   20
   25
   95
   18
   28
    0
    0
    0
    0
    0
    0
    0
    0
    0
    0
    0
    0
    0
   10
   20
    0
    0
    0
    0
   20
    0
    0
    0
    0
    0
    0
    9
    0
    0
    0
    0
    0
   10
    0
    0
    0
  140
   10
    0
    0
    0
   44
  146
   80
  400
    7
    0
    0
    0
    0
    0
    0
    0
    0
    8
    0
   30
   17
    0
    0
    0
   12
    0
  112
   55
    0
    0
   52
    0
   20
    8
    0
   23
   70
   25
    0
    0
    0
    0
    0
    0
    0
    0
    0
    0
    0
    0
    0
    0
    0
    0
    0
    0
    0
    0
    0
    0
    0
    0
    0
   30
    0
    0
    0
    0
    0
    0
    0
    0
   80
    0
   90
    0
   40
    0
   50
  124
    5
    0
    0
    0
    0
    0
    0
    0
   45
  148
   10
   74
   23
    8
    0
   10
    4
    5
    0
  165
   30
   10
    0
    0
    0
    0
   11
   20
   12
    0
   20
   12
   32
   22
    0
    0
    0
    0
    4
   38
  140
    0
    0
   20
    0
    0
    0
    0
    0
    0
    0
    0
    0
    0
    0
    0
    0
    0
    0
    0
    0
    0
    0
    0
    0
    3
    0
   25
   30
   35
   25
    9
   25
   45
   55
    5
    5
    0
    0
    0
   16
   13
    0
    0
    0
    0
    0
  105
   35
   40
    5
    0
   50
   50
    0
    0
    0
    0
    0
   95
   10
    5
   15
    0
    0
    0
    0
    0
    0
    0
   55
   70
   38
    8
   10
   13
    0
    0
   13
   18
    5
   20
   10
    0
    0
    0
    5
   21
    0
   50
    0
    0
    0
   30
   45
   56
    0
    0
    0
    0
    0
   31
   11
    9
    0
    0
    0
    0
    0
    0
    0
    0
   20
    0
    0
    3
    0
    0
    0
    0
    0
    0
    0
    0
    0
    0
    5
    5
    1
    3
   10
   26
   35
    0
    0
   10
    8
   67
    0
    0
    0
    0
    0
    0
    7
    0
    0
    0
    0
    0
    0
    0
    5
    0
    0
    0
    0
    0
    0
   16
    0
    0
    0
    0
    0
    0
    0
    0
    0
   75
   52
   50
    5
    0
   15
    5
    0
    0
    0
    0
    0
    0
   50
    7
    0
   37
    0
    0
    7
    5
    0
    0
    0
    0
    0
    0
    0
    0
   70
    5
   65
   10
    5
    5
    5
    0
    0
    5
    0
    0
   45
   70
    5
   10
    0
    0
    0
   20
    0
    0
    5
   22
   12
    0
    0
   40
   30
   10
    0
    0
    5
    0
    0
    0
   14
   51
    7
    0
    0
    0
    0
    0
    0
    0
    0
    0
    0
    0
    0
   13
    3
    2
   20
    0
   12
   40
   10
    0
   22
  235
   32
    0
   40
    0
   63
   18
   13
   36
   80
   70
  198
    0
    0
    0
    0
    0
    0
    0
    0
    0
    5
    0
    0
    0
    0
    6
   12
    0
    0
    7
    3
    0
    0
    0
    0
    0
  151
   55
    8
    0
    0
    0
    0
   10
   20
   50
    5
    0
    0
    0
   15
    0
   20
    0
   72
   17
    0
    0
    0
   10
   10
    0
    0
   40
    0
    0
    8
    0
    0
    0
    0
    0
    0
    0
    0
    0
    0
    0
    0
    5
    0
   10
    0
    0
    0
    0
    0
    0
    0
    0
   70
    0
    0
    0
    0
    0
   30
    0
    0
    0
    5
    2
    0
    0
   10
   15
    5
    0
    0
    0
    0
    0
    0
    0
    0
    0
   30
    0
    0
    0
    0
   45
    8
    8
    0
    0
   11
    0
   10
    0
    0
    0
    0
    0
    0
    0
    0
   20
   75
    4
    7
   40
   18
   41
   20
    0
   62
    5
   25
    0
   10
    0
    0
    3
    0
    0
    0
    0
    9
    0
    0
    0
    0
    0
    1
    0
    0
    0
    0
    5
    0
   20
    5
   10
    0
    0
    0
    0
    0
    0
    0
    0
   40
   20
  103
    2
   65
   64
   24
   13
    3
   54
   10
    0
    5
    0
    0
    0
    0
    0
   20
   43
    5
    0
   14
   60
    0
    0
    2
    7
   10
    0
    0
    0
    7
   90
    0
    0
    0
    0
    0
    0
   10
    0
    0
    0
    0
    0
    0
    0
    4
    7
    3
    5
    0
    0
    0
    4
    0
    2
   30
    2
   16
   30
   12
    3
    7
    5
    8
   45
    0
    0
    0
    0
    0
    0
    0
    0
   11
    0
    0
    0
   64
    0
    0
    0
   21
   38
   46
  114
   64
   15
    9
   10
    0
   10
   20
   50
   50
    0
  205
   70
    0
   40
   30
    5
    0
    0
  107
   45
    0
    0
    0
    0
    0
    0
    0
    0
    0
    0
    0
    0
    0
   20
    8
   15
    9
    0
    0
    0
   27
    0
    0
    0
   20
    0
    0
    0
    5
   82
    0
    0
    0
    0
   50
    4
   42
   10
   55
    0
    0
    0
    0
    0
    0
    0
    0
    0
    0
    0
    0
    0
    0
    0
    0
    0
    0
    0
    0
    0
    0
  320
   13
    0
   54
   64
   14
   48
    0
   28
    0
    0
    0
    0
    0
    0
   18
    6
    4
    0
    0
   30
    0
    0
    0
    0
    0
    0
    0
    0
   40
    0
   45
  400
  110
    0
    0
    0
   70
   10
    5
   10
    0
    0
    0
    0
    0
    0
    0
  250
   40
    0
    0
    0
    0
    5
    0
    0
   40
   69
    0
    0
    0
    0
    0
    0
    0
    0
    0
    0
   10
    0
   50
    0
    0
    0
    0
    0
   32
  142
    0
   42
   32
    2
    0
    0
    0
    0
    0
    0
  325
   10
   30
    5
   45
   10
    5
   10
    0
    0
    0
    5
    0
    0
   32
    0
    0
    0
    0
    0
    0
    0
    0
    5
   42
    0
    0
    0
    0
    0
    0
    0
   10
    0
   40
   20
    8
   22
    0
   10
    0
    0
    0
    0
    0
   15
    0
    0
    0
    0
    0
    1
   14
   20
    8
   75
   45
   10
   90
   12
    0
    0
   18
    0
    0
    0
    0
    0
   21
    0
    0
   24
   47
    5
   24
    0
   41
    0
   23
   10
   40
    5
   71
   75
    5
    5
   25
    7
   10
    0
    0
    0
    0
   10
    0
   20
    0
    0
   60
    0
    5
    8
   71
    5
   20
    0
    0
    0
    0
    0
   24
  101
    9
   15
    0
    0
    0
    0
    0
    0
    0
    0
    0
    0
    0
    0
    0
    0
   40
    0
    7
    0
    0
   24
  108
   10
    0
    0
    0
    0
    0
    0
   10
    0
  120
    5
   40
   25
    4
   24
  102
    0
    0
    0
    0
    0
    0
    0
    8
   12
    0
    0
    0
    0
    0
    0
    0
    0
    0
   45
    5
   15
   20
   80
   27
   10
    9
    0
    0
    0
    6
    0
    0
    0
    5
   10
   15
   20
    0
    0
    0
    0
    0
    0
    0
    9
    0
   10
    0
   12
    0
    0
    5
   67
    5
    0
   25
   15
    0
   10
    0
    0
    0
    0
    0
    0
    5
    5
   40
   12
   10
    0
    0
    0
    0
    0
   19
   35
    0
    0
    5
   60
    0
    0
    5
    0
    0
    0
    0
    0
    0
    0
    0
   10
    0
    0
    0
    0
    0
   19
    0
    0
    0
    0
    0
  100
    5
    0
    0
    0
    0
   16
   10
  230
    0
    0
    0
    0
  320
   43
   12
    0
   80
   10
    0
  130
  220
    0
    0
   47
    0
    0
    0
  123
   42
   46
    0
   15
   15
   15
    0
   12
   40
    0
    0
   12
   40
    0
    5
    0
   15
   42
    0
    0
    0
    0
    0
    0
  480
    0
    0
    0
    0
   30
    5
    6
    0
    0
  112
   95
    0
   50
   32
    0
   10
   15
   10
    4
   30
    0
   90
   35
    0
   80
   60
    0
    0
   10
    0
   72
    0
    0
    6
   45
   92
    0
   10
    0
    0
    0
    0
    0
    0
    0
    0
    0
   36
    0
    0
    0
    0
    0
    0
    0
  100
   40
    0
   35
  104
   80
   20
    0
    0
   30
    0
   10
   90
    5
   60
    0
   15
    5
    0
    0
    0
    0
    0
    0
    5
    5
    5
    0
    0
    0
    0
    0
    0
  100
    0
    0
    0
    0
    0
   22
   10
   40
    0
    5
    5
    0
   42
    0
    0
    0
    0
    8
    0
   26
   56
   40
    0
    0
    0
    0
    0
    0
    0
    0
    0
    0
    0
    5
   84
   38
   21
    0
    0
    0
    0
   32
  123
   79
   30
    0
    0
   26
   12
    0
   10
    0
    0
    0
    0
    0
   42
    0
    0
    0
    8
    0
    0
    0
    0
   34
   89
    0
   82
    0
   36
   15
   35
    0
    0
   10
    0
   30
   90
   85
    5
   15
    0
   95
   36
   10
    0
   14
   10
   50
    0
   26
   50
    0
   10
    5
    3
    0
    0
   10
    8
   30
   20
    0
    0
   20
    0
    0
    0
    0
    0
    5
   40
    0
   31
    7
   57
   13
   10
    8
    0
    0
    7
    0
    0
    0
    0
    5
   36
    4
   12
   68
   10
   10
    0
    0
    0
    0
    0
    0
    0
   14
   70
   35
    8
    5
    0
    0
   23
    5
   15
   40
    0
   10
   10
   10
    3
    0
    0
    0
   48
   34
   62
  165
   38
   15
   54
   37
   24
    0
   34
   10
   27
   46
    0
    5
    0
   10
    0
    8
   34
    0
    0
   30
    0
    0
    0
    6
    5
   30
  142
  640
   78
    0
    0
   15
   36
    0
    0
    0
    0
    0
    0
    0
    0
    5
    0
    0
    0
    9
    0
    0
    0
   25
   74
    0
    0
    0
    0
    0
    0
    0
    0
    8
    0
   10
    0
   20
  242
    3
   16
   15
   56
   76
    8
  100
   10
    6
    0
    0
    0
    0
   47
    0
   10
   40
    4
    0
    0
    0
    5
    0
    0
    0
    0
    0
   90
    0
    0
    0
    0
    0
    0
    0
    0
    0
   10
    0
    0
   58
    0
    0
    0
    0
  160
    0
   90
   54
    0
    0
    0
    0
    0
    0
    0
   15
    0
   64
   68
   12
    0
    0
    0
    0
    0
    0
   30
    0
    0
    0
   30
    0
   28
    0
    0
    0
   15
    0
   15
    8
    0
  252
  130
  170
    0
    0
    0
    0
   62
   72
   50
    0
    0
    8
   30
   35
   56
    0
   22
   39
    0
    0
   25
    0
    0
    0
    0
   50
   19
   14
   97
    0
  120
    0
    5
    0
   57
   68
    0
    0
    0
   12
    0
    0
    0
    0
    0
    0
    0
    0
    0
    0
    0
   40
    0
   82
   18
   10
    0
    0
    0
   24
    0
    0
    0
    0
    0
    0
    0
    0
    0
    0
    0
    0
   24
    7
    0
    5
    0
    9
    0
   49
    8
   50
    0
    0
    0
    0
    0
    7
   15
    5
    0
    0
    0
    0
    0
   75
   20
    0
   50
    0
   70
    0
    0
    0
    0
    0
   57
   20
    2
    0
    0
    0
    0
    0
   11
   34
    8
    0
    0
   30
    5
   36
    0
   12
   97
   47
    0
    0
    0
    0
    0
    0
    5
    0
    0
    0
    0
    0
   13
   10
   20
   35
    5
   18
   24
   38
    0
    0
    0
    4
   29
   52
    2
   32
   30
    0
    0
    0
    0
    0
   68
   18
   44
   10
   35
    0
    3
   35
   22
   30
   20
   43
   25
    0
   17
   19
    0
   15
    0
    0
    0
  130
    0
    7
   10
    0
   21
    0
   32
   15
   10
   10
   10
    6
   20
    0
    0
   20
   60
   20
    2
    0
    5
    5
    0
    0
    6
    0
    0
    0
    0
    0
    0
    0
    0
    4
   20
    0
   25
   10
   15
   11
    9
    0
    0
    0
   10
    5
   72
   26
   65
    0
   69
   25
    0
    0
    0
   10
    0
   18
    0
   20
   51
   11
   22
    0
    0
   42
   29
  153
   73
   60
    0
    0
    0
    0
    0
   25
   35
    0
    0
    0
    9
    0
    0
    0
    0
    0
    0
    0
   24
   35
   14
    0
   95
   84
    0
    0
   18
   15
  148
    0
    0
    0
    0
    0
    0
    0
    9
   52
    0
   14
  412
   58
  305
  135
    0
   27
   15
    0
   25
    0
    0
    6
    0
    2
    0
   32
   35
    5
   32
    0
    0
    0
   30
   67
   54
   50
    0
    0
    0
    0
    0
    0
    0
  152
   70
    0
    0
    0
    0
    0
    0
    0
    0
    0
   26
   22
    8
   57
   17
    0
    0
    0
    0
  208
    0
    0
    0
    0
  112
  198
    0
    0
    0
    0
    0
   81
    0
    0
    0
    0
    0
    0
    0
    0
    0
  185
   10
    0
   37
    0
    0
    0
   10
    0
    0
    0
   70
   24
   24
   30
  141
   74
   20
  369
  155
    0
    0
    2
    0
   69
   24
   11
    0
    0
    6
   10
    7
    0
    0
    0
    0
    0
  210
  190
    0
    0
    0
    0
    0
   83
  125
   30
    4
  109
    0
    0
    7
    0
    6
    0
    0
    0
    0
    0
    0
    0
    0
    0
    0
    0
    0
    0
    0
   11
    0
    0
    0
    0
    0
    0
   45
   25
   15
    0
    0
   34
  100
   61
   30
    0
   30
   34
   32
    0
    0
    0
    0
    0
    9
   39
   48
   42
    0
   40
    0
    0
    0
    0
    0
    0
    0
    0
    0
    0
    0
    0
    0
    0
   15
   29
    0
    0
    0
    0
    0
   15
    0
    0
    0
    0
    0
    0
   13
   14
  115
    0
   88
   67
   17
    0
    0
    0
    0
    0
    0
    6
    0
    2
    0
    0
    0
    0
    3
    0
    0
    0
    0
    0
    0
    0
    0
    0
    0
    0
    0
    0
    0
    0
    0
    0
    1
    7
    0
    0
    0
    0
    0
    0
   31
    9
    5
    5
    0
    0
    0
    0
    0
    0
   15
   48
   30
   45
   27
    8
   17
    0
   21
   16
   13
    0
    0
    0
    0
    0
    0
    0
    5
    0
    0
    0
    0
   55
    0
    0
    0
    6
   29
   18
    0
    0
    0
    0
    0
    0
    0
    0
    0
    0
   27
   15
    0
   49
    0
    4
   12
    7
    5
    5
    3
   80
    0
    0
    0
    0
    0
    0
    0
   72
    0
    5
    0
    0
    0
    0
    0
    0
    0
    0
    0
   19
   15
    0
    0
    0
    7
    0
    0
    0
  106
    5
   16
    0
    7
   24
   26
   30
    0
    0
   30
    0
    0
   63
   10
   24
   70
  119
    0
    5
   36
   20
    0
    0
   37
   81
    0
    0
    0
    0
   17
    5
    0
    0
    0
    0
    0
    5
   32
    0
    0
   10
    0
    0
    0
    0
    0
    5
    5
   42
    7
    3
    0
    0
    0
    0
    0
   21
  116
   27
   15
    9
    0
    0
  124
   92
  100
  363
   10
    0
   70
   10
    0
   16
    0
    0
    0
    0
    0
    0
    0
    0
   20
  138
  100
    0
    0
   22
    0
   59
    0
    0
    0
    0
    0
    0
    0
   89
    0
    0
    0
   69
  102
    6
    0
  105
    0
    0
    0
    0
    0
    0
  170
   20
   70
    0
    7
    0
  102
    0
    0
    6
    0
    0
    0
    0
    0
   39
    0
    0
    0
    6
    5
   47
  109
   17
    8
    0
    0
    0
    0
    7
   55
    0
    0
    6
   37
    0
   25
    1
    8
    0
   50
   15
    0
   15
   50
    0
    0
    0
   36
   21
    0
    0
    0
    0
   10
   77
   55
    0
    0
  217
   62
    0
    0
    0
    0
    0
   22
    0
    9
    0
   15
    5
    0
    0
    0
   15
    0
   30
   21
    0
   15
    0
   11
   85
    0
   30
   10
    0
  105
   25
   11
    0
    0
   20
    0
   20
   20
   15
    5
   12
   11
   18
    0
    0
    0
    0
    0
    0
    0
    0
    0
    0
    0
  128
    0
   10
    0
   15
   50
  271
   15
    0
    0
    0
    0
    5
    0
    0
    0
   17
    5
    0
    0
    0
    5
   39
    0
    0
    0
    0
    0
    5
    0
    0
    0
    0
    0
    0
    0
    0
   25
   20
    0
    0
   10
    9
  150
    0
    0
    0
    0
    0
    0
   -9
   -9
   -9
   -9
   -9
   -9
   -9
   -9
   -9
   -9
   -9
   -9
   -9
   -9
   -9
   -9
   -9
   -9
   -9
   -9
   -9
   -9
   -9
   -9
   -9
   -9
   -9
   -9
    0
    7
    0
    0
    0
    5
    0
    0
    0
    0
    0
    0
    0
    5
   13
   91
    5
    8
   76
   17
   26
    1
   41
    0
    0
    8
   19
   18
   26
   15
    0
    0
    0
   26
    0
   37
    0
    0
    0
    0
    0
    5
   20
    9
    0
    0
    0
    0
   40
   15
   10
    0
    0
    0
    0
   18
   10
   17
    6
   34
    2
    0
    0
    7
    0
   24
  132
    0
    0
   12
    0
    0
    0
    0
    0
    0
    0
    0
    0
    0
   80
   39
   50
   59
    5
    0
    0
    9
    0
    0
    0
    0
    0
    0
    0
    0
    0
    0
    0
    0
    0
    0
    0
    0
  122
   50
    0
    0
    0
   50
    0
   15
   41
    0
   21
   30
    0
   20
   77
    0
    0
    8
    0
    0
    0
   58
    0
    0
    0
    0
    0
    0
    0
    0
    0
   30
  105
  120
  122
  229
   80
  291
   55
    0
  198
    0
   70
    5
    0
    0
   30
   21
   81
   56
    0
    0
   32
    0
    0
    0
    0
    0
    0
    0
    0
    0
    0
    8
    0
    0
   47
   10
    0
    0
    3
    5
    0
    0
  275
    0
  124
    0
    0
    0
    0
    0
    0
   10
   10
    0
    0
    0
    0
    0
    0
   52
   25
    0
    0
    0
    0
    0
    0
    0
    0
    0
    0
    0
    0
    0
    0
    0
    7
    6
   27
    2
    0
    0
    0
    0
    6
   15
  128
   69
   80
   15
   27
    0
   59
    0
    0
    0
    0
   10
    0
    0
   17
    0
   15
    5
    0
    0
    0
    0
    0
    0
    0
    5
    0
   20
   38
    0
    0
    0
    0
    0
    6
    0
    0
  120
    0
    0
    0
    0
    0
   12
    6
    0
    0
    0
    0
    0
   17
    0
    0
   62
  250
  180
    0
    0
   70
   20
    0
    8
   37
   30
   62
   36
   82
    5
    0
    0
   22
    0
   51
    5
    0
   15
   17
   41
    0
    0
    0
    0
    0
    0
    0
    5
   16
   15
    5
   20
   10
    0
    0
    0
    0
    0
    0
    0
   17
   47
    0
    0
   45
   50
    9
   30
    7
   26
    0
    0
    0
   45
    0
    0
    0
    0
   13
    2
    0
    0
    0
    0
    0
    0
    0
    0
    0
    0
    0
    0
   10
    0
    0
    0
    0
    0
  101
    0
   29
   11
    0
   30
   30
   20
   10
   30
   26
   10
   81
    0
   81
    0
    8
    0
    0
    6
   38
   15
   26
   15
    8
    4
   34
    0
   39
    0
    0
    0
    0
    0
    0
    0
    0
    0
   39
   10
   31
    0
    8
    7
   36
   52
    3
   19
   35
    5
    0
    0
    0
    0
    0
    0
    0
   38
   85
    0
    0
    0
    9
   15
   23
   16
   27
    0
    0
   62
    0
    0
    0
    0
    0
    0
    0
    0
    0
    0
    0
    0
    0
    0
    0
    0
    0
    3
   39
    0
    2
    0
    4
    0
    6
    4
  190
    0
   59
   16
   56
    0
    0
    0
    0
   81
    0
    0
   59
   12
  223
    0
    0
    0
   65
   32
    8
    0
    0
    8
   32
   31
   19
    0
    0
    0
    8
    0
   20
    0
    0
   31
   58
   22
   32
   15
   31
   35
    4
   60
   17
  103
    0
   12
   38
    0
    4
    0
    0
    0
    0
   18
    9
    0
    0
  181
   19
    0
   40
    0
   15
    0
    0
   11
    0
    0
    0
    0
    0
    0
    0
   44
    0
    0
    0
    0
    0
    0
    0
    0
   24
   45
   35
    0
    0
  292
    0
   10
   42
    0
    0
    0
    0
   91
    0
   92
    0
    0
    0
   10
   17
    7
   65
    9
  190
   80
   81
   71
    5
    0
    0
    0
    0
    0
    0
    0
    0
    0
    0
    0
   29
  222
   27
   39
    4
    0
    6
  140
   31
    0
   11
   13
   27
    0
   15
    0
    0
   33
    0
    0
   10
    0
    0
   42
  111
    0
   28
   20
   72
   21
    5
  113
  129
   31
    0
   41
    0
    6
    0
   20
   60
   41
    3
    0
    7
   70
   21
   32
    6
    5
   10
    0
    0
    0
   31
    0
    0
   25
    5
    0
    0
   20
    7
    0
    0
   18
   10
    7
    0
    0
    0
    0
    0
   21
   19
   27
   30
    0
    0
   10
    9
    0
    0
    9
    0
    0
    0
    0
    0
    4
    0
    0
    0
    0
    0
   20
    0
    0
    0
   28
   27
    0
    0
    7
    0
   11
    5
    0
    0
    0
    0
    0
    0
    8
    7
    0
    0
   40
    5
   39
   17
    5
    8
   70
   10
    6
   21
    4
   41
   47
   32
   15
    0
    0
    0
    0
   33
    0
    0
   42
    0
    0
   59
    0
   72
   17
   33
    0
   12
   25
    0
    0
   16
   72
    0
    9
   50
    5
    0
    6
   30
   29
    0
    0
    0
    0
    0
    5
    0
    0
   20
    6
    5
    5
    6
    6
    0
    0
   90
   12
    0
    0
    0
    0
    0
    0
  155
    4
   65
    0
   11
    0
    0
   27
    0
   17
    6
   19
   42
   15
    0
    0
    0
   39
    0
    5
   45
   10
    0
    0
    0
    0
    0
    0
    0
    0
    0
    0
    0
   12
   30
    0
   20
   35
   20
    0
   46
   19
    0
    0
    0
    0
  174
   75
   19
    0
    0
    0
    0
    0
   27
    0
  316
    0
    0
   97
   25
    0
   20
   10
    0
   54
    0
   30
    8
    0
    0
    0
    0
    0
  125
  126
   11
   60
   55
    5
    0
    9
    0
    0
    0
    0
    0
   80
    0
    0
    0
  161
  192
  242
   30
    0
    0
    0
    0
    0
  190
  100
    0
    0
    0
    0
    2
    0
    0
   15
   12
    0
    0
    0
    0
    0
    0
    0
    0
    0
    0
    0
    0
   65
    0
   10
    0
    0
   14
   12
    0
    0
   50
   15
   64
    0
  117
    0
    0
    0
    0
    0
    0
    0
   45
    0
  162
    0
   20
   32
    0
    0
    0
    0
    0
   15
    5
    0
    0
    0
    0
    0
    0
    0
    0
    0
    0
    0
    0
   71
   10
   19
    0
    0
   20
   30
    0
    0
   22
   15
    2
    5
   20
    0
    6
   78
    0
   14
   16
    5
   21
    0
    0
   47
    0
    0
    0
    0
    0
    0
    0
    0
   10
   25
    6
    5
    0
    0
    0
   15
    0
   12
  151
    0
    0
    0
    0
   17
  131
  215
  152
    0
    0
    8
   11
    0
    0
    4
   40
   42
   20
    9
   10
    5
    0
    0
    0
    0
    0
    0
    0
   25
   11
   22
   19
    3
    5
   30
    0
    0
    0
   15
   15
   40
   20
    4
    0
    5
    0
    0
    0
    0
    0
    7
    3
    5
  168
    8
    3
    1
    0
    0
   11
    0
    0
   19
    0
    0
    0
    7
    8
    0
    0
    0
    0
    0
    0
   16
   15
   19
    0
   29
   15
   40
    0
    0
    0
    0
    0
    0
  125
   34
   30
    4
   30
    4
   10
    0
    0
    3
   12
    0
   22
    0
   21
   37
    9
   69
   29
   12
   11
   31
   23
    5
   10
    0
  102
   86
    0
    0
   18
    0
   65
    8
   20
   21
    7
    0
    0
   85
  140
   30
   40
   18
   10
   66
   31
   70
   90
    0
    0
    0
    0
    0
    0
   31
    0
    0
   50
   16
   68
   50
   11
    5
    0
    0
   44
    0
    0
    0
    0
    0
    0
    0
   12
    0
    5
   30
    0
    0
   82
    9
    0
    0
    0
    0
    0
    0
    0
    0
    0
   19
  512
   74
    0
    0
    0
    0
    0
    0
    0
    0
    0
    0
    0
    0
    0
    0
    0
   22
    0
   14
   71
   24
   80
    0
    0
   18
    0
    0
    0
   30
   13
    3
    0
    0
   90
   45
   15
    0
   40
    0
    0
    0
   51
    0
    0
    0
   35
    0
    0
    0
    0
    0
    0
    3
   10
   44
    8
   15
    0
    0
    0
    0
   23
   33
   73
   20
   19
    0
  120
    6
    5
   20
   11
    0
   10
   23
    0
    0
    0
    0
    0
    0
    0
   30
    0
   20
    0
    0
   17
   16
    0
  109
    0
    0
   43
    4
    0
    0
    7
   10
    0
    0
   38
    0
    0
    0
    0
   30
    0
   80
    0
   41
  262
   67
    0
    0
    0
    0
    0
   18
    0
    0
    0
    0
   72
   18
   35
    0
    0
   29
   55
    0
    0
    0
    0
    0
   65
    0
   39
    9
    0
    0
    0
    0
   83
    0
    0
    0
    6
    0
    5
    0
    0
    0
   70
    0
    0
    0
   97
   47
  132
    8
    8
    0
   12
    3
    0
    0
    7
    0
    0
    0
    0
    0
    0
    0
    0
    0
    0
   11
   31
    5
    0
    3
    0
    0
    0
   40
    0
    0
    0
    0
    0
    0
    0
    0
    0
    8
   95
    0
    0
   34
    0
   23
    0
    0
    0
    0
    0
    0
    0
    0
   52
    0
    0
    0
    0
    0
    3
    0
    0
   10
    6
    0
   22
    0
    0
    0
   46
   36
    0
    0
    0
    0
    0
    0
    0
    0
   62
   35
   49
    0
    0
    0
   13
    2
   15
    0
    0
    3
   33
    0
    0
    0
    0
   30
    0
    0
    0
    0
    0
    0
    0
    0
    0
    0
   30
   32
    3
   35
   15
    0
   14
    0
    0
    0
    5
   24
   35
   52
   50
    0
    0
    0
    0
    0
    0
    0
   20
    0
    0
    0
    0
    9
    0
    0
    0
    0
   84
   10
    0
    0
   10
    0
    0
    0
    0
   69
   42
    0
    0
    0
   31
    0
   41
    8
   71
    7
    4
   25
   14
  185
   23
   24
    8
   84
   20
   95
   90
   85
    0
    0
    0
   36
   13
    0
    0
    0
    0
   29
    3
   35
    0
   15
    0
   61
    0
    0
   21
    0
   55
   57
    6
   17
    0
   19
   10
    0
    0
    0
   55
    0
   15
   38
    0
    0
    0
    0
    6
   27
  111
  113
    5
    0
    0
    0
    0
    0
    0
   17
   10
   32
   78
    0
    0
    0
    0
    0
    0
    0
    0
    0
   28
   28
    0
    0
   18
    5
   25
   86
    7
    0
    0
   25
   32
   16
   35
    5
    0
    0
    0
    0
   95
   30
  276
    0
    0
   23
  218
    0
    0
    0
    0
   75
   25
    0
   41
    0
    0
    0
    0
    0
    5
  265
   55
   40
    7
    0
    5
    0
   48
  320
   44
    0
    0
    0
   15
    0
    0
    0
    0
    0
    0
    0
    0
    0
    0
    0
    0
    0
  105
   55
   19
   61
    6
    0
    0
    0
    0
    0
    0
    0
    0
    5
    4
    0
    0
   60
   15
    0
    0
    0
   50
    0
   50
    0
    0
    9
    0
   31
   20
   34
   10
   65
   15
   99
  102
   80
   48
   15
   35
   85
    0
    4
   99
    0
    0
   20
   27
    0
    0
    3
   55
    0
    2
   21
    0
    0
   19
  121
    0
   49
    5
    0
    0
   44
   34
    0
    0
    0
    0
    0
    0
    0
    0
    0
    0
    0
    0
   30
    0
    0
   40
    5
    0
    4
   20
   15
    0
   44
   20
    0
    0
    0
   10
    5
  120
  142
   20
    0
    0
   50
    6
    2
    0
    0
    3
    7
   11
    0
    1
   53
    0
   10
   28
   52
   34
   28
   19
    0
   36
   10
   20
   21
   50
   67
    8
    2
    0
    0
   15
   29
    0
    0
    5
   15
    9
    3
   65
    0
   50
   66
    0
   10
    3
    0
   25
   24
  134
    3
   11
   21
   31
    0
    0
    0
   25
    6
    0
    0
    0
    0
    0
    0
    0
    0
    4
    0
    0
    0
   26
    5
    0
    0
    3
   12
   10
  101
   25
    0
    0
    0
    0
    0
    0
    0
    1
    0
    9
   15
   60
    4
    8
   25
   15
    0
    0
    0
    0
    0
   35
   15
    0
   64
   76
   24
   36
   67
   38
    3
    0
    0
    0
    0
    0
    3
   75
    0
    0
    0
    0
    0
  135
   86
    3
    0
    3
    6
   27
   49
   41
   52
   42
   16
    0
    0
    0
    0
    0
    0
    0
    0
    0
    0
    0
    0
    0
    0
    0
    0
    0
    0
    0
   72
  135
   85
    5
    0
    0
    0
    0
    0
    0
   15
   36
    0
   69
   12
    0
   26
    0
   62
    4
   57
  136
   17
   77
    0
    0
    0
    5
   59
   38
    0
    0
    0
    0
    0
   31
   94
    0
    0
    0
   32
    0
   20
    0
   51
   11
    0
    0
    0
    0
    0
    0
    0
   15
   77
   87
   39
    0
    0
    0
    0
   25
   10
   25
    8
    0
    0
    0
  131
   30
    0
    0
    0
    0
    0
    0
    0
    0
    0
    6
    0
    0
    0
    0
    0
    0
    0
    0
   30
    5
    0
   75
    0
    0
  291
  279
   19
    0
    0
    0
    0
   17
   35
    0
    0
    0
    0
    0
    0
    0
   65
    0
    0
   38
    0
    0
  252
   87
    0
  554
  189
  260
    5
    0
    0
    0
    0
    0
    0
    0
  112
    0
    0
    9
    0
    0
    5
    0
    0
    0
    0
    0
    0
    0
    0
    0
    0
    0
    0
    0
  160
    0
    0
    0
   25
    0
    5
    0
    0
    0
    0
    0
   50
   55
    0
   20
   30
    0
    0
    0
    0
    0
    0
   55
   10
   80
   46
   14
    0
    0
    0
    0
    0
    0
    0
   29
   45
   12
  105
    5
    0
   80
   41
   28
    0
   52
   13
  112
   18
   15
    0
    0
   67
   50
  112
   18
    0
    0
   26
   80
   20
   65
   10
    0
    0
    8
   13
   16
    0
   40
  132
    0
    0
   98
    0
    0
   26
    0
    0
    3
  249
  100
    8
    0
    5
   35
   15
    0
    0
    0
    0
    0
    0
    0
    5
    0
    2
   45
   18
    0
    0
    0
    0
  222
    0
   60
    0
   30
    0
    0
  240
  285
    0
