Station: Profen , scaling_factor: 10.0, latitude:  51.1273, longitude:  12.2085, altitude:  145, nodata_value: -9
start: ..1969-01-01  end: ..2001-12-31
  130
   70
    2
    4
    0
    0
    0
    0
    0
    0
    0
    0
    2
    0
    5
    0
    0
    7
    0
    0
    6
   65
   37
   38
   98
    5
    4
    0
    0
    0
   57
    0
   18
    3
    3
    0
    0
   36
    0
    0
    6
    0
    5
    4
    6
  137
   21
    0
    0
    0
   11
    0
    0
    0
    7
   45
    0
    0
    0
    0
    0
    0
    0
    0
    0
    0
    0
    0
    0
   44
   60
   80
    5
   98
    7
    0
    0
    0
    0
    0
    6
    8
    0
   11
    9
    0
   19
    0
    2
   25
   12
    0
    0
    0
    0
    0
    0
    0
    0
    0
   53
   61
   14
    6
   35
   60
   25
   30
    5
    0
    1
   40
   55
   10
    0
    0
   47
   18
   51
    5
    0
    0
  107
   43
    0
   54
  102
    1
   63
    3
    0
    0
    0
    0
    0
    3
    0
    0
    2
    3
    3
    0
    0
    0
    0
  152
    0
    4
    0
   44
   21
   32
   18
   65
    0
   56
   55
    0
    0
    0
    0
    0
    0
    0
    5
    0
    0
    0
   40
  155
   51
    0
    0
    0
  124
   10
   20
   11
    5
   41
    0
    2
    0
    0
    0
    0
    0
    1
    4
    8
   15
   61
    1
    0
    0
    0
    0
    0
    0
    0
    0
    0
    0
    0
    0
    0
    0
    0
    0
    0
    0
    1
    0
    0
    0
    0
    0
   15
    0
    0
    0
    0
    0
    0
  101
   59
    0
    0
    7
    0
    0
   98
    2
    0
    1
    0
    5
    9
    3
   42
  194
   67
    0
    0
    0
    0
    0
    0
    0
    0
    0
    0
    0
    0
    0
    0
    0
    1
   81
  122
    0
    0
    0
   14
    0
    0
    0
    0
    0
   23
    0
    0
    0
   10
    1
   65
    0
    0
    0
    0
    0
    0
    0
    2
    2
    0
    0
    0
    0
    0
    0
    0
    0
    0
    0
  103
    3
   10
    3
    0
    0
    7
    1
    3
    0
    0
    0
   42
    0
    0
    0
   21
    7
   17
    0
    0
    8
    2
    0
    0
    0
   14
    9
    0
    0
    0
    5
   61
   22
   11
   10
    0
    0
    3
    8
   11
    5
    0
    5
    0
    5
   24
    0
    0
    3
    0
    0
    0
   91
    2
   13
   84
   10
    1
    0
    0
    0
    0
    1
    0
    1
    0
   40
   15
    3
    1
   10
   15
   47
   90
    0
    4
    0
    1
    0
    0
    0
    0
    0
    0
   31
    0
    0
    0
    0
    4
    0
    1
    0
    0
    3
   80
   14
    2
    0
    5
    0
   84
    5
    2
   12
    5
    0
    7
   43
   23
    9
    5
   20
   11
    5
    9
   10
    8
    2
   17
   85
  131
  114
    3
    0
   48
   21
    4
   30
   32
    8
    4
  170
    7
    0
    0
    0
    0
    0
    0
    0
    0
    5
    0
   15
    7
   25
   13
    0
    0
    0
    0
   16
    0
    9
   90
    0
    2
   28
    4
    0
    3
   10
    4
    0
    0
    5
  114
    3
   27
    0
  161
    0
    4
   53
    8
    5
   60
   34
    4
    6
   11
   31
   15
    3
   19
    0
   19
   47
   48
    0
   46
    0
    0
    0
    0
    0
    0
   10
   21
  132
   47
    0
    0
   52
    0
    0
   40
   11
   44
   12
   24
    0
   16
   43
   14
  196
    5
   21
   99
   58
    0
    5
    0
    7
    0
    0
    0
    0
    6
    3
    0
    0
    0
    0
   12
    0
    0
    0
    0
    0
   86
   15
    6
    0
    0
    0
  135
   19
    0
   17
   51
   24
    0
    0
    0
    0
    0
    0
    0
    0
    0
    0
    6
    8
   20
    1
    0
    3
   21
    0
    0
    0
   15
  110
   14
   26
    0
   21
   10
  355
  116
   75
   10
    0
   75
    0
    2
   80
    2
   27
    0
    0
    0
   42
    0
   23
   22
    0
    0
  175
  251
   50
    7
   35
   48
    0
    0
    0
    0
    0
    0
    7
    0
    3
    4
    0
    0
    0
   51
    0
   37
   15
   41
   24
    0
    6
    0
    0
    0
    0
    0
   41
    0
    0
    0
    0
    2
    0
    0
    0
   59
   36
  125
   78
   28
    0
    0
    0
    0
    0
    0
    1
    0
   45
    0
    0
    0
    0
    0
   29
   28
   52
   51
    0
    0
   50
   68
    0
   65
    4
    7
    3
    0
  121
   12
    5
   26
   36
    0
    1
   37
    1
   38
    0
    0
   41
    0
    1
   18
    0
    0
    0
   92
   67
    0
    0
    0
    0
    3
    0
   11
    8
   12
   21
   35
   23
   12
    0
    1
    0
    2
    5
    0
    0
    0
    1
    0
    0
    1
    0
    0
   16
   10
    5
    6
    0
    4
    3
    0
   66
    0
   68
    3
    4
    2
    1
    0
    0
    0
    0
    0
    0
    0
    0
    0
    0
    0
   26
    5
    0
    0
    4
    3
    0
    0
   24
    0
    0
   13
    4
    6
    0
    0
    0
    5
   11
    4
    0
    0
    1
    0
   19
    7
    3
    0
    0
    0
    0
    0
    0
   17
   18
   22
    4
   20
   24
   12
   18
   63
   40
    5
   33
    5
    2
    3
   52
    1
    5
    3
    1
    2
    3
    6
    3
    4
    2
    0
    1
    0
    0
    0
    0
    0
    8
    0
    0
   11
    6
   13
    0
    0
    0
    0
    0
    0
    7
    0
    0
    0
    0
    0
    0
    0
    0
    0
    0
    0
    0
    4
   46
    0
    0
   86
    0
    0
   12
  202
   26
    5
   15
    6
    4
    0
    0
    1
    0
    0
    0
    0
    0
    0
   22
    0
    0
    0
    5
    0
   10
    0
    0
   32
    0
   62
    0
    0
   60
   29
    0
    1
    1
    1
    0
    0
    0
    0
    0
    3
    3
    0
  162
  103
  153
   82
  129
   10
   11
   11
    7
   13
   57
   43
   37
   60
   28
    0
   14
    0
    0
    0
   66
    0
   40
    3
   52
    0
    0
    0
    0
    0
    0
    0
    0
    0
    0
    0
    0
    0
    0
    0
    0
    0
    0
    0
    0
    0
    0
    0
   85
    0
    0
    0
   50
    0
    0
    0
    0
    0
    1
    0
    0
    0
   16
    2
    0
    0
    0
    0
    0
   64
    0
    0
    0
    0
    0
    0
  138
  124
   56
    0
    0
   20
   10
    1
    0
    0
   25
    0
    0
    0
    0
    0
    0
    0
    0
   79
   76
    0
    0
    0
    0
    0
    0
    0
   68
    0
    0
    0
    0
   21
   43
   76
    0
    0
   20
    9
    0
    0
    0
    0
    5
    0
    0
    0
    0
    0
    0
    0
    0
  100
  135
    0
    0
    0
    0
    9
    9
    6
    0
    0
    0
    0
    0
    0
    0
    0
    0
    0
    0
    0
    2
    0
    0
    0
    0
    0
    0
   89
    0
    2
    2
    0
    0
   15
   43
  260
   10
    0
   18
    0
   23
    7
    1
    0
    0
    0
    0
    0
    0
    0
    0
    0
    4
   40
    3
    4
   35
   27
    2
   15
    3
    0
    0
    0
    0
    0
   30
   64
    2
   25
   15
    0
    0
    0
    0
   19
    0
   31
    0
    0
    0
    2
    0
    3
    0
    3
    5
   20
    0
    0
    0
    0
    0
    0
    0
    0
    2
    0
    0
    8
    0
    0
    0
    1
    0
   33
    2
    2
    0
    0
    0
    0
    0
    0
    0
    0
    0
    0
    0
   24
    0
    0
    0
    0
    0
    0
    0
    0
    0
    4
    0
    0
    0
    0
    3
    7
    0
    0
    0
   14
    0
    0
    0
    0
    0
  100
    0
    0
  222
    2
    0
    0
    0
    0
    0
    0
    0
    0
    0
    0
    0
    0
    1
    0
    1
   95
    7
    8
    0
   35
   51
   71
   81
   31
    2
   26
    1
    1
    0
    0
   13
   15
    0
    0
   21
    0
    0
   40
   32
    0
   18
   16
    0
    0
    1
    8
   14
    1
    0
    0
    0
    0
   29
    0
    0
    0
    3
   18
   93
   99
   32
   70
    3
    2
   20
  140
    0
  125
    1
    0
   45
    0
    0
   25
   14
   18
    4
   55
   41
    0
    3
    0
    0
    0
    0
    0
   97
   33
    5
    0
    7
   75
  200
    0
    0
    8
    0
    0
    0
   22
    0
    0
    8
   44
    0
    0
    0
    0
    0
    0
   30
    0
    0
   30
    0
    0
    0
    0
    0
   89
  113
    0
    0
    0
    0
    0
    0
    0
    0
    0
    0
    0
  196
    0
    9
    3
    0
    0
    0
  178
  153
    5
    0
    0
   16
    0
    0
    0
    0
    0
   24
    0
  123
    0
   14
    0
  295
   12
   50
   30
    0
    0
    4
    4
    0
    0
    0
    0
    0
    0
    0
    0
    0
   65
    0
    0
    0
    0
    0
    0
    0
    0
  218
   15
    0
    0
    0
    0
   24
   23
   10
    0
    0
    0
   20
   21
   40
   15
    5
   37
   30
    0
    0
    0
    0
    0
    0
    0
    0
    0
    0
    0
    0
    0
    0
    0
    0
    0
    0
    0
    0
   41
   31
   29
   80
    7
    0
    0
    4
    0
  112
    0
    3
    0
    0
    0
    0
    0
    0
    0
    0
   10
    6
    5
   31
   10
   35
    7
    8
    0
  124
   12
   10
    0
    1
    0
    4
   20
    0
    0
    0
    0
    0
    0
    6
    0
    0
    0
    0
    0
   16
   16
    0
    0
    0
    0
    0
    0
    1
    0
    0
    4
    9
    0
    0
    0
    0
    0
    0
    0
    0
    0
    0
    0
    0
    0
    0
    0
    2
    4
    3
    2
   13
    3
    0
    0
    0
    0
    0
    0
   49
    5
    8
    4
    0
    0
    0
    0
    0
    0
   40
    7
   11
   10
   30
   35
   15
    0
    0
    0
    0
    3
    5
    7
    2
   23
   10
    0
    0
    0
    0
    0
    0
   61
    1
   19
    0
   18
    9
   13
    7
   21
    0
    0
    0
   55
   64
    2
    0
    0
    8
   19
    0
    0
    1
    2
    0
    0
    5
    0
    5
   34
   15
    0
    0
    0
    0
    0
    0
    0
    0
    0
    1
    0
    0
   23
   25
    3
    3
    0
    0
    0
    0
   30
  142
   13
   66
    0
    0
    0
   16
   36
    8
   18
    0
   22
    0
    0
    0
    0
    0
    0
    7
    0
    0
   34
  118
    9
   26
   90
    5
    1
    6
    0
    3
    0
    0
   30
   41
    0
    0
    0
    0
    0
    0
   74
    0
    5
   71
   10
    0
    0
    0
   38
   10
    0
  196
    0
    0
    0
    0
   20
   13
   14
    0
   14
    0
    0
  142
    0
    5
    0
   62
    8
    0
    0
    0
    0
   65
    0
    0
    0
    0
    8
    0
    0
    0
    0
    0
    0
    0
    0
    3
    0
    0
    0
   95
   58
    0
    0
  145
   32
    1
    5
   12
    7
    0
  120
   37
    5
   30
   96
   40
   55
    3
    0
    0
    0
    0
    2
  160
    0
   10
   88
   20
    0
    0
    2
    0
    0
    0
    0
    0
    0
    0
   86
   11
    0
    0
    0
    0
    0
    0
    0
    0
    0
  101
    0
    0
    0
    0
    0
    0
    0
    0
    0
   60
    0
    0
    0
    0
    0
    0
   91
   11
    0
   24
    0
   12
    0
   30
   46
    0
    1
    0
    2
    0
    0
    0
    0
    0
    0
    0
    0
    0
    0
   27
    0
  111
    0
    0
   22
   35
   90
    9
   15
   35
   50
   35
   15
   43
    2
    0
    0
    0
    0
    0
   25
    0
    0
    0
    0
    0
   98
    0
    0
    0
    0
    1
    0
    0
   45
   46
   15
    0
    0
    0
   12
    8
    0
    0
    0
    0
    0
   15
    5
    0
   11
    0
    0
    2
    0
   26
   15
   12
   35
   17
    3
    0
    0
    0
    2
   55
    3
   13
    0
    0
    0
    0
    0
    0
    0
    0
   31
    2
    0
    3
    0
    2
    0
    0
    0
    0
    0
    0
   46
   25
    1
    1
    0
    2
    0
    0
    7
    0
   15
   80
   79
    1
    0
    0
   36
   12
    3
    0
    0
    0
    0
    0
    0
    0
    0
    1
    0
    0
    7
   98
   16
    5
   34
    0
    0
    3
    0
    0
    0
    0
    0
   11
   65
    0
   25
  115
   66
    0
    0
    0
    0
    0
    0
    0
    0
    0
    5
    0
    0
    8
    9
    0
    0
    0
    2
    3
    8
    0
   45
   64
    3
    0
    0
    0
    0
    0
    0
    0
    0
    0
    0
    0
    0
    0
    0
    0
    0
    0
    0
    0
    0
    0
    0
    0
    0
    0
    0
   65
    0
   13
    0
    0
    0
    0
    0
    3
   23
    0
    0
    2
   20
   14
    0
    0
    0
    0
  165
   45
   56
   15
    0
    0
    0
  100
    5
    4
   34
    0
    0
    0
    0
    0
    0
   67
  144
   21
    1
    0
    0
    0
    0
    0
   18
   50
    5
    0
   19
    0
    0
   30
    0
   15
  120
    3
   67
   54
   77
    0
    0
    0
    2
   23
    0
    9
    0
    2
    5
    0
    0
   65
  328
   27
    6
  105
   20
    0
   32
    9
    5
    2
    0
   14
   24
    5
  102
    0
    2
   41
    0
    0
   28
   25
    0
   53
    0
    0
    0
   40
   25
    0
    0
    0
    0
    0
    0
    0
    0
    0
    1
   10
    0
    0
   10
   33
   36
   23
    0
    0
    0
    0
    0
  121
   70
   35
   36
    0
    0
    0
    0
    0
   41
    7
    0
    0
    0
   35
   10
    0
   15
    0
    0
    1
    0
    0
  103
    0
    0
    0
   11
    0
    0
    0
    0
   55
    0
    0
    0
    0
    1
    0
    0
   22
    0
  132
   22
    0
   68
   24
   38
    0
    0
    1
   19
    0
   32
   17
    0
    0
    0
   14
   65
  165
    0
    0
   30
   60
  118
  384
   27
   25
   23
    4
    3
   40
    8
   21
   37
  100
   65
   15
    2
    0
    1
    0
    0
    2
    2
    0
    0
    0
    0
    0
    0
    0
    0
    1
    2
    2
  101
    0
   17
   19
    0
   10
   28
   22
    1
   16
    1
    8
   18
   19
  135
  132
   33
   47
    6
   39
   45
    2
    0
   20
    0
   80
    0
    0
    0
    0
    0
    0
    0
   57
   13
   14
   10
   87
   22
   16
   14
   21
    0
    0
    0
   12
   10
   68
    0
    0
    0
    0
    0
    0
    0
    0
    0
    0
    3
    4
    7
   10
    3
    0
   17
    0
   40
   38
    8
   15
   26
   21
   10
    0
    0
    0
    0
    0
    0
    0
    0
   12
    0
   18
   20
    0
    0
    0
   39
   58
    0
    0
    0
    0
    0
    0
    0
    0
    0
    0
    0
    0
    0
    0
    0
    6
    0
    0
    0
    0
   78
    5
   40
    0
   35
    0
   15
   74
  150
    0
    0
    0
   58
   15
   46
    0
    0
    0
    0
    0
    0
   23
   20
   27
  101
   17
    0
   13
    1
    1
    7
   21
   25
  100
  135
   58
    1
    0
    0
   13
    0
    0
    0
    0
    3
    0
    0
    0
    0
    0
    0
   45
   63
    0
    0
    0
    0
  145
   98
    4
   50
   15
    0
    0
    0
    0
    9
    7
    0
    0
    0
    0
    0
    0
   19
   19
    0
    0
    2
   25
    0
    0
    0
    9
    0
    0
    0
    0
    0
   48
   27
    0
    0
    0
    0
   74
    3
    9
  155
   55
   25
  177
  165
    0
    0
    0
    0
    6
    0
    9
   18
   13
    0
    0
    0
    0
    0
    0
    0
    9
    0
   13
    0
    0
    0
   21
    0
    0
   34
    0
    0
    0
    0
    0
    5
    1
    0
    0
    0
    0
    0
    0
    0
    0
    0
    0
    0
    0
    0
    0
    0
    0
    0
    0
    0
    0
  181
    0
   56
   55
    0
   15
    0
  380
    5
   67
   30
    0
    0
    0
    0
    0
    0
    0
    0
    0
   10
    0
    0
    0
    0
    0
    0
   70
   37
   24
   12
    0
    0
    0
    0
    0
    0
    7
    0
    0
    0
    0
    0
    0
   22
    0
    0
    0
    0
    5
    0
   38
    0
   13
   15
   30
    0
    0
    7
   34
    0
    0
    0
   30
   16
   20
   11
   40
   16
    0
    0
    0
    0
    0
    0
    0
    0
    0
    0
    0
    0
    0
    0
    0
    0
    0
    1
    0
    0
    0
    0
    0
    0
    0
    0
   19
  125
   62
   37
    0
    0
    0
    0
    0
    0
    0
   32
    0
   32
    3
    2
    0
    1
    8
   12
    0
    0
    9
    0
    0
   18
    0
    0
    0
    0
    1
    0
    0
    0
    0
    0
    0
   15
   13
    0
    0
    0
    0
   20
  110
   36
   20
    5
   46
   50
    0
    0
   23
   40
   51
    8
  171
   69
   44
    0
    0
    0
   25
   10
   24
   30
   25
   23
   24
    2
    0
    8
    1
    0
    0
    0
    0
    0
    0
    0
    0
    0
    0
    0
   37
    0
    0
   27
    7
    3
    0
    0
    0
    0
    0
    0
    0
    0
    0
    0
    0
    0
    0
    0
    0
    0
    0
    0
    1
    5
    1
    0
    2
    2
    0
    2
    3
    0
    0
   30
    5
   25
   38
    1
    0
    0
    0
    0
   38
   48
    0
    0
    0
    3
    0
    0
    0
    0
   53
   13
    0
    0
    3
    0
    0
    0
    0
    0
    0
    0
    0
    0
    0
    0
    0
    0
    0
   13
   80
   17
    0
   10
    2
    0
   14
    0
    0
    0
    0
    0
    0
    0
    0
    0
    0
   20
    0
    0
    0
    0
    0
    0
    0
    9
   64
   32
    0
    0
   35
    0
    0
   20
   20
   28
   22
   70
  190
   28
    6
   36
    0
    0
    0
    0
    0
    0
    0
    0
    0
    0
   32
  101
    0
    0
    0
    5
    0
    0
    0
    0
    0
    0
    0
    0
    0
    0
    0
    0
    0
    0
    0
    0
    0
   12
    1
    0
    0
    0
  114
    9
    0
    0
    0
    0
    0
  125
    0
    0
    0
    0
   13
    0
    0
    0
    0
    0
  165
   41
   12
  114
    3
    0
    0
    0
    0
    0
    0
    0
    0
   37
    0
    0
    0
    0
    0
    0
   60
    0
    0
    0
    0
    0
    0
   35
    0
    0
    2
    0
    0
   40
    2
    3
    0
    0
    0
    0
  145
    0
    0
    0
    0
   28
    0
    0
    0
    0
    0
    0
    0
    0
    0
   11
    0
    1
   11
   32
   52
    0
    0
    0
   48
   20
    0
    0
    0
    0
    0
    0
    0
    0
   76
    0
    0
   66
   48
    0
    0
    0
    0
    0
    0
    0
    0
    0
    0
    0
    0
   20
    0
    0
    0
   56
    0
    0
    0
  140
    0
    0
    0
    4
    0
   20
   31
   16
    0
    0
    0
    0
    4
    0
   12
    9
   50
   43
    7
    0
    0
    0
    1
   40
    6
    2
    0
    0
    0
    1
    0
    0
    0
   70
   14
   25
   21
    9
    0
    0
    0
    0
    0
    0
    0
    0
    1
    8
    0
    0
    4
    0
    0
    0
   40
    0
    0
    0
    0
    0
    1
   38
    2
    0
   70
   98
    0
    0
    0
    7
    3
    0
   14
    0
    0
    0
    0
    0
   26
    0
    0
    0
   26
    0
    0
    0
    0
    0
    3
   30
    0
   33
    5
    0
   33
    2
    0
    0
    0
    0
    0
    8
   10
   36
   75
    0
    0
    0
    1
   18
   20
   13
    0
    0
   29
   20
    5
    0
    0
    0
   13
    0
    0
    0
  385
   24
    7
   10
    0
    0
   86
   30
    0
    0
    0
    0
    0
    0
   24
   87
   39
    0
    0
    0
    5
    0
   29
    0
    4
   23
   10
   32
    1
    0
    0
   21
  103
   25
   32
    2
    0
    0
    1
    0
   10
    0
   68
    1
    0
    0
   16
   11
  160
  107
   63
    0
    0
    0
   48
    0
    0
   28
    0
    0
    0
   21
    0
    0
    0
    0
    0
    0
   63
   40
    0
    0
    0
    0
    0
    0
    0
    0
    0
    0
    0
    0
   10
   81
    9
    9
   10
   24
   23
    0
   19
    0
    0
    0
    5
   30
   56
    2
  100
  373
    3
    0
    0
    0
    0
   15
  133
   25
    0
    0
    0
    0
    0
    0
    0
   16
   11
    0
   26
    8
   22
    0
    0
   87
    0
    2
    0
    6
   29
    0
    0
   15
    0
    0
  143
   88
    0
    0
    1
    0
    0
    1
   32
    0
    0
   80
    8
    0
    0
   10
    9
  120
  203
   13
   84
   13
   10
    0
    0
   15
   34
    0
    0
   85
    0
    0
    0
   65
    0
    0
    0
    0
   13
    0
    0
  249
    0
    0
    0
    8
   73
    0
   45
    0
    0
    0
    0
    4
    0
    0
    0
    0
    0
  120
   82
   50
    0
    0
    0
    0
    0
    0
    0
   16
    0
    9
   12
   63
    0
    0
    0
    0
  128
    0
    0
    0
    0
    0
    0
    0
    0
    0
    0
    0
    0
    0
   92
    0
    0
    0
   50
   10
    0
   59
   30
   57
  145
   72
    0
    0
    0
    0
  191
    0
    0
   84
    0
    0
   14
    0
   21
   19
    0
    0
    0
    2
    3
   20
   28
    6
    5
    7
    5
   10
   10
    0
    0
    0
    0
   11
    0
    0
    0
    0
   48
  100
    0
   13
    0
    0
    0
    0
    0
    0
    0
    0
   13
    5
    8
    5
   21
    0
   14
    5
    0
    0
    0
   18
   45
    0
    0
    0
    0
    0
    0
    0
    0
    0
    0
    0
    0
   61
   11
    0
    0
    0
    0
    0
   12
   11
    8
    0
    0
    7
    6
    0
    4
   38
    6
    0
    0
    0
    1
    5
   10
    0
    7
    0
    0
   13
    5
    4
    0
    0
    0
    0
    0
    0
    0
   23
    0
    8
    0
    0
    0
    0
    0
   11
   20
    0
    0
   43
    0
    4
    0
    0
   26
    0
    0
   14
   13
   14
   50
   24
   20
    5
    9
   10
   10
    4
    2
    0
    0
    0
    0
    0
    0
    5
   12
   12
    0
    0
    0
    0
    0
   57
    0
    0
    0
    4
    0
    0
    0
    0
    0
  135
    0
    0
    0
    0
    0
    0
    0
   10
    0
    8
  125
    0
    0
    0
   14
  170
   65
   12
   36
    0
   37
   62
    0
   44
   14
   20
    0
   82
   69
    0
  164
   54
    0
    0
    0
    0
   28
    0
    0
    0
    0
    0
    0
    0
   25
    0
    0
    0
    0
    0
    0
   23
   54
   54
    0
    0
    0
    0
    0
    3
   10
    0
    3
    0
   13
   55
   68
    0
    0
   42
    0
    5
    2
    3
    0
    0
   16
   67
   40
    5
    0
   41
    0
    0
    0
    0
    0
   36
    7
   44
    0
    0
    0
    0
    0
    0
    0
    0
    0
    0
    0
   55
    0
    0
    0
    0
    3
  534
  265
   86
   26
    0
    0
    0
    0
    0
   30
   23
    0
    0
    0
    0
    0
    0
    0
    0
    0
   22
    0
   62
  125
   49
   26
   36
   11
    0
    0
   19
   11
    0
   48
   12
  112
    0
    0
    0
    0
    0
    0
    0
   74
   35
   27
  126
    3
   27
    0
   75
    2
  142
   52
    0
    0
    0
   83
  258
   29
    0
    0
    0
    0
    0
    0
    0
    0
    0
    0
   14
   24
    6
    0
    0
   14
   60
    0
    0
   24
    0
    0
    0
    0
    0
    0
    0
    0
    0
   21
    0
    0
    0
    0
    0
    0
    0
    0
    0
    0
    0
    0
    1
    0
    0
    0
    0
    0
    0
    0
    0
    0
    0
    5
   19
  128
   70
    8
    0
    0
    0
    0
    0
   50
   16
   12
    8
   12
   10
   13
    0
   27
    0
    0
    0
    1
    0
    2
    1
   12
    0
    0
    0
   26
   53
  143
   35
   34
    5
    9
    6
    5
    0
    3
   84
   10
    0
    1
   45
    8
   18
   30
   63
    0
    0
    0
    0
    5
    0
   18
   22
    0
    0
   30
    0
    0
   10
   11
   10
   30
    0
    0
    2
    0
   15
    0
    0
    0
   20
   25
   56
   45
   13
   13
   77
    0
    0
    0
    0
    0
    4
    4
    0
    0
    0
    0
   13
    0
    0
   47
    0
    0
    0
    0
   20
    1
  101
   36
   54
   54
    0
   60
    0
   23
   17
   72
    0
    0
    0
    0
   36
   30
    0
   10
   47
  180
   20
    0
    0
    0
   76
   10
    0
   77
    0
    0
    0
    0
    0
    0
    0
    0
  125
    1
    0
    0
    4
    0
   30
   20
    0
    4
    0
    0
    0
    0
   15
   28
    0
    0
    0
   12
   10
   55
    0
    0
    1
   43
    0
    0
    0
    0
    0
   17
   80
    3
    0
    0
    2
    0
   40
    2
    0
  145
    0
    0
    0
    0
   29
    0
    0
    0
   42
   73
  100
   23
    0
    0
    0
   54
    0
    0
    6
   20
    0
    0
    0
    0
    0
    6
    0
    0
    0
    0
  100
   56
    0
    0
    0
    0
    0
    0
    0
    0
  135
   45
   74
    2
    0
    0
    0
   40
    0
    0
   28
    5
   60
    0
    0
    0
    3
   34
  142
   21
   38
    8
  159
    0
   18
   23
   43
    0
   39
    0
    0
    0
   10
  115
    2
    0
    1
    0
    0
    0
    0
    0
    0
    0
    0
   30
    1
    0
    0
    0
    4
    4
    0
    0
    0
    0
    0
    0
   53
   23
    0
    0
    0
    0
   30
    0
    0
    0
    0
    0
   18
    0
    0
    0
    0
   98
   63
  167
   15
    0
    0
    0
    5
    0
    0
    0
    0
    0
    0
    0
    4
    0
    0
    0
    0
    0
    0
    0
    0
    0
    0
    0
    0
   36
    0
    0
    0
    0
    0
    0
    0
    0
    0
    0
    8
    0
   54
   28
   15
    0
   21
   41
   18
   38
  228
    2
    0
    0
   40
   28
    7
   77
    0
    0
   39
    2
    1
    1
    0
    0
   11
    0
    0
    0
    0
    0
    0
    0
    0
    0
    0
    0
    0
   33
    0
   14
  118
   42
    8
    8
   25
   31
    0
   12
    0
    0
   18
    0
    0
    0
    0
    0
    0
    0
    0
   28
   18
   10
   12
   14
   16
   30
   25
    2
    2
    3
    1
    1
    2
    1
    0
    0
    0
    1
    0
    0
    0
    0
    0
    0
   25
    0
   15
   25
    7
    0
   13
   52
   34
   32
   18
   46
   26
   30
   15
    1
    1
    0
    2
    5
   17
    0
    0
    0
    0
    0
    0
    0
    0
    0
    0
    0
    0
    0
    0
    1
    1
   30
    0
   10
   11
    0
    0
    0
    8
    0
   10
   10
    0
    0
    0
    0
    0
    0
    0
    6
  135
    0
    0
    0
    0
    0
    0
    2
    0
    0
    3
    0
    0
   54
  101
  141
   17
    0
    0
   15
   21
   56
   15
    2
    0
    0
    0
    0
    0
    6
    4
    5
    5
    0
   12
  189
  402
    0
   98
   78
    7
    0
    0
    0
    0
    0
    0
    0
    0
    0
  165
    0
    0
    0
    0
    0
    0
    0
    8
    0
    0
    0
    0
    0
    0
    0
    3
    0
    0
    0
  722
   30
   13
    0
    0
    0
    0
    0
   48
    0
    0
    1
    0
    0
  195
    0
    0
    0
   35
    0
   25
   57
    0
    1
    0
   68
    6
    8
    0
   32
   29
   10
   15
   90
   10
    7
   31
   12
   46
    0
   12
   25
    0
    7
  112
    2
   63
   13
   80
    0
    0
    5
   22
    0
  305
    0
    0
    0
    0
    0
   28
    0
    0
   37
    0
    0
    0
    0
    1
   30
    0
    0
    0
    0
    0
   30
  135
    0
    0
    0
    0
    0
    0
    1
    0
   55
   15
    0
   51
    0
    0
    0
    0
   30
    0
  135
    6
    0
    0
    0
  117
   30
    0
    3
    0
    7
   63
   26
    0
    0
   22
    0
   38
    0
    0
    0
    0
    0
    0
    0
  120
    0
    0
    0
    0
    8
   15
    0
    0
    0
    0
    0
   75
    0
   17
    0
    0
  118
  280
    8
    0
    0
   36
    0
    0
    0
    0
    0
    0
   34
    0
    0
    8
    0
   28
    0
   13
    0
    0
    5
    8
   10
   73
  114
    0
    0
    0
    0
    0
    0
    0
   50
   12
    0
    0
    0
    6
    0
    0
    0
    0
    2
    4
    0
   34
   32
   34
    3
    3
   23
    3
   40
   18
    2
    1
    0
    0
    0
    0
    6
    0
   45
    0
    0
    1
    0
    0
    0
   41
   73
    0
    9
    8
    0
    0
    0
    0
    0
   47
   55
   49
   44
    5
    5
   28
    0
    2
   40
    0
    4
    2
   11
    0
    0
    4
   23
   51
   42
   12
    0
    0
    0
    0
    1
    0
    0
    0
    0
    0
    0
    0
    0
    0
   25
   50
    0
    0
    0
    1
    2
    2
    0
    0
    1
    0
   17
    3
    6
    2
    0
    0
   75
    0
    0
    0
    0
    0
    7
    0
   65
    6
   16
   17
   10
   23
   88
  111
   85
   53
   12
   14
    0
    0
    0
   17
    0
    0
    0
    0
   60
    2
    0
   70
    0
    0
    0
    0
    0
    0
    0
    0
    2
    3
    0
    0
    0
    0
    0
    0
    0
    0
    0
    0
    0
    0
    0
   10
    0
    0
   10
   11
    0
    0
    0
  480
   40
   29
   97
    5
    0
    0
    0
    0
    0
    0
    0
    0
    0
    0
    0
    0
   19
   11
   42
   30
    0
   10
    0
    0
   70
    0
   20
   26
  144
   12
    2
    5
    0
    0
    0
    0
   46
    4
    0
    0
    0
   10
    0
    0
    0
    0
    0
   18
    0
    0
    0
  148
    0
   85
    0
    0
    0
    0
    7
    0
    0
    0
   30
    4
    6
   40
   63
    0
    0
    0
    0
    0
    0
    0
    0
    1
   45
   22
    0
    0
    0
   39
   68
   32
  210
   89
   19
   38
   25
   65
   33
   28
    0
    0
    0
    0
    0
    0
    0
    0
    0
   60
    0
    3
  251
    0
    0
    0
    0
    0
    0
    6
    0
    5
   50
    0
   20
   31
    0
    0
    0
   60
    0
    0
    0
    0
    0
    0
    0
    0
    0
    0
    0
    0
   89
    0
    0
    0
    0
    0
    8
   60
    0
    2
    1
    0
    3
   29
   50
    0
    0
    0
   26
  201
  125
    0
    0
    0
    3
    0
   18
   12
   10
   45
    0
    2
   32
    0
    0
    2
  130
    0
   11
   10
    0
    8
   22
    0
   28
    0
    0
    0
  240
    8
    4
    4
    3
   11
    3
    0
    0
    0
   50
    0
    3
   13
    0
   61
   13
   30
    7
    5
   13
    8
    0
   21
   48
   16
    0
    0
    0
   10
  101
   99
    0
    5
   57
  102
   22
  200
   85
   10
   10
   11
   16
   63
    0
  104
    5
    0
  105
   10
    5
    2
   11
   40
    0
    0
    7
    0
    6
   22
    0
    0
    0
    7
   40
    0
    0
    0
    0
    0
   11
    9
   26
    0
   17
    0
    0
    0
    0
    0
    0
    0
    0
    0
    0
    0
    0
   10
    0
   10
    0
    0
    0
   22
   66
   85
    0
    0
    0
    0
    0
    0
   16
    0
   21
    0
    0
    0
    0
    0
    0
    0
    0
    0
    0
    0
    0
    0
   14
    4
    0
    0
    0
    0
   21
   19
    0
   20
    0
    0
    0
    0
    0
    0
   21
   24
   10
    0
    0
    0
    0
    0
    0
   40
    0
    0
    0
    0
    0
    0
    0
    0
   12
    0
    0
    0
    0
    0
    0
    0
    0
    0
   15
   79
    7
    3
    0
    0
    0
    0
    0
    0
    0
    0
    0
    0
    3
    0
    0
    0
    0
   12
    2
   43
    5
    6
   18
    0
    2
   12
   97
   85
   29
    0
    0
  224
   73
    0
    0
    0
    0
    0
    0
    0
    0
    0
    0
    0
   45
   30
    0
    0
    0
   42
    0
    0
    0
    0
    0
    0
    0
    0
    0
    0
    0
    0
    0
   53
   82
    0
    0
    0
   99
    0
   58
    0
    0
   52
    0
   34
   54
   24
    0
    0
   18
    9
    0
    0
    0
  120
   42
    0
   58
    0
    0
    0
    0
    0
    0
    0
    0
   29
   20
   13
    0
    0
    0
    0
    0
    0
    0
   35
   19
    0
    0
    0
    0
    0
    0
    0
    0
    0
    0
   58
    0
   75
    0
    0
    0
    0
    0
    0
    0
    0
   10
    8
   20
   14
    0
    0
    0
    0
    0
    0
   12
    0
    0
    0
    0
    0
    7
    0
    0
    6
   12
    0
    0
    0
    0
    0
    0
    0
    0
    0
    0
    0
    0
    0
    0
   23
   12
    2
    0
    0
    0
    0
    0
    0
    0
    0
    0
    0
    0
    0
   62
   77
   20
    0
    0
    5
   30
   55
    0
   22
    0
    0
    0
    0
    0
    0
    0
    6
   27
    0
    0
    0
    0
    0
    0
    0
    0
    0
    0
    0
    0
    0
    0
    0
    0
    0
    0
    0
    0
    0
    2
   31
   14
    5
    0
    0
    0
   24
    0
   15
    0
    0
    0
   12
   16
    0
    0
    0
    2
    0
    0
   51
    0
    0
    0
   45
   38
    0
    0
    0
   16
    0
    0
    9
    0
   41
    0
    0
    0
    4
    0
    0
   40
    0
    0
    0
    0
   12
    0
   54
   60
    2
    1
   25
    2
    0
    0
    0
    0
    5
    2
   49
   15
   13
    5
    2
    8
    2
    0
    0
    0
   28
    7
   10
    4
    0
   27
    8
   21
   15
   20
    2
    3
    6
    2
    1
   11
   43
   18
   29
    4
    0
    0
    0
    0
    0
    8
    8
    0
    0
    0
    0
    0
   29
    0
    0
    0
    0
    0
    0
    0
    2
    5
    0
    0
    0
    0
    0
    0
    0
   22
    0
   47
   33
   61
    0
    3
    3
    0
   58
    0
   35
    0
    8
    0
    5
    0
  235
   94
   10
    5
   13
    5
    0
  145
    0
    8
  111
  100
   13
   87
   48
    0
    0
    0
  191
    0
    0
    2
    0
    0
    0
    7
    0
    0
    0
    2
   71
    0
   13
    0
    0
    0
   20
   10
    0
   29
    9
    0
   14
   39
    0
   83
    0
    0
    0
    0
    0
    0
   32
  118
   31
    0
   31
    0
    0
    0
    0
    0
    0
    0
    0
   17
    0
    0
    0
   11
    0
    0
    0
   17
   98
    5
   15
    7
    0
    0
    0
    0
    0
    0
    0
  123
    0
   55
    0
    0
    0
    5
    0
    0
    0
    0
    0
    0
    0
    0
    0
    0
    0
    0
    0
    0
   70
    0
   25
   60
   15
    0
    0
    0
   25
    0
    0
    0
    0
    5
    0
    0
   12
   12
   45
  462
  325
   81
    9
    0
    0
  151
    0
   60
    0
    0
    0
    0
    0
    0
    0
    0
    0
    0
    0
    0
    0
    0
    0
    0
    0
    0
    0
    0
    0
   21
    0
    0
    0
    0
    0
    0
   42
    0
    0
   11
   75
   42
    0
    0
    0
   91
   25
    0
   12
    0
   23
    0
    0
    0
    0
    0
    0
    0
    3
    0
    0
    0
    0
    0
   41
   10
   20
    8
    0
    0
   18
    0
    0
    0
    6
    0
    0
    0
    0
    0
    0
    0
    0
    0
    0
    0
    0
    0
    0
    0
    0
    0
    0
    0
    0
    0
    0
    0
    0
    0
    0
    0
   65
    5
    2
    3
    0
    0
   10
    0
    0
    0
    4
   60
   38
   58
    4
    0
    0
    0
    0
    0
    0
   20
    0
    0
   18
    3
   12
    0
    0
    0
    0
    0
    0
    0
    0
    0
    2
   30
   15
    7
   55
   27
    0
    0
    0
    0
    0
    0
    0
   11
    8
    0
    0
   14
    5
   30
    0
    3
    5
   30
  100
   10
   23
    0
    0
    0
   14
    0
    5
   41
    9
    6
    0
    0
    7
    0
   18
   10
    0
    0
   39
    1
   16
  195
   60
   51
    7
   21
    0
    0
    0
    0
    0
    0
    0
    0
    0
    0
    0
   25
    0
   33
   48
    0
    0
    0
    0
    0
    0
    0
    0
    0
    0
    5
   23
    2
    0
    0
    0
    0
    0
    0
    0
    0
    0
    0
    0
    0
    0
    0
    3
    0
    0
    0
    0
   32
    0
   18
  126
  183
   12
   67
    0
    0
    0
   27
    0
   37
    0
    3
    0
    0
    0
   33
    0
    0
    0
    0
    0
    0
    0
    0
    0
    0
    0
    0
    0
  105
    0
    0
    0
    0
    0
   75
   15
   13
    0
    0
    5
   72
   60
   38
    0
    8
   14
    0
    0
    0
   10
   10
   20
   38
   18
    0
   12
   26
   10
   20
   15
    0
    0
    0
  200
   65
   35
   22
   66
    0
    0
    0
    0
    0
   12
    0
    0
    0
    0
    0
    0
   61
   42
   48
    0
    3
    0
    0
    8
   10
    7
    0
   98
  102
   11
    0
    0
    0
    0
    0
    0
    3
    0
   65
   75
  105
   50
   32
   37
    8
    0
    0
    0
    0
    0
    0
    0
   10
   42
  101
    0
    0
  102
    0
    0
   92
   41
    0
    0
   35
  165
   37
   50
    0
    0
    0
   25
   25
    0
    0
    0
    0
    0
    0
    0
    0
    7
    0
    0
    0
    0
    0
    0
    5
    0
    0
   20
   15
  112
   15
   67
  103
   36
   56
    3
    0
    0
   28
    0
    0
    0
    0
   13
   18
   11
   11
   35
   25
   26
   27
    0
    0
   21
    0
   28
    2
    3
    0
    3
   95
    9
   77
    9
    0
    0
    0
    0
    0
    3
    3
    0
    0
   23
    5
    7
   39
    3
    2
   16
    0
    0
    0
    0
    0
    0
    0
    0
    0
    0
    0
    0
    0
    0
    0
    0
    0
    0
    0
    5
    0
   15
    0
    0
    0
    0
  250
   35
   15
    0
   15
    0
    0
    0
    0
    0
    0
    0
    0
    0
    0
    0
    0
   15
   13
   17
    0
    0
   15
    0
   45
    7
   45
    3
   50
    5
    0
    0
    0
    0
    0
    3
    5
   12
    5
   13
  100
   30
   23
   55
   11
    7
    3
    4
    5
    3
   55
   22
   12
    3
    0
    0
    0
    0
    0
    0
    0
   22
    0
    3
   20
   20
    4
    0
    2
    3
   40
   18
    0
    0
    0
    0
    4
    0
   29
   35
    5
    0
    0
    0
    0
    5
    0
    0
    4
    0
    0
   25
    3
   18
    9
    0
    0
    0
    0
    0
    0
    0
    0
    0
    0
    0
    0
    3
    8
    0
    0
    0
   15
    0
    0
   75
  185
    0
   40
    0
    0
    0
    0
    0
   13
   55
    2
    0
    0
   12
   48
    7
    0
    0
    0
    7
    0
    0
    0
    5
   23
    5
   15
    2
   12
   13
    0
    0
    0
    0
    0
    0
    7
    5
   18
   17
   30
   35
   22
    8
   15
   15
   11
    0
    0
    0
   18
    0
    0
    0
    0
    0
    0
    0
    0
    0
    0
    0
    0
    0
    0
  118
   12
    0
    0
    0
    0
   16
    4
    0
    0
    0
    0
    0
    5
    8
   10
    8
    7
    0
    5
    5
   55
   70
   50
   35
    6
   20
    0
    0
   82
   30
    5
    3
    6
    3
    4
    4
    0
    2
    0
   78
    0
    0
    0
    0
   40
    0
    8
   18
   35
    8
    0
    0
    0
    5
    0
    0
    0
    0
    5
   15
   25
    0
    0
    0
   91
    0
   82
  115
    0
    0
   13
    0
    0
    0
    0
   32
    0
    0
    0
   30
    0
    0
    0
    1
   16
  245
   25
    0
   50
    0
    0
   33
    0
  190
    0
    0
    0
    0
    0
    0
    0
   19
    0
  111
    6
    4
   10
    0
    0
    0
    0
    0
    0
    0
    0
   12
   26
   34
    0
    0
    0
    0
    0
    0
    0
    0
    0
    0
    0
    0
    0
    0
    0
    0
    0
    0
    6
    0
    3
    0
   16
    0
    0
    2
    2
    0
    2
    1
   32
    0
    0
    0
    0
    0
    0
    0
    0
    0
    0
    0
    0
    0
    2
   15
    8
   15
   34
    4
   11
    0
   35
   32
    0
    0
   13
   27
    2
    0
    0
    8
   11
    9
   68
   25
   46
    0
    0
    0
    0
    0
    0
    5
    0
    0
    0
    0
   13
   26
    0
    0
    0
   25
   44
    8
   48
    1
   19
   12
  150
   75
    8
   16
    0
    0
    0
    0
   43
    8
   23
   45
   51
    3
    0
    0
    3
   45
   13
    8
   45
   11
    6
    0
   13
   21
    0
   25
   28
   18
   80
   25
   35
   24
    0
    0
   11
    0
   10
    7
   13
    4
    0
    0
    0
    0
    5
    0
    0
    0
   11
   11
   18
    8
   45
   11
   10
   12
    0
    0
    0
    0
   13
   26
   18
    0
    0
    8
    0
    4
    3
    0
    0
    0
    0
    0
    0
   36
   68
   85
    8
   10
   30
    0
    0
    0
    0
   10
    0
    0
    0
    0
    0
    5
   90
    0
   25
   75
    0
    0
    0
   13
    0
   34
  123
    0
    0
   85
   30
    0
    0
    0
   12
   26
  133
   30
   19
    0
    0
   23
   21
    4
   18
   14
    8
   12
    8
    0
   50
   17
   21
    4
    3
    0
    0
    0
    0
    0
    0
    3
    0
  105
   18
    7
    5
    7
    0
   20
    0
    3
    8
    0
    8
    0
    0
    0
    0
    0
   72
    0
    0
    0
   58
  175
  205
   34
    0
    0
   31
  131
   56
   79
   17
    0
    0
    0
   59
   14
    3
    0
    0
    0
    0
    0
    0
    0
    0
    0
    0
   25
    0
    0
    0
    0
    0
    0
    0
    0
    0
    0
    5
   45
   43
   12
    6
   30
    0
    0
    0
    0
    0
    0
    0
    0
    0
    0
    0
   34
   45
   35
    6
    0
    0
    0
    0
    0
    0
    0
    0
    0
   67
    0
    0
    0
    0
    0
   87
    0
   32
   15
    0
   25
    0
    0
   35
  115
   30
    0
    8
   76
   32
    0
   25
    0
   10
    8
    0
   14
    0
   16
   84
    3
    0
   34
    0
    0
    0
    0
    0
   70
   28
   10
   25
   90
   80
   25
    0
    0
    0
    0
    0
    0
    0
    0
    0
    0
    0
    0
    0
    0
    0
    0
    0
    0
   68
    0
    0
    0
    0
    0
    0
    0
    0
    0
    0
    0
   13
   56
   22
  250
    0
    0
    0
    0
    0
   52
   35
    0
    0
   14
   11
    0
   15
   14
   12
    0
    0
    0
    0
    0
    0
    0
    0
    3
    0
    0
    0
    7
    0
    0
    2
    0
    0
    0
    0
    0
    0
    0
    0
    0
    0
    0
    0
    0
   13
    0
    0
    5
   13
    0
    0
    0
    0
   10
    0
   20
   28
   13
   35
    5
    5
   45
    6
    4
   17
   20
   61
  168
  144
   26
   75
  154
    5
    4
   14
    9
   31
  100
   65
    0
   30
   51
    0
    0
   37
   14
    0
    0
    0
    0
    0
   10
   64
   29
   28
   34
    0
   25
   41
    0
    0
    0
    0
    0
    0
    0
    0
   27
   33
    0
   21
    0
    7
  100
    8
   73
    0
    0
   46
    3
  121
    0
    5
    0
    0
    0
    0
   94
   73
   10
  116
    0
    0
    0
    2
    0
    0
    0
    0
    0
    0
    0
    0
   14
   32
   25
   25
    8
    5
    0
    0
   55
   18
   16
    5
   10
    0
    0
    3
    0
    0
    0
    0
   12
   20
    0
    0
    0
   31
   23
    0
    0
    0
    0
    0
    8
    0
    0
    0
   20
   12
    0
    0
    0
    0
    0
    0
    0
    0
   15
    0
   81
  280
    0
    5
    5
    0
    0
    0
  103
    0
   31
    0
    0
   20
    0
    0
    0
    0
   11
   20
  130
    0
    0
    0
    0
    3
    0
   42
   21
   36
  115
   55
   20
    0
   12
    1
    2
   14
    5
   24
   16
   35
   12
   73
  156
    4
    0
   16
    0
   15
    5
    4
    6
  121
    0
   52
    2
    0
    0
    0
    0
    0
    2
    0
    0
    0
    2
  210
    0
    0
    0
    0
    0
    0
    0
    3
   36
  120
    0
    0
   70
    5
    0
    0
    0
   17
   56
    8
    0
  224
   15
  170
    3
   60
    2
   17
    5
    0
    0
  123
   84
    0
   58
  145
    0
    1
   10
    0
  244
    0
    0
    0
    0
    5
    0
    0
    0
   10
   20
   22
    0
    0
    0
    0
    0
    0
   86
    0
  100
    0
    0
    0
    0
    0
    0
   15
    0
    0
    0
  219
    0
    0
    0
   75
   80
   18
    0
    0
   13
    0
    0
    0
    0
    0
    0
    0
    0
   12
    0
   12
    0
    0
    0
    0
    0
    0
    0
    0
    1
    0
    0
    0
    0
   51
   21
   44
    0
    0
    0
    0
    0
    0
    0
    7
   29
    9
    0
    0
    0
    0
    0
    0
   20
    0
    3
   15
    0
    0
   40
    5
   10
  115
   55
   10
   20
    0
    0
   60
    0
    0
    0
    0
    0
    0
    0
    0
    0
    0
    2
    2
    0
    0
    7
    5
    0
    0
    0
    0
   59
  115
   95
   23
   93
   15
    0
    0
    0
    8
   40
    0
    1
    0
    2
    3
    0
    6
    0
    8
    0
    0
    0
    0
    0
    0
   26
    0
    0
    0
    6
    4
   15
    0
    0
    0
    0
   28
    5
   35
   10
    8
    5
   39
    0
    0
    2
    7
   31
    0
    0
    0
    0
    0
    0
    9
    0
    0
  105
    0
    0
    0
    0
   30
   40
   30
   12
    8
   14
   25
   20
  100
   30
    7
   47
   25
   29
    4
    2
    0
    0
   20
   50
    9
    0
   31
   16
    0
   33
    0
   23
    3
    1
    1
    0
   24
   57
   40
    7
   30
   27
   31
   17
   20
    0
    0
   56
   43
    0
    0
    0
   30
    0
    0
    2
   25
    0
    0
    0
   15
    0
    0
    0
    0
    0
    0
   22
    0
    0
    0
    0
    0
    0
    0
    0
    0
    0
    1
   33
   18
    2
    0
    0
    0
    0
    0
    0
    0
    0
    0
    0
    0
    0
   10
   37
    0
   18
    0
    0
    0
    0
    0
    0
    0
   42
  101
    0
    0
    0
    0
    0
  128
   26
  178
    0
    0
    0
   16
   37
    0
    0
    0
    0
    0
    1
    0
    2
    0
    0
   65
    2
    0
    0
    5
    3
    3
    3
   20
    0
    0
   74
    0
    0
    0
  154
   89
    0
    0
   60
    0
   72
    7
    0
   67
   14
    0
    0
    0
    5
    0
    0
   32
    0
   41
   81
    0
   38
    0
    0
    0
    8
   30
    0
    0
    0
    0
    0
    0
    0
    1
    0
    0
    0
    0
    0
    0
    0
   75
    0
    0
    8
    0
    5
   99
   15
    0
    0
   19
   11
    0
   20
   21
   20
    0
  161
    0
    0
    0
    0
    0
   25
    4
    0
    8
    6
    0
    0
    0
    0
    0
    0
    0
   35
   15
   40
    0
    0
    0
    0
    0
    0
    0
    0
    0
    5
   13
    0
    0
   11
    0
   26
   40
    0
    1
    1
    1
    2
    1
    6
    0
    0
    6
    0
    0
    9
    0
    0
    0
    0
    5
    5
    0
   72
    0
    0
    0
    0
    0
    0
    0
    0
    0
    0
   75
  100
   41
    0
    0
    0
   11
    9
    5
    0
   40
   48
   21
    0
   21
    0
    0
  158
   51
   30
   74
   39
    0
   34
    2
  100
    6
   23
   47
    6
    2
    0
    0
    0
   21
   20
  250
    1
   16
    0
   40
   26
    8
    1
    0
    1
    0
    0
    0
   52
    0
    0
    5
   55
   34
   40
    4
    0
   38
    3
    0
    0
    0
    0
    0
    0
    0
    0
    0
    0
    0
    0
    0
    0
    0
    0
    0
    0
    0
    0
    0
    0
    0
    0
    0
    0
    0
    0
    0
    0
    0
   45
    8
    9
   16
    2
    0
   37
    0
   30
    6
    2
    1
    3
    8
    1
   18
   29
    0
   37
   55
    0
    0
    0
    0
    5
    0
    0
   75
    0
    2
    0
   10
   38
    6
    0
    0
    0
    0
    0
    1
   65
    0
    0
    0
    0
    0
    0
    0
    0
    0
    0
    1
   18
    0
    1
   38
    0
    0
    0
   23
    0
   18
   10
   33
   12
   12
   11
    3
   72
  273
    1
    0
    0
   10
   41
  100
    0
    0
    0
    0
    0
    0
    0
    6
    0
    0
    0
   99
   28
   29
    0
    0
    0
    0
    0
    0
    0
    0
    0
    0
    0
    0
    0
    0
    0
    0
    4
   59
    0
    0
   55
   46
   39
    0
    0
   43
    6
    0
    0
   70
    0
    0
    0
    0
    0
    0
    0
    0
    0
    0
   27
   47
   26
    0
    0
   83
    0
   21
   20
  128
   86
   20
    0
    0
    0
    0
    0
    0
    0
    0
    0
    0
    8
    0
    0
    0
    0
    0
    0
    0
    0
   99
    1
  125
    9
   19
    0
    0
    1
   33
    6
    0
   25
    0
    0
   20
    0
    0
    0
    0
   14
   10
    0
    0
    0
    0
    0
    0
    0
    0
    0
   23
    0
    0
   46
    0
   29
  233
   33
    0
    0
    0
    0
    0
    0
    0
    0
    0
    0
    0
    0
    0
    0
    0
  108
  110
    6
    0
    0
    9
    0
    0
    0
    0
    0
    0
   46
    7
    0
    0
   10
    0
   60
    0
    0
    0
   50
   62
   61
   21
   10
    0
    8
    0
    2
    4
    0
    0
    0
    0
    9
    0
    0
    0
    0
    0
    0
    0
    0
    0
   33
   21
  150
   16
   31
   30
    0
  158
   72
   18
    0
    0
    0
    0
    0
    0
    0
    0
    0
    0
    0
    0
   29
   84
    0
    0
   15
   33
   21
    0
    0
    0
    0
    0
    0
    0
    0
    9
    0
   11
   13
    0
    2
    8
   30
   13
   57
   50
    0
    0
    1
   33
    1
   84
   21
    2
    0
    0
    0
    0
    0
    0
    0
    0
    2
    2
    5
    3
    0
    0
    8
    0
    0
    0
    0
    0
    0
    4
    0
    0
    0
    0
    0
    0
    0
   19
   23
   25
    0
    0
    0
    0
    0
    0
    0
    3
    0
    0
    0
    0
    0
    0
    0
   20
    0
    0
   47
   73
   70
    0
    1
    0
    0
    0
    0
    0
    0
    0
    0
   44
   17
   46
    3
    5
   17
    4
    0
   11
    0
    0
   13
   29
    0
    0
    0
    2
    0
    0
    0
    0
    0
    1
    0
   45
    0
   16
    0
   20
    0
   11
    2
    0
    0
    0
    0
   87
   26
    6
    1
    0
    0
    0
   26
  186
    0
    0
   65
    2
    0
    5
   30
   20
    0
   55
    0
   61
  114
   29
    0
   41
    0
    0
    0
    0
    0
    0
    0
    0
    0
    0
   42
    0
    0
    0
    0
    0
    0
    0
    3
    0
    0
    0
    0
    0
    0
   18
    0
    0
    0
    0
    0
    6
    0
    0
    0
  125
   15
    0
    0
    0
   68
  165
   49
  423
    0
   19
    0
    0
    0
    0
    0
    4
    0
    0
    0
   29
    3
    0
    0
    0
   38
    0
  131
   99
    0
    0
   28
    0
   15
    0
    0
    0
   26
    4
    0
    0
    0
    0
    0
   10
    0
    0
    0
    0
    0
    0
    0
    0
    0
    0
    0
    0
    0
    0
    0
    0
    0
    0
    0
   14
   12
    3
    0
    0
    0
    0
    0
    0
   30
    0
   61
    0
   25
    1
   53
  135
    3
    2
    0
    0
    0
    0
    0
    0
   30
  215
   20
  113
   37
   80
   10
   10
    4
   20
   20
  173
   10
    2
    0
    0
    0
    0
   24
   21
    1
    0
    1
   18
   37
   11
   17
    0
    0
    0
    8
   24
   37
    0
    0
   54
    0
    0
    0
    3
    0
    0
    0
    0
    0
    0
    0
    0
    0
   10
    0
    4
    0
    0
    0
    0
    0
    3
    3
   13
   27
   33
    7
    0
   27
   63
  127
   10
    0
    2
    0
    0
   14
   30
    0
    8
    1
    1
    0
  101
   43
   36
    2
    0
   37
   71
    0
   11
    0
    0
    3
   50
    0
    4
    2
   22
   56
    0
    0
    0
    0
    0
   35
   59
   29
    5
    6
    0
    6
    6
    0
    3
    7
    2
    4
    1
    0
    0
   14
   12
    1
   32
    0
    0
    5
   35
   31
   25
    0
    0
    0
    0
    0
   31
    8
    4
    3
    0
    0
    0
    0
    0
    0
    2
   13
    0
    0
    4
    2
    3
    0
    0
    2
    0
    0
    0
    0
    0
    4
    4
    1
    6
   14
   28
   48
   10
   20
    5
    1
   36
    6
    0
    0
    0
    0
    0
    0
   12
    0
    0
    0
    0
    0
    0
    8
    1
    0
    0
    3
    0
    0
    4
    0
    0
    0
    0
    0
    3
    0
    0
    0
   61
    4
   62
   17
    0
    6
    0
    0
    0
    2
    0
    0
    0
   67
   17
    0
    2
    0
    0
    3
    7
    0
    0
    0
    0
    0
    0
    0
    2
   75
    0
   69
    0
    0
    6
    5
    0
    0
    0
    0
    0
   35
   96
    5
    9
   14
    0
    0
   20
    0
    0
   13
    9
   70
    0
    0
   65
   29
    6
    0
    0
    0
    0
    0
    0
   15
   10
   19
    6
    0
    0
    0
    0
    0
    0
    0
    0
    2
    0
    0
    0
    0
   12
    6
    0
    5
   57
    4
    0
   26
  352
   36
    0
  116
    0
   54
   13
   15
   15
   31
   96
  330
    0
    5
    0
    0
    0
    0
    0
    0
    0
    5
    0
    0
    0
    0
    8
   10
    0
    0
    0
    0
    0
    0
    0
    0
    0
   55
   11
    0
    0
    0
    0
    0
    0
  126
  150
    5
    0
    0
    0
  114
   44
    6
   20
   42
   68
    0
    0
    0
   27
   11
    0
    0
   39
    0
    0
    5
    0
    0
    0
    0
    0
    4
    0
    0
    0
    0
    0
    0
    6
    0
   11
   15
    0
    0
    0
    0
    0
    0
    0
   81
    0
    0
    0
    0
    0
   20
    0
    0
    0
   12
   11
    0
    0
   29
   20
    7
    0
    0
    0
    0
    0
    0
    0
    0
    0
   14
    0
    0
    0
    4
   36
    2
    0
    0
    0
   39
    0
   29
    0
    0
    0
    0
    0
    0
    0
    0
   10
   38
    3
   15
   26
    4
   22
    1
    0
   48
    0
   18
    0
    0
    0
   22
    4
    0
    0
    0
    8
    9
    0
    0
    0
    4
    0
    2
    0
    1
    2
    3
   16
    1
   23
    0
    4
    0
    0
    0
    0
    0
    0
    0
    0
   17
   12
  125
    1
   98
   79
   22
   22
    6
   85
    2
    0
    5
    0
    0
    0
    0
    0
   10
   90
   12
    0
    2
   45
    0
    2
    5
    6
   17
    0
    6
    0
   26
  100
    0
    0
    0
    0
    0
    0
    3
    0
    0
    5
    0
    1
    0
    0
    4
    1
  130
   10
    0
    0
    0
    3
    0
    5
   32
    4
   17
    8
    6
    6
    5
    2
   25
   59
   22
    0
    0
    0
    0
    0
    0
    0
   23
    3
    0
    0
   51
    0
    1
    0
   20
   12
   29
  103
   22
    4
    1
    0
    0
    2
   48
   25
   52
    0
  232
   56
    0
   34
   13
    0
    1
    0
   67
   27
   15
    2
    0
    0
    0
    0
    0
    0
    0
    0
    0
    3
    0
   49
    0
   20
    9
    1
    0
    0
   14
    0
    0
    0
   35
    0
    0
    0
    1
   45
    0
    0
    0
    0
   39
   10
   42
   10
   93
    0
    0
    0
    0
    0
    0
    0
    0
    0
    0
    0
    0
    0
    0
    0
    0
    0
    0
    0
    0
    0
    0
  450
    0
    0
  103
   50
  101
   47
    8
    8
    0
    0
    0
    0
   54
    0
   16
   24
    8
    2
    0
   17
    0
   13
    0
    0
    0
    0
    0
    0
    0
    5
   44
  337
  101
    0
    0
    0
   52
   15
    0
    4
   48
    0
    0
    0
    0
    0
    0
  328
   51
    0
    0
   91
    0
   51
    0
    0
    0
   35
    0
    0
    0
    0
    0
    0
    0
    0
    0
    0
    0
    0
    3
   21
    0
    0
   20
    0
   45
   35
    0
    7
   26
    9
    0
    0
    0
    0
    6
   11
  225
   42
   12
   22
   33
   18
    0
    3
    6
    0
    0
    9
    0
    0
   25
    0
    0
    0
    0
    0
    0
    0
    0
   18
   58
    0
    2
    0
    0
    0
    0
    0
    0
    0
   58
   25
    6
   12
    2
    5
    0
    2
    0
    0
    0
   42
    0
    0
    0
    0
    0
    0
   20
   31
    8
   71
   57
   25
   52
    4
    2
    0
    0
   10
    0
    0
   10
    0
    5
    0
    0
   11
   40
    5
   34
    0
   39
    0
   37
   10
   16
    7
   60
   30
   15
    3
    5
    8
    1
    0
   10
    1
    0
    5
    0
   15
    0
    0
   36
    4
    4
    0
   97
   25
    4
    0
    0
    0
    0
    0
   10
   82
   13
    7
    0
    0
    0
    0
    0
    0
    0
    0
    0
    0
    0
    0
    0
    0
   54
   17
    0
    4
    0
   30
   93
    0
    0
    0
    0
    1
    4
    0
    1
    0
  133
    0
   17
    3
   13
   23
   57
    0
    0
    0
    0
    0
    0
    0
   27
   15
    1
    0
    0
    0
    0
    3
    0
    0
    0
   75
   10
    6
   14
   46
   23
    3
    6
    2
    0
    0
   12
    0
    0
    0
   10
    4
   23
   37
    0
    0
    0
    0
    0
    0
    0
    5
    5
    8
   30
   21
    0
    0
    3
   44
   20
    0
   13
    8
    2
    2
    2
    0
    0
    0
    0
    0
    0
    0
   15
   28
    9
    0
    0
    0
    0
    0
   39
    0
    0
   10
    9
   60
    0
    0
    0
    0
    0
    0
    0
    0
    0
    0
    0
    0
    0
    0
    0
    5
    1
    0
    0
    0
    0
    0
    0
   30
    5
    0
    0
    0
    0
    0
   12
  266
   19
    0
    0
    0
  205
   43
    6
    0
   38
    5
    0
   33
  119
    0
    0
   20
    0
    0
    0
  288
   68
   67
    0
   12
    6
   26
    6
    0
    6
    0
    0
    9
   15
    1
    5
    5
   77
   19
    0
    0
    0
    0
    0
    0
  212
    0
    0
    0
    0
   48
   10
   11
    0
   12
   82
  130
    0
   93
   45
    0
    6
   15
   28
    3
  122
    2
   62
   50
    0
   20
   90
    0
    0
   22
    0
   67
    6
    0
    0
   28
   68
    0
   16
    0
    0
    0
    0
    0
    0
    0
    0
    0
   39
    0
    0
    0
    0
    0
    0
    0
   83
   30
    0
   43
   45
   22
   60
    0
    0
   18
    0
    0
  127
   51
  101
    2
    4
   19
    9
    0
    0
    0
    0
    0
    0
    1
    2
    0
    0
    0
    0
    0
    0
   20
    0
    0
    0
    5
    0
    3
   10
   32
    2
    0
    0
    9
   20
    1
    0
    0
    0
    2
    2
   25
   97
   75
    0
    0
    0
    1
    0
    0
    0
    0
    0
    0
    0
    0
  109
   35
   25
    3
   10
   14
    0
   19
  127
  128
   10
    0
    0
   25
   15
    4
   34
    0
    0
    0
    0
    0
   31
    0
    0
    0
   11
    0
   11
    0
    0
    6
   19
    2
   65
    0
    2
   36
   28
    4
    0
   15
    0
   30
  114
  150
    1
    7
    0
   45
   44
    3
    0
   16
    7
   27
    0
   19
   48
    3
    5
    0
    5
    0
    0
    5
   15
    6
   18
   10
    0
    5
    1
    0
    0
   10
    0
    2
   25
    0
   35
   37
   36
    9
   11
    3
    0
    0
    0
    3
    0
    0
    6
   13
   43
    1
   39
    7
    6
    0
    0
    0
    0
    0
    0
    0
   11
   14
   40
   40
   20
    0
    0
    0
   30
   10
    6
   47
    0
    6
    0
   40
    3
    0
    0
    0
   56
   16
  130
  236
   33
   11
   33
   43
   30
    0
   40
   10
   48
   37
    5
    0
    0
   15
    0
    0
   15
    1
    9
   26
    0
    0
    0
    5
    1
   29
  124
  548
   71
    5
    5
   12
   24
    2
    0
    0
    0
    0
    0
    0
    0
    8
    1
    0
    0
   19
    3
    0
    0
   29
   50
    0
    0
    0
    0
    0
    0
    0
    0
    8
    0
    5
    0
    0
  258
   10
   17
   14
   63
   94
  265
  122
   27
    4
    0
    0
    0
    0
   54
    0
    4
   71
    0
    0
   13
    0
    5
    0
    0
    8
    0
    0
  102
    0
    0
    0
    0
    0
    0
    0
    0
    0
    1
    0
    0
   77
    0
    0
    0
    0
  144
    8
   29
  169
    2
    0
    0
    0
    0
    0
   15
    0
    2
    4
   13
   14
    0
    0
    0
    0
    0
   32
   80
    0
    0
    0
    0
    0
   20
    0
    0
    0
    5
    0
   14
    5
    0
   71
   91
  197
    2
    0
    0
    0
   89
   35
    0
    0
    0
   50
  300
   85
   70
    0
   20
   80
    0
    0
    7
    0
   17
    0
    0
   54
   14
   14
  165
    0
   75
    0
   21
    3
  103
   30
    0
    0
    0
   31
    0
    0
    0
    0
    2
    0
    0
    4
    0
    0
    0
   49
    0
   99
    1
   11
    0
    0
    0
   21
    0
    0
    0
    0
    0
    0
    0
    0
    0
    0
    0
    0
   28
   10
    0
    8
    0
    0
    0
   10
   10
   40
    0
    0
    0
    0
    0
   10
   18
    1
    0
    0
    0
    0
    3
   20
   35
   12
   62
    0
   44
    1
    0
    0
    0
    0
   35
   39
    1
    1
    0
    0
    0
    0
    7
   22
    7
    0
    0
   45
    0
   49
    5
   44
  120
    4
    0
   15
    0
    0
    0
    0
    0
    0
    0
    0
    0
   10
    7
   13
   20
   10
    7
    8
   27
    6
    0
    0
    0
    5
    2
   27
    4
   20
   34
    0
    0
    0
    0
    0
   82
   16
   20
    5
   25
    0
    3
   29
   19
   16
    2
   25
   26
    0
   30
   29
    0
   65
    4
    3
    0
  130
    0
    7
    3
    2
   24
    0
   29
    8
    3
    3
    2
    0
   21
    0
    0
   21
   36
    5
    7
    0
   17
    0
    0
    0
    0
    5
    6
    0
    0
    0
    0
    0
    0
    1
    3
   14
   20
   15
    9
    5
    5
    0
    0
    0
   19
    9
   57
   46
   24
    0
   44
   47
    0
    0
   10
    3
    8
   19
   15
   16
   58
   71
   31
    0
    0
   38
   32
  139
   43
  131
    2
    0
    0
    0
    0
    0
   41
    1
    0
    0
    0
    0
    0
    0
    0
    0
    0
    0
   13
   46
   11
    0
   68
  153
    0
    8
   16
   11
  108
    0
    1
    0
    0
    0
    0
    0
    0
    2
    0
   11
   37
   38
  334
   58
    0
    6
  134
   60
   16
    0
   15
   50
   39
    3
   28
    5
   78
    1
   24
    0
    0
    0
   24
   36
   13
   36
    1
    0
    0
    0
    0
    0
    0
  122
   12
    0
    0
    0
    0
    0
    0
    0
    0
    0
    0
   55
    6
   43
   34
   20
    0
    0
    0
  147
    0
    0
    0
    0
   17
  406
    0
    0
    0
    0
    0
    0
    0
    0
    0
    1
    0
    0
    0
    0
    0
  260
  135
    0
    0
    0
    0
   32
  159
    0
    0
    0
   59
   13
   22
   52
   31
   57
   12
  342
  158
    2
    0
   10
    0
   56
   32
   19
    4
    0
    0
    0
   84
    2
    0
    0
    0
    0
  230
  200
    2
    0
    0
    0
    0
   59
   65
   12
   20
   75
    9
    1
    0
    0
    0
    0
    0
    0
    0
    0
    0
    0
    0
    0
    0
    0
    0
    6
    0
   17
    0
    0
    0
    0
    7
    0
   35
   43
    8
    0
    0
   92
  148
   37
   15
    0
   15
   35
   25
    5
    0
    0
    0
    0
    4
   35
   42
   41
    0
    0
   25
    5
    1
    0
    0
    0
    0
    0
    2
    0
    0
    0
    0
    0
    8
    7
    8
    0
    0
    0
    0
   24
    0
    0
    0
    0
    0
    0
   17
    5
  117
    1
   50
   75
   10
    0
    0
    0
    0
    0
    5
    0
    0
    0
    4
    0
    0
    0
    5
    2
    0
    0
    0
    0
    0
    0
    0
    0
    0
    0
    2
    0
    0
    1
    0
    0
    0
    1
    1
    0
    0
    0
    0
    0
   10
   10
   10
    2
    0
    1
    3
    0
    0
    0
    0
   40
   20
   42
   31
   14
   20
    5
   22
   14
   10
    0
    0
    0
    0
    0
    0
    0
   10
    0
    0
    0
    3
   45
    0
    0
    0
    3
   14
   17
    1
    1
    0
    0
    0
    0
    0
    0
    0
    0
   40
   10
    0
   45
   10
    0
   15
    5
    8
    2
    2
   40
    1
    0
    0
    0
    0
    0
    1
   87
   10
    5
    0
    0
    0
    0
    0
    0
    0
    0
    0
    2
    1
    0
    0
    0
   20
    0
   13
    0
   65
    8
   10
    0
    0
    2
   40
   59
    2
    1
    0
    4
    0
   99
   14
   25
  112
   84
    0
    1
   12
    6
    0
    8
   18
   43
    0
    0
    0
    0
    0
   44
    9
    0
    0
    0
    0
   41
    5
   24
    6
    0
    0
    0
    0
    0
    0
    2
    0
   35
   10
   18
    0
    0
    2
    0
    0
   14
  122
   23
    2
   31
    6
   17
   69
   85
  118
  310
   22
    0
  175
   90
    0
    0
    0
    0
    0
    1
    0
    0
    0
    0
   72
   68
   47
    0
    0
   58
    2
   27
    1
    0
    0
    0
    0
    0
    0
   48
    0
    0
    0
   54
   74
    3
    0
  124
    0
    0
    0
    0
    0
    0
    0
    0
    6
    1
    1
    0
   53
    0
    3
   10
    0
    0
    0
    0
   10
   80
    2
    1
    0
    0
    5
   38
  219
    8
    6
    5
    3
    0
    0
    0
   64
    0
    3
   20
   17
    3
    2
    0
   55
    1
   65
    8
    2
   24
   28
    0
    0
    0
   20
   15
    0
    0
    0
    0
   20
   59
   45
    5
    0
  115
   55
    0
    0
    1
    0
    0
   28
    0
   37
    4
   23
    2
    0
    0
    0
    8
    0
   55
    0
    4
   15
    0
    2
  101
    0
   24
    1
    1
   70
   20
    5
    0
    1
   10
   10
   30
   17
   26
   15
   30
   54
   13
    7
    0
    0
    0
    0
    0
    0
    0
    0
    0
    0
   65
    0
    5
    0
   27
   31
  195
   35
    0
    0
    4
    1
    3
    0
    0
    0
   10
    5
    9
   12
    0
    0
   32
    0
    0
    2
    1
    0
    1
    1
    0
    0
    0
    0
    0
    0
   18
   20
    8
    0
    6
    6
   20
   13
    0
    0
    1
    0
    0
    7
    0
    0
    0
    1
   67
    3
    0
    0
    0
    5
   30
   22
   28
    0
   30
    0
    0
   38
   10
    0
   31
    0
    0
    0
   69
   35
    0
    0
    0
    0
    0
    0
    0
    0
    0
    0
    0
    0
    0
    0
    0
   10
   42
  122
    4
   12
  122
   12
   39
    5
   24
    0
    0
   60
   17
    4
    4
    0
    0
    0
    0
   26
   17
   39
    9
    0
    0
    0
    0
   12
    0
   10
    5
    0
    0
    0
   45
    3
    0
    0
    0
    0
    0
   16
   16
   18
   25
   30
    5
    0
    0
    5
    5
   20
   85
    0
    0
    0
    0
    3
    0
    0
   13
    0
    0
    0
   54
    1
    7
   27
   82
   42
    5
    0
   10
   32
   11
    0
    0
    0
    0
    0
    0
    0
    0
    0
    0
    0
    0
    0
    0
    0
   23
   66
    0
    0
    0
   35
    0
   54
  123
    0
   12
   30
    4
   16
    0
    0
   81
   68
    4
   12
    6
   66
   87
    0
    0
    0
    0
    0
    0
    0
    0
    1
   18
   48
   54
  201
    8
  224
   89
    3
   49
    0
   65
    0
    0
    0
   10
   25
   80
   66
    0
    0
   64
   35
    0
    0
    0
    0
    0
    0
    0
    0
   60
   13
    0
    0
   20
   14
    0
    0
    0
    3
    0
    0
    0
    0
   95
   18
    2
    0
    0
    0
    1
    5
   62
   11
    0
    0
    0
    0
    0
   40
    7
    0
    0
    0
    0
    0
    0
    0
    0
    0
   16
    0
    0
    0
    0
    0
   11
    0
   10
   12
    0
    0
    0
    0
    5
    8
   78
   22
   56
   28
   55
   19
   39
    0
    0
    0
    0
    8
    0
    0
    0
    5
   10
    5
    0
    0
    0
    0
    0
    0
    2
    3
    2
   15
   10
    0
   16
    0
    0
    0
   13
    0
    0
   96
    0
    0
    0
    0
    0
    7
    0
    2
    0
    0
    0
    0
   16
    1
    0
   29
  110
  112
    1
    0
   90
   46
    2
    0
   26
   52
   51
   26
   58
    0
    0
    0
    8
   10
   30
   11
    0
    0
    1
   36
   18
    1
    4
    0
    0
    0
    0
    0
   17
   36
    4
    1
   15
    0
    0
    0
    0
    0
    0
    0
    5
   50
    0
    0
   70
   33
   13
    9
   24
    6
    0
    2
    5
   32
    2
    0
    0
    0
   12
    0
    0
    0
    0
    0
    0
    0
    0
    0
    0
    0
    1
    0
   28
    0
    0
    0
    0
   15
   66
    2
   41
    0
    2
    2
   16
   10
    4
    0
   56
   14
   56
    1
   46
    0
    0
    0
    3
    3
   14
   23
  120
   25
    8
   20
    6
    1
   10
    0
    0
    0
    0
    0
    0
    0
    0
    0
   39
    5
   16
    0
    0
    1
   20
   53
   20
   10
   44
    5
    0
    0
    5
    0
    0
    0
    0
    9
   53
    0
    0
    0
   17
   10
    2
    0
    0
    0
    0
  115
    1
    0
    0
    0
    0
    0
    0
    0
    0
    0
    0
    0
    0
    0
    0
    0
    0
    0
   53
    0
    1
    1
    9
   11
   18
   21
  130
   13
   35
   15
   51
    0
    0
    0
    0
  125
    0
    2
   15
   18
  305
    0
    0
    0
   94
   52
   11
    2
    0
    9
   12
   24
    0
    2
    2
    1
    0
    0
    4
    0
    0
   18
   75
   25
    3
   17
  100
   48
   10
   15
   12
  169
    0
    1
    5
    0
    3
    0
    0
   50
    0
   33
    0
    3
    0
   42
   20
    9
    1
    0
   10
   55
    0
    9
    0
    0
    0
    0
    0
    0
    0
  115
    0
    0
    0
    0
    0
    0
    0
    0
   17
   20
   25
   15
    1
  278
    6
   12
   90
    3
   23
    0
    0
  128
    2
  100
   19
    0
    0
    0
   19
   16
  103
  129
   99
   83
   82
   43
    0
    0
    0
    0
    0
    0
    0
    0
    0
    0
    0
    0
    0
  210
   26
   29
    0
    0
    0
  101
   19
    0
    3
   20
   22
    5
   30
    0
    0
   21
   10
    0
    0
   10
    0
   35
   95
    0
    7
   20
   60
   11
    7
   93
  104
   31
    5
   51
    0
    7
    0
    5
   70
   30
    2
    0
    1
   66
    2
   33
   32
    2
    0
    0
    0
    0
    9
    0
    0
    8
    0
    0
    0
   18
    7
    0
    0
   20
    2
   30
    0
    0
    0
    0
    0
   20
   15
   37
   21
    0
    0
   23
    0
   17
    0
   13
    0
    0
    0
    0
    0
    9
    0
    0
    0
    0
    0
    9
    0
    0
    0
   26
   20
    9
    0
   34
    1
    3
    0
    0
    0
    0
    0
    0
    0
   13
    9
    0
    0
   22
    0
   28
   20
   18
    5
   35
   10
    1
   38
   35
   11
   21
   34
    2
    0
    1
    0
    1
   17
    0
    1
   60
    2
    7
   81
    1
   58
    6
   68
    2
   30
   10
    0
    0
   20
   54
    0
    0
   28
    0
    0
    9
    0
   40
    0
    0
    0
    0
    0
    0
    0
    3
   10
    5
   10
    0
    5
    0
    0
    0
   38
    2
    0
    0
    0
    0
    0
    0
  212
   13
   45
    8
   10
    0
    0
   18
    0
   27
    3
   17
   41
   13
    0
    2
    0
   16
    0
    0
   19
   30
    0
    7
    0
    0
    0
    0
    0
    0
    0
    0
    0
    3
   17
    0
   22
   23
   39
    1
   27
   13
    0
    0
    0
    0
   72
   58
    4
    0
    0
    0
    0
    0
   50
    0
  177
    0
    0
   70
   19
    0
    0
    8
    0
   52
    0
   92
   10
    0
    0
    0
    0
    0
   65
  181
   20
   70
   18
    5
    0
    0
    0
    0
    0
   16
    0
   70
    2
    0
    0
   60
  132
  388
  108
   30
    2
    0
    0
   35
   35
   82
    0
    0
    0
    0
    0
    0
    0
   30
   20
    0
    0
    0
    0
    0
    0
    0
    0
    0
    0
    0
    0
   10
    0
    0
    0
    0
    8
    0
    2
    0
   55
    2
   46
    2
   88
    0
   15
    0
    0
    0
    0
    0
   18
    0
    0
    0
   25
   52
    0
    0
    0
    0
    0
   30
    0
    0
    0
    0
    0
    0
    0
    0
    0
    0
    0
    0
    0
  100
    0
   22
    0
    0
    4
   14
    0
    0
   19
    8
    2
    3
    7
    0
    4
    3
    0
   22
   64
    6
   10
    0
    0
   13
    0
    0
    0
    0
    0
    0
    0
    0
   11
    2
    5
    0
    0
    0
    0
    5
    7
    2
  125
    0
    0
    0
    0
   23
   91
  245
   96
    3
    0
   15
   24
    0
    0
    0
   23
   34
   13
   12
    2
    0
    0
    7
    0
    0
    0
    0
    0
   36
    7
   17
    7
    0
   12
   40
    0
    0
    0
   17
    1
   15
    5
    2
    0
    5
    0
    5
    0
    0
    0
    8
   10
    0
  120
   50
    0
    9
    1
    0
   32
    2
    0
   14
    0
    0
    0
    9
    0
    0
    0
    0
    0
    0
    1
   11
   48
   45
    0
   29
   21
   34
    3
    0
    0
    0
    0
    0
   64
   20
   30
   14
   25
   19
   26
    0
    0
    4
   33
    1
   34
    0
   12
   30
   16
   36
   23
    3
   30
   29
   15
    1
   27
   11
  128
   83
    0
    0
   32
    0
   50
    5
   31
    8
    0
    0
    6
   53
   98
   41
   46
   21
   17
   88
   20
   93
   54
    0
    0
    0
    0
    0
    0
   30
    0
    0
   55
   11
   47
   54
   12
    8
    0
    0
   17
    0
    0
   11
    0
    0
    0
    1
   20
    0
    0
    0
    0
    0
   28
    8
    0
    0
    0
    0
    0
    0
    0
    0
    0
    0
   82
   29
    0
    0
    0
    0
    0
    0
   26
    0
    0
    0
    0
    0
    0
    0
    0
   48
    2
   16
   40
   38
   97
    0
    0
   11
    0
    0
    0
   29
   19
    0
    0
    0
  135
    0
    0
    0
   16
    0
    0
  256
  196
    0
    0
    0
   50
    0
    0
    0
    0
    0
    0
    0
    0
   38
   18
    2
    0
    0
    0
    0
    9
   51
   30
   27
   43
    0
  132
    9
    9
    9
    1
    0
   14
   21
    0
    0
   12
    0
    5
    3
    0
   31
    0
    1
    2
    5
   17
   12
   10
   40
    0
    0
   99
    0
    0
    0
    0
   35
    0
    0
   25
    0
    0
    0
    0
   59
    0
  147
    0
   60
  176
   60
    0
    0
    0
    0
    0
   63
   58
    0
    0
    0
  140
   15
   70
    1
   12
   39
   15
    0
    0
    0
    0
    0
   28
    0
    5
   14
   12
    0
    0
    0
   49
    0
    0
    0
    0
    0
   15
    0
    0
    0
  100
    1
    0
    0
   19
   73
  110
    0
   14
    0
   10
    4
    0
    0
    0
    0
    0
    0
    0
    0
    0
    0
    0
    0
    0
    0
   34
   17
    0
    0
    0
    0
    0
   24
    0
    0
    0
    0
    0
    0
    0
    0
    0
   13
   80
    5
    2
   27
    0
   26
    0
   10
    0
    1
    2
    1
    4
    0
   76
    0
    0
    3
    0
    3
    0
    0
    0
    8
   10
    0
   15
    2
    6
    0
   33
   51
    0
    0
    0
    0
    0
    0
    0
    0
   90
   27
   30
    0
    0
    0
   11
    0
   18
    3
    0
    5
   40
   15
    0
    0
    0
   14
    0
    0
    0
    0
    0
    0
    0
    0
    0
    1
    4
   24
    5
   21
   29
    0
   12
    0
    0
    2
    9
   20
   26
   67
   48
    0
    0
    0
    0
    0
    0
    0
   10
    0
    0
    0
    0
   15
    0
    0
    0
    0
  111
    3
    1
    1
   16
    0
    0
    0
    4
   36
   50
    2
    0
    0
   48
    0
   45
    2
   71
    5
    1
    9
    0
  148
   23
    3
    0
   68
   13
  100
   88
  115
    1
    0
    0
   34
   21
    0
    0
    0
    2
   72
    4
   16
    6
    6
    0
   85
    7
    3
   23
    1
   70
    3
    4
    2
    1
   11
   11
    1
    0
    0
   41
   23
    7
    1
    0
    0
    0
    0
   65
   25
  149
   96
    3
    0
    0
    0
    0
    0
    0
    3
    4
   34
  160
    9
    0
    0
    0
    0
    0
    0
    0
    0
    7
   72
    0
    0
  253
    3
   30
   99
   38
    0
    0
   45
   22
   23
   46
    3
    0
    0
    0
    7
  138
    3
  138
    0
    0
   12
   57
    0
    0
    0
    0
    0
   10
    0
   45
    0
    0
    0
    0
    0
    1
  338
  102
   45
    0
    0
    0
    9
   33
  280
   50
    0
    0
    0
    8
    0
    0
    0
    0
    0
    0
    0
   10
    0
    0
   25
    0
    0
    0
   38
   13
   27
    4
    3
    0
    0
   15
    0
   15
    6
    0
    5
    0
    0
    0
  108
    6
    0
    0
    0
    0
    0
   19
    0
    0
    3
    0
    0
   22
   22
    6
   45
   14
   80
  145
   60
   45
   45
   14
   78
    2
    4
   38
    2
   14
   21
   15
    0
    5
    0
   85
   28
    2
    4
    5
    0
   45
   82
    0
   58
   35
    3
    0
    9
    4
    0
    0
    0
    0
    0
    0
    0
    0
    0
    0
    0
    0
   33
   11
    0
   35
   34
    0
    3
   21
   11
    0
   15
   35
    0
    0
    0
    0
    8
   98
  108
   10
    0
    0
   32
    0
    0
    0
    0
    0
    4
    9
    0
    0
   55
    1
   25
   10
   16
   24
    9
   40
    0
   36
    5
    1
   31
   26
   60
   12
    0
    0
    8
   36
    5
    1
    7
   20
   14
   17
   15
   45
    0
   23
   39
    0
    1
    0
    3
    8
   14
  138
    7
    8
