Station: Quellendorf , scaling_factor: 10.0, latitude:  51.7468, longitude:  12.1299, altitude:  81, nodata_value: -9
start: ..1969-01-01  end: ..2002-12-31
  176
   53
    0
    1
    0
    0
    0
    0
    0
    0
    0
    0
    1
    0
    1
    0
    0
    0
    2
    0
   16
   92
    1
   34
   72
    3
    6
    2
    0
    0
   16
   16
   15
    3
    0
    0
    0
    0
    1
    4
   13
    2
    5
   14
    1
  235
   39
    1
    0
    4
    0
    0
    0
    0
   10
   39
    0
    0
    0
    0
    0
    0
    0
    0
    0
    0
    0
    0
    0
   30
   55
   92
   34
   54
   16
    0
    0
    0
    0
    0
    0
   20
    0
    0
    0
    9
    2
    0
    6
   55
    0
    0
    0
    0
    0
    0
    0
    0
    0
    0
   73
   47
    1
    6
   64
   16
   32
    0
    3
    0
   10
   80
   39
   28
    0
   20
   44
   18
   35
    7
    5
    0
  178
   90
    0
   18
   22
    0
    4
    0
    0
    0
    0
    0
    0
   42
    0
   21
    5
   93
   25
    0
    0
    0
    1
  121
    0
   10
    0
   20
    5
   28
    6
   48
    1
    9
   53
    0
    0
    0
    0
    0
    0
    0
   87
    1
    0
    0
    3
    1
    0
    0
    0
    0
   98
    5
    4
   56
   43
   85
    0
    0
    0
    0
    2
    0
    0
    0
   16
   46
   24
   81
    0
    1
    0
    0
    0
    2
    0
    0
    0
    0
    0
    0
    0
    0
    0
    0
    0
    0
    0
    0
    0
    0
    0
    0
    0
    0
    0
    0
    0
    0
    0
    2
   18
   50
   72
   62
    0
    0
    0
   39
   15
   10
    0
    0
   18
   30
   11
   65
  176
   31
    0
    0
    0
    0
    0
    0
    0
    0
    0
    0
    0
    0
    0
    0
    0
    0
    0
    0
    0
    0
    0
    1
   20
    0
    0
    0
    0
    9
    0
    0
    2
    0
   59
   10
    0
    0
    0
    0
    0
    0
    0
    0
    1
    0
    0
    0
    0
    0
    0
    0
    0
    0
    0
  219
    1
    3
    0
    0
    0
    3
    4
    7
    0
    0
    0
   20
    0
    0
   28
   38
   53
    0
    0
    8
    6
    2
    0
    0
    0
    3
    5
    3
    0
    7
   10
   71
    0
    0
    9
    0
   76
    0
    0
   20
  104
    0
    0
    0
    9
    3
    0
    0
    0
    0
    0
    0
   45
    7
    0
   58
    3
    3
    0
    0
   24
    0
    0
    0
    0
    0
    7
    6
   12
   20
   22
   38
   22
  103
    0
    0
    0
    1
    0
    0
    0
    0
    0
    0
   23
    0
    0
    0
    0
    0
    0
    1
    0
    0
   42
   94
    7
    1
    0
    1
    0
  143
    0
    0
   24
    0
    0
   31
    0
   35
   10
   13
   20
    0
    0
   24
    6
    3
   49
    2
   59
  228
   90
   15
    0
   15
   47
    3
   52
   42
    2
   70
  150
    0
    0
    0
    0
    0
    0
    0
    6
    0
    6
    3
   20
   14
    6
   23
    0
    0
    0
   25
    3
    0
    0
   37
    3
    0
   20
    1
    3
    2
    0
    7
    3
    0
    3
  171
    0
    3
    0
   30
    0
    3
   75
    3
    0
   28
   20
    1
    2
    0
   13
   24
    6
    0
    1
   38
   68
   41
    2
    8
    0
    0
    5
    0
    0
    0
    0
   25
   91
    3
    0
    0
    0
    0
    0
   32
   16
   13
    6
    1
    0
   23
   46
  194
   81
   12
   35
   45
    4
    0
    0
    1
    6
    0
    0
    0
    2
  269
   11
    0
    0
    0
    0
    0
    0
    0
    0
    0
    0
   75
   18
    8
    0
    0
    0
  140
   70
    0
   95
   42
   10
   10
    0
    0
    0
    0
    9
   16
    7
    0
    0
   22
   17
   18
    0
    0
  108
   24
    0
    0
    0
   17
  120
    2
    0
    0
   78
    0
   59
   48
   58
    6
    0
    0
    0
   51
   28
    8
   11
    0
    0
    0
   33
    0
   43
    8
    0
    0
   84
  355
  305
    0
    2
    4
    0
   45
    4
    0
    0
    0
   59
    0
   37
    2
    0
    0
    0
   10
    0
   31
   77
    1
   12
    2
    3
    0
    0
    0
    0
    0
    3
    0
    0
    2
    0
    0
    0
    0
    0
  115
   38
   42
   19
   56
    0
    0
    0
    0
    0
    0
    0
    0
   12
    0
    0
    1
    0
    0
   33
    3
   23
   30
    4
   50
    0
   30
    4
   35
    0
   10
  137
    0
  141
   82
    2
   61
   45
    0
    0
   41
   18
   40
   24
    0
   48
    0
    2
   22
   44
    0
    0
   58
   55
    0
    0
    0
    0
    5
    0
   35
    0
   24
   30
   45
   40
    2
    0
    1
    0
    2
    2
    0
    0
    0
   12
    0
    0
    0
    9
    0
    1
   17
    9
    9
    0
    0
    2
    0
   77
    0
   58
    1
    1
    2
    0
    0
    0
    0
    0
    0
    0
    0
    0
    0
    0
    0
   24
   25
    0
    0
    4
    0
    1
    0
   89
    0
    0
    5
   22
   25
    0
    0
    0
    1
    0
   33
   10
    1
    3
    2
   14
    0
    0
    0
   12
   11
    0
    0
    0
    3
    0
    2
    0
   30
   19
   13
   24
   30
    2
    9
   40
    2
    1
    0
    5
    1
    0
    0
    0
   16
   14
    0
   15
    0
    0
    0
    0
    0
    0
   11
    0
    0
    0
    0
   27
    4
    9
    0
    0
    0
    3
   27
    0
    1
    3
    0
    0
    0
    0
    0
    0
    0
    0
    0
    0
    0
    0
    5
    2
    0
    0
    2
    0
    0
    0
  173
   26
   31
    8
    0
    3
    0
    0
    0
    0
    0
    0
    0
    0
    0
   21
    0
    0
    0
   69
   42
    5
    0
    0
   73
    0
  110
    0
    0
   15
   24
    0
   88
    8
    0
    0
    2
    4
    0
    0
    0
    0
    0
    4
   27
    0
   24
  130
    1
    5
   15
    3
  144
   23
   16
   50
   37
   45
    1
   66
    0
    0
    0
   66
   37
  151
   13
   23
    0
   16
    0
    0
    0
    0
    0
    0
    0
   91
    0
    0
    0
   36
    0
    0
    0
    0
    0
    0
    0
    0
    0
   44
    0
    0
    0
  146
    0
    0
    0
    0
    1
    1
    0
    0
    0
   28
    0
    0
    0
    0
    2
    0
    6
    0
    0
    0
    0
    0
    0
  220
  353
    8
    0
    1
   15
   80
    0
    0
   45
    1
    0
    0
    0
    0
    0
    0
    0
    0
  103
    0
    0
    6
    0
   19
    0
    0
    7
   70
    0
    0
    0
    0
    3
    0
   50
    0
    0
   39
    0
    0
    0
    0
    0
    1
    0
    0
    0
    0
    0
    0
    0
    0
   61
   37
    0
    0
    0
    0
    9
   26
    6
    0
    0
    0
    0
    0
    0
    0
    0
    0
    0
    0
    0
    0
    0
    0
    0
   18
    0
    9
    0
    0
    2
    6
   10
    6
   46
   41
   40
    0
    0
   30
    0
   26
    2
    0
    0
    0
    0
    0
    0
   10
    2
    0
   13
    3
    6
   15
    2
   76
   22
    6
  105
    6
    2
    0
    0
    0
    0
   86
   46
   13
   46
   46
    1
    0
    0
    0
    0
    2
   26
    0
    0
    0
   16
    0
    0
    0
    0
    0
    0
    0
    0
    0
    0
    0
    0
    0
    0
    0
    0
    0
    0
    0
    0
    0
    2
    0
    2
    1
    1
    0
    0
    0
    0
    0
    0
    0
    3
    0
    0
    0
   24
    3
    0
    0
    0
    0
    0
    0
    0
    0
    1
    0
    0
    0
    0
   12
    3
    0
    0
    0
    1
    0
    0
    0
    0
    0
   39
    0
    0
  228
    0
    0
    0
    0
    0
    0
    0
    0
    0
    0
    0
    0
    0
    0
    0
    4
   25
    4
   28
    1
  107
    0
   41
   16
    1
   15
   26
   13
    0
    0
    3
   10
    5
    0
    0
   77
    0
    0
   67
   78
    0
   41
    1
    0
    1
    0
   10
   20
    3
    1
    0
    0
    0
   17
    1
    0
    0
    0
    0
    6
  125
    0
    0
   51
    0
    0
  245
    0
   26
   74
    0
  101
    0
    0
   29
   39
   11
   26
   30
   16
    0
    0
   18
    0
    0
    0
    0
  215
   53
    0
    0
    6
   15
  188
    0
    0
    0
    0
    0
    0
    8
    0
    0
   61
   22
    0
    0
    0
    0
    0
    0
   42
    0
    6
   32
    0
    0
    0
    0
    0
   82
  114
    0
    0
    0
    0
    0
    0
    0
    0
    0
    0
    0
    0
    0
    0
    1
    1
    0
    0
  180
  137
    1
    0
    1
   14
    6
    2
    0
    0
    0
  116
    0
   80
    0
  187
    0
  165
    0
   87
   95
    0
    0
    1
    2
    0
    1
    1
    2
    0
    0
    0
    0
    0
   19
    0
    0
    0
    0
    0
    0
    0
    0
   99
    3
    1
    6
   11
    0
   70
   94
   15
    0
    0
    0
   25
   35
   17
    7
   45
   24
   25
    0
    1
    0
    0
    0
    0
    0
    0
    0
    0
    0
    0
    1
    0
    0
    0
    1
    0
    1
    0
    7
   18
    1
  117
    8
    1
    0
   17
    0
  157
    1
    1
    0
    0
    0
    2
    1
    1
   14
    0
    0
    0
   37
   27
   28
    0
    0
    0
    0
   36
   10
   20
   17
    0
   15
    2
    4
    0
    0
    0
    0
    0
    0
    0
    0
   16
    0
    0
    0
    3
    0
    0
    6
    1
    0
    2
    1
    0
    0
    0
    2
    0
    0
    0
    0
    0
    0
    0
    0
    0
    0
    0
    0
    0
    0
    0
   12
    1
    7
    5
    7
    3
    6
    1
    2
    1
    0
    0
   61
   27
    1
    0
    8
   15
   17
    0
    0
    0
    0
   44
   38
    1
   13
    9
   42
    2
    1
    0
    0
    0
    0
   10
   18
    3
   25
   16
   38
   15
    0
    0
    0
    1
   47
    3
    1
    0
   15
   39
   62
   10
    9
    0
    0
    0
   18
   37
    2
    0
    0
   41
   34
    0
    0
    7
    3
    0
    0
    0
    0
    8
    9
    0
    0
    0
    0
    0
    0
    0
    0
    0
    0
    0
    0
    0
   23
   33
   64
    0
   29
    2
   10
    0
    2
    3
   19
   32
    0
    0
    0
   10
   10
   27
    7
    0
    6
   37
    0
    0
    0
    0
    0
   11
   20
    0
   18
   70
    0
    0
  150
    0
   24
   28
    4
    0
    0
    0
    0
   72
   14
    0
    0
    0
    0
   41
   35
    0
   55
   14
    4
    0
    0
    0
    0
    4
    8
   14
   18
    0
    0
    0
    1
    0
    0
    0
    9
    0
    0
   23
    0
    1
    0
   52
    0
    0
    0
    0
    0
  100
    0
    3
    0
    0
   13
    1
    0
    0
    0
    0
    0
    0
    0
   18
    0
    0
    0
   13
    5
   14
    0
   98
    0
    1
   68
    8
   18
    0
   39
   45
   39
   10
   64
  110
   15
    0
    0
    0
    0
    0
    1
   35
    0
    5
   70
   35
    0
    0
    0
    0
    0
    0
    0
    0
    0
    8
    7
    0
    0
    0
    0
    0
    0
    0
    0
    0
    0
  108
   11
    0
   14
    0
    0
    0
    0
    0
    0
   41
    0
    0
    0
    0
    0
    0
   20
    0
    0
   68
   70
   30
    0
   35
   60
   10
    0
    0
   30
   12
    0
    0
    0
    0
    0
    0
    0
    0
    0
   13
    1
   83
    0
    0
   12
   51
  103
   14
    0
   70
   95
   41
   70
   48
    0
    0
    0
    0
    0
    0
    4
    0
    0
    0
    0
    0
   42
    1
    1
    7
    2
   37
    1
   24
   33
   24
   14
   19
    0
    0
    1
    0
    0
    0
    2
   20
    4
   44
    1
    4
   31
    0
   14
    5
   18
   29
    1
   18
   98
   10
    0
    0
   11
    1
   37
    0
    8
    8
   10
    0
    0
    0
   12
    0
    0
    0
   10
    0
    0
    1
    0
    0
    0
    5
    0
    0
    0
    0
   44
   65
    0
    0
    0
   18
    0
    0
   29
    5
   20
   38
   94
    0
    0
    0
    2
    0
    0
    0
    0
    9
    4
    0
    0
   13
    0
    1
    0
    0
   11
  165
   16
   32
    0
    0
    0
    0
    1
    1
    0
    0
    0
    1
   13
    0
   31
  125
   60
    0
    0
    0
    0
    0
    0
    0
    0
    0
   13
    0
    2
    0
    0
    0
    0
    0
    0
    0
    2
   20
   41
   61
   14
    0
    0
    0
    0
    0
    0
    0
    0
    0
    0
    0
    0
    0
    0
    0
    0
    0
    0
    0
    0
    0
    0
    0
    0
    0
    0
   42
    0
    0
    0
    0
    0
   11
    0
    0
   39
    0
    0
    0
    7
    1
    0
    0
    0
    2
    7
   44
   52
   16
    0
    0
    0
  127
   15
   11
   94
    0
    0
    0
    0
    0
   24
  120
   33
    1
    1
    0
    0
    0
   17
    5
    0
   54
    7
    0
   20
    0
    0
   12
   17
   90
   18
    4
   60
   34
    2
   39
   41
    2
   10
   41
    0
   82
    0
    1
   10
    7
    0
   47
   97
   47
    0
   10
  160
    0
  112
   37
   17
   29
    7
    2
   47
   27
   46
    0
   10
    1
    0
    1
    0
    0
    0
   29
    0
    0
    6
   97
   57
    1
    4
    0
    0
    1
    0
    0
   92
    0
   14
   25
    0
    0
    3
   32
    3
  177
   24
    0
    0
    0
    0
   80
   21
   52
  268
    0
    0
    0
    0
    0
    0
   50
    0
    0
    0
   25
   25
    0
  100
   35
    1
   37
    0
    0
   42
    1
    0
    0
    4
    0
    0
    0
    0
   59
    0
    0
    0
    1
    0
    5
    5
    1
   16
   90
    0
    0
    0
   66
   17
    0
    5
    0
   24
    0
   21
    0
    0
    1
    1
   15
   52
   92
   12
    0
   30
   27
  127
  387
    0
   15
   50
   24
   35
   51
    1
   52
   32
  151
   22
    1
    1
    0
    0
    0
    0
    8
   16
    0
    4
    0
    0
    0
    0
    0
    7
    0
    0
    8
   40
    1
    8
   16
    1
   15
   40
    2
    8
   20
   20
    0
   50
   40
  100
   83
   42
   12
    0
   24
   72
    0
   22
    2
   52
   18
   10
    1
    0
    0
    0
    0
    0
   82
   22
   11
   25
   32
   48
   32
    9
    0
    0
    0
    0
   22
   15
   24
    0
    0
    0
    0
    0
    0
    0
    0
    0
    0
   29
    1
   13
   15
    5
    0
   55
    0
   35
    0
    6
   10
   15
    2
   19
    0
    0
    0
    0
    0
    0
    0
    0
   11
    1
   20
   10
    0
    0
    0
   15
   10
    0
    0
    0
    0
    0
    0
    0
    0
    0
    0
    2
    0
    0
    0
    0
   22
    0
    0
    4
    1
    9
    0
   44
    0
    6
    0
    0
   46
    6
    0
    0
    0
   70
   55
   29
   39
    1
    2
    0
    0
    1
   32
   42
   16
   50
   47
    0
    1
    0
    0
    7
   25
   14
  120
   50
   25
   40
    0
    0
    8
    0
    0
    0
    0
   17
    0
    0
    0
    0
    0
    0
   20
   25
    0
    0
    0
    0
   42
  181
   12
  162
   31
    0
    0
    0
    0
    0
   10
    0
    0
    0
    0
    0
    0
    0
    0
    0
    0
    0
    0
    0
    0
    0
   22
    3
    0
    0
    0
    0
    4
   66
    0
    0
    1
   19
   42
    1
    0
    1
    0
    2
  565
  125
    0
    3
    0
    0
    0
    0
    1
    0
    0
    0
    0
    0
    0
    0
    0
    0
    0
    0
   27
    0
    0
    8
    0
    0
    0
    1
    0
    0
    0
    0
    0
    3
   13
    0
    0
    0
    0
    0
    0
    0
    0
    0
    0
    0
    0
    0
    0
    0
    0
    0
   31
    0
    0
   71
    0
    2
    0
    0
    1
    0
  360
    0
   51
    1
    0
    0
    0
    0
    0
    0
    0
    0
    1
    2
    0
    0
    6
    0
    0
    0
   55
   40
   12
    1
    0
    0
    0
    0
    0
    0
    0
    0
    0
    0
    0
   15
   18
   15
    0
    2
    3
   10
   45
   13
   32
    0
   22
    1
   22
    7
    0
   12
   10
    1
    0
    0
   44
   32
   75
   10
   39
    2
   32
    1
    1
    1
    2
    1
    1
    1
    0
    0
    0
    0
    7
    1
    0
    0
    0
    0
    0
    0
    0
    0
   22
    0
    0
    0
    0
   90
   36
   29
    0
    0
    0
    0
    0
    8
    1
    3
    1
    0
    1
    0
   14
    1
    2
    7
    2
    1
   13
    0
    1
   24
    0
    0
    2
    0
    0
    2
    3
    0
    0
    0
   12
    5
   20
    0
    0
    0
    0
    6
   98
   28
    6
    2
   13
   23
    0
    0
   30
   97
   10
   60
   98
   51
   21
    6
    6
    0
   14
   66
   71
   27
   10
    3
    0
    0
    0
    0
    0
    1
    0
    0
    0
    0
    0
    0
    0
    0
    0
    0
   20
    0
   12
   79
    0
    0
    2
    0
    0
    0
    0
    0
    0
    0
   39
    0
    0
    0
    0
    8
    0
    0
    0
    0
    0
    0
    0
    1
   10
    3
    0
    0
    0
    0
    0
    0
    1
   31
   14
    0
    1
   10
    0
   10
   28
   37
    0
    0
    1
   15
    0
    0
    0
    0
    0
    0
    6
    2
    0
    0
    0
    0
    0
    0
    0
    0
    0
    0
    0
    0
    0
    1
    3
   11
   31
    0
    0
   11
    0
    0
    0
    0
    1
   26
   21
    0
    0
    0
    0
    0
    0
   40
    0
   15
    0
    0
    0
    0
    0
   10
   39
   71
    0
    0
   12
    0
    5
   53
    7
   37
   35
   11
    0
    0
    0
    2
    0
    0
    0
    0
    0
    0
    0
    0
    0
    0
   95
   20
    0
    0
   12
   13
    0
    0
    0
    0
    0
    0
    0
    0
    0
    0
    0
    0
    0
    0
    0
    0
    0
   20
  110
    0
    0
    0
   18
   53
    0
    0
   19
   19
    0
    2
   75
    0
    0
    0
    8
    0
    0
    0
    0
    0
  145
    9
    7
   45
   18
    0
    0
    0
    0
    0
    0
    0
   18
    0
    0
    0
    0
    0
    0
    0
    0
    0
    0
    0
    0
    0
    0
   43
   46
    0
    6
    0
    0
   32
    0
   33
    0
    0
    0
    0
   85
    0
    0
    0
    0
   10
    5
    0
    0
    1
    0
    0
    0
    0
    0
   18
    0
   20
  110
   23
   13
    1
    0
    0
   43
   25
    0
   30
    0
    0
    0
    0
    0
    0
   33
    0
    0
   39
   77
    0
    0
    0
    0
    0
    0
    0
    0
    1
    2
    0
    0
    1
    0
    0
    1
   55
    0
    0
    0
   99
    0
    0
    0
   25
    0
    3
   21
    6
    1
    0
    0
    2
    0
   26
    9
   28
  120
   20
    1
    0
    0
    0
    3
    0
   10
    1
    0
    0
    3
    2
    0
    2
    1
   16
   10
   11
   16
    5
   17
    0
    0
    0
    0
    0
    0
    0
    2
   10
    0
    5
    0
    0
    0
    0
    0
    0
    0
    0
    0
   10
    4
   15
   15
    0
   36
  168
    0
    0
    0
    2
    0
    0
    2
    0
    0
   20
    0
    0
   47
    0
    1
    0
    0
    0
    0
    0
    0
    8
    0
   12
   12
   27
   32
    0
   23
    0
    2
    1
    0
    0
    1
   14
   15
    3
   60
    0
    0
    0
    0
   40
   15
   15
    0
    0
   34
    3
   31
    0
    5
    7
    0
    0
    0
    0
  287
  148
   14
    0
    0
    0
   48
   55
    0
    0
    1
    0
    0
    0
   20
   80
   33
    0
    0
    0
   38
    0
   11
    0
    8
   10
    5
    1
    1
   10
   18
   18
   19
   43
   24
    0
    0
    0
    0
    0
   12
    0
    0
   12
    2
    3
    0
    0
   10
   91
   65
    0
    0
    0
  110
    0
    0
   11
    0
   10
    0
   18
    1
    0
   26
   83
    0
    0
  194
   73
    1
    0
    0
    0
    0
    0
    0
    0
    0
    5
    0
    0
   18
   40
   10
    1
    0
    0
   52
    0
    1
    0
    0
    0
  160
    1
    0
    0
    0
  463
    2
    0
    0
    0
    0
  147
    0
    0
   63
   57
    0
    0
    0
    0
    0
    0
    5
    5
   26
   47
   34
    0
    0
    0
    0
   10
    0
   10
  100
    0
   14
    0
    0
    0
  100
  142
   10
   54
    5
    0
    0
    0
   28
    0
    0
   34
    0
    0
  107
    0
    0
   45
  185
   38
  118
    0
    0
    0
   31
    0
  210
    1
    0
    0
    0
    0
    0
  313
    3
    0
    0
    0
  234
    0
    0
    0
    0
    0
    0
    8
  288
    0
   78
    0
    0
    0
    0
    8
    0
    0
    0
    0
    0
   51
   56
    0
    0
    0
    0
    0
    4
    1
    2
   30
    4
    4
   38
   57
    0
    0
    0
    0
   95
    1
    0
    0
    0
    0
    1
    1
    0
    2
    0
    0
    0
    0
    0
    0
    0
    0
    0
    0
    0
  100
   20
  160
    0
   40
    0
    0
    0
   82
  124
    1
    0
   85
    0
   54
    0
    0
    8
   65
    0
    0
    0
   47
    0
    0
    5
   20
    5
    0
    5
    4
    3
    1
    0
    0
    0
    5
    0
    0
    0
    0
   52
  125
    0
    3
    5
    0
    0
    0
    0
    0
    0
    0
   15
   20
    0
    0
   58
    0
   38
   28
    8
    1
    3
    1
    1
   18
   14
    0
    0
    0
    3
    0
    0
    0
    0
    0
    0
   37
    8
    0
    0
    0
    0
    0
    2
   16
    8
    0
    3
   13
    0
    0
    7
   22
   15
    1
    0
    0
    0
   19
   10
    0
    7
    2
    0
   27
    0
    2
    0
    0
    0
    0
    5
    0
    0
   20
    0
    2
    0
    0
    0
    2
    0
   15
    0
    0
    1
  118
    0
    0
    0
   20
   30
    0
    1
    1
    0
    8
   50
    3
    8
    0
   48
   18
   28
    0
   23
    0
    2
    0
    0
    0
    1
    2
   12
    0
    0
    0
    0
    0
    3
   11
    0
    0
    0
    0
    0
    0
    0
    0
    0
   39
    6
    0
    0
    0
    0
    0
    0
    0
    0
   85
  135
    0
    0
    0
    0
   34
   25
    0
   60
    1
   29
    3
    0
    0
   48
   20
    0
   19
   69
    0
   37
   37
    0
    0
    0
    0
    0
    0
    0
    0
    0
    2
    0
    0
    0
    0
    3
    0
   33
    0
    0
    3
    9
  226
    0
    0
    0
    0
    0
    0
    0
    0
   42
    0
   26
   24
   35
    0
    0
   83
    0
   81
   12
    0
    1
   12
   56
   80
   61
    0
    0
    0
    0
    0
    0
   14
    0
   67
   33
   13
    0
    0
    0
    3
    0
    0
    0
    0
    0
    0
    0
   85
    0
    1
    0
    0
   28
  220
  281
   10
    7
    0
    0
    0
    0
   10
   17
   22
    0
    0
    0
    0
   76
    0
    0
    1
    1
    9
   14
   60
   68
    0
   22
   10
    0
    0
    0
   30
  113
    0
   21
   10
  136
    6
    1
    6
    0
    0
    0
    0
   85
   53
    5
  177
   53
    0
   10
    0
    0
    5
   45
   10
    0
    0
   50
  135
   85
    0
    0
    0
    0
    0
    0
    0
    0
    0
    0
   42
   18
    0
    0
   10
   18
   76
    0
    6
   70
    4
    1
    1
    0
    0
    0
    0
    0
    7
    0
    0
    0
    0
    0
    0
    0
    0
    0
   13
    0
    0
    5
    0
    0
    0
    0
    0
    0
    0
    0
    0
    0
    5
    1
   10
   95
   57
    2
    0
    0
    0
    0
    0
  105
    0
    0
    5
    7
    0
   37
   38
   18
    0
    0
    0
    0
    0
    0
    3
   22
   50
    2
   42
   97
   42
  116
   24
    0
    0
    1
    1
    3
    0
   27
   48
   49
    0
   13
   68
    3
    2
    1
   65
    0
    0
    0
    0
    0
    0
   59
    2
    0
    0
   14
    5
    2
    0
    1
   21
   42
    0
    1
    0
    0
   11
    1
    0
    0
    0
   26
   73
   50
    0
    0
   92
    0
    0
    0
    0
    0
    1
    1
    0
    0
    0
    0
    5
    1
    6
   57
    0
    0
    0
    0
   28
   16
   67
   10
   10
   33
   11
   64
    5
   37
    0
   54
    0
    9
    1
    0
   44
   17
    0
    0
   27
  100
    0
    0
   21
   27
  270
   27
    0
   55
    0
    0
    0
    0
    0
    0
    0
    0
   60
   11
    0
    0
    0
    0
   23
    0
    0
   40
    0
    0
    0
   54
   41
   15
    0
    0
    1
    4
   65
    0
    0
    0
    0
   34
    0
    0
    0
    0
    0
   13
  103
    0
    0
    0
    0
    1
   20
   42
    0
   99
    0
    0
    0
    0
    0
    1
   50
    0
   27
   47
  167
   51
    5
    0
    0
   43
   13
    0
   21
   24
    0
    0
    0
    0
    0
   19
    0
    0
    0
    0
   12
    0
   38
    8
    0
    0
    0
    0
    0
    0
   18
   20
    2
    0
    0
    0
    0
    0
   12
    4
    0
   43
    1
    0
   19
    8
   10
   10
   50
  121
    0
    7
  270
    0
    8
   37
    5
    0
   30
    0
    0
    0
    5
   70
   30
    0
    0
    0
    0
    0
    0
    3
    0
    0
    0
    8
    1
    0
    0
    5
   18
    4
    0
    0
    0
    0
    0
   28
   55
    5
    0
    0
    0
    5
   55
    0
    0
    0
    0
    0
   13
    0
    0
    0
    0
   44
    4
   85
   13
    0
    0
    0
    0
    0
    0
    0
    0
    0
    0
    0
    1
    0
    0
    0
    0
    0
    0
    0
    0
    0
   15
   17
    0
   10
    0
    0
    0
    0
    0
    0
    0
    0
    0
    0
    1
    0
   35
   15
    9
    0
  170
   25
    8
   35
  189
    0
    0
    0
   12
    0
   14
  117
    0
    0
   21
    0
    1
    8
    0
    0
    0
    0
    7
    3
    0
    0
    5
   20
    0
    0
    0
    9
    0
   95
    0
  105
  105
   99
    0
   55
   65
   12
   12
    8
    0
    0
    7
    0
    0
    0
    0
    0
    0
    0
    4
   47
   20
   35
   14
    4
    0
   48
    0
    0
   16
    0
    0
    3
    0
    0
    0
    0
    0
    2
    0
    0
    0
    0
    5
   50
    0
    0
   30
   20
    0
    0
   15
   15
   39
    1
   10
   98
   50
   34
   13
    0
    0
    0
    8
    0
   11
    0
    0
    0
    2
    0
    0
    0
    0
    0
    0
    0
    0
    0
    0
    0
   10
    8
    0
    9
    8
    4
    0
   36
    0
   18
    4
    0
    0
    0
    0
    0
    0
    0
    0
    6
    1
    0
    0
    0
    0
    0
    0
    2
   50
   88
    1
    8
    0
   85
  225
   58
    1
    0
    0
   16
   16
    3
   11
    0
    0
    0
    0
    0
    0
    0
    2
   29
    0
    0
    0
  101
  204
    0
  200
  115
    0
    0
    0
    0
    0
    0
    0
    0
    0
   10
  120
    0
    0
    0
    0
    0
    0
    0
    0
    0
    0
   16
    0
    0
    0
    2
    0
    0
    0
    0
    1
    2
   16
    0
    0
    0
    0
    0
   16
    0
    0
    0
    0
   26
  105
    0
    0
  206
   10
    2
   86
   40
   51
   27
   29
   25
    0
    0
   77
   65
    5
   25
   55
   88
   16
   56
    1
    0
   21
    0
   16
    1
    0
   50
  399
    0
   58
   70
   49
    0
    0
   11
   63
   64
  138
    0
    0
    0
    0
    0
    0
    0
    9
   40
   34
    0
    0
    0
    0
    7
    0
    0
   60
    0
    0
   15
   66
    0
    0
    0
    0
    0
    0
   41
    2
   67
    0
    0
   22
    0
    0
    0
    0
   40
   11
   85
    0
    0
    0
    0
   22
   62
    0
    0
   17
   60
   59
    0
    3
   29
    7
    0
  120
    0
    0
    0
    0
    0
    0
    0
   45
    0
    0
    0
    0
   24
   27
    0
    0
    2
    0
    1
   50
    0
    1
    0
    0
   15
  235
    0
    0
    2
    1
    1
   30
    0
    0
    0
   28
    2
    0
    0
   50
    8
    2
    2
    0
    0
    0
    0
    0
    0
  101
   72
    0
    0
    0
    1
    0
    0
    2
   57
   20
    2
    0
    2
    0
    0
   22
    0
    0
   55
    0
    7
    0
   19
   11
    0
   29
   24
   19
  125
    2
    2
    0
    0
    0
    2
    0
    3
  120
    0
    0
    0
   60
    0
    0
    0
   22
   61
    0
    0
    1
    0
    0
    0
    0
   70
   35
   12
   86
    3
   34
   37
    2
    0
    1
   38
    0
   26
    0
   30
    2
   15
   15
    9
   78
    1
    0
    0
    0
    0
   13
    0
    0
    0
    0
    0
    0
    0
    0
   13
    1
   25
   25
   15
    0
    0
   17
   15
    0
    0
    0
    0
   11
    1
    1
    3
    5
    0
   29
   73
    0
    0
    0
    0
    0
   41
   24
   38
    1
    2
    4
   35
   18
   92
  121
  110
  110
   15
   27
   10
   65
   10
   13
    0
    0
    0
    0
   98
    0
   50
  138
    0
    0
    0
    0
    0
    0
    0
    0
    3
   24
    0
    0
    0
    0
    0
    0
    0
   61
    0
    0
    0
   13
   10
    0
    0
    3
    7
   10
    0
    0
    0
  285
    9
   31
   84
    5
    6
    0
    2
    0
    0
    0
    0
    0
    0
    0
    0
    0
   31
   43
    2
   49
    1
    0
    0
    0
   70
    8
   22
    0
  125
   25
   15
    0
    0
    0
    0
    0
  102
   13
    0
  120
   30
    0
    5
    0
   29
   21
    0
    2
    2
    0
    4
  150
    0
   61
    9
    3
    0
   18
    0
    0
    0
    0
  144
   35
    0
   12
   95
    0
    0
    0
    0
    0
    0
    0
    0
    0
   13
   26
    0
   10
   12
    9
    0
   26
   46
    0
    0
   30
    5
  140
   10
   22
    0
    0
    0
   38
   12
    0
    0
    0
    0
    0
    0
    0
  205
   23
    0
    0
    0
    0
   11
    3
    0
   50
  142
   65
   24
    2
    0
   13
   23
    0
    0
    0
    0
    0
    0
    0
    0
    0
    0
    0
    0
    5
   60
    1
    0
    0
    0
   26
    6
  140
    0
    0
   28
    0
    7
   55
   57
    0
    1
    0
    0
  182
   54
    0
    0
    0
    8
    8
    0
    0
    3
    0
    3
    3
    0
   27
   27
    7
   54
    0
   20
  115
   23
    2
    0
    0
    5
    0
    3
    0
  215
   21
   25
   10
    3
    3
    2
    7
    1
   25
    9
    0
    3
    4
    2
   72
   10
   43
    2
    0
    0
   12
   20
    0
   40
   40
    0
   16
    9
    0
   75
  135
    5
   10
   31
   24
    5
  180
   52
   13
   26
   10
  170
    1
    0
   72
    0
    0
   84
    0
    6
    0
   30
    7
    0
    5
    5
    0
   15
    1
    2
    0
    0
    1
    0
   25
    0
    0
   29
   20
   37
    5
    0
    0
    0
    0
    0
    0
    0
    0
    0
    0
    0
    0
    0
    0
   11
    0
    0
    1
   10
    6
    0
   47
   66
   52
    0
    0
    0
    0
    0
    0
    7
    0
   34
    0
    0
    0
    0
    0
    0
    4
    0
    0
    0
    0
    0
    0
    0
    0
    0
    0
    0
    0
    9
   18
    0
   80
    0
    2
    0
    0
    0
    0
   20
   22
    1
    1
    0
    0
    0
   70
    0
   40
    0
    0
    0
    0
    0
    0
    0
    0
    0
    0
    0
    0
    0
    0
    0
    0
    0
    1
    4
   25
   26
    8
   12
   10
   43
    0
    0
    0
    0
    0
    0
    0
    0
    0
    0
    0
    0
    0
    0
    0
   51
    1
   35
    2
    0
    0
   12
   41
   39
    0
    0
   42
   11
    0
    0
    0
    0
    0
    3
   41
    0
   14
    0
   65
  117
   39
    0
    0
    0
   68
    0
    0
    0
    0
    0
    0
    0
    0
    0
    0
    0
    0
    0
   35
    7
    4
    8
    0
   97
    0
   37
   41
    0
    0
    0
   42
    0
   12
    0
    7
    5
   27
  177
    0
    0
  112
    4
    0
   22
    0
    0
    0
    0
    0
    0
    0
    0
   11
   10
    0
    0
    0
    0
    0
    0
    0
    0
    0
    0
    0
    0
    0
    0
    0
    0
    0
    0
    0
   53
  453
   55
    0
   33
    0
    0
   10
    0
    0
   44
    0
   30
    1
   10
    0
    2
    0
    1
    1
    9
    1
   22
    0
    0
    0
   38
    0
   18
    0
    0
   10
    6
    0
    0
    0
    0
    0
    0
    0
    0
    0
    0
    0
    0
    0
    0
    7
    3
    0
    9
    0
    5
    0
    0
    0
    0
    0
    0
    0
    0
    5
  143
   48
    2
    0
    6
   20
   40
   54
    0
   16
    0
    0
    0
   39
    0
    0
    0
    7
   16
    0
    0
    0
    0
    0
    0
    0
    0
    0
    2
    0
    0
    0
    0
    0
    0
    0
    0
    3
    0
    0
    0
   60
   30
   23
    9
   23
    0
   30
    0
    0
    0
    0
   11
    0
    0
    0
    0
    0
    0
    0
   34
   61
   40
    0
    0
   37
   25
    0
    0
    0
   60
    5
    0
    0
    0
   43
    0
    0
    0
   18
    0
    1
   23
   18
    0
    0
    1
    6
    0
   57
    5
   10
    0
    8
    1
   20
    1
    0
    0
    1
   18
   20
   32
    0
   17
   10
   28
    1
    0
    0
    0
   53
    0
   31
   49
   30
   33
   52
    4
   35
   23
    0
    0
    0
    0
    2
    0
   59
   10
    5
    0
    0
    0
    0
    0
    0
    4
    1
    0
    0
    0
    0
    0
   68
    8
   20
    0
    0
    0
    0
    0
    0
    0
    0
    0
    0
    0
    0
    0
    9
   14
    0
   30
   18
   40
   31
    5
   10
    0
    0
   18
   48
    0
   50
    0
    3
    0
  138
  105
    1
    5
   41
    0
    8
  126
    0
   47
   49
  103
    2
   48
    8
    0
    0
    0
  200
    0
    0
    0
    1
    0
    0
   12
    0
    0
   10
    0
  170
    0
    6
    1
    0
    0
   41
    5
    0
   42
    0
   10
   22
   98
    0
  188
   18
    0
    0
    0
   21
    6
   72
   12
   70
    0
   24
    3
   14
    0
    0
    8
    0
    0
    0
  108
    0
    0
    0
   14
    0
    0
    0
   29
   15
    0
    0
    3
    0
    0
    0
    0
    0
    0
    0
    2
    0
   76
    8
    0
    0
    0
    0
    0
    0
    0
    0
    0
    0
    0
    0
    0
    0
    0
    0
    0
    0
    0
  238
  132
    1
    0
    0
    0
    8
    0
    0
    0
    0
    2
    0
    0
    3
    0
    8
  795
  272
    0
   12
    0
    8
    0
    0
   10
    0
    0
    0
    0
    0
    0
    0
    0
    0
    0
    7
    0
    0
    0
    0
    0
    0
    0
    0
    0
    0
    8
    0
    0
    0
    0
    1
   11
   57
    0
    0
    5
  170
  132
    0
    0
    0
   68
    0
   42
   11
    0
    0
    0
    0
    0
    0
    0
    0
    0
    9
    1
    0
    0
   12
    1
   40
    5
    0
    0
    0
    0
    1
   17
    0
    0
    2
   18
    0
    0
    0
    0
    0
    0
    0
    0
    0
    0
    0
    9
    0
    0
    0
    0
    0
    1
    0
    0
    0
    2
    0
    0
    0
    0
   75
    0
    1
    3
    1
    3
    2
    0
    1
   35
   69
   91
   78
    9
    7
    0
    0
    0
    0
    0
    0
   38
    0
   34
   87
    8
    4
    0
    0
    0
    0
    0
    0
    1
    9
    0
    0
   21
   15
   20
    0
   12
    0
   13
    6
    0
    0
    0
    0
    9
    0
   10
    0
   36
    0
   22
    0
   25
    0
   15
   30
   15
    0
    0
   11
    0
    2
    0
   12
   13
    0
    0
    0
   30
    6
   38
    7
   14
    0
    6
   64
    0
    0
   68
   11
    8
    3
   30
    0
    0
    0
    0
    0
    0
    0
    0
    0
    0
    0
   34
    0
   32
   30
    0
    0
    0
    0
    0
    4
    0
    0
    0
    0
    0
    7
    3
    0
    0
    0
    0
    0
    0
    0
    0
    0
    0
    0
    0
    0
    0
    0
    0
    0
   15
    0
   35
    0
   10
   90
  185
   18
   50
    0
    0
    0
    5
    0
   28
    7
    0
    0
    0
    0
   53
    0
    0
    0
    0
    0
    0
    0
    0
    0
    0
    0
    0
    0
  147
    0
    0
   32
    0
   17
   55
   23
   25
    0
    0
    7
   12
    0
    0
    0
   65
   36
    0
    0
    0
   19
    0
   10
   40
    9
    0
   35
   58
  155
    0
  130
    0
    1
    0
   77
   43
   23
   27
   27
    1
    0
    0
    0
   27
   21
    0
    0
    6
    0
    0
    0
   13
  120
    6
    0
   32
    0
    0
    0
    1
   98
    0
   45
  111
    0
    0
    0
    0
    0
    0
    0
    5
    0
    5
   35
  143
   30
   38
  175
   35
    1
    0
    0
    0
    0
    0
    0
   44
   15
    0
    0
    0
  135
    0
    0
  153
   30
    0
    0
    8
   13
   28
   28
   10
    0
    0
    0
    0
    0
    0
    0
    0
    0
    0
    0
    0
   32
    0
    0
    0
    0
    0
    0
    0
    0
    0
   24
    0
  267
    0
   29
  105
    5
   13
    0
    0
    0
   70
    0
    0
    0
    0
    0
    0
   10
    7
   11
    5
   20
   26
    0
    0
   55
    0
   15
    0
    0
   20
    0
   70
    3
   75
    0
    0
    8
    0
    4
    0
    0
    0
   11
    0
   18
    0
  155
   28
    0
    7
   58
   10
    0
    0
    0
    0
    0
    0
    0
    0
    0
    0
    0
    0
    0
    0
    0
    0
    0
    0
    4
    0
   25
    0
    0
    0
   31
  163
    9
    0
    0
    0
    0
    0
    0
    0
    0
    0
    0
    0
    0
    0
    0
    0
   25
   18
    1
    0
    0
   22
    0
    3
   35
    7
   17
   97
   10
   15
    0
    0
    0
    0
    1
    0
    9
    3
   24
   15
   25
   23
   17
    8
    0
    0
    2
   13
    4
   52
    5
    3
   11
    0
    0
    0
    0
    0
    0
   18
   13
    0
    7
   32
    0
    5
    0
   58
    0
    7
   24
    9
    0
    0
    1
   17
    0
   17
    5
    3
    0
    0
    0
    3
    0
    0
    0
    0
    0
    0
   47
    0
   32
    0
    0
    0
    0
    3
    0
    0
    0
    0
    0
    0
    0
    8
    0
   10
    0
    0
    0
    7
    8
    7
   19
  135
    0
   24
    0
    0
    0
    0
    0
   10
   22
   15
   76
   25
   34
   36
   20
    0
    0
    0
   52
   16
    0
    0
   67
    6
    0
   60
    7
    7
    8
    0
    0
    0
    0
    0
    0
    7
   27
   10
    2
   23
   18
   87
    2
    2
   13
   36
    2
    0
    0
    0
    0
    0
    0
    0
    0
    0
    0
    2
    0
    0
    0
    0
    0
    0
   37
   47
    0
    0
    0
    0
   31
    0
    0
    0
    0
    0
    0
    0
   51
   30
    0
   18
    4
   34
   18
   91
   24
   35
    7
   10
   87
    0
    0
   60
    6
    0
    2
    0
   39
   41
    0
   23
    0
    0
   28
    0
    0
    0
    0
   15
    0
   45
   16
    0
    0
    0
    0
    0
   57
    0
    0
    1
    4
    9
   15
   53
    0
    0
    0
   54
    1
   43
   38
    0
    0
    0
    0
    0
    0
    0
    0
    0
    0
   13
    0
    0
   10
    4
    0
   25
   30
   21
   30
   65
    0
   24
   73
    0
   83
    0
    0
    0
    0
    0
    0
    0
    5
    0
   87
    2
   20
    5
    4
   14
    4
    0
    0
    0
    0
    0
    7
    5
   30
    0
    0
    0
    0
    4
    3
    0
    0
    0
    0
    0
    0
    0
    0
    3
    0
    0
   25
    1
    0
    3
   10
    1
    0
    0
    5
   20
    0
    3
    0
    2
    0
    0
    0
    0
    0
    0
    0
    0
    0
    0
    0
    0
    0
    7
    0
    0
    0
   25
    6
   26
    0
   21
    0
    0
    0
   15
    6
    0
    0
    1
    1
   26
   17
   55
   50
   12
    4
    0
    0
    3
   14
    0
    0
    0
   17
    0
    0
   38
    0
   18
    3
    1
   38
   38
    5
   47
    5
    2
   31
   67
   35
    7
    5
    1
    0
    0
    0
    2
   35
   77
   40
   12
    0
    0
    0
    7
   40
    4
    1
    0
    5
    2
    0
   46
   36
   25
   51
   20
    3
   55
    2
   85
   35
    0
    0
    2
    0
    0
   15
    0
    1
    0
    0
    0
    0
   47
    0
    0
    0
    0
    6
    1
    9
   52
    0
    0
    0
    0
    0
    0
    0
    0
   25
   56
    2
    0
    0
    0
    3
    0
    0
    0
    0
    0
    0
    0
   31
    7
  150
    0
   14
   20
    0
    0
    1
    0
    0
    0
    0
    0
    0
    0
    0
   33
    7
   71
   40
    0
    0
    1
    0
   10
   18
  195
    0
    0
   38
   50
    0
    0
    5
    6
   17
   93
    7
    8
    0
    0
    0
    0
    1
    0
    2
    6
    0
   16
   66
   29
   38
   19
    0
    0
    0
    0
    0
    0
    0
    1
    0
   11
  151
   25
   26
   50
    0
    0
   60
   32
   75
    0
    1
    9
    0
    0
  217
    0
    0
   87
    0
    0
    0
   28
   97
  160
   32
    0
   29
  195
   48
  133
  150
   77
    1
    0
    0
   41
    0
    0
    0
    0
    0
    0
    0
    0
    0
    0
    0
    0
    0
    0
    0
    0
    0
    0
    0
    0
    0
    0
    0
   20
   35
   30
    0
    1
   72
    3
    0
    0
    0
    0
    0
    0
    0
    0
    0
    0
   62
   32
   11
   25
    0
    0
    0
    0
    0
    0
    0
    0
    0
    1
    0
    0
    0
    0
    0
    3
    0
  127
    0
    0
   90
    0
    0
    0
  215
   19
    0
   10
   13
    0
    0
   47
    0
    0
   16
   11
    6
    0
    1
   44
    3
    0
   30
    0
    0
    0
    0
    0
    3
    4
   22
  220
   12
   54
    5
    0
    0
    0
    0
    0
    0
    0
    0
    2
    0
    0
    0
    0
    0
    0
    0
    1
    0
   12
    0
    0
    0
    0
    0
    0
    0
    0
    0
    0
    0
   20
   70
   72
  248
    1
    0
    1
    0
    0
    8
   15
    0
   10
    8
    0
    0
    4
   28
   10
    0
    4
    0
    0
    0
    0
    0
    0
    3
    0
    0
    1
   19
   15
    0
    0
    0
    0
    0
    6
    0
    0
    0
    0
    1
    1
    0
    0
    0
    8
   15
    0
    0
    1
    0
    0
    8
    0
   57
    0
    8
   35
   82
   43
   10
   19
   16
    1
   10
   30
   11
   77
  255
   89
   55
  215
   61
    0
   67
   14
    4
    0
  160
   40
    2
    1
   41
    0
    0
   10
    1
    0
    0
    0
    0
    5
   20
   39
    1
   26
   12
    1
   19
    1
    0
    0
    0
    0
    0
    0
    0
    2
   11
   96
    1
   34
    0
    0
   22
    6
   92
    0
    0
   58
    0
   29
   65
    0
    0
    0
    0
    6
  118
   36
    0
   34
    1
    0
    0
    1
    0
    0
    0
    0
    0
    0
    0
    0
   29
   14
   20
    0
   11
   30
    0
    5
   41
   15
   73
    7
    0
   17
    1
    0
    0
    0
    0
    0
   20
   35
    1
    7
    2
    0
    0
    3
    0
    0
    0
    0
    0
    0
    0
    8
   39
    9
    0
    0
    0
    0
    0
    0
    0
    0
    0
   15
    3
  357
    8
    0
    7
    0
    0
    0
   84
    0
   66
    0
    0
    0
    0
    0
    0
    0
   14
    0
   27
    0
    0
    0
    0
   75
    0
    0
   11
   11
   75
    3
   57
  105
   36
    0
    2
    0
    1
   34
   15
   28
  104
   10
  225
    0
   10
   28
    0
    0
    0
    4
   23
   45
    1
    5
    0
    0
    0
    0
    0
    0
    0
    0
    0
    0
    0
   47
    0
    4
    0
    0
    0
    0
    0
   60
   45
  112
    0
    0
    0
    0
  194
   19
   47
   24
   49
    3
    0
  345
   45
   29
    8
   17
   23
   10
   20
    0
    1
   25
   27
    0
   48
   83
    0
    2
   30
    0
  143
   60
    0
    0
    0
    5
    0
    0
    0
   13
   37
   21
    0
    0
    0
    0
    0
    0
    7
    5
   28
    0
  125
   13
   10
    0
   26
   29
    0
    1
    0
   51
    5
    0
    0
   67
  227
   58
    8
    0
    6
    0
    7
    0
    0
    0
    0
    0
    0
   10
    0
    0
    0
    0
    0
    0
    1
    0
    5
   17
   43
    0
    0
    0
    4
   45
   25
    4
    0
    0
    0
    0
    0
    0
    0
   18
    4
    0
    0
    0
    0
    0
    0
    0
   15
   22
    4
   42
    0
    0
   23
    0
   62
  152
   30
   25
    7
    0
    0
  136
    0
    0
    0
    0
    0
    6
    0
    0
    0
    0
    4
    0
    0
    0
    9
    1
    0
    0
    0
    0
   55
   91
   85
    3
   79
    8
   18
    0
    0
    7
   12
    1
    1
    8
    0
    0
   63
    0
    0
   50
    1
    0
    1
    3
    0
    0
   60
    0
    0
    0
   12
   28
    7
    0
    0
    0
    0
   35
    0
   75
    5
   10
    0
   54
   10
    0
    0
   24
   12
   14
    0
    0
    0
    3
    1
    7
    1
    5
   67
    4
    0
    0
    0
   30
   45
   33
    0
    9
    2
   47
   51
   99
    5
   17
   52
   13
   24
    1
    3
   33
    0
   40
   13
    6
    0
   58
   21
    0
   37
    0
   34
    0
    7
   15
    1
   27
   49
   46
   10
   24
   82
   18
   33
   24
    0
    0
  100
    5
    0
    0
    0
    0
    0
    0
    9
    5
    0
    0
    0
   10
    0
    0
    0
    5
    0
    0
   17
    0
    0
    0
    0
    0
    0
    0
    0
    2
    0
    5
    1
    2
    0
    0
    0
    0
    0
    0
    0
    0
    0
    0
    0
    0
    0
    0
    0
    8
    3
    0
    0
    0
    0
    0
    0
   10
    0
   36
    0
    1
   17
    0
    0
   46
    0
  201
    0
    0
  287
    0
    8
    0
    0
    0
    0
    0
    0
    0
    0
    0
    0
  161
   25
    4
    0
   69
   10
    0
    0
   26
  127
    0
   44
    0
    0
    2
   57
   21
   37
    0
   25
    0
  111
    3
   14
   15
   20
   18
    0
    0
    6
    0
    0
   47
    0
   25
   37
    0
   24
    0
    0
    0
    8
   70
    0
    0
    0
    0
    0
    0
    0
    0
    0
    0
    0
    0
    0
    0
    0
    1
    0
    0
    0
    0
   19
   15
   34
    0
    0
  265
    2
    2
    3
   10
    5
   10
  106
    0
    0
    0
    0
    0
    0
    6
   25
    0
    0
    1
    0
    0
   11
    0
    0
    0
   10
  140
    1
    0
    0
   14
    0
    0
    0
    0
    0
    0
   17
   24
    0
    0
   40
    0
   10
   22
    0
    0
    8
    1
    0
    7
    0
   81
    2
    0
    0
   16
    0
    0
    0
    0
    4
    1
   15
   20
   10
    0
    0
    0
    0
    2
    0
    0
    0
    0
    1
   42
   62
   23
    0
    9
   36
   26
    0
    0
    1
   18
   23
    3
    0
    0
   18
   20
  113
   60
   12
   78
   95
    0
   18
    0
   75
   11
   35
   58
    0
    5
    0
    0
    5
   30
   92
   33
    0
    1
    0
   36
   21
    1
    0
    0
    3
    0
    1
    7
   24
    1
    0
   12
   16
    1
   30
    6
    0
   25
    0
    0
    0
    5
    0
    0
   10
    0
    0
    0
    1
    0
    0
    0
    0
    0
    0
    3
    0
    0
    0
    4
    5
    0
    0
   17
    0
    0
    0
    0
    0
    0
   38
    8
    1
    5
    5
    3
   44
  114
   28
    0
    0
    0
    0
   28
    0
    3
    0
    0
    8
   33
    7
    0
    0
    0
    5
    0
    0
   19
    0
    0
    0
    5
   61
   30
    0
    0
    0
    0
   10
    1
   51
    0
    0
    0
    0
    0
    0
    0
    0
    0
    0
    0
   63
    0
    0
   28
    0
    0
    0
   15
    0
    0
    0
    5
    0
   25
   22
   15
   41
  110
   10
    0
    0
    5
   32
   62
    0
    0
    0
    0
    0
    0
    0
    0
    0
    0
    0
   30
   66
   15
    0
    1
    0
    0
    0
    0
    0
    0
    0
    0
    0
    0
    0
    0
    0
    0
    0
  195
    0
    0
   45
   40
   55
    0
    0
   14
    0
    0
    0
   54
    0
    0
    0
    0
    0
    0
    0
    0
    0
    0
    0
    0
    0
    0
    0
   56
   16
   28
   15
   55
   65
    0
    0
    0
    0
    0
    1
   75
    0
    0
    0
   15
   21
    2
    0
   17
   10
    0
    0
    0
    0
   10
    3
    1
   62
    0
    0
    0
   14
    1
    9
    3
    4
    0
    0
    0
    8
    7
    0
    0
    0
    0
    0
    0
    0
    0
    0
    0
    0
    0
    0
    9
    0
    0
    6
    0
  177
  152
    0
    0
    0
    0
    0
   10
    0
    0
    0
    0
    0
    0
    0
    0
    0
    0
   30
   23
    5
    0
    0
   10
    0
    0
    0
    0
    0
    0
   33
    0
    0
    1
    6
    0
    0
    0
    0
    0
   67
   85
   73
    0
   10
    8
   20
    0
   11
    2
    0
    0
    0
    0
   17
    1
    0
    0
    0
    0
    0
    0
    0
   11
   97
    0
  152
   10
   59
    0
    0
  135
   27
   25
    0
    0
    0
    0
    0
    0
    0
    0
    0
    0
    0
    0
   75
   16
    9
   10
   17
   37
   11
    0
    0
    0
    0
    0
    0
    2
    2
   10
    0
    3
    0
    0
    1
   50
   49
   10
   29
   63
    5
    1
    0
   83
    0
  139
    0
   10
    0
    0
    0
    0
    0
    0
    0
    0
    0
    0
   11
   32
    2
    0
    0
    6
    0
    1
    0
    0
    0
    2
    0
   20
    0
    2
    0
    3
    1
    4
    0
   20
    1
    0
    0
    0
    0
    0
    0
    4
    0
    0
    0
    0
    1
   11
    0
   61
    1
    7
   51
   60
   72
    3
    0
    5
    0
    0
    0
    0
    0
    0
    0
   25
   34
  106
    5
    0
    8
    4
    0
    3
    0
    0
   21
   42
    0
    0
    0
    0
    0
    0
    0
    0
    0
   11
    0
   30
    0
    0
    1
    8
    0
    3
    0
    0
    0
    0
    0
   30
    5
    0
    0
    0
    0
    0
   38
  125
    0
    0
   42
    0
    0
    0
    0
    3
    0
   46
    0
   62
   68
    0
   12
    7
    0
    0
    0
    0
    0
    0
    0
    0
    0
    0
    0
    0
   15
    3
    8
    0
    0
    0
   87
    0
    0
    0
    0
    0
    0
    0
    0
    0
    0
    0
    0
    4
    0
    0
    0
  115
   50
    1
    0
    0
   26
  100
  180
  250
    0
    0
    4
    0
    0
    0
    0
   47
    0
    1
    1
    0
   15
    0
    0
    0
    7
    5
   90
   59
    0
    0
   38
    0
   37
    7
    0
    0
    9
   51
    0
    0
    0
    0
    0
    4
    5
    0
    0
    0
    0
    0
    0
    0
    0
    0
    0
    0
    0
    0
    0
    0
    0
    0
    0
   20
    0
    0
    1
   53
   34
    0
    1
   83
   15
    2
   32
   35
   94
   15
   74
   15
    5
    1
    0
    0
    0
    0
    0
    0
   47
  228
   39
   38
   22
   33
   11
   21
    0
   15
   31
  102
   25
    0
    0
    0
    0
    0
   35
   15
   13
    8
   11
    0
   20
   19
    1
    3
    1
    0
   25
  131
   45
    0
    0
   32
    0
    0
    0
    0
    0
    0
    0
    0
    0
    0
    0
    0
    0
    0
    0
    0
    0
    0
    0
    0
    0
    0
    0
   24
   24
   38
    0
    0
    0
    7
    4
    0
    8
    0
    0
    0
    0
   20
   41
    1
   43
    1
   14
  294
   23
   36
    0
    0
   37
   74
    0
    9
    0
    1
    0
   68
    8
    5
    4
    0
   68
    0
    0
    0
    0
    0
   44
   97
   27
    0
    6
    5
    1
    0
    0
    4
    1
    5
    1
    9
    0
    0
   19
    0
    0
   82
    0
   19
    1
   52
   14
    8
    0
    0
    0
    0
    0
   32
   10
    1
    0
    0
    0
    0
    0
    0
    0
   35
    0
    1
    0
    1
    0
    0
    0
    0
    0
    0
    0
    0
    0
    0
    0
    3
    0
    3
   19
   50
   47
    0
    3
    4
    1
   40
    0
    0
    0
    0
    0
    0
   19
    5
    0
    0
    0
    0
    0
    0
    1
    0
    0
    0
    1
    0
    0
    0
    0
    0
    0
    0
    0
   41
    0
    0
    0
  163
   20
  145
   26
    0
   11
    0
    0
    0
    0
    0
    0
    0
   72
   13
    0
   19
    0
    0
    0
   10
    0
    0
    0
    0
    0
    0
    0
    9
   43
    0
   83
    1
    0
    1
    4
    1
   13
   24
    0
    3
    0
   41
   10
   13
    0
    0
    0
   26
    0
    2
    1
    0
   43
    0
    4
   32
   83
   12
    4
    2
    0
    0
    0
    0
   40
    7
   16
    0
    0
    0
    0
    0
    0
    0
    0
   69
    0
    0
    0
    4
    0
    0
   27
   19
   44
   16
    0
    0
    0
  147
   40
    7
    0
    0
   98
    8
   42
    0
   12
   64
  170
    0
    6
    0
    0
    0
    0
    0
    0
    0
    0
   25
    0
    0
    0
   14
   62
    0
    0
   27
    0
    0
    0
    0
    0
    0
   41
   10
    0
    0
    0
    0
    0
    0
   72
   44
    1
    0
    0
    0
    4
    8
    0
    0
   12
    0
    0
    0
    0
    0
   41
    0
    0
   28
    0
    0
   31
    0
    0
    0
    0
    2
    0
    0
    0
    0
    0
    0
    0
    0
    0
   12
    8
    0
    0
    0
    0
    0
    0
    4
   27
    0
    0
    1
    0
    0
   61
    0
    0
    0
    7
    1
    0
    0
   15
    5
   13
    0
    0
    0
    0
    0
    0
    0
    0
    0
   18
    0
    0
    0
    0
   20
    0
    2
    0
    0
    9
    0
   29
    0
    0
    0
    0
    0
    0
    0
   13
    1
   25
    0
    2
   60
   83
  102
    4
    0
   78
    1
    1
    0
    0
    0
    0
    2
   20
    0
    0
   18
   25
    0
    0
    0
    0
    2
    0
    0
    0
    0
    1
    8
    0
   10
    1
    0
    0
    0
    0
    0
    0
    0
    0
    0
   80
    6
  136
    0
   49
   90
   51
   15
   20
   50
   18
    0
    1
    0
    0
    0
    0
    0
    8
  102
   37
    0
    6
    5
    0
    4
    1
    6
   23
    0
    4
    0
   22
  113
    0
    0
    0
    0
    0
    3
    4
    0
    0
    4
    0
    3
    0
    0
    5
    2
   76
   25
    0
    0
    0
    7
    1
   13
   27
   11
   26
    1
    5
    0
    9
    1
   10
   48
    0
    0
    0
    0
    0
    0
    0
    0
    3
    0
    0
    0
   83
    0
    0
    0
   21
    2
   95
  150
   14
    2
    9
    2
    0
   10
   25
   60
   31
    0
   58
  104
    0
    3
   52
    0
    0
    0
   70
    0
   55
    0
    0
    2
    0
    0
    0
    0
    0
    6
    1
    7
    6
   34
   12
   14
    0
    0
    0
    0
    0
    0
    1
   30
    0
   15
    0
    0
    1
   46
    0
    0
    0
    4
    6
   19
   56
   85
   68
    0
    0
    0
    0
    0
    0
    0
    0
    0
    0
    0
    0
    0
    0
    0
    0
    0
    0
    0
    0
    0
    0
  456
   19
    0
   18
    8
   35
    0
    1
   15
    0
    0
    0
    0
    0
    0
   15
    1
    0
    0
    0
    0
    0
    7
    0
    0
    0
    0
    0
    0
    1
   11
   95
   86
   72
    0
    0
    0
    3
   23
    0
   76
   54
    0
    0
   36
    0
    0
    0
  395
    0
    0
    0
  202
    0
   14
    0
    0
    0
    0
    0
    0
    0
    0
    0
    0
    0
    0
    0
    0
    0
    6
   55
    9
    0
    0
   10
    0
    0
   41
    0
    0
   60
   37
    0
   21
    1
   38
    0
    0
  342
   50
   27
    4
   24
   50
    0
   33
    4
    0
    0
    1
    0
   12
   47
    0
    0
    0
    0
    0
    0
    0
    0
    4
   22
    0
    3
    0
    0
    0
    0
    0
    0
    0
   52
  117
   21
   15
    0
    1
    0
    1
    0
    0
    6
    3
    0
    0
    0
    0
    0
    0
   80
   31
    0
   99
   59
   31
   23
   20
    0
    0
    0
   14
   31
   12
   13
    0
    2
    0
    0
    2
   25
    1
   28
    2
   33
    0
    0
    7
   27
    2
   52
   20
   30
   40
   23
    5
   23
    1
    0
    0
    0
   16
    0
   62
    0
    0
   29
    0
    5
    3
  165
    6
   48
    0
    0
    0
    0
    8
   27
   72
   24
    1
    0
    0
    0
    0
    0
    0
    0
    0
    0
    0
    0
    0
    0
   14
   47
   10
    5
    0
    0
   67
   94
    0
    0
    0
    0
    0
    0
    1
    9
    1
   78
    1
   40
   37
   20
   10
    2
    0
    0
    0
    0
    0
    0
    0
   51
   12
    0
    4
    0
    0
    0
    0
    0
    0
    7
   68
    0
    2
   37
   42
    5
    7
    4
    2
    2
    0
    3
    0
    0
    0
    4
    1
   18
   13
    0
    0
    0
    4
    0
    0
    0
    9
    1
    1
    0
    5
    0
    0
    0
   50
    1
    0
    9
    0
    1
    0
    0
    0
    0
    0
    0
    0
    5
   17
   15
   10
    0
    0
    0
    0
    0
    0
    8
    0
    0
    0
   85
    7
    0
    0
    0
    0
    0
    0
    0
    0
    0
    0
    0
    0
   25
    0
    0
    4
    3
   35
    0
    0
    0
    0
    0
   38
   14
    1
    0
    0
    0
    0
    5
  446
   34
    1
    0
    0
  250
   70
    9
    0
   94
    7
    0
   80
  207
    0
    0
    8
    0
    0
    0
   29
  146
   84
    8
    7
    0
   37
    6
    7
   78
    1
    0
    0
    0
    3
    1
   19
   20
    0
    0
    0
    0
    0
    0
    0
  381
    0
    0
    0
    0
   17
    0
    0
    0
   46
   54
   75
   14
    0
   40
    0
    6
   75
   38
    0
    5
    4
   92
  119
    0
   53
   60
    0
    0
    0
    0
   27
    0
    0
   14
   70
   65
    0
    0
    0
    0
    0
    8
    0
    0
    0
    4
    0
  120
    0
    0
    0
    1
    0
    2
    0
   20
    8
    0
   44
   39
   59
   57
    0
    0
   14
   10
    0
   77
   13
  124
    0
   29
   16
    3
    0
    0
    0
   56
    0
    0
    0
    0
    0
    0
    0
    0
    0
    0
   10
    0
    0
    0
    0
    0
   11
    0
   26
    0
   10
   17
   58
   15
    2
    0
    0
    0
   17
    0
    2
   41
    1
    0
    0
    0
    0
    0
    0
    3
    1
    1
    5
    4
    1
   30
   17
    8
    5
    0
    7
    0
    3
   62
   40
   11
    0
    0
    6
    4
    4
   59
    0
    0
    0
    0
    0
   15
    0
    0
    0
   35
    0
    5
    0
    0
    9
   81
    7
   46
    2
   56
   47
    5
    0
    0
    1
    0
   46
   62
   87
    5
    5
    2
  184
   31
    0
    0
   50
    9
   40
    0
  111
   71
    2
    2
    0
    3
    0
    0
    1
   21
   42
   50
    0
    5
    0
    0
    0
    6
    1
    0
    2
   29
    0
  127
   36
   46
    4
   12
   21
    0
    1
    0
    0
    0
    0
    3
    0
    1
    0
   11
   13
    7
    0
    0
    0
    0
    0
    0
    0
    5
   10
   44
   11
    7
    0
    0
    0
   30
   23
   13
   51
    0
   13
    0
   41
    0
    0
    0
    7
   40
   30
   30
  197
  107
   15
   35
   38
   48
    4
   35
   12
   18
   79
    9
    0
    5
    1
    0
    6
    1
    2
    7
   49
    1
    0
    0
    0
    4
   78
  206
  365
   66
    1
    0
    0
    0
    0
    0
    0
    0
    0
    0
    0
    0
    0
    0
    0
    0
    3
    0
    0
    0
   42
  175
    0
    0
    0
    0
    0
    0
    0
    0
    0
   60
   65
    0
  258
  384
   17
   20
   25
   91
   95
   24
  106
    0
    1
    0
    0
    0
    0
   53
    0
    8
   80
    0
    0
    0
    5
   45
    0
    0
    0
    0
    0
   48
    0
    0
    0
    0
    0
    0
    0
    0
    0
    0
    0
    0
    0
    0
    0
    0
    0
  159
    0
    0
  180
    0
    0
    0
    0
    0
    0
    0
    0
    0
    0
    0
    0
    0
    0
    0
    0
    0
    0
   25
    0
    0
    4
    0
    0
  125
    0
    0
    0
   29
    0
   13
    0
    0
   54
  385
   12
  143
    5
    0
    0
   72
  147
    1
    0
    0
   23
   18
    4
   82
    0
   27
   90
    0
    0
   17
    1
    2
    2
    0
   35
  110
    1
  252
    1
   58
    0
   12
    0
   87
   71
    1
    1
    3
   10
    0
    0
    0
    0
    0
    0
    0
    0
    0
    0
    0
   10
    0
   61
    0
   11
    0
    0
    0
   16
    0
    0
    0
    2
    0
    1
    0
    0
    0
    0
    0
    0
   28
    3
    0
    1
    0
   35
    0
   94
   20
   11
    0
    0
    0
    0
    0
    6
   24
    4
    0
    0
    0
    0
   11
   46
    3
    5
   90
    0
   36
    0
    0
    2
    0
    3
   28
   38
    2
    1
    0
    0
    0
    0
    4
    0
    4
    0
    0
   22
    0
   79
    0
   86
   46
    0
    0
   12
    0
    0
    0
    0
   11
    0
    0
    0
    0
   27
   12
   13
   32
    0
    8
   36
    4
    2
    0
    0
    0
    3
   11
   85
    2
   22
    6
    0
    7
   11
    0
    0
   57
   13
   17
    5
   15
    5
    8
   18
   67
   45
    0
  102
    3
    0
   27
    7
    0
   11
    1
    0
   44
   80
    0
   28
   11
    0
   40
    2
   10
    5
    0
   17
   32
    0
   25
    0
    0
   26
   20
    0
   10
    0
    0
   11
    1
    0
    0
    0
    3
    0
   13
    0
    0
    0
    0
    1
    6
   10
   10
    0
    4
    6
    1
    0
    0
    0
   16
   74
   35
   60
   16
    0
   70
   67
    0
    0
   10
    0
    2
   13
    1
   40
  108
   19
   23
    0
    0
   16
    4
   59
   30
  122
    0
    0
    0
    0
    0
   11
    6
    0
    0
    0
    0
    0
    0
    0
    0
    0
    0
    0
   26
   24
   30
    2
   34
   39
    0
    0
    6
   34
  160
    0
    0
    0
    0
    0
    0
    0
    2
    0
    2
   27
  118
   79
  201
  122
    5
    0
    0
    0
   43
    0
    0
    0
    3
    0
   41
    0
    0
   21
   43
    0
    0
    0
    1
   29
    2
   16
    0
    0
    0
    0
    0
    0
    0
   39
    0
    0
    0
    0
    0
    0
    0
    0
    0
  168
    0
  316
   65
    7
   98
   20
    0
    0
    0
   12
    0
    0
    0
    0
    4
    4
    0
    0
    0
    0
    0
    0
    0
    0
    0
    0
    0
    0
    0
    0
    0
   68
    0
    0
    4
    0
    0
    0
   48
    0
    0
   10
    4
   39
   11
    0
   55
    0
   16
  178
  100
    0
    5
   31
    0
    0
   16
   18
    2
    0
    3
   58
    8
    0
    0
    0
    0
    0
  148
  104
    0
    0
    0
    0
    2
  126
   89
    0
    4
   64
   16
    0
    3
    2
    4
    0
    0
    0
    0
    0
    4
    1
    0
    0
    0
    0
    8
   10
    0
    0
    0
    0
    0
    0
    5
    0
   17
    3
    2
    0
    5
   28
   69
   39
    7
    0
   75
   15
   39
    6
    0
    0
    0
    0
    0
   48
    9
    0
   15
   48
    0
    0
    3
    1
    0
    0
    0
    0
    9
    2
    2
    0
    0
    0
    0
    0
   18
    0
    0
    1
    0
   17
    1
    2
    0
    0
    0
    0
    8
    0
   42
    0
   74
   38
   18
    0
    0
    0
    0
    0
    0
    0
    2
    1
   12
    0
    0
    0
    2
    0
    0
    0
    0
    0
    0
    0
    0
    0
    3
    1
    2
    0
    0
    0
    0
    0
    0
   52
    0
    0
    0
    0
    0
    0
    0
   11
   12
    0
    0
    0
    0
    0
    2
    1
   22
   16
   46
   39
   17
    9
   19
    3
    7
    6
    0
    0
    0
    0
    0
   10
    1
    2
    0
    0
    1
    1
    0
   18
    0
    0
    0
    0
    1
    0
    0
    0
    0
    0
    0
    0
    0
    0
    0
    0
   46
    0
    0
    0
    0
    4
   17
   36
    4
    0
    3
    8
    0
    0
    0
    0
    0
    0
    0
   80
    0
    1
    0
    0
    0
    0
    0
    0
    0
    0
    0
   25
   32
    0
    0
    0
   34
    0
    1
    0
   48
    4
    0
    0
   16
   76
   85
   35
    3
    0
    7
    0
    0
   27
    0
   35
   12
   54
    0
   21
   13
   36
    2
   46
    4
   79
    0
    0
    0
    0
   43
   55
    0
    0
    0
    0
    0
    0
   69
    0
    0
   24
    0
    0
    0
    0
    0
    3
   39
    0
    4
    0
    0
    0
    0
    0
    0
    0
   39
   18
   60
    3
    8
   18
  108
   47
   78
  200
    1
    0
   58
    1
    0
    0
    0
    0
    0
    0
    0
    0
    0
    0
   21
  135
   36
    3
    0
   24
   45
    2
    1
    0
    0
    0
    0
    0
    0
    3
    0
    0
    0
   38
   14
  104
  153
   20
   19
    0
    0
    0
    0
    0
    9
    0
    2
    0
    0
    0
   89
    0
    0
   17
    0
    0
    0
    0
    3
   56
    0
    0
    0
    9
    0
   55
   13
   12
    0
    3
   16
    1
    0
    0
   55
    0
    7
    3
   40
    0
   28
    3
   41
    1
  151
    0
    0
    9
    1
    0
    0
    0
    6
    0
    0
    0
    0
    0
    3
   89
    8
    0
    3
   18
   77
    0
    0
    0
    0
    0
   47
   46
    8
    7
   32
    3
   11
    2
    0
    1
    5
   76
    3
    2
    5
    0
   19
   35
    2
   15
    5
    3
   80
   19
    6
    0
    0
    3
    2
   29
   35
   18
   20
   56
   10
    5
   30
   28
    0
    0
    0
    0
    0
    0
    0
    0
    0
    7
    0
   14
    0
    5
   49
   88
    0
    0
    6
    0
    0
    5
    0
    0
    0
    1
    2
    0
    0
    0
    1
    3
    2
    1
    2
    2
    1
    1
    1
    0
    0
    0
    0
    0
    0
    1
   28
    0
    0
    4
    5
    6
   34
    0
    3
    1
    1
    1
    0
    0
    0
    0
   42
   57
    0
    0
    0
    0
    0
   54
   56
   10
    0
   13
    0
    5
   61
    4
    0
    5
    0
    0
    1
   95
   11
    0
    0
    0
    8
    0
    0
    0
    0
    0
    0
    0
    0
    0
    0
    0
    5
   20
   56
    9
   37
   35
   23
    1
    0
   22
    0
    0
    8
    0
   43
   11
    0
    0
    0
    0
   29
    0
   65
    1
    0
    0
    0
    0
   15
    0
   17
    0
    0
    0
    0
    9
    0
    0
    0
    0
    0
    0
    1
    0
    1
   22
   55
    4
    0
    0
    4
    1
   26
   78
    0
    1
    2
    0
    3
    0
    2
   25
    0
    0
    0
    0
    0
   20
   15
   13
    0
    6
    0
   18
   32
    1
    0
    0
    0
   19
    0
    0
    0
    0
    0
    0
    0
    0
    0
    0
    4
   22
   59
    0
    0
    0
    5
    0
   27
   15
   16
    4
   27
    2
   17
   18
    0
    0
   47
    6
    2
    3
   15
    0
    0
    0
    0
    0
    0
    0
    0
    0
    0
    7
   24
   14
  300
   42
  210
  220
    0
    0
    0
   28
    6
    6
    0
   11
   23
   34
   47
    0
    0
    0
    0
    0
    0
    0
    0
    0
    0
    0
    0
    0
  171
    0
    0
    2
    0
    0
    0
    0
    0
    0
    0
  110
    0
  120
   17
    6
    0
    0
    0
    0
    0
   24
    0
    0
    0
    0
    0
    0
   55
    7
    0
    0
    0
    0
    0
    0
    0
    0
    0
    2
    0
    0
    0
    0
    0
   26
  140
   20
   20
    0
    0
    0
    0
    0
   44
   49
   57
   20
    2
   50
   22
   48
    0
    0
    0
    0
    2
    0
    1
    2
    4
   24
    0
    0
    0
    0
    0
    0
    0
    2
    0
    3
    9
   49
    1
    0
    0
    0
    0
    4
    4
    2
   95
    0
    0
    0
    0
    6
    0
    0
    0
    0
    0
    0
    0
   11
    2
    1
   69
  155
   79
    2
    3
   79
   14
    7
   17
   76
   50
   55
   25
   21
    8
    0
    0
    0
   14
   99
   24
    0
    1
  104
    9
    0
   12
   19
    9
    0
    3
    0
    0
   16
    0
    2
   21
   57
   16
    1
    0
    0
    0
    0
    0
    3
   29
    0
    0
   41
   24
    1
    1
    2
   11
    0
    0
    0
   31
    0
    3
    0
    0
   11
    0
    0
    0
    0
    0
    0
    0
    0
    0
    0
    0
    0
    0
   29
    0
    0
    0
    0
    0
    2
    7
    0
    1
    0
    0
   16
    0
   36
    0
  116
   13
   97
   28
   37
    2
    0
    0
    2
    0
    6
   36
   30
    7
   27
    7
    0
    0
    8
    0
    0
    0
    0
    8
    0
    0
    0
    0
    8
   20
   25
    0
    0
   15
   35
   65
    0
    0
   52
    0
    0
    0
    1
    0
    0
    0
    0
    2
   49
    0
    0
    0
   11
   15
   16
    0
    3
    0
    0
   49
    0
    6
   20
    1
    0
    0
    0
    0
    0
    0
    0
    0
    0
    0
    0
    0
    0
   21
   29
    0
    0
    0
    1
    0
    0
    0
    0
    1
    0
   36
   88
    0
    0
    0
    0
   37
    0
    0
   63
    9
  105
    0
    0
    9
  121
   15
    0
    0
    0
   36
    0
   55
   21
  118
    0
    5
    2
    4
   33
    0
    0
    5
   22
   32
    2
    0
   99
   45
    3
   16
   44
  162
    6
    0
    0
    6
    0
    0
    0
   10
    0
   41
    0
    0
   41
   21
    3
   47
   29
    0
   17
    0
    0
   11
    0
    0
    0
    0
    0
    0
    0
   47
    0
    0
    0
    0
    0
    0
    0
    0
   58
   26
  119
   18
    3
  178
    2
   31
    2
    4
    3
    0
    0
   47
    0
  107
    7
    0
    0
   67
    0
   26
  161
    0
  103
   67
   51
   28
   38
    0
    0
    0
    0
    0
    0
    0
    0
    2
    0
    0
    0
   46
    1
    1
    5
    0
    3
  157
    4
    0
   33
   17
   21
    3
   14
    0
    0
   41
    0
    9
    6
    0
    0
   70
   39
    8
   12
   28
  205
   12
   29
  125
  114
   36
    1
    3
    6
    3
    0
   43
   66
   22
    6
    1
    4
   42
    2
   16
    7
    1
    2
    0
    0
    0
    4
    0
    1
    3
    1
    0
    1
    2
    1
    0
    0
   41
   19
   15
    0
    0
    0
    0
    0
   75
    8
   35
   29
    0
    0
   25
    0
    8
    0
    8
    0
    0
    2
    0
    0
    2
    0
    0
    0
    0
    1
   29
    8
    0
    1
    6
   28
    2
    0
   15
    0
   18
    2
   29
    0
    0
    0
    0
    0
    9
    4
    1
   12
    2
   31
   35
   12
    0
    0
    1
   10
    5
   71
   25
   59
   20
   31
   18
    3
    0
    0
    0
    0
    0
    3
   76
   18
   13
   78
    0
   68
   32
   19
   15
   23
   11
    0
    1
   39
   65
   44
    0
   30
    0
    0
    0
    2
    8
    0
    0
    1
    0
    0
    0
    0
    0
    0
    9
   18
   28
    0
    0
    0
    0
  125
    1
    0
    0
    0
    0
    0
    0
    1
   11
   51
   37
    3
    0
    1
    1
    0
   90
   23
    2
   25
   13
    0
    0
    0
   16
    0
    9
    1
   15
    0
    3
    0
    0
    0
    0
    0
    0
    0
    0
    0
   12
  104
    0
   32
  108
   89
   69
   55
    0
    0
    0
    0
    0
    0
   17
    4
    0
    0
    0
    0
    0
  104
    0
    0
   76
    3
  178
    1
    0
   25
   16
    0
   56
    0
   25
   46
    0
    0
    0
    0
    0
  106
   16
    0
   88
   10
    1
    0
   16
    1
    1
    0
    0
   13
    0
    0
    0
    0
    0
   67
   13
    1
    0
    0
    0
    0
    2
    6
   60
    7
    3
    0
    0
    0
  240
    4
    9
    1
    0
    0
    0
    0
    0
    0
    0
    0
    0
    0
    0
    0
    0
    0
   14
    3
    0
   21
    0
    0
    0
  140
    7
   14
    3
    7
    0
    1
    0
    0
    0
    0
    0
   25
    0
    0
    0
   14
    2
    0
    0
    0
    0
    0
   46
    3
    0
    0
    0
    0
    0
    0
    0
    0
    0
    0
    0
    0
   40
    0
    1
    3
    0
    0
   16
    0
    0
   57
    2
   71
    0
    0
    0
    0
   10
   11
    4
   41
    2
    4
    0
    0
    0
    0
    0
    0
    0
    0
    0
    0
    0
    2
    0
    0
    5
    0
    2
    0
   10
    0
   56
   71
    0
    0
    0
    0
   33
   47
  113
   16
    0
    0
   12
   19
    0
    0
    0
   30
   36
    7
    0
    0
    0
    0
   15
    0
    0
    0
    0
    0
   55
   28
   27
    3
   15
   17
   38
    0
    0
    0
    0
   31
    5
   18
    5
    1
    6
    3
    8
    0
    0
    0
   17
    9
   35
  138
   34
   10
   42
    0
    0
   24
    0
    0
   67
    0
    4
    2
    9
    0
    0
    0
    0
    0
    0
    6
   24
   26
   28
   16
   31
   31
   38
    0
    0
    0
    8
    0
    4
   85
   21
    9
    3
   25
    0
   20
    0
    0
    7
   38
    1
   29
    0
   18
   80
    8
    4
    2
    0
   24
    7
    4
    0
   36
    0
  107
   76
    0
    0
   26
    0
   18
    0
   20
    5
    1
    0
   15
   42
   28
   45
   18
   28
    9
  101
   28
  101
   16
    0
    0
    0
    0
    0
    0
   18
    4
    2
    5
   75
    0
   32
    0
    0
    0
    0
    3
    0
    0
    0
    0
    0
    0
    0
    3
    0
   14
    5
    0
    0
    5
   16
    0
    0
    0
    0
    0
    0
    0
    0
    0
    0
    0
   75
    0
    0
    0
    0
    0
    0
  182
    0
    0
    0
    0
    0
    0
    0
    0
    0
    0
   54
   38
    9
    1
    0
    0
   10
    0
   11
    1
    2
    2
    0
    0
    0
   18
   24
   12
    0
    9
    0
    0
    7
  202
    0
    0
   10
    2
    0
    0
    0
    0
    0
    0
    0
    0
   23
   10
    3
    0
    0
    0
    0
    0
    0
    0
    1
   78
    0
   17
    1
    1
   28
    0
    0
   11
   35
    0
    0
    0
    0
    8
    0
    0
   49
    0
    4
    0
    0
   32
   45
   40
    0
    0
    0
   20
    0
    0
    0
   51
    2
    0
    8
   24
    0
    0
    0
    0
  126
    0
    3
    7
   72
  233
   21
    9
    0
    0
    0
    0
    7
    0
    0
   55
    2
   50
   15
  101
    0
    0
   59
    3
    0
    0
    0
    0
   83
   78
    0
   39
   87
    0
    0
    0
    0
    0
    0
    0
    0
    0
    0
    3
    0
    0
    0
  125
    0
    0
    0
   30
   24
  120
    0
   11
    8
    4
    0
    1
    3
    1
    0
    0
    0
    0
    0
    0
    0
    0
    0
    4
    5
   78
    2
    0
    5
    0
    0
    0
   30
    0
    0
    0
    0
    0
    0
    0
    0
    0
    3
   75
    2
    0
   28
    0
   18
    0
    8
    0
    0
    0
    1
    0
    0
   32
    0
    0
    2
    0
    0
    0
    0
    3
   16
   11
    0
   29
   25
   26
    3
   63
   27
    0
    0
    0
    0
    0
    0
    0
    0
   45
   18
   36
    9
    5
    0
    1
    0
   75
    1
    0
    0
   26
    0
    0
    0
    0
    2
    0
    0
    0
    0
    0
    0
    0
    0
    0
    1
    2
   51
   24
   21
   15
    1
   27
    1
    3
    0
    1
   36
    8
   39
   71
    9
    3
    0
    0
    0
    0
    1
    1
    1
    0
    0
    8
    0
    0
    0
    0
    0
   72
   17
    9
    6
   17
    0
    0
    7
    0
   26
   74
    3
    0
    0
   28
    1
   21
   14
  133
   18
    6
    0
    0
   76
   40
   26
    0
    3
    1
   99
   68
  200
    1
    0
   10
   21
    8
    0
    0
    0
   11
    6
   35
   21
    0
    0
    0
    3
    0
    0
    1
    3
   62
   15
    0
    4
   10
    7
    0
    0
    0
    0
   95
    4
   61
   10
    0
    0
    0
    0
   44
    0
   51
   76
   28
    0
    0
    0
    0
    0
    0
    0
    2
    6
   45
   13
    0
    0
    0
    0
    0
    0
    0
    0
    0
   33
    0
    0
  223
   10
   55
  107
   80
    0
    2
   31
   17
   11
    7
   11
    0
    0
    3
    0
    0
   50
    0
    0
    0
    4
   30
    0
    0
    0
    0
   63
    1
    8
   54
    0
    0
    0
    0
    0
    0
  213
  276
  210
    7
    0
   16
   33
   51
  158
   45
    0
    0
    6
    0
    0
    0
    0
    7
    0
    0
    0
    0
   66
    0
   68
    0
    0
   25
   77
   46
    9
    0
    5
    0
    4
    0
   21
   23
    0
    0
    0
    0
    0
    0
   21
    0
    0
    0
    0
  231
    0
   14
    0
    0
    0
   16
    0
   43
   75
   34
   14
    8
  140
   68
  193
   37
  151
   15
   46
   30
    5
    0
    0
    0
   58
    5
    8
    0
    0
   51
    2
    0
   78
   11
    5
   23
   81
    1
   14
    0
    0
    2
   43
   10
    0
    0
    0
    0
    0
    0
    0
    0
    1
    0
    0
    0
   54
    3
   26
    0
    0
    0
   24
    0
    8
    0
    0
   10
    1
    0
    7
    4
   11
   38
   78
   29
    0
    5
   44
    0
    0
    0
    0
    6
    4
    9
    0
    6
   35
    0
    5
    7
   11
   47
    1
   34
    0
   36
    3
    0
   65
   93
   24
    2
    0
    0
    2
   14
    8
    0
    0
    3
    4
    5
    8
   20
    0
   56
   77
   10
   15
    2
    4
    6
    8
    1
   25
   21
    3
    0
    0
    0
    0
   10
    5
    1
    0
    1
    0
   18
    0
    0
    0
    0
    0
    5
    0
   58
    1
    0
   20
    6
   17
   21
   57
   39
    0
    0
    0
    0
    0
    0
    0
    6
    0
    0
   32
   81
    4
   52
   28
    3
    0
    0
    0
    0
    2
   37
   14
    1
   30
   89
   42
   57
   66
    1
    0
   15
    0
    0
    0
    0
   15
   21
    0
    0
    0
    0
    0
   78
   14
    2
    0
    0
   34
    4
   38
   10
    2
    0
    0
    0
    0
    0
    0
    0
    0
    0
    0
    0
    0
    0
    0
    0
    0
    0
    0
    0
    0
    0
    5
   83
   87
    4
   28
    0
    1
    0
    0
    0
    0
    9
    0
   55
    8
    7
   55
    0
   40
    0
   40
  175
   21
    7
    0
    0
    0
    0
    1
    0
    0
    0
    0
    0
    0
    0
   36
    0
    0
    0
   93
    8
   17
    0
   25
   10
    1
    0
    4
    0
    0
    0
    0
    0
   57
   38
  107
    0
  128
    8
   11
   55
   22
   18
    6
    0
    0
    0
   25
   21
    0
    1
    0
    0
    0
    0
    0
    3
    0
   40
    0
    0
    4
    0
    7
   17
    0
    0
  128
    4
    0
   14
    0
    0
   95
  615
  115
   28
    0
   12
    0
   74
    4
    0
    5
    0
    0
    0
    0
    0
    0
    0
    0
   49
  156
    0
   55
   34
    1
   80
  305
  145
   20
    2
    0
    0
    0
    0
    0
    0
    0
    0
    0
    0
    0
    0
    0
    0
    0
    0
    0
    0
    0
    0
    0
    0
    0
    0
    0
    0
    4
    0
    0
    0
   66
    0
    2
    9
    0
    0
    0
    6
   33
   14
    0
   32
   59
    0
    9
    0
    0
    0
    0
    5
   18
   78
   18
    4
   16
    0
    0
    0
    0
    0
   48
    8
   22
   61
   56
   11
   18
   69
   38
    8
    0
   13
   36
   38
   46
   16
    0
    0
   98
   49
  102
    8
    0
    0
   19
   81
   24
   21
   25
    1
    0
    2
   19
   24
    0
    7
   47
    0
    0
   88
   11
    0
   19
    0
    0
    5
  235
  118
    0
    0
    0
    7
    4
    0
    0
    0
    0
    0
    0
    0
    0
    0
    7
   22
   10
    6
    1
    0
    0
  123
    0
    1
    2
   27
    4
    0
  143
  183
    0
