Station: Quaschwitz , scaling_factor: 10.0, latitude:  50.6833, longitude:  11.7333, altitude:  493, nodata_value: -9
start: ..1990-01-01  end: ..1990-12-31
    0
    2
    0
    0
    6
    0
    0
    1
    0
    0
    0
    0
    0
    0
    7
    0
   11
    0
    3
    0
    0
    0
    6
    5
   67
    1
    0
    0
    0
    0
    0
    0
    0
    0
    0
    0
    0
    0
    4
    0
    0
    2
    0
   60
   41
   80
    0
    0
    0
    0
    0
    0
    0
    0
    0
    0
   80
   42
   88
   20
    7
    3
    0
    0
    4
    0
    0
   13
   16
    0
    0
    0
    0
    0
    0
    0
    0
    0
    2
    0
   50
    0
   12
    0
    0
    3
  108
    8
    0
    0
    0
    0
   60
    2
    1
    0
    0
    0
    0
   16
   68
    0
    0
   59
    7
    1
    6
   50
   17
    0
    2
    0
  109
   93
   73
   10
   38
    0
    0
    0
    0
    0
    0
    0
    0
    0
    1
    0
   23
    3
    0
    0
    0
    0
    0
    6
    0
    0
    0
    0
    0
    0
   29
    0
    0
    0
    0
    0
    0
    0
    0
    0
   85
   30
    5
    0
    0
   30
  156
    4
  466
    2
    0
    0
   12
    3
    0
    0
    0
    0
   16
    0
   36
   11
    0
    0
    0
    0
    0
  170
  132
    1
    0
   84
    0
   34
    9
    1
    1
  144
   42
    0
    0
    0
    0
    0
    0
    0
    0
    0
    0
    0
    0
    0
    0
    0
    0
    0
    0
    0
    0
    0
    0
    0
    0
    0
   15
   91
    0
    0
    0
    0
    0
    0
    0
   69
    0
    5
    6
   23
    0
   78
  175
    3
    0
    0
   14
    0
    0
    0
    0
  182
  158
    3
   22
   15
   85
    5
   63
   10
    7
    0
  230
   54
   22
    0
    0
    0
    0
   11
   22
    0
    0
   16
   23
   16
    1
   38
    1
    0
    0
    0
   88
   25
    2
    0
   17
    0
    0
    1
    0
    0
    0
    0
    0
    0
    0
    0
    0
    0
    0
    0
   15
    0
    0
    0
    0
    0
   16
    0
    5
  161
    2
    2
    3
   16
   47
   71
    7
   20
    0
    1
    0
   11
   27
    0
    0
    7
    6
    0
   62
   49
   14
   31
    0
   43
   28
    0
    7
    0
    0
    4
   69
    5
    4
   17
   16
   92
    0
    0
    0
    0
    0
   25
   50
   10
    8
   15
    0
   29
    0
    0
    3
    2
    0
   10
    0
    0
    0
   12
   10
    0
   27
    0
    4
