Station: Reinsberg , scaling_factor: 10.0, latitude:  51.0099, longitude:  13.3580, altitude:  265, nodata_value: -9
start: ..1969-01-01  end: ..2006-12-31
  116
  119
   46
    0
    0
    0
    0
    0
    2
    0
    0
    0
    8
    0
    7
    0
   18
    8
    0
    5
    0
   85
   21
   24
   48
    0
    3
    0
   22
    0
   48
    0
   21
    9
   31
    0
    0
    6
    0
   10
    0
    0
    0
   16
    8
  168
   20
    0
    0
    0
    0
    0
    0
    0
    2
    0
    0
    0
    0
    0
    0
    0
    0
    0
    0
    0
    0
   15
    0
   52
   97
  102
    0
   96
    9
    0
    0
    0
    0
    0
    0
    0
    0
   29
    4
   20
   22
    0
   79
  111
   18
   12
    0
    0
    0
    0
    0
    0
    0
    0
   71
   80
   10
    6
   92
   58
   35
   14
    9
    0
    0
   82
   30
   18
    0
    0
  194
    6
   11
  117
    0
    0
   58
    0
    0
    0
    9
    0
   31
   35
    5
    0
    0
    0
    0
   28
    0
    0
    6
   38
   33
    2
    0
    0
    1
  127
    0
    0
    0
  105
    0
   30
    8
   56
  132
   10
   55
    0
    0
    0
    0
    0
    0
    0
   54
   46
  126
    0
   15
  494
   49
    0
    0
    0
   65
    0
   35
    0
   26
  141
    0
    0
    0
  238
    0
    0
   10
    0
   46
   45
   38
   49
   25
   23
    0
    0
    0
    0
    0
    0
    0
   24
    0
    0
    0
    0
    0
    0
    0
    0
    0
    0
    0
    0
    0
    0
    0
    0
    0
    0
    0
    0
    0
    0
   72
   85
    0
   18
   11
    0
    0
   35
   26
    0
    0
    0
    0
    7
    1
   41
  121
  169
    0
    0
    0
    0
    0
    0
    0
    0
    0
    0
    0
    0
    0
    0
    0
    0
   20
   10
    0
    0
    0
    0
    0
    0
    0
    0
    0
   61
    0
    0
    0
   18
   39
   16
    0
    0
    0
    0
    0
    0
    0
    0
    0
    0
    0
    0
    0
    0
    0
    0
    0
    0
    0
   16
   41
   28
   22
    0
    0
   20
   39
   61
    0
    0
    0
   61
    0
    0
   49
   65
    3
    0
   11
    0
    0
    0
    0
    0
    0
   17
   18
    5
    0
    0
    0
   19
   60
   98
   10
    0
    0
    0
    0
    6
   58
    0
    0
    4
   11
    0
    0
    0
    0
    0
    0
    0
   49
   10
    0
   50
    5
    0
    0
    0
   20
    0
    0
    0
    0
    0
   56
    0
   25
   25
   18
   19
   17
   69
    0
   10
    0
   15
    0
    0
    0
    0
    0
    0
   21
    8
    0
    0
    0
    0
    0
    0
    0
    0
   28
   65
   20
   15
    0
   28
    0
  124
   15
    9
   20
    9
    0
    8
   31
   35
   20
    0
   40
    0
    9
    0
   11
   34
    0
   72
   12
  231
  105
   60
    0
   45
   82
   56
   58
   61
    0
  158
  209
   18
    0
    0
    0
    0
    0
    0
    0
    0
    0
   32
   30
    8
   50
    0
    0
    0
    0
    0
   31
    0
   19
  125
    1
    0
   71
    7
    6
    5
   59
   11
    0
    4
    0
  236
    0
   35
    0
   75
    0
    0
   55
    0
   11
   81
   41
   32
   12
   43
   21
    0
   23
    3
    0
   71
   51
   87
   36
   10
    0
    0
    0
    0
    0
    0
    0
   41
   48
   11
    0
    0
    3
    0
    0
   39
   40
   28
   29
    5
    0
    0
   87
  131
   75
   13
  191
   21
   25
    5
    0
   80
    4
    0
    0
    0
    0
   61
   34
    0
    0
    0
    0
    5
    0
    0
    0
    0
    0
   18
   11
    9
   87
    0
    0
   60
   18
    0
   28
    5
   50
    0
    0
    0
    0
    0
  101
    0
    0
    0
    0
   20
   28
  123
    0
    0
   31
   24
   57
    0
    0
   21
   58
   14
    9
    0
   13
    0
    0
  477
   14
    6
    0
    0
    9
   41
   89
    0
    5
    0
    0
    0
  115
    0
   11
    4
    0
    0
   79
  201
   41
   42
   61
   14
    0
    0
    0
    0
    0
    0
   32
    0
    9
   41
    9
   38
    0
    4
    0
    0
   19
    0
    8
    0
    0
    0
    0
    0
    0
    0
   14
    0
    0
    0
   41
    0
    0
    0
    0
   58
  108
  106
  121
  115
    9
    0
    0
    0
    0
    0
    0
    0
    0
    5
    0
    0
    0
    0
    5
    0
   51
  101
   17
   73
   12
   50
    5
  146
    5
   36
    7
    0
  171
   60
    0
  100
   89
    9
    0
   29
   54
   31
    1
   13
   61
    0
   11
    0
   29
    0
    2
    0
  103
    0
    0
    0
    0
    0
    0
   21
   12
    4
   67
  101
   29
   24
    0
   31
    0
    4
    2
    0
    0
    0
    5
    9
    0
    2
   38
    0
   29
   37
    1
    6
   24
    5
    3
    0
   19
    1
  176
    2
    0
    0
    0
    0
    0
    0
    0
    0
    0
    0
    0
    0
    0
    0
    0
   23
    0
    0
   11
    0
    0
    0
   50
    0
    0
   51
   13
   16
    0
    0
    0
   19
    0
   11
    3
   13
    5
   14
   87
    0
    0
    0
   27
    3
    0
    0
    0
    6
    9
   61
    0
   24
   61
   40
   58
   40
   20
   12
   52
   13
    1
    1
   29
    3
    1
    3
    0
    8
   38
    0
    9
    0
    0
    0
   40
    0
    0
   26
    0
    0
   36
    1
    0
   11
    1
    0
    0
    0
    1
   41
    0
    0
    0
    0
   95
    2
    0
    0
    0
    0
    0
    0
    0
    0
    0
    0
  119
    0
    0
   44
    0
    0
    0
  152
   52
   41
   21
    1
    0
    0
    0
    1
    0
    0
    0
    0
    0
    0
   34
    0
    0
    0
    0
    0
   41
    0
    0
   20
    9
   32
    0
    0
   11
    5
    0
  121
    0
   23
   13
   11
    4
   12
   14
    9
   39
   21
    4
   47
    0
  298
  151
   24
   15
  101
   10
   58
   32
    9
   46
   67
   43
   14
   19
    0
    0
    0
   45
   38
   68
  113
  245
    0
   81
    0
    0
    0
    0
    0
    0
    0
    0
    0
    0
    0
   20
    0
    0
    0
    0
    0
    0
    0
    0
    0
    0
    0
    0
    0
   32
    0
    0
    0
    0
    0
    4
    0
    0
    0
    0
    0
    0
    0
    0
    0
    0
   92
    0
    0
    0
    0
    0
    0
   21
  151
   51
    0
   14
   15
   21
    0
    0
    0
   69
    0
    0
    0
    0
    2
    0
    0
    0
  215
   45
    4
   19
    0
   45
   27
   23
    0
   76
    0
    0
    0
    0
   48
   81
   33
    0
    0
  141
   30
    0
    0
    0
    0
    4
    0
    0
    0
    0
    0
    0
    0
    0
   54
  235
    0
    0
    0
    0
    0
   30
    0
    0
    0
    0
    0
    0
    0
    0
    0
    0
    0
    1
    0
    0
    0
    0
    5
    0
    5
   14
  101
   44
    1
    0
   26
   24
   61
   95
  382
    1
    0
   46
    0
   52
   22
    8
    2
    0
    0
    0
    0
    2
    1
    2
   29
   25
   21
   26
    4
   62
   80
   45
   47
    6
    0
    0
    0
    0
    0
   16
  129
   15
   46
   14
    0
    0
    0
    0
   16
    5
    5
    0
    0
    0
    0
    0
   51
    0
    0
    5
    4
    0
    0
    0
    0
    0
    0
    0
    0
    0
    0
    0
   38
   25
    0
    0
    0
    4
   11
    2
   14
   11
    5
    0
    0
    0
    0
    0
    0
    0
    0
    0
   27
    9
    0
    0
    0
    0
    0
    0
    0
    0
    0
    0
    0
    0
    0
    5
    1
    0
    0
    0
    0
    0
    1
    0
    0
    2
    0
    0
    0
  145
    0
    0
    0
    0
    0
    0
    0
    0
    0
    0
    0
    0
    0
    0
    0
   11
  112
   11
   23
    0
  101
   40
   36
   85
   13
    0
   15
   25
    0
    0
    0
    8
    6
    0
    0
    1
    0
    7
   21
   41
    0
   31
    0
    0
   17
    0
   17
   21
   24
    0
    0
    0
    0
   28
    0
    0
    0
   25
   61
   11
   38
  136
   15
   11
   29
   39
   59
    0
   61
   82
   62
    9
    0
    0
   11
   10
   31
   26
   77
   21
    0
    0
   25
    0
    0
    0
    0
    9
   16
    0
    0
   41
   14
  214
    0
    0
    0
    0
    0
    0
    3
    0
    0
    0
   31
    0
    0
    0
    0
   65
    5
   33
    0
    0
    7
    0
    0
    0
    0
    0
    5
  101
    0
    0
    0
    0
    1
    0
    0
    0
    0
    0
    3
   67
    0
    0
   96
    0
    0
   25
   75
   15
    0
   26
   65
   74
    0
   21
    0
    0
    0
    1
    0
  147
    0
    0
    0
  331
   24
    0
  125
    0
    0
   14
    6
    0
    2
    0
    0
    0
    0
    0
    0
    8
  118
    0
    0
    0
    0
    0
    0
    0
    2
   47
    8
    0
   10
    0
    0
    0
   28
    0
    0
    0
    0
   68
   37
   25
   11
   39
   34
   23
    0
    8
    0
    0
    0
    0
    0
    0
    0
    0
    0
    0
    0
    0
    0
    0
    0
    0
    0
    0
   31
   24
  117
  115
   67
    0
    0
    0
    0
  147
   17
    0
    0
    0
    0
    0
    0
    1
   12
    0
    0
    7
   14
   74
   55
    0
    0
   14
    0
  118
   19
    5
    0
    1
    0
   19
   22
    1
    0
    0
    0
    0
    0
    0
    0
   12
    0
    0
    0
    4
   15
    0
    0
    0
    0
    0
    0
    0
    0
    0
    1
    2
    0
    0
    0
    0
    0
    0
    0
    0
    0
    0
    0
    0
    0
    0
    9
    5
   20
    3
    9
    8
    1
    4
    1
    0
    0
    0
   44
   21
    2
    0
    1
    0
    0
    0
    0
    0
    0
   31
   91
   52
   24
   11
   14
   47
    0
    0
    0
    8
    0
    0
   11
   15
    4
   23
   17
    0
    0
    0
    1
    6
   45
    0
   39
   70
   28
   81
   62
   19
   25
   16
    1
    0
   44
   69
    6
    0
    1
    8
   17
    0
    0
    7
    6
    0
    0
    8
    0
   29
  129
    9
    5
    0
    0
    0
    0
    0
    0
    0
    1
    0
    0
    1
   26
   33
   36
    0
   17
    5
    0
    0
   77
  324
   22
   51
    0
    0
    0
   21
   71
   74
    6
    5
   84
    0
    0
    0
    0
    0
    0
   32
   11
    0
    2
  311
   43
    0
    1
   15
   12
   14
   31
    0
    0
    0
    0
   84
    0
    0
    0
    0
    0
    0
  287
    0
    1
   94
   14
    1
    0
    0
    0
   45
    1
   85
    1
    0
    0
    0
    7
   43
  402
   24
   45
    0
    0
  101
    0
    9
    0
   29
    0
    0
    0
    0
    0
   11
    0
    0
    0
    0
   14
    0
    0
    0
    0
    0
    0
    0
    0
   35
    0
    0
    0
  111
   41
    1
    0
   91
    5
    9
   31
   11
   81
    0
   33
   71
   21
   14
  313
   34
  134
    0
    0
    0
    0
    0
   21
   20
    0
    1
   33
    1
    0
    0
    0
    0
    0
    0
    0
    0
    0
    0
   92
    0
    0
    0
    0
    0
    0
    0
    0
    0
    0
  158
   13
    0
   60
    0
    0
    0
    0
    0
    0
   61
    4
    0
    0
    0
    0
    0
  101
   39
    0
    0
    0
    0
    0
    0
    0
    0
    0
    0
    0
   41
    0
    0
    0
    0
    0
    0
    0
    0
    0
    9
    0
  155
    0
    6
   30
   19
   64
   61
    1
  115
   91
  162
   38
   91
    0
    0
    0
    0
    0
    0
   25
    0
    0
    0
    0
    0
   24
    0
   28
   15
    0
    0
    0
   15
   95
  100
   21
   25
   11
    0
   31
    0
    0
    0
    3
   51
    1
   61
   31
    7
   30
    6
   11
    0
   36
   54
    7
   35
   79
   51
   45
    0
   16
    5
   59
   76
   26
   26
    2
    3
    0
    0
    0
    5
    0
    0
    4
    3
    0
    5
    0
    2
    3
    5
    0
    0
    0
    0
   60
   40
    7
    0
    0
   11
    0
    0
    8
    7
   13
   45
  161
   44
    2
    0
   28
    1
   37
    0
    0
    5
    0
    0
    0
    0
    0
    0
   17
    0
    4
   65
   68
   48
   12
    0
    0
    0
    0
   17
    0
    0
    0
   17
  152
    1
   11
   81
  102
   17
    2
    0
    0
    0
    0
    0
   13
    0
   10
    0
    1
    0
    0
    0
    0
    0
    0
    6
    0
    5
   67
   46
    0
    0
    0
    0
    0
    0
    0
    0
    0
    0
   70
    0
    0
    0
    0
    0
    0
    0
    0
    0
    0
    0
    0
    0
    0
    0
    0
   75
   55
   17
    0
    0
    0
    1
   20
    0
    5
    0
    5
    1
    3
    0
    0
    0
    0
    0
    8
   50
   81
   90
    0
   12
    0
  162
   32
    0
  160
    1
   28
   17
    0
    0
   28
   97
  181
    0
    0
    3
    0
    0
   19
    1
    0
    8
   51
    0
   46
    0
    0
   10
    9
   40
    6
   35
    9
  164
  297
  145
    0
    0
    0
   21
   14
   50
    0
    3
   43
    0
    0
   23
   61
    9
    5
  111
   51
    9
   40
    3
   19
  100
    6
    5
   81
    2
   78
    6
    4
   34
    0
    0
    0
   46
    0
  142
    3
    0
   16
   98
   16
    0
    0
    0
    0
    0
    0
   20
    6
    0
   34
   37
    0
    0
    5
   40
    5
   51
    6
    0
    0
    0
    0
  127
  100
   42
   61
    0
    0
    0
    0
    0
    0
    3
    0
    0
    0
    0
    0
    0
   74
    0
    0
  170
    0
    0
  141
    0
    0
    0
   10
    0
    0
    0
    0
   30
    0
    0
    0
    6
    2
    0
    3
  123
    0
  111
   32
    0
    0
    6
   25
    0
    5
    0
    0
   11
   41
    8
    0
    0
    1
    0
    8
  295
   11
    2
    9
  171
  162
  463
   82
   38
   19
   16
   38
   81
    0
   10
   32
  254
  155
    0
    0
    4
    0
    0
    0
    3
    4
    0
    0
    0
    0
    0
    0
    0
   48
    0
    0
    0
   71
    7
   25
   16
   21
   65
   55
   61
   30
   25
   53
    4
   12
   52
  231
  252
  261
   24
   42
   15
   47
   28
    5
   34
   23
   41
   66
   21
    0
    0
    0
    0
    0
   62
   57
   38
  101
   85
  154
   89
   59
    5
    0
    2
    8
   20
   54
    8
    0
    0
    0
    0
    2
    0
    0
    0
    0
    0
    0
    0
   10
   56
    0
    0
   37
    0
   25
   65
    0
   13
    0
   21
   41
    0
    0
    0
    0
    0
    0
    0
    0
    0
    2
   18
   13
    0
    0
    0
   11
   92
    0
    0
    0
    0
    0
    0
    0
    0
    0
    0
    1
    0
    0
    0
    0
    0
    0
    0
    0
    0
   31
    2
   45
   12
   25
    0
    2
   27
  108
    0
    0
    0
   35
   75
   83
   21
    6
    1
    0
   26
    0
    3
    0
   31
    2
   16
    0
    0
    0
    1
    5
   42
   11
  101
  162
   61
    5
    0
    0
    3
    1
    0
    0
    0
   11
    0
    0
    0
    0
    6
    0
   21
  115
    0
    0
    0
    0
  101
   30
   10
  148
   14
    0
    4
    2
    0
    5
   12
    8
    0
    0
    0
    0
    0
   21
    0
    0
    0
    0
   11
    0
    0
    1
    2
    0
    0
    0
    0
   26
  157
   53
    1
    0
    0
    0
   18
   13
    0
  162
   22
   25
   39
  151
    0
   84
    0
    0
    0
    0
    0
   12
  111
    2
    0
    0
    0
    0
    0
    0
    1
    0
   34
    0
    0
    5
    0
    0
    0
  321
   52
   15
    2
   33
    0
    0
   18
    2
    0
    0
    0
    0
    5
    0
    0
    0
    0
    0
    0
    0
    0
    0
    0
    0
    0
    0
    0
    0
    0
   61
  139
    0
    3
    0
   60
   38
  106
  228
    0
    0
    0
    0
    0
    1
    0
    0
    0
   17
    0
    0
    0
    0
    0
    0
  321
   41
    0
    1
    0
    0
    0
    0
    3
    0
    0
    1
    0
    0
    0
    9
    2
    1
    1
    0
    0
   12
    3
   55
   69
    0
   21
   41
   18
   12
    0
    0
   21
    0
    0
    3
   32
   51
   69
   24
   71
   16
    0
    0
    0
    0
    0
    0
    0
    0
    0
    0
    0
    0
    0
    0
    0
    0
    0
   27
    0
    0
    0
    1
   31
   11
    0
    0
   89
   54
   72
   74
    0
    0
    0
    0
    0
    4
    0
   49
   27
    3
   12
   15
   11
    8
    3
   19
    1
    0
   19
    0
    2
   11
    0
    2
    1
    6
    0
    2
    8
    0
    0
    1
   26
   75
   80
    0
    0
    0
    0
   38
   85
   71
   42
   22
   35
   46
    0
    0
   17
  168
  141
  117
  148
  142
    7
   21
    0
   41
   24
   46
   92
   78
   87
   21
    6
    0
    0
    1
    0
    0
    0
    0
    0
    0
    0
    0
    0
    0
    0
    0
   41
    6
    0
    9
   29
   18
    0
    0
    0
    0
    0
    0
    0
    0
    0
    0
    0
    0
    0
    5
    0
    5
    0
    0
    4
   10
    2
    4
    3
    1
    0
    0
    6
    0
    0
    6
    7
   17
   68
    0
    7
    4
    0
    0
   19
   35
   11
    0
    0
    3
    0
    0
    0
    0
    1
   41
    1
   17
    0
    0
    0
    0
    0
    5
    0
   36
    9
    0
    0
    0
    0
   10
    0
   65
   21
   31
    0
   24
    4
    1
    2
    0
    0
   27
    0
    0
    0
    0
    0
    0
    0
    9
    2
   16
    0
    0
    0
    0
    0
   10
  189
   71
   21
    0
    0
    1
    0
   17
   27
   20
   21
  135
    0
   56
   21
   18
    0
    0
    0
    0
    0
    0
    0
    1
   56
    0
  116
   16
    0
    0
    0
   21
    0
    0
    0
    0
    0
    0
    0
    0
    0
    0
    0
    0
    0
    0
    0
    0
    0
   21
  171
    0
    0
    0
   41
   29
    0
    0
    0
    0
   10
    2
   35
    0
    0
    0
   17
    0
    0
    0
    0
    0
   61
   16
   27
   96
    2
    0
    0
    1
    0
    0
    0
    0
    3
    0
    0
    0
    0
   31
   89
    2
   58
    0
    0
    0
    0
    0
    1
    0
    0
    0
    5
    1
    0
   32
    0
   10
    0
    2
    0
    0
   25
    0
    0
    0
    0
  121
    0
    0
    2
   32
    3
    0
    0
    0
    0
    5
    0
    0
   59
   60
    8
   25
    0
    0
   53
    1
   38
    0
    0
    0
    0
    0
    0
    0
    3
    1
    9
   68
  119
    0
    0
    0
    0
    0
    0
    0
    0
    0
    0
    0
    0
   38
    8
    0
    8
   10
    0
    0
    0
  142
    0
    0
    0
    3
    0
   25
   51
   60
   22
    2
   21
   22
    0
    0
   88
   66
  136
   20
    2
   10
    6
    3
    1
   11
   16
    0
    5
    0
    0
   30
    0
    0
   11
   62
  161
   45
   41
    7
    1
    0
    0
    1
    0
    0
    0
    1
   21
   21
    1
    0
   17
    0
    0
    0
   35
    0
    0
    0
    0
    1
   35
   30
    0
    0
   17
    0
    0
    3
    0
    4
    0
    0
    9
    0
    0
    8
    3
    1
   80
    2
    0
    0
   84
    4
    0
    0
    0
    0
    0
   14
   45
   55
   54
    0
   30
    0
    0
    6
    0
    0
    2
    0
    0
   49
   49
   15
    0
    0
    0
    0
   53
    4
   10
    1
   42
    4
    8
    0
    0
    0
   60
    0
    0
    0
   71
    0
    2
    0
    0
    0
   81
  105
   24
    4
    0
    0
    0
    0
   58
   61
   51
    8
    0
    2
    3
    0
    9
    5
    1
   26
   28
    3
   15
   32
   19
    3
   87
   48
   77
    0
    0
    0
    0
    0
   22
    0
   45
   57
    3
    0
   37
   15
   72
   13
    0
    0
    0
    0
  305
    0
    0
    0
    0
    0
    0
  102
    0
    0
   11
    0
    0
    0
   22
   30
   21
    0
    0
    0
    0
    0
    0
    0
    0
    2
    0
    0
    0
   78
    0
    7
   27
    0
   17
   11
   50
   41
    0
    0
    1
  142
    1
    0
   81
  622
   15
    0
    0
    0
    0
    1
   81
    0
    0
  139
    0
    0
    0
    0
    0
    0
  361
   20
   35
   81
   47
    0
    0
   83
   15
    8
    0
   15
   34
    4
    0
    0
    0
    0
  162
  189
   17
    0
    0
    0
    0
  205
    8
    4
    6
   95
    0
    0
    0
   10
   25
  271
  186
   47
    5
    0
    0
    0
    1
   11
  161
    0
    1
  202
    0
    0
    0
    8
   85
    0
    0
    0
    4
   85
    0
  290
    0
    0
    1
   37
  141
   51
   48
    0
    0
    0
    0
   54
    0
    0
    0
    7
    0
   26
   57
    0
    0
    0
    0
    0
   14
    3
    9
   23
   41
   14
    4
   16
    0
    0
    0
    0
   36
    0
    0
    0
    0
    0
    0
    0
    0
    0
    0
    0
    0
    0
   38
    0
    0
    0
   16
   31
    0
   24
   36
  124
  105
   14
    0
    0
    0
    0
  241
    0
    0
  165
    0
   45
    0
    1
   24
   64
    0
    0
    6
   34
    1
    0
   51
   15
   64
   14
    1
   44
    9
   34
    0
    0
    0
    0
    0
    0
    0
    0
    0
   80
    0
   47
    0
    0
    0
    0
    0
    0
    0
    0
   11
   22
   48
   24
   30
    0
   51
   67
    1
    9
   19
    5
   41
    0
    6
    0
    0
    5
    9
    0
    0
    0
    0
    0
    0
    0
    0
    0
    0
    0
    0
    0
   67
   65
   12
    0
    0
    5
    0
   21
    0
    3
   24
    7
    0
    0
    7
    9
    7
    0
   47
    0
    0
    0
    1
    0
    0
    0
    0
    0
   19
    0
    0
    5
    0
    1
    0
    0
    0
    0
    0
    0
   11
    0
    0
   90
   12
   40
    0
    0
   32
    0
   12
    0
   51
   25
  131
   59
    7
   29
   17
   16
   51
    2
   18
    0
    0
    0
    0
    0
    1
   15
   85
    1
    0
    0
    0
    0
    0
   41
    0
    0
    0
    2
    0
    0
    0
    0
    0
    0
    6
    0
    5
    0
    0
    0
    5
   19
    0
   41
  126
    0
    0
    0
   95
  399
  202
    6
   37
    8
   59
    9
    0
   17
    7
    0
    0
   24
   91
    0
    4
  264
   16
    0
    0
    0
    0
    0
    0
    0
    0
    0
    5
    3
    0
   75
   21
    5
    0
    0
    0
   21
   22
   98
    0
    7
    0
    0
    0
    2
    3
    0
    1
    3
    0
   36
   20
    1
    0
    5
    0
   33
   18
   95
    0
    3
   14
  115
   75
    0
    0
    2
    0
    0
    0
    0
    0
   66
   33
   58
    0
    0
    0
    0
    0
    0
    0
    0
    0
    0
    0
    0
    0
    0
    0
    0
    0
  311
  892
    6
  149
   11
    0
    0
    0
    2
    6
   88
    0
    0
    0
    0
    0
   22
    0
    0
   14
   74
    0
   31
   81
   11
   83
  101
   49
    0
    0
   21
    0
    0
   22
   21
  149
   47
    0
    0
    0
    0
    0
    0
  115
   31
   45
  146
   44
    0
   30
  135
    6
   49
   51
    0
    0
   25
   86
  211
   35
    2
    0
    0
    0
    0
    0
    0
    0
    0
    0
   31
    7
    0
    0
   11
    5
   88
    0
    0
   94
    0
    0
   15
    0
    6
    0
    0
    0
    0
    4
    0
    0
    0
    0
    0
    0
    0
    0
    0
    0
    0
    0
    0
    0
    0
    0
    0
    0
    0
    0
   56
   21
    0
   18
   90
  227
   41
    1
    0
    0
    0
    0
    0
   81
   79
    0
    0
    0
   15
   36
   14
    2
    5
    0
    0
    4
    0
    0
    1
    4
   31
   17
    7
   41
  168
  181
   90
   13
    5
   42
   12
    5
    0
    9
   19
    7
    0
    8
  105
   17
   30
   32
   85
    0
    0
    0
    0
    0
    0
   29
    6
    0
    0
   50
    9
    0
   29
   24
   29
   61
    0
    0
    2
    0
   12
   26
    0
    0
    0
   71
   31
    0
    0
    0
    0
    0
    0
    0
    0
    0
   32
    0
   19
    0
    0
    0
    7
    1
    0
   70
    0
    0
    7
    1
   82
   32
   52
    7
   82
   25
    0
   65
    7
    0
   28
   15
    0
    0
   24
    0
    1
   24
    0
    0
  110
  270
    5
    0
    0
    1
  165
    0
   89
  171
    1
    0
    0
    0
    0
    0
    0
    0
    7
   15
    0
    0
    0
    2
   51
    1
   31
    1
    0
   95
    0
    0
   57
    0
    0
    0
   36
    3
    0
    0
    0
    0
    0
   60
    1
    0
    0
    0
    0
    8
   11
    0
    0
    0
   14
    0
   21
    0
    0
  165
    0
    0
    0
    0
    0
    0
    0
    0
    7
  136
   19
  141
    0
    0
    0
  355
    0
    0
  219
   82
    0
    0
    0
    0
    0
    0
    0
   45
    0
    0
   75
    0
    0
   10
    8
    0
    0
    0
    0
    0
  115
    0
  141
    0
    0
    0
    0
    6
    0
   35
  162
    3
    6
    0
    1
   13
    2
   75
   51
  105
   35
    0
  234
    0
    0
   21
   12
    0
    3
    0
    0
    0
   78
  134
   17
    0
    0
    0
    0
    0
    0
    0
    0
    1
    0
    0
   67
   62
    3
    3
    1
    3
    0
    0
    0
    0
    0
    4
  100
    8
    0
    0
    0
   12
    0
    0
    0
    0
    0
    0
    3
    0
    0
    9
    0
  225
  179
  277
  107
  115
    0
    0
    0
    0
    0
    0
    0
    0
    0
    0
    0
    0
    0
    0
    0
    0
    0
    0
    0
    0
    0
    0
   25
   41
    0
    0
    7
    0
    0
    0
    0
    0
    0
    0
    0
    0
   29
   32
   39
    9
   11
   61
   29
   25
  124
    0
    0
    0
    4
    6
    1
   61
    0
    8
   73
   49
   89
   11
    0
    0
    5
    0
    7
    4
    5
    0
   15
   24
    0
    0
    0
   18
    3
   40
    8
   31
  125
  115
    8
    6
   34
   52
   57
   56
    0
    0
  101
    0
    0
    0
    0
    0
    0
    0
    8
   34
   14
   33
   48
   55
    0
   13
   25
   24
   10
    0
    0
    2
    1
    0
    0
    0
    0
    4
    0
    0
    0
    0
    0
    4
   29
    0
   38
   40
   10
    0
    0
   37
   58
   48
   45
   89
   15
  189
   37
    0
    0
    0
   46
   41
   23
    0
    0
    0
   37
    4
    0
    0
    0
    0
    0
    0
    0
    0
    0
    0
   35
   13
    3
   41
   28
    6
    0
    0
    1
  116
  101
    1
    0
    0
    0
    0
    0
    0
    0
   30
   91
    1
    0
    0
    0
    0
    0
    0
   25
    0
    0
   39
    0
   81
  155
  175
    0
    0
    5
    0
   53
   77
   17
    0
    0
    0
    0
    0
    0
    0
   31
   24
   38
   25
   38
  516
  198
    0
    8
   41
    0
    0
    0
    5
    7
    0
    0
    0
    0
    0
   38
   40
    0
    0
    0
    0
    0
    0
    0
    3
    0
    0
    0
    0
    0
    0
    3
    0
    0
    0
   19
   48
    1
    0
    0
    0
   69
   17
    5
    0
    0
   10
    0
    0
  281
    0
    0
    0
  105
    0
   51
   81
   19
   10
    7
    8
    0
   28
   16
    0
   22
   23
   12
  122
   23
  208
  151
    0
    4
    0
   87
   89
   56
    0
   23
   14
   25
   16
   49
    0
    0
    0
   38
    2
  602
  161
    0
    0
    0
    0
    0
  235
    0
   81
    0
    0
    0
    6
    0
   13
    0
    0
    0
    0
    0
    0
   54
    0
    0
    0
    0
    0
    0
   31
   11
   85
   43
    0
   41
    0
    0
    0
    0
   12
   26
  271
    8
    0
    0
    0
  351
    0
    0
    0
   21
   19
   69
   72
    0
   40
   28
    0
   21
    0
    0
    0
    0
    0
    0
    0
  141
    0
    0
    0
    2
   35
    0
    0
    0
    1
    0
    0
   62
    0
    0
    0
    0
  289
  292
    4
    0
    0
    0
   81
    0
    0
    0
    0
   39
   58
    0
    1
   21
    0
   17
    0
    1
    0
    0
   15
    3
    0
   98
   68
    0
    0
    0
    0
    0
    0
   11
   81
   25
    0
    2
    0
   14
    0
    0
    0
    0
   64
    0
    0
    0
   64
   11
    0
   14
   21
   41
   64
   24
    4
    0
    0
    0
    4
    0
   56
   24
   31
    0
    0
    8
   18
    0
    0
    2
   50
    0
    0
    0
    5
    0
    0
    0
   36
   30
  155
  182
   29
   74
   47
   14
    0
    0
   61
    0
    0
   12
   67
   14
   17
   25
   19
  107
   39
   15
    0
    0
    2
   11
    0
    0
    0
    0
    0
    0
    0
    0
    9
   70
    7
   34
   25
    0
    0
   30
   27
   11
   10
    0
    0
    0
   11
    3
    5
    9
    2
    3
   10
    0
    0
    0
    0
    0
    6
    3
   24
   22
    0
    1
   20
    5
  135
  189
   55
  181
   24
    1
    0
    0
    0
    1
    0
    0
    0
    0
  100
    0
   16
  111
    0
    0
    0
    0
    0
    0
    0
    0
    0
    6
    0
    0
    0
    0
    0
    0
    0
    0
    0
    0
    0
   25
    5
    0
    0
    0
   51
    1
    0
    0
    0
  271
   24
   28
  417
   28
   13
    0
    0
    0
    0
    0
    0
    0
    0
    0
    0
   49
   39
  182
   78
   79
    0
    0
    0
    0
  198
   71
   21
   53
   61
    0
    0
    8
    0
    0
    0
    0
    0
    0
    0
    0
    0
    3
    0
    0
    0
   19
    0
   61
   51
    0
    0
  157
   25
   57
   59
    7
    0
    5
   12
    0
    0
    0
    0
    0
    0
    1
  173
    0
    0
    0
    0
    0
    0
    0
    0
   76
   25
   85
    0
   59
    0
  351
  540
   34
  114
   12
  169
  111
   24
  102
  105
    6
    3
    0
    0
    0
   34
    2
    0
    0
    0
    0
    0
  185
  348
   15
    0
    0
    0
    0
   12
    0
    0
    0
   81
    0
   41
   65
    0
    0
   34
   14
    0
    0
    0
    0
    0
    0
    0
    0
    0
    0
    0
    0
   45
    0
    0
    0
    0
   18
    0
  101
    0
    5
    0
    1
    0
    0
  108
    0
    0
    0
    0
  261
   39
    0
    0
    0
    0
    3
    7
    0
    9
    0
   40
   81
   41
   38
   60
    3
  199
    0
   18
  121
    0
    0
  114
  148
    0
    0
    0
    0
  164
   21
   24
   51
    5
   25
    6
    0
   26
   28
   51
   18
   41
   21
    0
   49
   18
  105
   44
   34
    0
    0
   70
   41
    0
  164
    0
   24
    0
    7
   71
   63
    0
   23
   28
   69
   47
  107
   71
   21
   21
   19
  220
    7
    0
   95
    1
    0
   59
    0
    3
    0
   55
   28
    0
    0
    0
    0
   11
    4
    3
    0
    0
    2
   36
    0
    0
    9
    0
   51
  116
   15
    2
    0
   11
    0
    0
    0
    0
    0
    0
    0
    0
    0
    0
    0
    0
   25
    0
    2
    0
    0
    0
   60
   85
  223
    0
    0
    0
    0
    0
    0
    6
    0
   64
    0
    0
    0
    0
    0
    0
    0
    0
    0
    0
    0
    0
    0
    0
    0
    0
    0
    0
    0
   14
   16
    0
   61
    0
    6
    0
    0
    0
    0
    1
   54
   13
    0
    0
    0
    0
    0
   63
   85
    0
    0
    0
    0
    0
    0
    0
    0
    5
    0
    0
    0
    0
    0
    4
    0
    0
    5
   18
   97
   16
   41
    9
   25
   11
    0
    0
    1
    0
    9
    0
    0
    0
    0
    0
    0
    0
   24
    0
    5
   75
   18
   54
    0
    0
   11
  129
  131
    0
    0
    6
   51
  235
    0
    0
    0
    0
    0
   60
   27
    0
    0
    4
   31
    0
    0
    0
    0
    0
    0
    0
    0
    0
    0
    0
    0
    0
    0
   10
    0
    1
    4
    0
   59
    8
   28
   18
    0
  134
    0
   34
   36
    7
   10
    0
   21
   11
    3
  111
    1
   23
    0
   48
    0
    0
   67
   51
    0
   61
    0
    0
    0
    0
    0
    0
    0
    0
    0
    4
    6
   22
    0
    0
    0
    0
    0
    0
  130
   31
    0
    0
    0
    0
    0
    0
    0
    0
    1
  362
  192
   98
    0
    0
    0
    0
    0
    0
    0
    0
    0
   10
    0
   21
   17
    0
    0
    0
    0
    0
   10
    0
    0
    0
    0
   29
    0
   12
    0
    0
    0
   10
   29
    0
    0
    0
    0
    0
    0
    0
    0
    0
    0
    0
   18
    0
   16
   14
    0
    0
    0
   11
    0
    0
    0
    0
    0
    0
    0
    0
    0
   16
   79
    0
    0
   29
   10
   27
   41
    0
   16
    0
   10
    0
   19
    0
    0
    0
    0
   11
    0
    0
    9
    0
    0
    0
    0
    0
    0
    0
   10
    0
    0
    0
    0
    0
    0
    0
    0
    5
    1
    0
   48
   61
    9
    5
    0
    0
   31
    0
   29
    0
    0
   29
   31
    8
    0
    0
    0
    0
    0
    0
   70
   31
   58
    0
   15
   80
    3
    0
    0
   56
   38
   19
   32
    0
   10
    0
    0
    0
    5
   12
    0
   39
   31
    0
    0
    0
    0
    1
  123
   43
   32
    0
   18
   27
   11
   14
    1
    0
    1
   29
   52
  117
   35
   44
   54
   32
   35
    0
    0
    0
   58
    0
   35
   58
   18
   30
   75
   52
    7
   80
    1
   35
   37
    1
    1
   21
   47
    1
  135
    0
    0
    0
    0
    0
    0
   20
    7
    4
    0
    0
    0
    0
    9
    3
    5
    0
    0
    0
    0
    0
   56
    8
    0
    0
    0
    3
    0
    0
    0
    0
   13
   13
  155
   61
    6
   32
    5
    0
   53
   31
   30
    0
    0
    0
    1
   10
  191
   10
   40
    0
    0
   32
   19
  111
    0
    7
  105
   87
   41
   49
  111
    0
    0
    0
   57
    0
    0
   11
    0
    0
    0
    0
    0
    0
    0
    0
   15
    0
   19
   41
    0
    0
   38
   58
    0
  111
   31
   11
   21
    0
    0
    0
    0
    0
   41
    0
    0
    6
   45
   98
    5
    0
    1
    0
   17
    0
    0
    0
    0
    0
    0
   25
    0
    0
    0
   69
    0
    0
    0
   27
  137
   17
    2
   16
    8
    0
    0
    0
    0
    0
    0
    0
    0
   17
    0
    0
    0
   16
    0
    0
    0
    0
    0
    0
    0
    0
    0
    0
    0
    0
    0
    0
  181
    0
   47
   15
   36
    0
    0
    0
    0
    0
    0
    0
    0
    5
    0
    0
  101
  160
  372
  657
  529
    0
    0
    0
    6
    0
    0
   10
    0
    0
    0
   12
    0
    0
    0
    0
    0
    0
    0
    0
    0
    0
    0
    0
    0
    0
    0
    0
    1
    1
    0
    0
    0
    0
    0
   47
  118
    0
    0
    0
   29
   49
    0
    0
    0
   18
    9
    0
    0
    0
  108
    0
    0
    0
    0
    0
    0
    0
    8
   10
    0
    0
    0
    0
   52
   57
    8
    1
    0
    0
    0
    0
    0
    0
    0
   16
    0
    0
    0
    0
    0
    0
    0
    0
    0
    0
    0
   21
    0
    0
    0
    0
    0
    0
    0
    0
    0
    0
    3
    0
    0
    0
   38
    2
    4
    7
    0
    3
   10
    3
    1
    0
   38
  112
   37
   91
   24
    8
   15
    0
    0
    0
    0
   26
    9
    0
   11
   32
   17
    0
    0
    0
    0
    0
    8
    0
    0
    0
    0
   31
   43
    2
   83
  102
    0
   16
   21
    0
    1
    0
    0
   41
   11
   21
    1
   49
   16
   57
    0
    0
   10
   31
   89
    2
   45
    0
    1
    0
    0
    0
   37
   45
    0
   16
    0
    0
    0
    0
   36
    0
    0
    3
   89
    6
   29
  226
    7
   75
   30
   23
    0
    0
    0
    0
    0
    0
    0
    0
    0
    0
    0
    1
   20
   51
   11
    0
    0
    0
    0
    0
    7
    0
    1
    7
    1
    1
   13
    6
    0
    0
    0
    0
    0
    0
    0
    0
    0
    0
    0
    0
    0
    0
    0
    0
    0
    5
    0
   25
    0
    0
  116
  167
   27
   52
    0
    7
    0
    0
    1
    0
   35
   61
    0
    0
    0
  111
    0
    0
    0
    0
    0
    0
    0
    0
    0
    0
    6
   27
    0
   61
    0
    0
    3
    6
    5
    4
    7
    0
    0
    0
   15
   35
   59
   91
    0
   37
    0
    0
    2
    0
   15
    0
   16
   56
   41
    7
    4
    0
    0
    0
    0
    0
    0
    0
   11
  105
   87
    3
   59
    0
    0
    0
    0
    0
    6
    0
   10
    0
    0
    0
    0
   45
    0
   69
    2
   29
    0
    0
    0
    0
   12
    0
   45
   91
    7
    6
    0
    0
    0
    0
    0
    0
    0
   46
    1
   65
   41
  131
   38
   65
    0
    0
    0
    0
    0
    0
    7
   55
   38
  101
    0
    0
  221
    6
    0
    3
  131
    0
    0
    7
  144
  200
  515
   68
    0
    0
    4
   15
    0
    0
    0
    0
    0
    0
    0
    0
   35
    0
    0
    0
    0
    0
    0
    0
    1
    0
    0
   54
   97
    0
   40
   51
    0
  111
    0
    0
    0
   50
    5
    3
    0
    0
    6
   71
   11
   21
    3
    2
   30
   84
    0
    0
    0
    0
  112
    0
    0
    4
    3
   78
    1
   41
   15
   14
    6
    0
   16
    0
    0
    0
    0
    0
    0
    0
    0
   27
    0
    6
   25
    2
    0
    0
    0
    0
    0
    0
    0
    7
    0
    0
    0
    0
    0
    0
    0
    0
    0
    0
    0
    0
    6
   10
    0
    0
    9
  210
    0
   41
    4
   21
    0
    0
    0
    0
    0
    0
    0
    0
    0
    0
    0
    0
   41
   31
    6
    0
    0
   17
    0
   15
   14
   24
    0
   69
    0
    2
    0
    0
    0
    0
    8
    3
    0
   30
    5
   12
   31
   24
   42
   12
    0
    0
    0
    3
    6
   41
   35
    7
    0
    0
    0
    0
    0
    0
    0
    1
   10
    0
    9
   12
   31
    5
    0
   31
   33
   79
  117
  112
    0
    0
   11
   37
    0
   21
   30
    2
    0
    0
    0
   12
    5
    0
    6
    5
    0
    0
   75
    1
   39
   21
    0
    0
    0
    3
    5
    0
    0
    0
    0
    0
    0
    6
   10
    1
    0
    0
    0
    5
    4
    0
  119
  263
    0
    6
    0
    0
    0
    0
    0
    3
   16
   19
    5
    4
   45
   13
   24
    0
    0
    0
    0
    0
    0
    0
   31
   36
    4
   71
   29
    0
   30
    0
    0
    0
    0
    0
    0
   25
    8
   31
    0
   56
   39
  171
  100
   41
   71
   20
    0
    0
    0
   51
   11
    5
    0
    0
    0
    0
  114
    2
    0
    0
    0
    0
    0
    0
   75
   50
    0
    0
    0
    0
    0
   21
    0
    0
   38
    0
    0
    0
   27
   47
   49
   17
    0
   81
   70
   13
   99
   49
   15
    0
   98
    0
    0
   70
   45
   24
   35
    0
   58
   30
   10
    0
    0
    0
  121
    0
    0
    0
    0
   35
    0
   70
   86
    0
    0
    0
    0
    0
    0
  135
    0
    0
    4
   36
   55
   27
    0
    0
    0
   40
    6
   48
   27
    0
   58
    0
    0
    0
    0
    0
   31
    0
    0
    0
  111
    0
   56
    0
    0
  198
  230
    1
    0
   44
    0
    0
   48
    0
   45
   25
    0
    0
    0
    0
    0
    2
    0
    0
   50
   21
    3
   20
   16
   54
    0
    0
    0
    0
    0
    0
   17
   18
   31
    0
    0
    0
    0
    7
    0
    0
    0
    0
    0
    0
    0
    0
    0
   16
    0
    0
    0
    0
    0
    5
    0
    0
    0
    0
    0
   91
    0
    4
    0
   30
    0
    0
    0
    0
    0
    0
    0
    0
    0
    0
    0
    0
    0
    0
   25
    0
    0
   61
   31
   25
    5
   25
   24
    0
    0
   35
   30
    0
    0
    0
   17
   16
   23
   60
   30
   14
    2
   14
    0
    0
   31
    0
    4
    0
    0
    0
    5
    0
   20
    7
    0
    7
   19
   82
    6
   38
    8
   27
   65
  160
   78
   25
   51
    1
    0
    0
    0
   31
    2
   52
   85
   15
    1
    0
    0
    0
    2
   75
    0
    0
    7
    5
    0
   57
   56
   54
   86
   41
   67
   63
    7
  130
   53
   32
    0
    5
   25
    4
   40
   16
    4
    0
    0
    0
    0
    3
    0
    0
    0
    0
    7
   15
    0
   94
    5
    0
    0
    0
    0
    0
    0
    0
   35
   45
    4
    0
    0
    0
    0
    4
    0
    0
    0
    0
    0
    0
   17
   36
   78
   28
    0
    8
    0
    0
    0
    0
   18
    8
    0
    0
    0
    0
    0
  115
    0
   79
   48
    0
    0
    0
    0
    0
   11
  110
    0
    0
   88
   11
    0
    0
    0
   11
   25
  155
   27
    2
    0
    7
    0
   88
  202
    0
    0
   10
    0
    5
    0
    0
    5
    0
    0
    0
    0
    0
    0
    0
    0
    0
    0
    0
    4
   19
   18
    3
   28
    0
   40
   56
    0
    0
    0
   78
    0
    0
   58
    0
    0
   28
    0
    0
  150
   52
  340
  245
   80
    0
   30
   48
   72
   85
   30
   15
    0
    0
    0
   80
   61
    6
    0
    0
    0
    0
    0
    0
    0
    0
    0
    0
    0
    0
    0
    0
    0
    0
    0
    0
    0
    0
    0
    9
   51
  115
   24
   60
   65
   50
    0
    0
    0
    0
    0
    0
    0
    5
    0
    0
    5
   67
   81
    5
   45
    0
    0
    0
    0
  122
   72
    0
    0
  157
   60
    0
    0
    0
    0
    0
  272
  160
    0
    0
    1
    2
    0
  120
  112
   22
    0
    9
   48
   51
    0
   24
    0
   10
    0
    5
   13
    0
    2
   92
   36
    0
   40
    0
    6
    0
    0
    0
  155
    5
    0
   15
   75
  105
   22
    0
    0
    0
    0
    0
    0
    0
    0
    0
    0
    0
    0
    0
    0
    0
    0
    0
    5
   50
    5
    0
    0
    0
    0
    0
    0
    0
    0
    0
    0
    7
   68
  101
  338
   16
    0
    2
    4
    0
    0
   95
    0
    0
   35
    6
    0
    0
   31
    8
    0
    0
    0
    0
    0
    0
    0
    0
   18
    0
    8
    0
   11
    4
   25
   24
    0
    0
    0
    0
    0
    0
    0
    0
    0
    0
    0
    0
    0
   31
    0
    0
    0
   25
    0
    0
    0
    0
   35
   38
   53
   42
   40
   73
   20
   70
   79
   20
    0
   48
   90
  235
  331
  180
   89
  188
  100
    0
   28
   70
   38
    0
   55
   63
    0
   25
   60
    0
    0
   15
    0
    0
    0
    0
    0
    0
   25
  165
    0
   25
   45
    2
   83
   18
    0
    0
    0
    0
    0
    0
    0
    7
   11
  125
    3
   20
    0
    0
   27
    0
   78
    0
    1
   81
   18
   79
    0
    1
    0
    0
    0
    0
   25
  100
   25
   45
    0
    0
    0
    5
    2
    0
    0
    0
    0
    0
    0
    0
   21
   91
   40
   18
    7
    3
    0
    4
   68
   20
   12
    0
   20
   11
    0
    0
    0
    8
    0
    0
   18
   85
    0
    0
    0
  185
  180
    1
    0
    0
    0
    0
   11
    0
    0
    0
   50
   38
    0
    0
    0
    0
    0
    0
    0
    0
    0
    0
   46
  215
    1
    3
    0
    0
    0
    0
   62
    0
   14
    6
    0
   26
    0
    0
    0
    0
   30
   21
  161
    0
    0
    0
    0
    6
    0
   47
   35
   31
   34
   56
   23
   17
    6
    0
    4
   14
    0
   18
    0
   58
   75
   89
   60
   17
   48
   21
    0
    0
   76
    0
   17
   67
    0
  101
    0
    1
    0
    0
    0
    0
    4
    0
    0
    0
    0
  120
    0
    0
    0
    0
    0
    0
    1
   25
   62
  295
   39
   20
    0
   56
    3
    0
   18
    8
   77
    0
    0
  280
    5
  165
  125
   85
    4
   18
   48
    0
    0
  123
   35
    0
  125
   36
   44
    0
   16
    0
   85
    0
    0
    0
    0
   10
    0
    7
    0
    0
   30
   24
    0
    0
    0
    0
    0
    0
   78
    0
  115
    0
    0
    0
    0
    0
    0
   85
    0
    0
    0
  150
    0
    0
    0
    0
   36
   43
    0
    0
    0
    0
    0
    0
    0
    0
    0
    0
    0
    9
    0
    0
    0
    0
    0
    0
    0
    0
    1
    0
  198
    0
    0
    0
    0
   47
    0
    0
    0
    0
    0
    0
    0
    0
    0
   21
   46
    0
    0
    0
    1
    0
    0
    0
    5
    4
    0
    7
    9
    5
   51
   76
   45
  196
  138
   27
   13
    0
    0
   23
    0
   41
    0
    0
    0
    0
    0
    0
    0
    0
    0
   18
    0
    0
   16
    0
    0
    0
    0
    0
   80
   72
  164
   43
   91
   34
    9
    0
    0
    0
    0
    0
   18
   22
    0
    0
   64
    5
    0
   31
    0
    0
    0
   27
    0
    0
   41
    0
    0
    0
    9
    0
   47
    0
    0
    0
    0
   38
   52
   21
    6
   16
    0
   17
    2
    1
    8
   13
   11
    1
    0
    1
    0
    0
   12
   28
    1
   22
   67
    2
    0
    0
    0
   58
   92
  152
    5
   14
    0
   46
   34
  137
    9
   18
  131
   37
   61
    8
    0
    1
    6
   40
   60
   38
    0
   35
  115
    4
   40
    0
   58
   17
   16
   16
    2
   25
  120
   60
    2
   33
   59
   23
   51
    6
    0
    0
   13
   30
    0
    0
    7
   15
    0
    0
    0
   17
    0
    0
    0
   27
    0
    0
    0
    0
   39
    0
   24
    0
    0
    0
    0
    0
    0
    0
    0
    0
    0
    0
   45
  100
   10
    0
    0
    0
    0
    0
    0
    0
    0
    0
    0
    0
    0
   12
   68
    0
   32
    0
    0
    0
    0
    0
    0
    0
   15
   25
   26
    0
    0
    7
    0
   27
   57
  209
    0
    0
   17
    0
   41
    0
    0
    0
    0
    0
    0
    0
   15
    0
    0
   20
   25
    2
   10
   41
   40
    6
   26
   25
    0
    0
   30
   15
   16
    0
   41
    0
   14
    0
    0
    8
   14
    0
   85
   51
   17
   26
    0
    0
    4
    0
    0
  101
    0
    0
   45
    0
   54
    0
    0
    0
    0
   80
    0
    0
    0
    0
    0
    0
    0
   15
    0
    0
    0
    0
    0
    0
    0
   35
    0
    0
    0
    1
   53
   97
   93
    0
    0
   73
    0
    0
    4
  133
    0
   11
  173
    0
    0
    0
    0
    0
   35
    0
   12
    0
    0
   11
   14
    7
    0
    0
    0
    0
   73
   10
   79
    0
    0
    0
   22
    1
    0
    0
    0
    0
    0
   22
    5
    0
   19
    0
   19
   23
   27
    0
    6
    0
    0
    8
    0
   23
    8
    0
    0
   16
   10
    0
    0
    0
   16
    0
   29
    4
  114
    2
    0
    0
    0
    3
    0
    0
    0
    0
    0
   89
  122
   34
    3
    0
   53
   25
   43
   11
    0
   20
  117
   18
    7
    2
   15
   36
  101
   48
   35
   30
  146
    0
   70
   26
  131
    0
   32
   85
   60
    6
    0
    1
    0
   15
   97
  387
   31
    4
    0
   91
   10
    5
    0
    2
    0
    0
    0
    0
   45
    0
    0
    0
   73
   27
   85
   29
    0
   65
    0
   10
    0
    6
    0
    0
    4
    0
    0
    0
    0
    1
    0
    0
    0
    0
    0
    0
    0
    0
    1
    0
    0
    0
    0
   22
    0
    0
    0
    0
    0
    0
   81
   21
   32
   43
   12
    0
   19
   54
   58
    0
    0
   25
    0
   32
    6
   19
   18
    0
   17
    0
    6
    0
    0
    0
   25
    0
    0
   71
   12
    1
    2
   17
   27
   15
    0
    0
    0
    7
   36
    7
  116
    0
    0
    0
    0
    0
    0
    0
    2
    0
    0
    0
   45
    0
    0
   37
    8
    0
    0
    0
    0
    0
   63
   17
    0
    0
   10
    0
  117
   71
    0
    0
    0
   73
   90
  130
    7
    0
    0
    0
    0
    0
   11
   12
    0
    0
    0
   85
   31
    0
    0
    0
    0
    0
    0
    0
    0
   17
    0
    0
    0
    0
    0
    0
    0
    0
    0
   58
    0
    0
   90
    9
    7
   47
    0
   15
    8
    0
    0
   46
    0
    0
    0
    0
    0
    0
    0
    0
    0
    0
   15
    1
    0
    0
    0
   71
    0
    0
   31
    5
   48
   10
    0
    0
    0
    0
   35
   45
    0
    0
    0
   87
   17
   12
    0
    0
   63
    0
    0
    0
    0
  148
   11
   47
   76
  220
    0
    0
    0
   22
    5
   28
   67
    0
    0
    1
  127
    5
    0
    0
    0
   56
    0
    0
    0
    0
    5
    0
    0
    0
    0
    0
    0
    0
   55
    0
   35
  157
  135
    0
    0
    0
    0
  107
    0
    0
    0
    0
    0
    0
    0
    0
    0
    0
   87
   89
   39
    0
    0
   25
   18
    0
    0
    0
    0
    0
   45
    0
    1
    0
   11
    0
   17
    0
    0
    0
   25
   95
   18
    1
   13
    8
    5
    0
   30
   21
    0
    0
    0
    0
    5
    0
    0
    0
    0
    0
    0
    0
    1
    7
  115
   10
  231
    1
    1
   61
    0
  193
  133
   35
    0
    0
    0
    0
    0
    0
    5
    0
    0
    0
    0
    0
   51
   89
    5
   16
   18
   97
   28
    0
    0
    0
    0
    0
    0
    1
    0
   16
    0
   15
   23
    0
    5
   29
   21
   46
  127
   29
    5
    0
    0
   50
    0
  122
    0
    0
    0
    0
    0
    0
    0
    0
    0
    0
    0
    0
    0
   17
    0
    0
    2
    0
    0
    6
    0
    0
    0
    2
    0
    7
    0
    0
    1
   13
    3
    4
   13
   47
    0
    0
    0
    0
    0
    0
    0
    2
   45
    0
    0
    0
    0
    7
    0
   16
    5
    0
   81
   25
  260
    0
    4
    4
    0
    0
    0
    0
    0
    0
    4
   81
    8
  140
   21
    8
   25
    2
   30
   43
    0
    0
   21
   50
    0
    0
    0
    7
    0
    0
    0
    0
    0
    3
    0
   76
    0
    5
    7
    9
    2
   19
    2
    0
    0
    0
    0
   84
    9
    0
    0
    0
    0
    0
   15
   47
    0
    0
   40
    0
    0
    0
    0
    0
    0
   54
    0
  105
  127
  244
    0
   41
    0
    0
    0
    0
    0
    0
    0
    0
    0
    0
    5
   17
    5
    1
    0
    0
    0
    0
   20
   17
    0
    0
    0
    0
    0
   26
    0
    0
    0
    0
    0
    5
    0
    0
    0
  138
    5
   23
    0
    0
    0
   85
   13
  275
   10
    0
    0
    0
    0
    0
    0
   20
    0
  287
    0
   40
   14
    0
    0
    0
   18
   35
    3
   39
    0
    0
  141
    1
    1
    0
    0
   15
   50
    0
    0
    0
    0
    0
    0
   19
    2
    0
    0
    0
    0
    0
    0
    0
    0
    0
    0
    0
    0
    0
    0
    0
    0
    0
    0
   10
  100
    0
    1
    1
    0
    0
    0
    0
    2
    0
   20
   12
   20
    0
   60
  141
    9
    1
    0
    0
    0
    0
    0
    0
   61
   40
   41
   21
    0
  101
   11
   45
   11
   51
   53
  109
   92
    1
    0
    0
    0
    0
   21
   15
    0
    0
   20
   12
    2
   35
   25
   32
    9
    0
    2
   65
   25
    0
    0
   45
    0
    0
    0
   15
    0
    0
    0
    0
    0
    0
    0
    0
    0
   30
    0
   16
    0
    0
    0
    0
    0
    0
    2
    1
   90
   42
   31
    5
   25
   39
   30
    5
    2
    0
    0
    0
    0
    3
    9
    0
    6
    1
    0
  181
   72
   50
   93
    0
   59
   15
    0
   20
   50
    0
   10
   53
    0
    0
    0
   19
  125
   15
    0
    0
    0
    0
   35
   75
   59
   13
   23
    0
   10
    0
    0
    2
   30
    8
    1
    0
    0
    0
   15
    0
    1
   60
    0
   10
    1
   50
   55
   60
    0
    0
    7
    0
    1
   27
    8
   20
    0
    0
    0
    0
    0
    0
    0
    0
   10
    1
    0
    9
    0
    5
    0
    0
    2
    0
    0
    0
    0
    0
    6
    8
    0
    0
    7
    0
   60
    0
    6
   10
    3
   57
   15
    0
    0
    0
    0
    0
    1
   13
    0
    0
    0
    0
    0
    0
    0
    0
    0
    0
    1
    0
    0
    0
    1
    0
    0
    0
    0
    5
    0
    0
    0
  118
   15
    5
   13
    0
    0
    2
    0
   16
    0
    0
    0
    0
   50
    0
    0
    7
    0
    0
    1
   42
    0
    0
    0
    0
    0
    0
    0
   12
   60
    0
   66
   43
    0
    1
   11
    0
   25
    0
    3
   13
   10
   49
    6
    8
    0
    0
    0
    5
    0
    0
    0
   20
  207
   40
    0
   81
   41
    0
    0
    0
    0
    0
    2
    0
   35
   36
   43
   32
    0
    0
    0
    0
    0
    0
    0
    6
    0
   12
   29
    8
    6
   25
    9
   25
    7
   26
    0
    9
    9
  391
   22
    0
   23
    0
    1
    0
   32
    7
    1
   21
  341
    0
    0
    0
    0
    0
    0
    0
    0
    0
    0
    5
    0
    0
    0
   26
  103
    0
    0
    0
    6
    0
    0
    7
    0
    0
  137
    0
   62
    0
    0
    0
    0
    0
   10
  201
    5
    0
    0
    0
    0
   20
    2
   31
    0
   60
    0
    0
    0
    0
    1
    1
    0
   21
    0
    0
    0
    0
    0
    0
    0
    0
   21
    0
    0
    0
    0
    0
    0
   13
    0
    0
   10
    0
    0
    0
    0
    0
    0
    0
   51
   45
    0
   12
    0
    0
   37
    0
    0
    0
    5
    0
    0
    0
   23
   20
   87
    0
    0
    0
    0
    0
    0
    0
    0
    0
    1
    0
    0
    0
    1
   35
    0
    2
    1
    0
   23
    0
   79
    0
    0
    0
    0
    0
    0
    0
    0
    4
   78
   41
   23
   17
  110
   30
    6
    0
   59
    0
    7
    6
   10
   60
   67
    0
    2
   35
    0
    0
    7
    0
    0
    0
    8
    0
    0
    0
    0
    0
    0
   50
   18
   35
   15
   15
    0
    0
    0
    0
    0
    0
    0
    0
   40
   55
  145
    0
   58
   88
   53
   41
    0
  223
   35
    0
   20
    0
    0
    0
    0
    0
   75
   68
   35
    0
    2
   21
    0
    0
   18
    3
   50
    0
   15
    9
  135
  130
    0
    0
    0
    0
    0
    0
   13
    0
    0
    0
    0
    1
    0
    0
   32
    4
  167
   41
    2
    0
    0
   19
    1
    0
   45
    0
   20
   17
    8
   11
   30
    4
   50
   35
    5
    0
    0
    0
    0
    0
    0
    0
   37
    3
    0
    0
  130
    0
    0
    0
   25
   40
   41
  225
   87
    5
    8
    0
    0
   11
   30
   33
   50
    0
  211
   17
   35
  100
   18
    6
    0
    7
   22
    0
   36
    0
    1
    0
    0
    0
    0
    0
    0
    0
    0
    0
   10
   26
   13
   10
   40
    0
    0
    0
    6
    0
    0
   20
   29
  162
   22
    0
    0
   33
    0
    0
    0
    0
   21
   37
   90
    5
   70
    0
    0
    0
    0
    0
    0
    0
    0
    0
    0
    0
    0
    0
    0
    0
    0
    0
    0
    0
    0
    4
    3
   10
    9
   11
   65
    0
   63
   71
   20
   21
    0
    0
    0
    0
   46
    0
   43
    0
    0
    3
    0
    0
    0
    0
    0
    0
    0
    0
    0
    0
   79
    7
  165
  428
  294
   40
    0
    0
   65
   91
    6
    0
   41
    0
    0
    0
    0
    0
    0
  207
   11
    0
    0
   70
    0
   31
    0
    0
    0
   35
    0
    0
   11
    0
    0
    0
    0
    0
    0
   12
    0
    7
   15
   13
    0
    0
   10
   29
   82
  105
    0
    0
   42
   12
    0
    0
    0
    0
   52
   60
  169
    1
   14
   12
   51
  125
    2
    0
    0
    0
    0
    0
    0
    0
   44
    0
    0
    0
    0
    0
    0
    0
    0
   55
   85
    0
    0
    0
    0
    0
    0
    0
    0
    0
   18
   10
    7
   25
    0
   30
    0
    6
    0
    0
    0
   13
    0
    0
    1
    0
    0
    0
   47
    7
   43
  123
   85
    8
   63
    0
    0
    0
    0
   35
    4
    0
    1
    0
   35
    0
    0
   20
   61
   10
   51
   31
   15
    0
   35
   16
   20
    7
   56
   26
   37
    0
   50
   31
   25
    5
    0
    0
    0
   10
    5
    0
    0
    0
    0
    0
   15
    3
  123
   65
   70
    2
    0
    0
    0
    0
    0
   71
    0
    0
    0
    0
    0
    0
    0
    0
    0
    0
    0
    0
    0
    0
    0
    1
   56
   40
    2
   18
    0
   80
   61
    5
    0
    0
    0
    0
   25
    0
   22
   12
   85
    8
   50
   45
   98
   10
   15
    0
    0
    0
    0
    0
    0
    0
   31
   32
    0
    0
    0
    0
    0
    0
    0
    0
    0
   32
   51
    1
   81
   97
   36
   23
   25
  140
   18
    0
    2
    0
    0
    0
   25
    3
    9
   20
    0
    0
    0
    2
    0
    0
    0
    7
    6
    8
   14
    2
    0
    0
    0
   17
   18
    8
   28
   21
   22
    0
   17
    0
    0
    0
    0
    0
    0
   14
   15
   95
   27
    0
    0
    0
    0
    0
    0
    7
    0
    0
   67
   86
    0
    0
    0
    0
    0
    0
    0
    0
    0
    0
    0
    0
    1
    0
    0
   11
    2
    0
    0
    0
    0
    0
    0
    0
   57
   35
    0
    0
    0
    0
    0
  331
   56
   21
    0
    0
   71
   62
   61
    0
    5
   10
    0
   83
   79
   41
    0
   36
    0
    0
    0
    0
  101
   32
    0
   20
   10
   35
   40
    8
    7
    0
    0
    1
   26
    2
   10
    1
  107
   70
    0
    0
    0
    0
    0
    0
  735
    0
    0
    0
    0
  251
  215
   18
    5
    9
  101
  107
   23
   42
   39
    0
    0
   35
   34
    5
   74
    5
   57
   51
    0
    0
   53
    0
    0
   21
    4
   84
    0
    0
    2
   13
   80
    0
    0
    0
    0
    0
  265
    0
    0
    0
    0
    0
   47
    4
    0
    0
    0
    0
    3
    0
   74
   69
   30
   55
   46
   44
   60
    0
    0
    6
    7
   11
  117
   54
    6
    0
   27
   45
   11
    0
    0
    0
    0
    0
    0
    0
    0
    0
    0
    0
    0
    0
    0
    0
    0
    0
    0
   16
    0
   56
    0
   25
    6
    0
    0
    0
   20
    0
    0
    0
    0
    0
    4
  151
   94
   98
    0
    0
    0
    0
    0
    0
    0
    0
    0
    0
    0
    0
   61
   41
   34
    5
    0
    9
    4
    0
   95
  135
    2
    2
    0
   25
    6
    1
   84
    0
    0
    0
    0
    0
   31
    0
    0
    0
   25
    0
    5
    0
    0
   34
   68
   15
  152
   10
   17
  152
   52
    5
    0
    2
    3
   14
  132
  158
    7
   22
    0
   25
    3
    0
    0
   39
   10
   89
    1
   78
   71
    1
   18
    0
    0
    1
    0
    0
    9
   47
   11
   13
    4
    5
    0
    0
    0
    0
    0
    0
  105
    0
   75
   37
   45
   34
   10
   38
    6
    4
    5
    0
    0
    0
    0
   30
   74
   18
   41
   21
    6
    0
    0
    0
    0
    0
    0
    0
    0
   10
   42
   37
   34
    6
    0
    0
    2
   39
   18
  103
    0
   13
    0
   45
    1
    0
    0
    0
   29
   80
  220
  439
   51
   24
   67
   75
   67
    0
   11
   35
  123
   54
   41
    0
    0
   55
    1
    5
    0
    0
    4
   24
    0
    0
    0
    0
    0
   30
  106
  395
   46
   40
    0
   14
   84
    0
    0
    0
    0
    0
    0
    0
    0
    0
    0
    0
    0
   10
    2
    0
    0
   27
   26
    0
    0
    0
    0
    0
    0
    0
    0
    5
    0
    0
    0
    7
  335
   21
   81
    0
   31
   35
   34
   79
   81
   19
    0
    0
    0
    0
   81
   11
    5
  105
    0
    0
    5
    3
    0
    0
    0
    7
    0
    0
   95
    0
    0
    0
    0
    0
    0
    0
    0
    0
    0
    0
    0
    0
    0
    0
    0
    0
   43
  143
    0
  142
    0
    0
    0
    0
    0
    0
    0
    0
    0
   19
   84
    2
    0
    0
    0
    0
    0
    0
   23
    0
    0
    0
    0
    0
    0
    0
    0
    0
    0
    0
    0
  161
    0
  147
  126
  141
    0
    4
    0
    0
   33
   74
   10
    0
    0
    0
    1
  111
  195
    0
    0
   45
    0
    0
   81
   15
   47
    0
    0
   31
    0
    4
  145
    0
   82
    5
    2
   22
    0
   20
    1
    0
   10
    0
    0
    8
    0
    0
    0
    0
    0
    0
    0
    0
    0
   21
    0
  125
    0
   80
    0
    5
    0
    8
    0
    0
    0
    0
    0
    0
    1
    0
    0
    0
    0
    0
    0
   38
    0
    0
    8
    0
    0
   38
   33
   44
    0
    0
    0
    0
    0
    0
    0
    3
    0
    0
    0
    0
    0
   81
   60
   38
  200
    0
   27
    0
    0
    0
    0
    8
   80
   41
    4
    7
    3
   17
    0
    0
   18
   17
   13
    5
    0
   41
   30
   77
    0
   43
  185
    0
    0
   15
    0
    0
    0
   12
    5
    3
    0
    0
    0
    4
   95
   25
   20
   47
   14
   33
   41
   13
    0
    0
    0
    0
    0
   79
   36
   31
   22
    6
    0
    4
    0
    0
    0
   42
   36
    0
   45
    9
    0
   34
   10
   38
   45
   38
   60
    0
    0
   42
    0
   40
    0
    0
    0
  150
    0
   13
   32
    9
    5
    0
   22
    0
    4
    0
   22
    0
   78
    0
    0
   34
   22
   48
   10
    0
    0
    5
    0
    0
    0
    0
    0
    0
    1
    0
    0
    0
    1
    1
    7
    6
   31
    8
   15
   27
   12
   10
    0
    0
   42
   32
  132
   42
   32
    0
   82
   73
    5
    0
   15
    0
    5
    7
    8
   30
  145
   67
   26
    3
    7
   88
   60
  141
   22
   33
    0
    0
    0
    0
   12
   25
   75
    5
    0
    0
   21
    0
    0
    0
    0
    0
    0
    0
    6
   69
    0
    0
   35
  525
    0
    0
    0
   18
   61
    0
    0
    0
    0
    0
    0
    0
    0
    0
    0
   53
  335
   56
  311
   86
    0
   18
   20
  106
    7
   81
   48
   16
   81
  143
  141
  134
   50
   13
   38
    5
    0
    0
  118
   25
   10
   34
    0
    0
    0
    0
    0
    0
    0
  181
    5
   23
    0
    0
    0
    0
    0
    0
    0
    0
  280
    0
    0
   39
    0
   70
    0
    0
    0
  327
    0
    0
    0
    0
    0
  117
    0
    0
    0
    0
    0
    3
    0
    0
    0
    0
    0
    0
    0
    0
    0
   55
  197
   31
    0
    0
    0
   88
   63
    0
    0
    0
    0
    7
   18
   96
   58
   12
   17
  641
  281
    5
    9
    0
    0
    5
    6
    9
    0
    0
    0
    0
   20
    4
    3
    0
    0
    0
   60
  207
   34
    0
    0
    0
    0
  120
  122
    8
   35
   87
   24
    3
    0
    0
    0
    0
    0
    0
    0
    0
    0
    0
    0
    0
    0
    0
    0
    0
    0
    8
    0
    0
    0
    0
    0
    0
   21
  165
   24
    0
    5
  124
   81
  125
   57
    0
  235
   35
   30
   15
    0
    0
    0
    0
   10
   57
   33
   82
   51
  135
    0
    0
    0
    1
    0
    0
    0
    0
    1
    0
    0
    0
    0
    0
   35
    7
    6
    7
    0
    0
    0
   60
   39
    3
    0
    0
    0
    0
   17
   15
  103
    0
   80
   85
   32
    0
    2
    0
    0
    0
    0
    2
    0
    0
    3
    0
    0
    0
    4
    8
    0
    0
    0
    0
    0
    0
    0
    0
    0
    0
    0
    0
    0
    0
    0
    0
    0
    5
    0
    0
    0
    0
    0
    0
    7
   10
    3
    2
    0
    0
    0
    0
    1
    0
    0
   37
   25
   27
   67
   75
   71
    0
   11
    8
    5
    0
    0
    0
    0
    0
    0
    5
   35
   32
   18
    9
    8
    7
    0
    0
    0
    3
   16
    5
    4
    0
    0
    0
    0
    0
    0
    0
    0
   16
    9
   31
    0
   80
    0
    0
   11
   29
    6
    5
    0
   86
    3
    2
    0
    0
    0
    0
    0
   93
    4
   13
    0
    0
    0
    0
    0
    0
    0
    0
    0
    1
   34
    0
    0
    0
   35
   26
    0
    0
    0
  119
   70
    0
   12
    0
   22
   74
    2
    3
   13
    3
    5
    4
   39
   10
  114
  113
    6
    0
   24
   25
    3
   21
    7
  101
    0
    0
    0
    0
    6
   14
  106
    0
    0
    0
    0
   11
    8
    4
    8
   89
    0
    0
    0
    0
    0
   13
    0
   30
   20
   66
    8
    2
    0
    0
    0
    0
   55
   25
    8
    0
    0
    5
   80
   74
   49
  311
   46
    0
   91
   71
    0
    0
    0
    0
    0
   87
    0
    0
    0
    0
   23
  171
   37
    3
    0
   15
    0
   23
    0
    0
    0
    0
    0
    0
    0
    0
    0
    0
    0
   50
   40
  176
    3
   45
  164
   10
    0
    0
    0
    0
    0
    0
  458
   16
    2
    1
   23
    0
    0
    7
    0
    0
    0
    6
   42
  195
   20
   13
   22
   21
    0
   30
   70
   43
   11
    3
    4
    0
    0
    5
   29
    0
    7
   85
   25
    0
    8
    2
   30
    0
   20
   19
    0
    5
   95
    0
    0
    0
    0
   12
    0
    0
    0
    0
    0
  241
   71
    6
    5
    1
   98
   21
    0
    0
    0
    0
   24
    0
   30
    8
   14
   24
    0
   10
    0
    5
    1
   41
   21
    0
    4
    0
    0
   70
    6
   20
    3
    0
    6
    1
    7
    0
    0
    0
   12
    8
    0
   20
   26
   69
   47
   24
   33
    0
    0
    0
    0
    0
    0
    0
    0
    0
    0
   80
    0
   20
    0
   11
   20
  151
   32
    0
    0
    0
    0
    7
    2
    0
    0
    0
    0
    0
    0
    0
    0
   30
    0
    0
    0
    0
    0
    3
    1
    0
    0
    0
    0
    0
    0
   17
   43
   11
    0
   15
    5
   35
    0
    0
    0
   10
    8
    5
   10
    0
    0
    0
   15
   55
    0
    6
    2
    0
    5
   51
   90
   71
    0
   11
    0
    0
  104
   35
   10
   37
    0
    0
    0
   85
   43
    8
    0
    0
   15
    5
    0
    0
    9
    0
    0
    0
    0
    0
    0
    0
    0
   78
   72
    5
   50
  113
    0
   10
   13
    9
    0
    0
    8
   38
  121
   31
   19
    0
    0
    0
   30
   32
  133
   15
    0
    0
    0
    0
   17
    7
    8
   48
   51
    6
    0
   81
    0
    0
    0
    0
    0
    0
   31
   33
   25
   35
  108
    7
    0
    0
    0
    8
   28
   56
    5
    0
    3
    0
    0
   85
    0
    1
    0
    0
    0
    0
    0
   71
    1
   79
   76
   47
    0
   27
  167
   55
    0
   31
    0
    0
    0
    0
    0
    0
    0
    0
    0
    0
    0
    0
    0
   16
  111
    5
    0
    0
   10
   14
   54
   57
    2
   22
    0
    0
    0
   29
   11
    0
   21
    0
    0
    0
   58
    4
    0
    0
    1
    0
    0
    0
    0
    0
    8
    5
    7
   75
  207
   90
  402
  165
    0
    0
    0
  123
   15
    0
    0
   12
    0
  147
  186
    0
    0
   41
    2
    0
    0
    0
    0
    0
    0
    0
    0
    0
   20
    0
    0
    7
   10
    7
    0
    0
    1
   34
    0
    0
    0
   90
  111
    0
    0
    0
    0
    1
    7
   30
    6
    0
    0
    3
    0
    0
   95
   41
    0
    0
    0
    0
    0
    0
    0
    0
    0
    0
    3
    0
    0
    0
    0
   13
    1
   47
   14
    8
    0
    0
    0
   26
   17
  186
   19
   50
   18
   19
  131
   43
    0
    0
    0
    0
   12
    0
    0
    6
    5
   34
    1
    0
    0
    0
    0
    0
    0
    5
    7
    0
    0
    3
    1
   21
    0
    0
    0
    0
    0
    0
  154
    4
    0
    0
    0
    0
   30
    2
    0
    0
    0
    0
    0
   30
    0
    0
    9
   79
   55
   32
    4
   50
   31
    0
    2
   63
   34
   81
   62
   35
    6
    0
    0
    0
    5
   32
    0
    0
    0
   34
    8
    0
   14
   30
   13
    0
    0
    0
    0
   44
    8
    9
   47
   31
    0
    0
    0
    0
    0
    0
    0
    2
   62
    6
    0
   44
   22
   57
   26
    1
   34
    0
    0
    0
   30
   33
   34
    0
    0
    9
    4
    0
    0
    0
    5
    0
    0
    0
    0
    0
    0
    0
    0
   80
    0
    0
    0
    0
    0
   49
    0
  105
   21
    0
    0
   45
   10
   21
   49
   89
   25
  157
   49
   72
    4
    6
    0
   10
    5
    2
   26
  205
  124
   19
    5
   14
    0
   19
    0
    0
    0
    0
    0
    0
    0
    0
    0
   16
   18
    6
    0
    0
    1
    8
  111
   61
    0
   65
   35
    0
    0
    0
    0
    9
    0
    1
    0
   20
    0
    0
    6
    0
    0
    0
    0
    0
    0
    0
   41
   20
   22
    1
    1
    0
    0
    0
    0
    0
    0
    0
    0
    0
    8
    0
    0
    0
    0
   42
    4
    2
    2
    8
    4
    0
    0
    0
    0
    0
    0
   45
   18
    0
    0
    0
   16
    5
    0
   31
   42
  278
    2
    0
    0
   75
   67
    0
    1
    0
  198
   67
   42
   12
    0
    0
    0
    0
    0
   31
    6
    0
   24
   39
   63
    2
    6
  201
   43
   32
   54
   22
    0
    0
    0
   83
    0
    0
    0
    0
   25
    4
   22
    0
    0
    0
  238
   65
    3
    0
    0
    0
  210
    2
    4
    0
    0
    0
    0
    0
    0
    0
  122
  103
    0
    0
    0
    0
    0
    0
    0
   78
   37
   27
   33
    8
  135
   16
   46
   24
    0
   40
    0
    0
   22
    1
  127
   15
    0
    9
    0
  121
    0
  198
    0
  100
  125
   53
   71
    0
    0
    0
    0
    0
    0
    0
    0
    0
    0
    0
    0
    0
  122
   15
    8
    0
    0
    0
   15
   31
    0
   21
   25
  131
   50
   34
    0
    0
   25
    3
    0
   21
    0
    0
   14
   80
   57
   15
   34
  149
   25
   56
   78
  261
   27
   25
   61
    0
    8
    0
   35
   48
   61
   14
    0
    0
   34
    5
   41
   28
    4
    5
   34
    0
    0
    0
    0
    0
    0
    7
    0
    0
    3
    0
    0
    0
   14
   67
   71
   17
    0
    0
    0
    0
   47
   45
   55
   35
   10
    0
    0
   14
   24
   10
    9
    0
    7
    0
    0
    0
    5
    0
    0
    0
    0
    6
   48
    1
    0
    0
    5
   47
   11
    0
   71
    0
   20
    5
    1
    0
    0
    0
    0
    0
    0
    7
    0
    0
   31
    8
   41
   42
   22
   31
    8
    5
    7
  111
   57
  107
    9
   52
   11
    0
    0
    0
    0
   37
    7
    3
   93
   33
    7
   94
    3
   75
   48
  107
   67
    3
    7
    8
    0
   45
   81
    0
    0
   30
    0
    0
    0
    9
   69
    0
    0
    0
    0
    6
    0
    0
    0
    5
   45
    0
    6
   38
    2
    0
    3
   30
   10
    0
    0
    0
    0
    0
    0
   29
    0
   49
   24
   10
    0
    0
   14
    0
   38
    0
   17
  122
   39
    0
    0
    0
    2
    0
    0
    0
    1
   15
   39
    0
    0
    0
    0
    0
    0
    0
    0
    0
    7
  151
    0
   34
   50
  127
    4
  104
   10
    0
    0
    0
    0
   55
   85
    9
    0
    0
    0
    0
    0
    1
    0
   75
    0
    0
  111
    9
    0
   11
    7
    0
   52
    0
   36
   42
   19
    0
    0
    0
    0
   78
  482
    5
   28
    0
    0
    0
    0
    4
    0
   72
    0
    0
   18
    3
    0
    0
   15
  191
  337
  114
    9
   20
    0
    0
   21
   31
  406
    9
    0
    0
    0
    0
  124
   21
    0
   22
    0
    0
    0
    0
    0
    0
    0
    0
    0
    0
    0
    0
   11
    0
    0
    0
    0
  116
   14
    0
    0
   25
   56
   76
   59
    9
    0
   11
    0
    0
    0
    0
    0
    0
    0
   21
    0
    0
   45
   33
   14
    0
    0
    0
    1
    8
    0
    0
    0
    0
    0
    0
    0
    0
    0
  155
    2
    0
   31
    0
    0
    7
    0
   17
   35
    0
   13
   17
   18
    3
    0
   34
    0
    0
    6
    8
    7
  103
   29
   25
    0
    0
   26
    0
    0
    0
    0
    0
    0
    0
    0
   20
    0
   85
   15
    0
    0
    4
    3
   13
    0
   88
    0
    0
    0
    9
    8
   34
   95
  138
    4
    0
    7
   48
    0
    0
    7
   14
   30
    3
    5
    3
    0
    0
    0
    0
    0
    0
    0
    0
   14
   47
   20
   22
    9
    2
   37
    0
    0
    0
   22
    1
   42
   39
    0
    1
    4
    1
   21
    6
    0
    0
    0
    3
   25
   77
   63
   19
   37
    0
    0
   25
    0
    1
   24
    0
    2
    3
    6
   30
    0
    0
    0
    0
    0
    1
   34
  115
   50
    0
  144
    5
   43
    0
    5
    0
    7
    0
    3
  107
   24
   57
    5
   31
    3
    2
    0
    0
    6
   62
   56
   36
    0
    5
   36
   15
   64
   22
    5
   13
   59
   33
    0
   17
    2
   67
   89
    0
    0
   49
    5
   30
   51
   32
   28
   28
    0
   36
  178
  168
   54
  101
    9
    8
  116
   79
  175
    4
    0
    0
    0
    0
    0
    0
   82
    0
   55
   85
    5
   36
   78
   11
    0
    0
    0
   12
   11
    0
   12
    0
    0
    0
    0
   31
    0
   25
   95
    0
   48
   18
    0
    0
    0
    0
    0
    7
    0
    0
    0
    0
    0
    0
    0
    0
    0
    0
    0
    0
    0
   16
    0
    0
    0
    0
    0
    0
    0
    0
  165
    0
   35
   49
   45
  108
    0
    0
    4
    0
    0
    6
    1
   34
    2
    0
    0
    0
    0
   48
    4
   15
    0
    0
    0
   67
    0
   10
    0
   79
    0
    0
    0
    0
    0
   22
    0
    5
   29
   15
    0
    0
    0
    0
    0
    7
   10
    0
   76
   57
    0
  267
   30
   24
   64
    0
    0
    9
   83
    3
   25
    2
    0
   43
    5
    0
    0
    0
    1
    0
   24
    6
    0
   81
   10
    0
    0
    0
    0
    0
    0
   22
   42
    0
    0
   30
    0
    0
    0
    0
    0
    0
   59
    0
    0
  117
  184
    6
    0
    0
    0
    0
    0
   69
    0
   18
    0
  231
   26
  195
    4
    0
   50
   11
    0
    0
    0
    0
    0
    3
    0
    5
   46
    9
    0
    0
    0
   47
    0
    0
    0
    0
    0
    7
    0
    0
    0
  108
    0
    0
    0
    0
   87
  156
    7
    0
    0
   16
    8
    3
    0
    0
    0
   10
    7
    0
    0
    0
    0
    0
    0
    0
   17
    9
    7
    0
    0
    5
    2
    0
   55
    0
    0
    3
    0
    0
    0
    0
    0
    0
    0
   56
    0
    7
   13
    0
    0
    5
    8
    0
    0
    8
    7
   30
    0
    9
    0
    0
    0
    0
    0
    0
    0
    0
    0
    7
    0
   28
   37
    2
    0
   19
  112
    9
    0
    0
    0
    0
    0
    0
    0
    8
   24
    0
    0
    8
    4
   28
    0
   13
    1
    0
    3
   31
    2
    0
    0
    6
   13
    0
    0
    0
    0
    0
    0
    0
   11
    0
    0
    0
    9
    6
   42
   18
    0
    3
    0
    5
   19
   10
   81
   32
   64
   67
   13
    0
    0
    0
   10
    0
    0
   11
    0
    0
    0
    0
    0
    5
   15
    6
    5
  180
  103
    0
    0
    0
    0
    0
    0
    6
   67
   54
    0
    0
    0
   75
    8
   41
    0
   94
    5
    0
   23
    0
  121
   41
   69
    0
   71
   27
   48
   84
  199
    1
    0
    0
    0
   20
    0
    0
    0
    0
   22
    0
   59
   13
   21
    0
   11
    3
    8
   20
   11
   79
   18
    7
   10
    0
   26
   22
   14
    0
    0
   59
    0
    9
    8
    7
    0
    0
    0
    8
  259
  188
   31
    7
    1
    0
    0
    0
    0
    0
    0
    8
    0
   10
   16
    0
    0
    0
    0
    0
    0
    0
    0
    5
   51
    0
    0
    9
    5
   36
   92
  130
    0
    0
    3
    6
    0
   71
   32
    0
    0
    0
   21
   31
   41
  151
    0
    0
   48
  105
    0
    0
    0
    0
    0
   12
    0
   59
    0
    0
    0
    0
    0
    0
  265
  171
   41
    0
   50
    3
    0
    0
  181
   59
   51
    0
    0
    0
    0
    0
    0
    0
    0
    0
    0
    0
    0
    0
   77
    0
    0
    5
   40
   15
   33
    0
    0
    7
    0
    0
    0
   15
    0
    0
    0
   57
    0
    0
   10
    0
    0
    0
    0
    0
    0
   20
    0
    0
    0
   18
   48
    0
   47
    7
    0
    9
  125
   85
  225
  138
   28
   35
   40
    0
    0
   45
    0
   38
   24
   41
    4
    0
    7
   89
  205
    7
   39
   11
    0
   37
   21
    0
   83
   30
    0
    0
    5
    0
    0
    0
    0
    0
    0
    0
    0
    0
    0
    0
    0
    0
   33
   58
    1
    8
    0
    0
   33
  112
    6
    0
   37
   29
   23
    0
    5
    0
    7
  111
  211
    4
    0
    0
   42
    0
    0
    3
    0
    0
    7
   30
    0
    7
   66
    0
    0
   12
   47
   18
   31
   51
    0
    0
    0
    0
   69
  124
   99
    5
    0
    0
    1
   68
   41
    0
    0
   10
    7
   20
    0
   81
    0
   73
   50
    0
   31
    0
   14
   43
   50
  121
   43
   24
   21
    8
    0
    0
    0
   30
    7
    0
    0
    0
    7
   35
    0
    0
    0
    4
    0
    0
   14
   52
   16
    0
    7
    6
   34
    8
   82
   40
    0
    0
    0
    0
    0
    0
    0
    2
    0
   14
    8
   65
   32
   29
  127
    6
    0
    0
    0
    0
    0
  113
   47
   10
   91
   74
   44
   67
   14
   39
    0
    5
    0
    5
    0
    0
    0
   42
    0
    3
    0
    0
    0
   10
   43
    0
    0
    0
   29
    5
   30
   11
    5
   53
   11
    0
    0
    0
    0
    0
    0
    0
    0
    0
    0
    0
    0
    0
    0
    0
    0
    0
    0
    0
    6
  163
   32
    0
    0
    0
   26
    0
    0
    0
    0
    0
    0
   51
   10
    1
    1
    0
   24
    5
    2
   23
  109
   12
    0
    0
    0
    0
   23
   45
    0
    0
    0
    0
    0
    0
   23
    0
    0
    0
   42
    3
   60
   12
   14
   55
    0
    0
    0
    0
    0
    0
    0
   14
    5
   80
  196
    0
    0
    0
    0
    9
    0
  125
    0
    0
    0
    0
   55
    0
    0
    0
    0
    0
    0
   14
    0
    0
    0
    8
   21
   12
   10
    0
   15
    0
    0
    0
   82
    0
    0
   70
    0
    0
  185
  136
    0
   11
    0
   15
    0
    3
   15
    0
    8
    0
    0
    0
    0
    0
  154
    0
    0
  139
   13
   10
   44
  143
    0
    0
  115
 1887
   41
    0
    0
    0
    4
    0
    0
    0
    0
    0
    0
    0
    0
    0
    0
    0
    0
    0
   88
    0
    0
    0
    0
   93
    0
    0
    0
    0
  327
    0
    0
    0
   71
   38
   15
    0
    0
    0
    0
    0
   60
   88
    0
    0
  172
    1
    0
    0
    0
    0
    0
   29
   22
   52
  105
   58
   19
    2
    0
    0
    0
    0
    0
   29
   61
   38
   17
   68
    0
   93
   41
    6
    5
   52
    0
   69
   62
    9
    0
    0
    4
   76
   84
    5
    0
    0
   17
  137
   30
   24
   26
    0
    0
    0
    3
    0
    0
  105
  223
    0
    0
  147
    4
    0
    7
    0
    0
    0
  117
  166
    0
    0
    5
    0
    1
    0
    0
    0
    0
    0
    0
    0
    0
    0
    5
    9
   23
   13
    0
    0
    0
  138
    0
   20
    0
    4
    1
    3
  138
  256
    0
   35
   60
   81
    4
    4
   31
    4
    0
    2
    7
    0
    9
   41
    2
    0
    0
    0
    0
    2
    0
    0
    0
   87
   23
   12
    1
   28
   49
   74
   12
    7
    0
   17
   31
    0
    0
    3
   22
   14
    0
    0
    0
    0
    0
    0
   14
    1
    0
    0
    0
    0
    0
    0
    0
    0
    0
    0
    0
    0
    0
    4
    3
    0
    0
   38
   13
   12
    1
    0
   99
   65
    0
    0
    0
    0
    0
    0
    0
    0
    0
    0
    0
    0
    0
    0
   66
    0
    0
    0
    0
   19
   21
   23
    0
    1
   11
    0
    0
    0
    0
    0
    0
    0
    0
    0
    0
    0
  105
   76
    0
    0
    0
    0
    0
    0
   13
   18
    0
    0
    0
    0
    0
    0
    0
    0
    0
    0
  193
   65
    0
    0
   37
    4
    0
   19
    0
    4
   54
   45
    6
    0
    0
    0
    0
   34
   25
    0
    0
    0
    0
    6
    0
    0
    0
    0
    4
    0
    0
   18
    0
    0
    0
   76
    0
    0
    0
    0
   18
   43
   41
   17
    0
    0
   30
    0
    0
    0
    0
    0
    0
   90
   75
   20
   45
   30
    9
    1
    0
    0
    0
    0
    0
    0
    0
    0
    0
    0
   90
    0
    0
    0
   43
    0
   15
   83
    0
    0
  622
   31
    8
    0
    0
    0
    0
    0
    0
    0
    0
    0
    0
    0
    0
    0
    0
    0
    0
    0
    0
    0
   72
    1
    0
    0
    0
    5
    0
    0
    0
    0
   18
   73
    7
   45
   43
    7
    0
    0
    0
    0
    0
    0
    0
   80
   64
    6
   11
    0
    0
    0
    0
    0
    0
    0
    0
    0
   15
    0
    0
    0
    0
   25
    9
    0
    0
    8
   18
   31
   10
   38
   78
  238
    4
    0
   11
    0
    0
    0
    0
    0
    0
    0
    0
    0
   48
    8
    0
    0
    8
   39
    0
    0
  110
    8
    0
    0
    3
   35
    0
    0
    0
    0
    0
    0
    0
    0
    0
    0
    4
    0
   87
   17
    1
    0
    0
    0
    0
    0
    0
    2
   20
    2
   85
   23
    0
    0
    0
    0
    5
    7
   19
    0
    0
    0
    0
    9
    3
   80
   87
   23
    7
    0
    0
    3
    6
   40
   29
    0
    0
    0
    0
    0
    0
    0
    0
    2
    0
    8
   10
   57
    0
  121
    0
    3
   49
   57
   78
   53
   39
   40
   56
    3
    0
   26
  124
    9
   10
    0
    0
    4
   28
    0
    5
    0
   63
   30
    8
    5
   88
    6
    0
    0
    0
   10
   36
   49
   89
    7
    0
   10
    0
    0
    0
    0
    2
    8
    0
    0
    0
    5
    0
    4
   29
    0
    0
    8
   66
   41
    1
    0
    0
   23
    0
    1
   78
    4
    0
    0
   25
    0
    0
    0
    0
    0
   20
   41
    0
   25
   11
   81
    0
    5
    0
    0
    0
    0
    0
    0
    0
    0
    0
   30
   16
    9
    6
    4
   29
    0
    0
    0
    0
    0
    0
    0
    3
    6
    0
    0
    0
   34
   27
    0
   23
    0
    0
    0
    0
    0
   14
    0
    0
  130
  175
    5
    0
   25
  341
    6
   11
   17
    0
   74
    0
    0
    0
    0
    0
   15
   45
   61
    4
    6
   10
    0
    0
    0
    0
    5
   20
    3
    0
   33
   21
    0
    0
    0
    0
    0
  117
   63
   11
    0
   23
    0
   61
    9
   20
    0
    0
    0
    5
    0
    0
    0
   23
    0
    3
    0
  143
   13
   22
    9
  102
    0
    0
  198
    0
   12
    0
   83
    6
    8
    0
    0
    0
   19
    4
  116
    0
  261
    8
    0
   10
  181
    0
    0
    0
    0
    0
    0
    0
    0
    0
    0
    0
    0
    0
    0
    0
    0
   70
    5
    0
    0
    0
   15
    0
   31
    6
   68
    0
    0
   26
    0
  123
   23
    2
    0
   44
    0
    0
    0
    0
    0
    0
    0
    0
    0
    0
    0
  146
   20
    0
    0
    0
    0
    0
    0
    1
    0
   85
   49
   43
   49
   24
    7
    2
    4
   69
    0
    0
    4
    0
    0
    0
   90
    0
   24
    0
    0
    0
    0
    0
    0
   63
   22
    0
    6
    0
   29
    8
    1
    0
    0
    1
  103
    0
    0
   33
   38
    0
    2
    3
    0
   11
    1
   51
   52
   74
  146
    0
    0
   35
   22
    0
    6
   35
   17
  230
  103
    8
   25
   48
   32
    0
    0
    8
   15
    5
    4
    0
    0
    1
    0
    0
    3
    0
    0
    0
    0
    0
    0
    0
    0
    0
    0
    5
   52
   61
    0
    0
    0
    9
   21
    4
   12
  185
   29
    9
    0
    0
   22
    8
    3
   87
    6
   65
    5
    0
    6
    3
    0
    0
    5
   25
    0
    0
    0
    0
   31
    8
  211
   57
   23
   54
  114
   27
    5
   25
    5
    0
   19
  157
    0
   89
    3
    0
    0
    0
    0
    0
    0
   75
   48
  133
   90
   14
   23
   74
    8
    0
    5
    0
    7
   33
    1
    3
    6
   65
   11
   17
    0
    0
    0
    0
    8
   35
    0
    6
   28
    0
   53
   50
    0
    0
    0
    0
   15
   56
    7
    0
    0
    0
    5
    0
   59
    4
    0
    0
    0
    0
    0
    0
    0
    0
    0
    5
    7
   33
    5
   21
    0
    0
    0
    0
    0
    0
    0
    0
    0
    0
    0
    0
    0
    0
    2
   43
    2
   42
    0
    0
    0
    0
    0
   14
   34
   25
   39
   81
   23
    9
    6
   43
    0
    0
   53
    6
   65
   32
    5
    0
    0
    4
   32
  131
    0
    0
    0
    0
    0
    0
   18
    0
    0
    5
   15
    0
    0
  117
   21
    6
    0
   25
    0
    0
    0
  209
    0
    0
   12
    0
    0
    0
   41
    0
    0
   24
   85
    3
    0
    0
    0
    7
  167
    0
    0
   97
  141
    7
   29
   67
    5
    0
    0
    0
    0
   25
   44
    0
    0
    7
   76
   78
   63
   19
    0
    9
    0
    4
    0
    0
   38
   63
    0
    0
   10
   65
   21
   57
   26
   16
   36
    2
    6
    0
   26
   35
   28
   65
    0
    0
    0
    0
   68
    0
  377
   71
    0
   21
    0
    0
    0
    0
    0
    0
    0
    0
    0
    0
    0
    0
    0
    0
    0
   21
   56
   62
    0
    0
   50
   83
    0
    0
    0
    0
    0
    0
    0
    0
    0
   23
    0
   38
   39
    4
   91
   34
    0
    0
    0
    0
    0
    0
    0
    0
    0
    0
    0
    0
    0
    0
    0
    0
    0
    0
    1
    0
   41
   22
   13
    0
    0
    0
    0
    0
    0
    0
    0
    7
   15
   16
    0
    0
    0
    0
    0
    0
    0
    0
    0
   39
   58
  103
   29
   33
   46
   14
   25
    0
    0
    4
    0
    0
    6
    0
    0
    0
    0
   32
   23
    0
    0
    0
   15
    3
    0
    0
   18
   14
   25
  225
  145
   74
   66
   39
   40
   38
   12
   10
   20
    7
    0
   30
   79
   13
    7
    1
    0
    0
   41
    8
    0
    0
    0
    0
    0
    0
    8
    4
    0
    0
    0
    0
   33
   63
    7
   47
   67
    1
    0
    0
    0
    0
    0
    0
    0
    4
    0
    0
    2
    4
   51
    0
   84
   61
   21
   83
  113
   13
    0
    0
    0
   13
   25
    4
    8
    0
    2
    0
    0
    0
    0
    0
   25
    3
   45
   22
    0
   21
    0
   15
   35
    9
   18
  175
    5
  165
   43
    0
    3
    4
   13
   12
    0
    3
    0
    0
    0
    0
    9
   51
   59
    4
    0
    0
   78
   48
   11
   12
    6
    0
    0
    0
    0
    0
    0
    7
    0
    5
   19
    1
   14
   19
   50
    0
    0
    0
    0
   10
    0
    0
    0
    5
   25
   18
   82
    0
    0
    0
    0
    0
    0
    0
    0
    0
    0
    0
    0
    0
    0
   13
    2
   79
    0
   30
    0
   44
    0
    8
    0
    0
   19
   90
   81
    8
   61
   10
   45
    4
    0
   24
    0
    0
   61
    0
    0
    0
    0
    0
    0
    0
    0
    0
   80
    0
    0
   81
  181
    0
    0
    0
    0
    0
    0
   46
    0
    2
  112
    0
    0
    0
    0
    0
   19
    8
    9
    0
    0
    0
    0
  122
    0
    0
    0
    0
    0
    0
    5
    0
    0
   21
    0
    0
    0
    0
    6
    7
    4
    0
   12
    0
    6
   36
  253
  141
    6
    2
    0
    3
    0
    0
    2
   31
   49
    5
    0
   12
   11
   10
   20
  101
    0
    0
    4
   62
   16
   26
   76
   24
    0
    0
    0
   60
    0
    0
    0
   10
    0
    0
    0
    0
    0
    0
    0
    0
    0
    0
    1
    7
    0
    0
    0
    0
    0
    0
    0
   61
    0
    0
   60
   23
   39
  207
   16
   43
    5
   26
    0
    0
    0
    0
    0
    5
    0
    0
    0
    0
    0
    0
    3
    0
    0
    5
    0
    0
    0
    0
  119
  155
    0
    8
    6
    0
    2
   59
   61
    0
    0
   59
   55
    0
   51
   55
   34
    0
    0
    0
    0
    0
   11
    4
   25
    3
    8
    0
    0
    0
    0
    0
    5
    0
    0
    0
    7
   18
    0
    6
    0
    0
   69
   14
   47
   32
    0
    0
    0
   47
    8
    0
    4
   26
    0
    0
    0
    7
    4
    0
    0
   63
    0
    7
   22
