Station: Gera-Roben-Steinbruecken , scaling_factor: 10.0, latitude:  50.9427, longitude:  12.0429, altitude:  305, nodata_value: -9
start: ..1969-01-01  end: ..2001-12-31
  112
   91
   11
    0
    0
    0
    0
    0
    6
    0
    0
    0
    4
    0
    0
    0
    0
    0
    0
    0
    1
   12
    2
    3
    8
    0
    0
    0
    2
    0
    1
    0
    8
    0
   21
    0
    0
   32
    0
    8
   11
    0
    2
    8
    8
  108
   91
   24
    0
    0
    2
    0
    4
   10
   18
   47
    0
    0
    0
    0
    0
    0
    0
    0
    0
    0
    0
    0
    0
    1
   21
  188
    0
   49
    4
    0
    0
    0
    0
    0
    0
   13
    9
    0
   28
   12
   16
    0
    0
   20
   82
    0
    0
    0
    0
    0
    0
    0
    0
    0
   78
   57
    1
    1
   58
   12
   32
   48
    9
    0
    2
   86
    0
    0
    0
    2
   76
   11
   57
   12
    9
    0
  273
    0
    0
    0
  137
    0
    0
    0
    0
    0
    0
    0
    0
   11
    0
    0
    0
    0
    0
    0
    0
    0
   16
  113
    0
   21
   62
    0
    0
   51
    8
   51
    0
  160
   42
    0
    0
    0
    0
    0
    0
    0
   26
    0
    0
    0
    0
  286
   43
    0
    0
    0
  170
   31
    2
    0
   30
   62
    0
    0
    0
   30
    0
   10
    0
    4
    2
    1
    0
  130
    2
   32
    0
    0
    0
    1
    0
    0
    0
    0
    0
    0
    0
    0
    0
    0
    0
    0
   50
    0
    0
    0
    0
   23
    0
    1
    0
    0
    0
    0
    0
  175
  230
   50
  135
   23
   70
    0
    0
   42
   21
    0
    0
    0
    0
    8
   23
  112
   79
   39
    0
    0
    0
    0
    0
    0
    0
    0
    0
    0
    0
    0
    0
    0
    0
   10
  173
  250
    0
    0
    0
    7
   25
    0
    0
    0
    0
   40
    0
    0
    0
    0
   41
    8
    0
    0
    0
    0
    0
    0
    0
    0
    0
    0
    0
    0
    0
    0
    0
    0
    0
    0
    0
   45
    4
   11
    0
    0
    0
    0
    4
    0
    0
    0
    0
   30
    0
    0
   23
    5
    5
    0
    0
    0
    0
    0
   25
    0
    0
    2
   14
    1
    0
    0
    0
   82
    5
   98
    1
    0
    1
    1
    1
    0
   96
    0
    0
    0
    0
    0
   13
    0
    0
    0
    0
    0
   24
    8
   40
   48
    2
    0
    0
    0
    9
    0
    0
    0
    0
    0
    0
   34
    0
    0
    0
   13
    7
   53
    0
    0
    0
    0
    0
    0
    0
    0
    0
    0
   40
    0
    0
    0
    0
    0
    0
    0
    0
    0
   27
   12
   24
   23
    0
    0
    0
   16
   83
    0
    3
   40
    0
    0
   25
   18
    0
    0
    5
    3
    8
    3
    0
   23
    7
   28
   90
  270
   50
   30
    5
   12
   50
    8
   20
   42
    0
  150
  120
    1
    0
    0
    0
    0
    0
    0
    0
    0
    0
    0
   20
   28
    2
   19
    0
    0
    0
    0
    1
    0
    0
   28
   50
    2
   32
   18
    0
    7
   38
    0
    0
   10
    0
  135
    0
   20
    5
   64
    0
    0
   60
    3
    0
  131
   18
    0
    0
    0
   50
   23
   26
    3
    0
   22
   30
   60
   42
    7
    0
    0
    0
    0
    0
    0
   50
   56
  128
    3
    0
    1
    0
    0
    0
   60
   19
    6
    6
   20
    0
   11
   31
  156
    3
    0
   29
   16
    7
    0
    0
   56
    8
    0
    0
    0
    2
    1
    1
    0
    0
    0
    0
  110
    0
    0
    0
    0
    0
    0
   68
   88
   40
    0
    0
  220
   74
    0
   20
   47
   40
    2
    0
    0
    0
    0
  267
    0
    0
    0
    0
   30
    0
   30
    8
    0
   26
   30
   10
    0
    0
   35
   22
   31
   30
    0
   29
    0
  620
  142
  100
    0
    0
   57
    0
    0
    0
    1
    1
    1
    0
    0
  380
   10
   65
    5
    0
    0
  450
  353
   70
   45
   25
    0
    0
    0
    0
    0
    0
    0
   20
    0
    5
   27
    0
    0
    0
    0
    0
   10
   20
   10
    4
    0
    3
   26
    0
    0
    0
    0
   12
    0
    0
    0
    6
   14
    0
    0
    0
   77
   66
   62
   78
   79
    0
   10
    0
    0
    0
    0
    0
    0
    2
   16
    0
    0
    0
    0
   30
   50
   20
   10
   58
   68
    0
   24
   31
   30
   52
    0
    0
   62
    8
   19
   65
   60
   32
    0
    0
   35
    0
   10
    5
    0
   40
    0
    0
   35
    0
    0
    0
  120
   10
    0
    0
    0
    0
    0
    0
   28
   17
    1
   20
   64
   30
    0
    4
    0
    0
    3
    3
    0
    0
    0
   20
    0
    0
    9
    0
    0
    0
    7
   50
    9
    4
   12
   11
    0
   29
    0
  165
    0
    0
    0
    0
    0
    0
    0
    0
    0
    0
    0
    0
    0
    0
    0
   15
    1
    0
    0
    0
    0
    0
    0
   31
    0
    0
   20
   30
    0
    0
    0
    0
    0
    0
   30
    0
    3
    7
   19
   14
    0
    0
    0
    0
   32
    0
    0
    0
    8
   22
   63
    0
   20
   54
    2
   18
   82
   13
   22
   83
   23
    3
   12
    3
    2
    0
    0
    0
    0
    0
    0
    0
    0
    0
    0
   20
    0
    0
    8
    0
    0
    8
    0
    0
   42
    0
    3
    0
    0
    0
    0
    0
    0
   22
    0
    0
    0
    0
    0
    0
    0
    0
    0
    0
    0
    0
    0
   87
    0
   90
    0
    0
    0
   20
  110
   52
   62
   20
    0
    0
    0
    0
    0
    0
    0
    0
    0
    0
    0
    0
   28
    0
    0
    2
   42
    0
    0
    0
   69
    0
  120
    0
    0
   62
   13
    0
   73
    0
   22
    0
    0
    1
   10
    0
    1
   68
    0
  200
   24
   18
   80
  180
    0
   34
   14
    0
   13
   46
   13
   30
   76
   20
   37
   18
    0
    0
    0
   26
    8
   48
   16
   31
    1
    0
   18
    0
    0
    0
    0
    0
    0
    0
    0
    0
    0
   10
    0
    0
    0
    0
    0
    0
    0
    0
    0
   66
    0
    0
    0
   60
    0
    0
    0
    0
    0
    1
    0
    0
    0
   16
   20
    0
    0
    3
    0
    0
   90
    0
    0
    0
    0
    0
    0
   62
   92
   44
    0
   10
   44
   11
    0
    0
   21
    7
    0
    0
    0
    0
    0
    0
    0
    0
   51
  121
   82
    7
    0
   28
    1
   34
    0
   52
    0
    0
    0
    0
   26
   36
    0
    0
    1
    0
   28
    0
    0
    0
    0
    2
    0
    0
    0
    0
    0
    0
    0
    0
   50
  210
    0
    0
    0
    0
    0
   25
   18
    0
    0
    0
    0
    0
    0
    0
    0
    0
    0
    0
    0
    0
    0
    0
    0
    0
    1
    0
  120
    1
    1
    3
    7
    8
   50
   37
  259
   30
    0
   20
    0
   23
   12
   13
    0
    0
    0
    0
    0
    0
    0
    0
    7
    0
   11
    0
   22
   10
   55
   21
   27
    7
    0
    0
    0
    0
    0
    0
  115
    0
   52
   23
    0
    0
    0
    0
   10
    0
   20
    0
    0
    0
    9
    0
    0
    0
    0
   21
    2
    0
    0
    0
    0
    0
    0
    0
    0
    0
    0
    0
   26
    0
    0
    0
    0
    3
   15
    0
    1
    1
    0
    0
    0
    0
    0
    0
    0
    0
    0
    0
   32
    2
    0
    0
    0
    0
    0
    0
    0
    0
    0
    0
    0
    0
    0
    0
    0
    0
    0
    0
    0
    0
    0
    0
    0
    0
   98
    0
    0
  240
    0
    0
    0
    0
    0
    0
    0
    0
    0
    0
    0
    0
    0
    0
    0
    0
   84
   19
   21
    0
   70
   38
   92
   10
   49
    3
   39
    5
    0
    0
    0
   20
    0
    0
    0
   35
    5
   55
   40
   29
    0
    9
   10
    0
    0
    0
   20
    0
    0
    0
    0
    0
    0
   20
    5
    0
    0
   16
    0
   75
   90
   41
   10
   20
    1
   30
  152
    0
   72
   15
    0
   55
    0
    0
    2
   11
   32
   31
   63
   44
    0
   11
   74
    2
    0
    0
    0
   44
   52
    0
    0
   10
   77
  220
    0
    0
   28
   20
    0
    0
   23
    0
    0
   12
   50
    0
    0
    0
    0
    0
    0
   88
    0
    0
   29
    0
    0
    0
    0
    0
  106
  192
    0
    0
    0
    0
    0
    0
    0
    0
    0
    0
    0
   42
    0
   24
   20
    0
    0
   48
  364
  102
   12
    0
    1
    1
    2
    1
    0
    0
    0
   10
    1
   80
    0
    2
    0
  255
    2
   29
   31
    0
    0
    0
    0
    0
    0
    0
    0
    0
    0
    0
    0
    0
   78
   10
    0
    0
    0
    0
    0
    5
    0
  192
    2
    0
    0
    0
    0
    4
   80
    1
    0
    0
    0
   16
   30
   98
    0
    8
   26
   22
    0
    0
    0
    0
    0
    0
    0
    0
    0
    0
    0
    0
    0
    0
    0
    0
    0
    0
    0
    0
   23
   13
   10
   71
   10
    0
    0
    1
    0
  141
    0
    0
    0
    0
    0
    0
    0
    0
    0
    0
   10
    2
   20
   42
   20
    2
    8
   10
    0
  150
    1
    7
    0
    2
    8
   11
   47
    0
    0
    0
    0
    0
    0
    0
    0
    0
    0
    0
    0
   12
    0
    0
    0
    0
    0
    0
    0
    0
    0
    0
    0
    0
    0
    0
    0
    0
    0
    0
    0
    0
    0
    0
    0
    0
    0
    0
    3
    0
    6
    5
   10
    9
    3
    8
   11
    0
    0
    0
   11
   22
    0
    0
    8
    2
   20
    0
    0
    0
    0
   20
   40
   26
   23
   40
   31
   15
    4
    0
    0
    0
    0
    0
    4
   22
    4
   21
    0
    0
    0
    0
    0
    0
   65
    8
   10
   20
   33
   50
   58
   49
    8
    3
    0
    0
   11
   50
    2
    0
    0
   15
   30
    0
    0
   12
   20
    0
    0
    0
    0
   10
   17
   14
    0
    0
    0
    0
    0
    0
    0
    0
    0
    0
    0
    0
   20
    3
   70
    0
    2
    0
   21
    0
   50
  140
   20
   10
    0
    0
    0
   12
   20
   26
   32
   21
    0
    0
    0
    0
    0
    0
    0
   20
    1
    0
   53
  135
    1
    3
  104
    7
   24
   20
    8
    5
    0
    0
    0
   46
    0
    0
    0
    0
    0
    0
   86
    0
   20
  115
   10
    0
    0
    0
   40
   15
    1
  390
    0
    0
    0
    0
   15
   54
   13
    0
   15
    0
    0
  356
    0
    0
    0
  110
    5
    0
    0
    0
    0
   71
   49
    0
    0
    0
   20
   20
    0
    0
    0
    0
    0
    0
    0
    0
    3
    0
    0
   80
   40
    8
    0
  100
   34
    0
   46
   48
   56
    0
   34
   39
    1
   16
   36
    3
   93
    0
    0
    0
    0
    0
    9
   11
    0
    0
    5
    0
    0
    0
    0
    0
    0
    0
    0
    0
    0
    0
   10
    0
    0
    0
    0
    0
    0
    0
    0
    0
    0
  165
   62
    0
    5
    0
    0
    0
    0
    0
    0
   70
    0
    0
    0
    0
    0
    0
   85
    0
    0
    2
    0
    3
    0
   35
   40
    0
    1
    0
    2
    1
    0
    0
    0
    0
    0
    0
    0
    0
    0
    0
    0
  108
    0
    0
   20
    8
  111
   20
    0
   43
  105
   60
   12
   38
    0
    0
    0
    0
    0
    0
    0
    0
    0
    0
    0
    0
   75
    0
    0
    0
    0
    0
    0
   27
   13
   42
   28
    2
    0
    0
    2
    0
    0
    0
    0
   20
   18
   50
    5
    6
   21
    0
   10
    1
    7
   38
    0
   30
   28
   66
    0
    0
    2
    0
   41
   13
   36
    1
    0
    0
    0
    0
    0
    0
    0
    0
   12
    3
    1
    0
    0
    5
    0
    0
    0
    0
    0
    0
   47
   20
    0
    0
    0
    0
    0
    0
    7
    2
    0
   20
  120
    0
    0
    0
   30
    4
    2
    0
    0
    0
    0
    0
    0
    0
    0
    0
    0
    0
    5
  117
   13
   30
    4
    0
    0
    0
    0
    0
    0
    0
    2
   40
   80
    0
   22
  150
   66
    3
    6
    0
    0
    0
    0
    0
    2
    0
    0
    0
    0
    0
    0
    0
    0
    2
    0
   38
    0
   13
    3
   69
    2
    0
    0
    0
    0
    0
    0
    0
    0
    0
    0
    0
   70
    0
    0
    0
    0
    0
    0
    0
    0
    0
    0
    0
    0
    0
    0
   85
    8
   16
    0
    0
    0
   15
    6
    0
    6
    0
    0
    0
    0
   20
    6
    0
    0
    0
  203
  156
   54
   52
    0
    0
    0
  105
   15
    0
   36
    2
    0
    4
    0
    0
   50
  110
   38
   39
   48
    3
    0
    0
   25
    0
   40
   32
    3
    0
  135
    0
   52
   32
    0
   21
   32
   23
   42
  104
  100
   30
   62
   10
    9
   30
    0
    0
    0
   12
   26
    0
    0
    0
   96
   23
    9
  103
   66
    0
   28
   12
    0
   41
    0
    0
   88
   10
   65
    0
   21
   15
    0
    1
    0
   60
    0
  127
    0
    0
   40
   65
   20
    2
    0
    0
    0
    0
    0
    0
    0
    0
    0
   18
    0
    0
    0
   20
   45
   16
    2
    0
    0
    0
    0
  195
   40
   30
  110
   21
    0
    0
    0
    0
   20
   75
    0
    0
    0
   60
   12
    0
   30
    0
    0
    0
    0
    0
   32
    0
    0
    0
   26
    0
    0
    0
    0
  116
    0
    0
    0
    6
    0
    0
    3
    2
    0
  212
    8
    0
  102
    8
   30
    0
    7
    3
   12
    0
   28
    2
    0
    0
   12
    0
  102
  148
    3
    0
   17
   92
   89
  350
   43
   43
   62
   21
    9
   23
   60
   26
   21
   37
   63
   23
    7
    0
    0
    0
    0
    8
    2
    0
    0
    0
    0
    0
    0
    0
    0
    0
    0
    0
   71
    0
   28
   12
    0
   53
   32
   28
    6
   18
    5
    3
   26
   24
  172
  113
   44
   43
   12
   42
   68
    2
    6
    9
   15
   53
    0
    0
    0
    0
    0
    0
    0
   15
  105
   34
   14
   10
   20
   10
    9
    1
    0
    0
    0
    0
   30
   95
    0
    0
    0
    0
    3
    0
    0
    0
    0
    1
    2
    0
    0
   30
    5
    0
   20
    0
   31
   35
    0
   22
   37
    2
   47
    1
    0
    0
    0
    0
    0
    0
    0
    7
    0
   10
   39
    0
    0
    0
   30
  135
    0
    0
    0
    0
    0
    0
    0
    0
    0
    0
    0
    0
    0
    0
    0
    2
    0
    0
    0
    0
   66
   12
   37
   15
   35
    0
    8
   80
   45
    0
    0
    0
   95
   20
   58
   31
    0
    0
    0
    0
    0
    7
   50
   41
   89
   50
    0
    0
    0
    6
   11
   14
   31
   61
  220
   20
    0
    0
    0
    6
    0
    0
    0
    1
    0
    0
    0
    0
    0
    0
    0
    1
  100
    0
    0
    0
    0
  315
   51
   60
   60
    5
    0
    0
    0
    0
   51
   66
    0
    0
    0
    0
    0
    0
    0
    0
    0
    0
    2
   30
    0
    0
    1
    9
    0
    0
    0
    0
   13
   60
   30
    1
    0
    0
    0
   73
   35
    0
  162
    3
   50
   73
    3
   31
   30
    0
    0
    0
    0
   31
   70
   12
    2
    0
    0
    0
    0
    0
    0
   26
    0
   29
    0
    0
   52
    0
    0
    0
  146
    5
   11
    0
    3
    0
    6
   45
    0
    0
    0
    0
    1
    0
    1
    0
    0
    0
    0
    0
    0
    0
    0
    0
    0
    8
    0
    0
   15
    0
   40
   83
    0
   12
    0
  410
   10
   82
   52
    0
    0
    0
    0
    0
    0
    0
    0
    0
   29
    0
    0
    0
    0
    0
    0
   81
   32
    7
    9
    0
    0
    0
    0
    0
    0
    0
    0
    0
    0
    0
    1
    0
   10
    0
    0
    0
    0
   17
    0
   45
    0
   20
   13
   16
    0
    0
    1
  154
    0
    0
    0
   16
   14
   65
   15
   20
   18
    0
    0
    0
    0
    0
    0
    0
    0
    0
    0
    0
    0
    0
    0
    0
    0
    0
    0
    0
    0
    0
    8
   13
    0
    0
    0
   19
   63
   24
   52
    1
    0
    0
    0
    0
    0
    1
   30
    4
    0
    0
    0
   29
   14
    4
    0
    0
    0
   10
    0
    0
   60
    0
    0
    0
    2
    0
    0
    0
    0
    0
    0
    5
   20
    0
    0
    0
    0
    0
   27
   43
  108
   44
    6
   26
  125
    0
    0
    0
   67
   45
   20
  132
   38
   51
    4
    4
    3
   20
   38
   32
   82
   38
   45
   23
    0
    0
    0
    0
    0
    0
    0
    0
    0
    0
    0
    0
    0
    0
    0
   18
    2
    2
   25
   19
   12
    0
    0
    0
    0
    0
    0
    0
    0
    7
    0
    0
    0
    0
    1
    0
    0
    0
    0
    0
    1
    0
    4
    1
    0
    0
    0
    0
    0
    0
   20
    6
   56
   39
    0
    2
    1
    0
    0
   27
   30
    2
    0
    5
   10
    0
    0
    0
    0
   65
    3
    3
    6
    3
    0
    0
    0
    0
    0
    8
    2
    2
    0
    0
    0
    0
    0
    0
   20
   61
   22
    0
    3
    3
    0
    1
    0
    0
   15
    0
    0
    0
    0
    0
    0
    0
   20
    0
    0
    0
    0
    0
    0
    0
  106
   56
   25
    0
    0
  210
    0
    0
   38
    8
   34
    9
   40
  250
   87
    1
   88
    0
    0
    0
    0
    0
    0
    0
    0
    1
    0
   35
   25
    0
    0
    0
    0
    0
    0
    0
    0
    0
    0
    0
    0
    0
    0
    0
    0
    0
    0
    0
    0
    0
    0
    0
    0
    0
    0
   44
    0
    0
    0
   29
    0
    0
   82
   34
    0
    0
    3
   39
    0
    0
    0
    0
    0
  158
    5
    8
   61
    0
    0
    0
    0
    0
    0
    1
    0
    0
  420
    0
    0
    0
    0
  108
    5
   42
    0
    0
    0
    0
    0
    0
   61
    0
    0
   13
    1
    0
   43
    0
   18
    0
    0
    0
    0
  130
    0
    0
    0
    0
   51
    0
    0
    0
    3
    5
    0
    0
    0
    0
   10
    0
    8
   20
   13
   36
    0
    0
    8
   25
   25
    0
    0
    0
    0
    0
    0
    0
    0
   58
    0
    0
   70
   36
    0
    0
    0
    0
    0
    0
    0
    0
    0
    0
    0
    0
   24
    0
    0
    0
   40
    0
    0
    0
   91
    0
    0
    0
    5
    0
   31
   52
   32
    0
    0
    0
    7
    0
    4
    8
    3
   45
   20
    0
    1
    0
    0
   25
    2
   24
    0
    9
    0
    4
    3
    8
    1
    0
   70
   24
   42
   27
   10
    0
    0
    0
    0
    0
    0
    0
    0
    0
    7
    2
    0
    5
    0
    0
    0
   37
    0
    0
    0
    0
    3
    1
   40
    0
    0
  120
  139
    0
    0
    0
    0
   17
    0
   11
    0
    0
    0
    0
    0
   54
    0
    0
    0
   60
    0
    0
    0
    0
    8
    0
   27
   14
   24
    4
    0
   33
    0
    0
    3
    0
    0
    0
    5
    6
   60
   60
    0
    0
    0
    0
   11
   17
    5
    0
    0
   16
    3
   25
    0
    0
   11
    0
    0
    0
    0
  415
   39
    9
    3
    0
    0
  100
   58
    0
    0
    0
    0
    0
    0
   43
   77
   98
    0
    0
    0
    2
    0
   12
    0
    0
   23
    0
    0
    2
    1
    7
   13
   90
   33
   45
    0
    0
    0
    0
    0
    3
    0
   61
    1
    0
    0
    3
    0
  202
  100
   76
    0
    0
    0
   64
    0
   15
   20
    0
    0
    0
    9
    0
    0
    0
   87
    0
    0
   71
   30
    1
    0
    0
    0
    0
    0
    0
    0
    0
    1
    0
    0
    0
   43
   13
   42
    0
    3
   18
    0
   39
    0
    0
    0
   99
   40
   91
    3
  150
  450
   10
   25
    0
    0
    0
   69
   35
    0
    0
    0
   27
    0
    0
    0
    0
    0
   20
    5
    5
   52
   25
    0
    0
   37
    0
    9
    0
    0
   25
    0
    0
    0
    0
    0
  169
   99
    0
    0
    0
    0
    0
   13
   64
    0
    0
   78
    0
    0
   18
   10
   15
    0
  125
   35
   10
    0
   15
    0
   25
   15
  214
    0
  218
  130
    0
    0
    0
   83
    0
    0
    0
    0
   22
    0
    0
  190
    0
    0
    0
   25
   71
    0
   56
    0
    2
    0
    0
   13
    0
    2
    0
    1
    0
   82
  127
    1
    0
    0
    0
    0
    0
    0
    0
   44
   18
    1
    1
   40
    0
    0
    0
    0
  141
    0
    0
    0
    0
    0
    0
    0
    0
    0
    0
    0
    0
    0
  170
    0
    0
    0
  140
   17
    0
   72
    0
   80
  147
   19
    0
    0
    0
   31
  168
    0
    0
  134
    0
   26
    0
    0
    6
   10
    0
    0
    0
    8
    0
   10
   33
   43
   48
    0
    0
   33
    5
   23
    4
    0
    0
    3
    0
    0
    1
    0
   42
  100
    0
    1
    0
    0
    0
    0
    0
    0
    0
    0
   15
   11
    2
    1
   20
   13
   12
   35
   12
    0
    0
   23
   54
    0
   12
    0
    0
    1
    0
    0
    0
    0
    0
    0
    0
   72
    7
    0
    0
    0
    0
    0
   13
    3
    5
    0
   12
    2
    2
    1
   20
   25
   15
    0
    0
    0
    9
    9
    2
    0
   30
    0
    0
   17
    0
    6
    0
    0
    0
    0
    0
    0
    0
    1
    0
   15
    0
    0
    0
    4
    0
   52
   13
    0
    0
   29
    0
    3
    0
    6
   30
    0
    7
   17
   25
   22
   69
   26
   16
    0
   11
    0
   30
    2
   19
    0
    0
    0
    0
   12
    3
   37
   10
    0
    0
    0
    0
    0
    9
  116
    0
    0
    0
    1
    6
    0
    0
    0
    0
  242
    0
    0
    4
    0
   13
    0
    0
   15
    0
    2
  124
    0
    0
    0
    0
  245
  114
    3
   15
    0
   65
   14
    0
   10
   20
   91
    0
  286
  194
    0
  164
    0
    0
    0
    0
    0
    0
    0
    0
    0
    0
    0
    0
    0
   58
    0
    8
    0
    0
    0
    0
   22
   69
   17
    0
   15
    0
    0
    0
   90
    1
    4
    4
    0
   24
   44
    1
    0
    0
   56
    0
   15
   20
    5
    1
    5
   10
   16
   30
    0
    0
    4
    0
    0
    0
    0
    0
  120
    3
   15
   12
    0
    0
    0
    0
    4
    0
   28
    0
    0
    0
  118
    0
    0
    0
    0
    0
  480
  273
   20
    1
    0
    0
    0
    0
    8
    0
   22
    0
    0
    0
    0
    0
    0
    0
    0
    0
   22
    0
   41
   84
   86
   53
   20
    0
    0
    0
   33
    5
    0
   44
    0
   73
    0
   20
    0
    0
    0
    0
    0
   27
   41
   10
  166
    6
    0
   30
  100
    0
   29
   51
   13
    0
    6
  120
  230
   42
    0
    0
    0
    0
    0
    0
    0
    0
    0
    0
    7
   19
    0
    0
    7
    2
   40
    0
   10
   45
   10
   12
    1
    0
    0
    0
    0
    0
    0
    0
    0
    0
    0
    0
    0
    0
    0
    0
    0
    0
    0
    0
    0
    0
    0
    0
    0
    0
    0
    0
   63
    0
    5
   25
   40
  114
   59
    0
    0
    0
    0
    0
    0
   58
   12
    0
    1
    8
    8
   35
   18
   11
    0
    0
    0
   10
    0
    0
    0
   14
    0
    3
    8
   12
  102
  183
   42
    0
    0
    5
    0
    0
    0
    0
   15
   46
    0
   12
   29
    5
   16
   45
   95
    0
    0
    0
    0
    0
    0
   47
   10
    0
    0
   40
    3
    0
    7
    8
   27
   20
    0
   20
    0
    0
   19
    0
    0
    0
   30
    7
   54
   24
    3
   23
   12
    4
    0
    0
    0
    0
   25
   16
    0
    0
    0
    3
    1
    0
    2
   81
    0
    0
    0
    0
   28
    1
   60
    3
   40
   52
    0
   41
    0
   11
   50
   42
    6
    0
    0
    0
   19
   27
    0
    9
   38
  153
  101
    0
    5
    0
   21
    0
   31
   85
    0
    0
    0
    0
    0
    0
    0
    0
  115
   20
    0
    0
    5
    1
   33
   28
    0
    6
    0
    0
    0
   10
   22
    0
    0
    0
    2
   22
   25
    0
    0
    0
    0
   51
    0
    0
    0
    0
    0
   20
  127
    3
    0
    0
    0
    0
   34
    2
    0
  156
    0
    0
    0
    0
    0
    0
    0
    0
   10
   32
  115
    0
    0
    0
    0
   32
    0
    1
    7
   79
    0
    0
    3
    0
    0
   16
    0
    3
    0
    0
  113
   78
    0
    0
    0
    0
    0
    0
    0
    1
  108
   56
   70
    0
    0
    0
   77
    0
    0
    6
    0
    0
   21
    0
   24
    0
    0
   26
   69
  142
   18
    0
  105
    0
   25
   35
    6
    0
   36
    0
    0
    0
   34
  100
   18
    0
    0
    0
    0
    0
    2
   77
    0
    0
    0
   20
   28
   51
    7
    0
    4
    0
    0
    0
    0
    0
    0
   33
   71
   13
    0
    0
    0
   11
   61
    0
    0
    0
    0
    0
    0
    0
    0
    1
    0
  128
   44
  265
   35
    2
    0
    0
    6
   10
    0
    0
   -9
   -9
   -9
   -9
   -9
   -9
   -9
   -9
   -9
   -9
   -9
   -9
   -9
   -9
   -9
   -9
   -9
   -9
   -9
   -9
   -9
   -9
   -9
   -9
   -9
   -9
   -9
   -9
   -9
   -9
   -9
   -9
   -9
   -9
   -9
   -9
   -9
   -9
   -9
   -9
   -9
   -9
   -9
   -9
   -9
   -9
   -9
   -9
   -9
   -9
   -9
   -9
   -9
   -9
   -9
   -9
   -9
   -9
   -9
   -9
   -9
   -9
   -9
   -9
   -9
   -9
   -9
   -9
   -9
   -9
   -9
   -9
   -9
   -9
   -9
   -9
   -9
   -9
   -9
   -9
   -9
   -9
   -9
   -9
   -9
   -9
   -9
   -9
   -9
   -9
   -9
   -9
   35
   25
    1
   25
   25
   10
    5
    0
    2
    3
    0
    1
    0
    0
    3
    3
    0
    0
    0
    0
    0
    0
   10
    0
   33
   20
    0
    0
    0
   22
   20
   31
   18
   43
   48
   39
   13
    0
    0
    0
   15
   10
    5
    0
    0
    0
    4
    0
    0
    0
    0
    0
    0
    0
    0
    0
    0
    0
   12
   16
    1
   25
    5
    0
    0
    0
   10
   30
   39
    2
    2
    1
    0
    0
    0
    0
    0
   18
   21
    0
    0
    0
    2
    0
    0
    6
    8
    9
   12
    8
    2
   67
   69
  156
   32
    5
   10
   25
   16
   19
   15
    0
    0
    0
    0
    0
    0
    0
    0
   18
    4
   15
   11
  200
  515
    0
  170
   52
   13
   15
    0
    0
    0
    0
    0
    0
    0
    0
   14
   46
    0
    0
    0
    0
    0
    0
    0
    0
    0
    0
    0
    0
    0
    0
    0
    0
    0
   13
   47
   78
   24
    0
    0
    0
    8
    0
   11
    0
    7
    0
    0
    0
  270
    0
    0
   24
   46
   26
  210
   75
   15
   14
   47
   15
   45
   10
    8
   50
    9
   28
   46
   25
   27
   50
   56
    0
   26
    0
   51
   15
   32
   43
  180
   15
   20
   60
   50
    0
    0
    5
   12
   11
  197
    0
    0
    0
    0
    0
    0
    0
    0
  130
    0
    0
    0
    0
    0
    0
    0
    0
    0
    0
    0
   43
   32
    0
    0
    0
    0
    0
    0
  275
    1
   17
   35
   14
    5
    0
    0
    0
    0
    0
   35
  105
   17
    0
    0
    0
  137
    5
    0
    0
   12
   18
   21
    8
   25
    3
   24
    0
   14
    0
    0
    0
    0
    0
    5
    0
  115
    0
    0
    0
    0
    2
   10
    0
    0
    0
    0
    0
   96
    0
    0
    0
    0
  191
  225
    6
    0
    0
    0
   25
   15
    0
    0
    0
   11
   18
    0
    0
    2
    0
   30
    0
    1
    0
    0
    0
    5
    2
  163
   20
    0
    0
    0
    0
    0
    0
    4
   40
   10
    0
    0
   10
    0
    0
    0
    0
    2
   58
    0
    0
   20
   85
    9
    0
   25
   25
   30
   20
   12
    3
    0
    0
    0
    0
    0
   65
   11
   35
    0
    0
    6
    0
    0
   10
   19
   25
    0
    8
    9
   11
    0
    0
    0
   28
   29
   39
   70
   54
    5
   21
   18
    0
    0
   41
    4
    0
    2
   31
   16
    1
    0
   45
   44
   46
    0
    0
    0
    4
    0
   23
    0
    0
    0
    0
    0
    0
    0
   20
   10
   13
   26
    0
    0
    0
    0
    0
    3
    1
    0
    0
    0
   12
    7
    0
    7
    2
    0
   60
    4
    0
    0
    0
    3
    0
   10
   10
   30
    3
    4
   14
    2
  215
  115
    4
   48
   10
   17
    1
   21
    4
   10
    0
    0
    0
    0
   80
    1
    4
   68
    0
    0
    0
    0
    0
    0
    0
    0
    5
   20
    3
    0
    0
    0
    0
    0
    0
    0
    0
    0
    0
    0
    1
    2
    0
    0
   23
    5
    0
    0
    0
  520
   16
   44
  120
   15
    0
   14
    0
    0
    0
    0
    0
    0
    0
    0
    0
   10
   95
   31
    9
  130
    3
    0
    0
    0
   65
    0
   10
   13
  125
   13
    2
    3
    1
    0
    0
    0
   56
    0
    0
    0
   35
   20
    0
    0
    0
   19
    0
    0
    6
    0
   17
   95
    0
   79
    0
    0
    0
    3
    0
    0
    0
    0
   25
    7
    0
   20
   78
    0
    0
    0
    0
    0
    0
    0
    6
   16
   40
   20
    0
    3
   26
   86
   19
   10
   25
    1
   18
   20
   17
   48
   20
   64
    0
    0
    0
    0
  291
    2
    0
    0
    0
  115
    0
 1454
  210
    5
    0
    0
    0
    0
    0
    0
    0
    2
   76
    0
   29
   35
    0
    0
    3
  130
    0
    0
    0
    0
    0
    0
    0
    0
    0
    0
    0
    0
    0
    0
    0
    0
    0
    0
    1
   35
    0
    5
   15
    5
    3
   40
   20
    0
    0
    0
    0
  250
  190
    0
    0
    5
    2
   11
   15
    0
   14
    0
   80
   45
   49
   20
    9
    1
  170
    0
   14
   31
   12
   20
   15
   10
   70
    0
    0
    0
  275
    0
   15
   10
    0
   10
    0
    0
    2
    8
   20
    9
   10
   30
    0
   40
   10
   38
    2
    0
    0
    2
   50
   40
    5
  103
    0
   35
   11
   14
  130
   76
    4
    5
  101
   30
    1
  140
   63
   20
    7
   25
  100
   20
    1
  120
    1
    0
   30
   28
    4
    0
   55
   20
    0
    3
    0
    0
   38
    6
    6
    0
    0
    0
   35
    0
    0
    5
    0
    5
   47
   15
    5
    3
   25
    0
    0
    0
    0
    0
    0
    0
    0
    0
    0
    0
   25
   15
    0
    5
    0
    5
    5
   30
   80
   40
    0
    0
    0
    0
    0
    0
    0
    0
   20
    0
    0
    0
    0
    0
    0
    0
    0
    0
    0
    0
    0
    0
    5
    0
    0
    0
    0
    0
    3
   11
    1
   30
    0
    0
    0
    0
    0
    0
    0
   21
    5
    5
    0
    0
    0
   20
    0
   10
    0
    0
    0
    0
    0
    0
    0
    0
    0
    0
    0
    0
    0
   27
    0
    0
    0
    0
   26
   66
   10
   30
   16
   15
    5
    0
    0
    0
    0
    0
    0
    0
    0
    0
    0
    0
    0
   15
    0
    0
   45
    5
    5
    0
    0
   10
   95
  105
    3
    0
    9
  215
   65
    0
    0
    0
    0
    0
    0
    0
    0
    0
    0
   35
    3
    0
    0
    0
    0
   10
    0
    0
    0
    0
    0
    0
    0
    0
   17
    0
    0
    0
    0
   25
   40
   10
    9
    0
   73
    0
   70
    3
    0
    6
    0
    6
    3
   55
   52
   30
   10
    9
   19
    0
    0
  115
    8
    0
   25
    0
    0
    0
    0
    0
    0
    0
    0
   65
   32
   50
    0
    0
    0
    0
    0
    0
    0
  100
   13
    7
    0
    0
    0
    0
    0
    0
    0
   41
   12
   30
    5
   15
    0
    0
    0
    0
    0
    0
    0
    0
   40
    0
    1
   38
    0
    0
    3
    8
    2
    3
    0
    0
    0
    0
    0
    0
   15
    0
    0
   24
    5
    0
    0
    0
    0
    0
    0
    0
    0
    0
    0
    0
    0
    0
    0
   10
    8
    0
    0
    0
    0
    0
    0
    0
    0
    0
    0
    0
    0
    7
   70
   85
    0
    3
    0
   11
   20
   73
    8
   11
    0
    8
    3
   10
    0
    0
    0
    5
   30
    0
    0
   15
    0
    0
    0
    0
    0
    0
    0
   12
    0
    0
    0
    1
    0
    0
    0
    0
    0
    0
    0
   22
   19
   21
   26
    0
    0
   18
    0
    0
    0
    0
   10
    0
    0
    0
    0
    0
    0
    0
    0
   56
   33
   19
   19
   78
   22
   19
    0
    0
   22
    4
    0
   22
    0
   31
    0
    0
   50
   28
    0
    0
   22
   16
    3
    0
    0
    0
   14
   15
   11
    0
    0
   15
    0
    5
    6
    1
    0
    0
   15
   50
   12
    0
   19
    0
   20
   19
    1
    0
    0
    1
    0
   64
   19
    0
   36
   19
   26
   20
   12
    0
    8
    0
    6
    0
   35
   60
   15
   85
    5
    0
    0
    0
    0
    0
   10
    8
    0
    0
    0
    0
    0
   20
    8
   10
    0
    0
    0
    0
    0
    0
    0
    0
    0
    0
    0
    0
    0
    0
    0
    2
   49
    6
   51
    5
    5
   10
    0
   50
    5
   30
    0
   10
    0
    1
    0
  200
  140
    0
    5
   20
   19
    0
  156
    0
   10
  121
    1
   10
   50
   20
    0
    0
    0
  195
    0
    0
   20
    0
    0
    0
    0
    0
    0
    5
   10
   50
    6
    0
   10
    0
    0
   15
    5
   20
   24
    0
    5
   20
   45
    0
   78
    0
    0
    0
    0
    5
    2
   78
  160
    1
    0
   70
    0
    0
    1
    0
    0
    0
    0
    0
   85
    0
    0
    0
   60
    0
    0
    0
   79
   39
    1
   29
    1
    0
    0
    0
    0
    0
    0
    0
   55
   20
   75
    0
    0
    0
    3
    0
    0
    0
    0
   85
   40
    0
    0
    0
    0
    0
    0
    0
    0
   10
    0
   67
   20
    0
    0
    0
    0
   65
    0
    0
    0
    0
    0
    0
    0
   30
   13
   54
  298
  335
   12
    5
    0
    0
  100
    0
    0
    0
    0
    0
    0
    0
    0
    0
    0
    0
    0
    0
    0
    0
    0
    0
    0
    0
    0
    0
   62
    0
    0
    0
    0
    0
    0
    0
    1
   19
    0
    0
   15
   30
   34
    0
    0
    0
  185
    0
   10
    0
    0
    9
    0
    0
    0
    0
    0
    0
    0
   10
    0
    0
    0
    0
    0
   22
    0
    0
   14
    0
    0
    4
    0
    0
    0
    0
    0
    0
    0
    0
    0
    0
    0
    0
    0
    0
    0
    0
    1
    0
    0
    0
    0
    0
    0
    0
    0
    0
    0
    0
    0
    0
    0
   40
    0
    0
    0
    0
    0
    0
    0
    0
   22
   18
   60
   30
   31
   10
   10
    1
    0
    0
    0
    0
   49
    0
    0
    5
    4
    1
    0
    0
    0
    0
    0
    0
    0
    0
    0
    0
   28
    5
   14
   45
   28
    0
    0
    0
    0
    0
    0
    0
   10
    1
    0
    0
   15
    5
   40
    0
   15
    0
   50
   59
    0
   20
   15
    0
    0
    0
    0
   38
    0
    0
    0
    0
    5
   15
    0
   15
   15
    0
    0
   50
    0
    5
  150
   45
   51
   29
   20
    0
    0
    0
    0
    0
    0
    0
    0
    0
    0
    0
   52
    0
   45
   40
    0
    0
    0
    0
    0
    0
    0
    0
    3
    2
    0
   55
    2
    0
    0
    0
    0
    0
    0
    0
    0
    0
    0
    0
    0
    0
    0
    0
   20
    4
    0
    0
   10
    0
    0
  160
  110
   91
   90
    0
    0
    0
   19
   15
   24
    1
   26
    0
    0
    0
   20
    0
    0
    0
    0
    0
    0
    0
    0
    0
    0
    0
    5
    0
  160
    1
    0
    0
    0
   11
    0
    0
   31
    0
    0
   21
   97
   85
   42
    0
   59
    0
    0
    4
    4
   50
    0
   85
    0
   41
    0
   64
   36
    0
    0
   25
    0
    0
    0
  225
  116
   96
    0
   44
    0
    0
    0
    0
    0
    3
    0
    0
    0
    0
    0
   14
   71
    0
    0
    0
    3
    0
    0
    7
    0
   15
    0
   94
   10
   10
    6
    0
    0
    0
    0
    0
    3
    0
    0
   19
  195
   74
   30
   70
   10
    0
    0
    0
    0
    0
    0
    0
   30
  115
   14
    0
    0
  395
    0
    0
  253
    0
    0
    0
   55
   40
   76
  215
    0
    0
    0
    4
   19
    0
    0
    0
    0
    0
    0
    0
   36
    3
    0
    0
    0
    0
    0
    0
    0
    0
    0
   40
   63
   70
    0
   40
   19
   46
   31
    5
    0
    0
   50
    5
    0
    0
    0
   45
   51
   16
   10
   14
   16
   39
    3
    0
    0
   18
    0
   20
    0
    5
    1
    0
  102
    7
   40
   12
    0
    3
    0
    0
    0
    0
    0
    6
    0
   10
    0
   15
   50
    0
    5
   11
   29
    0
    0
    0
    0
    0
    0
    5
    0
    0
    0
    0
    0
    0
    0
    0
    0
    0
    0
    1
    0
   10
    0
    0
    0
    5
  248
   54
   36
   15
    6
    0
    0
    0
    0
    0
    0
    0
    0
    0
    0
    0
    0
   11
   10
    9
    0
    0
   25
    0
   55
    5
   35
    0
   55
    0
    0
    0
    0
    4
    0
   10
    8
   10
   30
    5
   45
   43
   55
   68
   10
    5
    4
    2
    0
    3
   65
   30
   10
   10
    0
    0
    0
    0
    0
    0
    6
   15
    0
    5
   10
   20
    0
    0
   16
    0
   14
    3
   20
    0
    0
    0
    0
    0
   78
   25
    5
    0
    0
    0
    1
    0
    0
   10
    3
    0
    0
   50
    5
   30
    0
    0
    0
    0
    3
    0
    0
    0
    0
    0
    0
    0
    7
    4
    1
    0
    0
    0
   25
    0
    0
  123
  151
    5
    0
    0
    0
    0
    0
    0
    0
   30
   11
    4
    5
    3
   30
   10
    0
    0
    2
    8
    0
    0
    2
    3
    8
    2
   25
    5
   29
   41
    0
    0
    0
    0
    0
    0
   20
    0
   32
   11
   20
   25
   26
   19
   27
   15
   19
    0
    0
    0
   24
    0
   44
    0
    0
    0
    0
    0
    0
    0
    0
    0
    0
    0
    0
   65
  135
    0
    0
    0
    0
   26
   42
    0
   85
    0
    0
    0
    0
   30
    9
   11
    5
    0
   19
   28
   16
   96
   29
   40
    1
    1
    0
    0
   33
   24
   10
    0
    0
   40
   20
    0
    1
    1
    0
   90
    0
    0
    0
    0
   20
    0
   21
   19
    0
    0
    0
    0
    0
    0
    2
    0
    3
   20
   24
   15
   10
    0
    0
    0
   94
    0
   50
   18
    0
   87
    8
    0
    0
    0
    0
   32
    0
    0
    0
   48
    0
    5
    0
    0
   25
  222
    0
    0
   50
    0
    0
   35
    0
   70
    0
    0
    0
    0
    0
    0
    0
    0
    0
   80
    4
    6
   10
    2
    1
    4
    0
    0
    0
    0
    0
   20
    0
   15
    0
    0
    0
    0
    0
    0
    0
    0
    0
    0
    0
    0
    0
    0
    3
    0
    0
    3
    7
    0
    0
    0
    0
    0
    0
    0
   29
   26
    5
   12
   10
    0
    0
    0
    0
    0
    0
    0
    0
    0
    0
    0
    0
    0
    0
   20
    0
    0
    5
   35
    2
    0
   85
   40
    0
    0
   15
   15
    0
    0
    0
    5
   31
   59
   65
   20
   16
    5
    0
    0
    0
   10
    0
   32
    0
    0
    0
    0
   33
    0
    5
    0
    5
   20
   30
   45
   35
    3
    6
   20
  135
   15
   18
    5
    0
    0
    0
    0
   18
   20
   15
   91
   14
    0
    0
    0
   10
   70
   22
    0
   16
    0
    0
    0
   10
   11
    1
   60
   26
   49
   91
   11
   61
   16
    0
    0
    0
    0
   16
    4
   28
    1
    0
    0
    0
    0
   19
    1
    0
    0
    0
   10
   18
   14
   95
    5
    0
    0
    0
    0
    0
    0
   25
   40
   26
    0
    0
    0
    0
    3
    2
    0
    0
    0
    0
    0
    0
   33
   47
  105
    6
   40
   20
    0
    3
    2
    5
   11
    0
    0
    0
    0
    0
    0
   80
    0
   50
   75
    0
    0
    0
    0
    0
   20
  122
    0
    5
  100
   35
    0
    0
    2
   18
   22
  122
   14
    5
    0
    0
    0
    0
    2
   50
    0
    2
   18
   10
   15
   70
   42
    3
    0
    0
    0
    0
    0
    0
    0
    0
   10
    0
  245
   30
    5
   20
    5
    0
   20
   18
   12
    0
    0
  106
    2
    0
   22
    0
    0
   90
    0
    0
   20
   10
  280
  241
   36
   10
    5
   46
   51
   49
  134
   33
    3
    0
    0
   82
   60
    0
    0
    0
    0
    0
    0
    0
    0
    0
    0
    0
    0
    0
    0
    0
    0
    0
    0
    0
    0
    0
    0
   21
  144
    5
   12
    9
   31
    0
    0
    0
    0
    0
    0
    0
    0
    0
    0
    0
   24
  112
   15
    6
    0
    0
    0
    0
    0
   43
    0
    0
    0
   60
    0
    0
    0
    0
    0
   10
    2
  270
    0
    0
   89
    0
    0
   65
  140
   10
    3
    6
   20
   87
    0
    5
    0
   22
   42
    4
   10
    2
    2
   50
    2
    0
   30
    0
    0
    0
    0
    0
  142
    8
    0
   48
  102
  130
   15
    0
    0
    0
    0
    0
    0
    0
    0
    0
    0
    0
    0
    0
    0
    0
    0
    0
    0
   35
    0
    0
    0
    0
    0
    0
    0
    0
    0
    0
    0
   25
  105
   73
  308
   20
    0
    0
    0
    0
   45
   24
    0
    0
    3
   20
    0
   15
   35
    5
    0
    6
    0
    0
    0
    0
    0
    0
    5
    0
    5
    0
   20
    0
    0
    3
    0
    0
    0
    0
    0
    0
    0
    0
    6
    0
    0
    0
    0
   20
    0
    0
   10
    5
    0
    0
    2
    0
   20
    5
   20
   15
   10
   40
   35
    5
   55
    5
    4
    8
   44
   64
  110
  134
   20
  175
   60
    5
   28
   50
   29
   21
   86
   75
   13
   17
  108
    0
    8
   60
    2
    0
    0
    0
    0
    0
   20
   65
    4
   15
   31
    0
   64
    5
    0
    0
    0
    0
    0
    0
    0
    5
   10
   50
    0
   53
    0
    0
   33
    0
   95
   40
   10
   52
    8
  160
    5
    0
   15
    0
    0
    5
   25
   85
   25
  152
    0
    0
    0
    0
    1
    0
    0
    0
    0
    0
    0
    0
   20
   42
   20
   10
    2
    0
    0
    4
   30
    8
   10
   10
    6
   10
    2
    3
    0
    0
    0
    0
   25
    0
    0
    0
    0
   39
   12
    6
    0
    0
    0
    0
    1
    0
    0
    5
   34
   30
    0
    0
    0
    0
    0
    0
    0
    0
   10
    0
   60
  298
    2
   15
   20
    0
    0
    0
   85
    0
    9
    3
    0
   10
    0
    0
    0
    4
   16
   80
  101
    1
    0
    0
    0
   45
    5
   24
   16
   26
   76
   52
   30
    6
   11
   40
    5
    1
    0
    5
    9
  244
  134
   91
  104
    5
   14
    9
   11
  155
   12
   50
   20
  182
   15
  115
   10
    0
    0
    0
    0
    0
    0
    0
    0
    0
    0
  181
    0
    0
    0
    0
    0
    0
    0
   45
   70
  120
    0
    0
    0
    2
    4
    0
   16
   14
   70
    1
   10
   56
    2
   91
   26
   75
    4
   10
   20
    0
    0
   90
   21
    0
   85
    0
   60
    0
   25
    0
  163
   70
    0
    0
    0
    9
    3
   25
    0
    0
   32
    7
    0
    0
    0
    0
    0
    0
  335
    0
  275
    0
    0
    0
    0
    0
    0
  115
    0
    0
    0
  125
    0
    0
    0
   10
   65
   15
    0
    0
   25
    0
    0
    0
    0
    0
    0
    0
    0
    9
    0
    5
    0
    0
    4
    0
    0
    0
    0
    5
   35
    0
    0
    0
    9
   53
    5
   25
    0
    0
    0
    0
    0
    0
    0
   20
   65
    0
    0
    0
    0
    0
    0
    0
   10
    1
    4
    0
    0
    0
   20
    4
   20
  115
   40
    4
    5
    2
    2
   85
    0
    6
    0
    0
    0
    0
    5
    0
    0
    0
    0
   15
    0
    0
    0
    0
    0
    0
    0
    0
   30
  105
  114
   41
  100
    4
    0
    0
    0
    0
   10
    0
    0
   10
    0
    0
   12
   10
    0
   70
    2
    0
    5
    3
    0
    2
    6
    0
    0
    0
   10
   11
    5
    0
    0
    0
    0
   60
    4
   25
   11
    6
    4
   10
    0
    5
    5
    0
   13
    1
    0
    2
    1
    0
    3
   25
    2
    3
  110
    7
    0
    0
    0
   72
   23
   25
    8
   10
    0
   45
  135
  234
   35
   45
   55
   41
   49
    5
    0
    7
    0
   18
   75
   50
    0
   25
   55
   50
   18
    0
   30
   10
    5
   10
    0
   20
   51
   65
    2
   28
   35
   20
   25
   20
    0
    0
  171
   41
    0
    0
    0
   40
    0
    0
   15
    2
    0
    0
    0
   59
    0
    0
    0
    7
    0
   50
    0
    0
    0
    6
    0
    0
    0
    0
    0
    0
    0
    0
   46
   20
    5
    0
    0
    0
    0
    0
    0
    0
    0
    0
    0
    0
    0
   18
   60
    6
    3
    0
    0
    0
    0
    0
    0
    5
   11
   45
    0
    0
   14
    5
    0
  105
   36
  165
    0
    6
    8
    0
   43
    0
    0
    0
    0
    0
    0
    0
    3
    0
    0
   25
   51
   10
    5
   10
   21
   49
    0
    0
    7
    0
   41
    0
   50
   14
   40
    7
   10
    0
   30
    0
  109
    4
   30
   31
   11
   31
    0
    0
    5
    0
    0
   30
    0
   22
   25
    0
   15
    0
    0
    0
   10
   50
    0
    0
    0
    0
    0
    0
    0
    1
    0
    0
    0
    0
    0
    0
    0
   60
    0
    0
   45
    0
   43
   49
   35
    0
    0
   30
    5
    0
   19
    5
   61
   54
  112
    0
    0
    0
    0
    0
   15
    0
    0
   45
   26
   12
    3
    0
    0
    0
    0
    0
   40
   10
   12
    0
    0
    0
    0
    0
    0
    0
    0
    0
   21
   25
    5
    0
    4
    0
   45
    9
    0
    0
   12
    0
    0
    0
    0
   10
    0
    0
    0
   19
   23
    0
    0
    0
    0
   26
   13
    0
   87
    0
    0
    0
    0
    0
    0
    0
    0
    0
    0
   50
  101
   98
    5
    0
   20
   62
   63
    6
    3
   20
   71
   10
    1
    5
    5
   15
  221
   61
   78
  115
   33
    0
   29
    5
   75
   11
   45
   30
   20
   21
   30
    0
    0
   25
   74
  255
    2
   23
    0
   70
   62
    0
    0
    4
    0
    0
    0
    2
   22
    2
    0
    0
   30
   76
   56
   31
    0
   44
    0
    2
    0
    2
    0
    0
    3
    1
    0
    0
    0
    0
    0
    0
    0
    0
    0
    0
    0
    0
    0
    0
    0
    0
    0
    5
    0
    0
    0
    0
    0
    0
   20
   11
   15
   20
    5
    0
    5
    8
   31
    0
    1
    1
    3
    5
    2
    5
   16
    3
   20
   14
    5
    0
    0
    0
   10
    0
    5
   51
   10
    0
    0
   24
   21
   14
    0
    0
    0
    5
   10
    0
   50
    0
    0
    0
    0
    0
    0
    5
    0
    0
    0
    6
    4
    0
   20
   24
    0
    0
    0
   20
    0
    5
    8
   40
   25
    0
    5
    2
  105
  273
    0
    0
    0
    2
  105
   75
    0
    0
    0
    0
    0
    0
    0
   10
    0
    0
    0
  106
   62
   12
    0
    5
    0
    0
    0
    0
    0
    0
    0
    0
    0
    0
    0
    0
    0
    0
   58
  165
    0
    5
   50
   58
    7
    0
    0
   51
    0
   55
    5
   95
    0
    0
    0
    0
    0
    0
    0
    0
    0
    0
    7
    0
    0
    0
    0
  125
    0
    4
  110
  164
  468
   55
    5
    0
    0
    0
    0
    0
    0
    0
    0
   30
    0
    0
    0
    0
   35
    0
    0
    0
    0
   95
   35
    5
   10
   13
    0
    0
   95
   18
    5
   10
   20
    0
    0
   16
   14
    0
    0
    0
    1
    0
    0
    0
    0
    0
   10
    0
    0
    0
    0
   20
    0
    0
   35
    0
   61
   50
    6
    0
    0
    0
    3
   10
    0
    0
    0
    0
    0
    0
    0
    0
    0
    0
   68
   15
   23
    0
    0
   10
    0
    0
    0
    0
    0
    0
   10
   46
    0
    0
   25
    5
   26
    0
    0
    0
   45
   31
   43
    4
    2
    4
    0
    0
   10
    6
    0
    0
    0
    0
    8
    0
    0
    0
    0
    0
    0
    0
    0
    8
  213
   95
   90
    5
   40
    2
    0
  185
   82
   20
    0
    0
    0
    0
    0
    0
    0
    0
    0
    0
    0
    0
   20
   65
    0
   10
    5
   26
   20
    0
    0
    0
    0
    0
    0
    2
    0
   15
    0
    5
    8
    0
    5
    5
   15
  101
  143
   90
    5
    0
    0
   55
    0
   61
    3
    7
    0
    0
    0
    0
    0
    0
    0
    0
    0
    0
    0
   10
    0
    0
    3
    0
    0
    0
    0
    0
    0
    2
    0
   13
    0
    0
    5
    0
    3
    2
   15
   50
    2
    0
    0
    0
    0
    0
    0
    8
   15
    0
    0
    0
    0
   15
    5
   25
    5
    0
   60
   40
   95
    5
    0
    0
    0
    0
    0
    0
    0
    0
    0
  110
   14
  125
    5
   15
   10
    0
    0
    5
    0
    0
   21
    2
    0
    0
    0
   10
    0
    0
    0
    0
    0
    5
    0
   43
    0
    5
    4
   52
    5
   20
    3
    0
    0
    0
    5
  100
    0
    0
    0
    0
    0
    0
   20
  121
    0
    0
   51
    5
    5
    5
   45
   15
    0
   57
    0
   24
   91
   68
    5
   16
    0
    0
    0
    0
    0
    0
    0
    0
    0
    0
   50
   15
    1
   26
    0
    0
    0
    0
    4
    0
    0
    0
    0
    0
    0
    5
    0
    0
    0
    0
    0
    0
    0
    0
    0
  191
   12
    5
    0
    0
   20
  241
   28
  435
    1
    0
    0
    0
    0
    0
    0
    0
    0
    5
    5
   25
   15
    0
    0
    0
    0
    0
   80
  115
    0
    0
   54
    0
   59
    5
    0
   25
   18
    5
    0
    0
    0
    0
    0
    5
    0
    0
    0
    0
    0
    0
    0
    0
    0
    0
    0
    0
    0
    0
    0
    0
    0
    0
    0
   30
   60
    0
    0
    0
   15
    0
    0
    0
   24
    0
   30
    0
   34
    0
   50
  131
    0
    0
    0
    0
    0
    0
    0
    0
   60
  110
   15
   20
   24
   65
    8
   59
   40
   21
   50
  135
   15
    0
    0
    0
    0
    0
   18
   15
   10
    0
   24
   22
    5
    2
   12
    0
    0
    0
    7
   24
  101
    0
    0
   10
    0
    0
    0
   10
    0
    0
    0
    0
    0
    0
    0
    0
    0
    0
    0
    0
    0
    0
    0
    0
    0
   10
    0
   28
   80
   31
   15
    0
   25
   30
   50
    4
   19
    0
    0
    0
   25
   40
    5
    0
    7
    0
    0
   55
   41
   38
   15
    0
    5
   14
    0
    0
    0
    0
    2
   54
   15
   10
   20
   45
   25
    0
    0
    0
    0
    0
    5
   82
   55
    8
   21
    0
   10
    0
    0
   10
   21
   15
    0
    0
    0
    0
   10
   31
    0
   50
    0
    5
    0
   30
   25
   65
    1
    5
    6
    0
   15
   20
    5
   35
    0
    0
    0
    0
    0
    0
    0
    0
   15
    0
    7
    0
    5
    0
    8
    0
    0
    0
    0
    0
    0
    0
    5
   11
    1
    5
   15
    3
   70
    0
   20
   30
   15
   55
   21
    0
    0
    0
    0
    0
    6
    0
    0
    0
    0
    0
    0
    0
    0
    0
    0
    5
    0
    0
    0
    0
    0
    0
    0
    0
    0
   35
    0
    0
    0
   39
   18
   71
   18
    4
   11
    0
    0
    0
    0
    0
    0
    0
   50
    0
    5
   15
    0
    0
    0
   16
    0
    0
    0
    0
    0
    0
    0
   20
   25
    5
   85
   35
    0
    5
    0
    0
    0
    0
    0
    0
   25
   94
   12
    3
    0
    0
    0
   10
    0
    0
    8
   29
   34
   18
    3
   64
   26
    2
    4
    4
    0
    0
    0
    0
   24
    5
   20
    5
    0
    0
    8
    0
    0
    0
    0
   21
    5
    0
    0
    0
   15
   10
   15
    5
   10
   41
    0
    0
   30
  291
  101
    5
   25
   10
  160
   54
   41
   15
   35
   40
  253
    0
    0
    0
    0
    0
    0
    0
    0
    0
   71
   15
    0
    0
   24
   10
   28
    0
    0
   15
    0
    0
    0
    0
    0
    0
   22
    0
    0
    0
    0
    0
    0
    0
    0
  201
    0
    0
    0
    0
   95
   31
   28
    5
    5
   49
    0
    0
    0
    0
   32
    5
    0
   25
    0
    0
    0
    0
    0
    0
    0
    0
   25
    0
    0
    0
    0
    0
    0
    5
    0
    1
    0
    0
    0
    0
    0
    0
    0
    0
   65
    0
    0
   15
    0
    0
   25
    0
    0
    0
   23
    2
    0
    5
   15
   34
    0
    0
    0
    0
    0
    0
    0
    0
    0
    0
   24
    0
    0
    0
    0
   35
   23
    9
    0
    0
   10
   31
    0
    0
    0
    0
    0
    0
    0
    0
    0
   15
   40
    7
   18
   25
   11
   51
   44
    0
   36
    0
   15
    0
    0
    0
   24
    0
    0
    0
    0
    0
    0
    0
    0
    0
    0
    0
    0
    0
    0
    0
    0
   35
   15
   31
    8
    0
    0
    0
    0
    0
    0
    0
    0
    0
    0
   25
   31
    0
   45
   60
   47
   12
   53
   28
   20
    0
    9
    0
    0
    0
    0
    0
   44
   61
   12
    0
    0
   35
    0
    0
   10
    0
   15
    0
    0
    0
   38
   58
    0
    0
    0
    0
    0
    0
   21
    2
    0
    0
    4
    0
    0
    0
    4
   10
   27
    4
    0
    0
    0
    0
    0
    0
   35
    0
   25
   44
   38
    3
    4
    1
    5
   41
    7
    0
    0
    0
    0
    0
    0
    0
   21
    0
    0
    0
   15
    0
    0
    0
   51
   43
   35
   71
   19
    9
   13
    0
    0
   20
   34
   25
   40
    0
  187
   41
    0
   71
   35
    0
    0
    0
   64
   41
    1
    0
    0
    0
    0
    0
    0
    0
    0
    0
    0
    0
    0
   20
    0
   10
    3
    0
    0
    9
   11
    0
    3
    7
   51
    5
    0
    0
    4
   23
    0
    0
    0
    0
   15
   10
   21
    0
   31
    0
    0
    0
    0
    0
    0
    0
    0
    0
    0
    0
    0
    0
    0
    0
    0
    0
    0
    0
    0
    0
    0
  196
   71
    0
  186
   36
   94
   56
    5
   31
   25
    0
    0
    0
   10
    0
   35
    6
    0
   13
    0
   56
    0
    0
    0
    0
    0
    0
    0
    0
    0
   38
   85
  746
   78
    0
    0
    0
   11
   26
    0
    0
   35
    0
    0
   18
    0
    0
    0
  275
   65
    0
    0
   47
    0
    8
    0
    0
    0
   45
    0
    0
    0
    0
    0
    0
    0
    0
    0
    5
   18
    0
   18
   20
    0
    0
   21
   28
   35
   15
    0
    8
  226
   15
    0
    8
    0
    0
   11
   21
  185
    5
   15
   35
   28
   16
    0
   10
    0
    0
    0
    8
    0
    0
   35
    0
    0
    0
    0
    0
    0
    0
    0
   30
   61
    0
    0
    0
    0
    0
   15
    0
   48
    0
   55
   27
    0
   45
    0
   25
    0
   29
    0
    0
    0
   18
    0
    0
    0
    0
    0
    0
   15
   22
   31
   29
   18
   10
   45
    0
    0
    0
    0
   28
    5
    0
    2
    0
   21
    0
    0
   11
   18
    9
   19
   10
   35
    5
   28
    5
   23
    0
   69
  124
   20
    0
   10
    8
    9
    0
    0
    0
    0
    0
    0
   16
    0
    0
   38
    0
   18
   59
   21
    8
    0
    0
    0
    0
    0
    0
   15
   41
   45
   20
    0
    0
    0
    0
    0
    0
    0
    0
    0
    0
    0
    0
    0
    0
   21
   66
   17
    0
    0
   45
   68
    0
    0
    0
    0
    0
    0
    0
    0
    8
   53
    0
   15
   34
   10
   15
   98
    0
    0
    0
    0
    0
    0
    0
    5
   11
    0
    0
    0
    0
    0
    0
    0
    0
    0
   33
    0
   28
   31
   35
    1
   23
   35
   15
    2
    0
   11
    0
    0
    0
    4
    4
   20
   31
    0
    0
    0
    0
    0
    0
    0
    0
    4
    4
   25
    2
    0
    0
    0
   73
    0
    0
   56
   29
   35
   19
   10
    0
    0
    0
    0
    0
    5
    0
   28
   39
    0
    0
    0
    0
    0
    0
    0
    8
    0
    0
   18
   21
    0
    0
    0
    0
    0
    0
    0
    0
    0
    0
    0
    6
   39
    0
    0
    0
   10
    0
    0
    0
    0
    0
    0
   45
   15
    0
    0
    0
    0
   15
   18
  262
    8
    0
    0
    0
  195
   18
   31
    0
   25
    0
    0
   71
  315
    0
    0
  105
    0
    0
    0
  112
   61
   15
    0
   41
    0
   25
   10
    3
    8
    0
    0
    0
   20
    0
    0
   58
   25
   21
    0
    0
    0
    0
    0
    0
  368
    0
    0
    0
    0
   50
    5
    8
    6
   10
   45
  191
    2
   15
   30
    0
    0
   50
   25
    0
   71
   21
   35
   18
    0
  121
   50
    0
    0
   51
    0
  195
    0
    0
    0
   51
   79
    0
    0
    0
    0
    0
    0
    0
    0
    0
    0
    0
   35
    0
    0
    0
    0
    0
   25
    0
   50
   33
   28
   51
   38
   65
   25
    0
    0
    5
    0
    6
  125
   48
  115
    2
    4
   31
   10
    0
    0
    0
    0
    0
    0
    0
    0
    0
    0
    0
    0
    0
    0
   52
    0
    0
    0
    0
    0
    5
    0
   25
    0
    0
    0
    8
   10
    0
    0
    0
    0
    2
    0
   46
   72
   31
    0
    0
    0
    0
    0
    0
    0
    0
    0
    0
    0
    0
  125
   26
   28
    0
    6
    9
    0
   24
  130
  162
   22
    0
    0
   25
   15
    8
   22
    0
    0
    0
    0
    2
   45
    0
    0
    0
   15
    0
    5
    0
    0
   21
   36
   48
   35
    3
   30
  118
   53
    2
    5
   21
    5
   25
  158
  151
   34
   47
    0
   75
   20
    0
    0
    0
   11
   54
    0
   24
   38
    0
    0
    6
   10
    0
    0
    0
   14
   14
   19
   13
    0
    6
    5
    0
    0
    0
    0
    0
   57
    0
   49
   13
   51
    5
    0
    8
    5
    0
   16
    8
    0
    0
   10
   14
   33
    4
   48
    7
   18
    0
    0
    0
    0
    0
    0
    0
    0
    8
   58
   51
    9
    5
    0
    3
   15
    5
   14
   45
    0
    6
    0
    5
    0
    0
    0
    0
   45
   51
   38
  271
   30
    8
   14
   28
    7
    0
   21
   15
   32
   21
    0
    5
    0
    7
    0
    8
   17
    7
   39
    0
    0
    0
    0
    0
    8
   32
  145
  560
   65
    5
    0
    5
   28
    0
    0
    0
   25
    0
    0
    0
    0
    0
    0
    0
    0
   25
    0
    0
    0
   15
   45
    0
    0
    0
    0
    0
    0
    0
    0
   19
    0
   10
    0
    0
  251
    5
   19
    0
   15
   78
   25
   31
   35
   15
    0
    0
    0
    0
   45
    0
   15
   85
   15
    0
    8
    0
   15
    0
    0
    5
    0
    0
  118
    0
    0
    0
    0
    0
    0
    0
    0
    0
    0
    0
    0
  251
    0
    0
    0
    0
  125
   18
    0
  130
    0
    0
    0
    0
    0
    0
   60
    0
    0
  135
  128
    0
    0
    0
    0
    0
    0
    5
   30
    0
    0
    0
    0
    0
    0
    0
    0
    0
    0
    0
   18
   20
    0
   68
   75
    7
    0
    0
    0
    0
   41
  115
   51
    0
    0
   51
   62
  191
   75
    0
    0
   18
    0
    5
   20
   24
   15
    0
    0
   53
    0
   58
  142
    5
   75
    0
    5
    0
   38
   19
    5
    3
    5
    0
    0
    0
    0
    0
    0
    0
    0
    0
    0
    0
    0
   30
    0
  123
   15
    0
    0
    0
    0
   20
    0
    0
    0
    0
    0
    0
    0
    0
    0
    0
    0
    0
    0
   15
    0
    0
    5
    1
    4
   42
    8
   15
    0
    0
    0
    0
    0
   11
   18
    2
    0
    0
    5
    0
   10
   25
   35
   18
   52
    4
   38
    0
    0
    3
    0
    2
   65
   38
    4
    0
    0
   15
    0
    0
    5
   12
   10
    8
    0
    9
    0
   49
    0
   18
  120
   65
    0
    4
    0
    0
    0
    0
   14
    6
    0
    0
    0
   12
    5
   26
   18
   41
    8
    3
    8
    6
    0
    0
    0
    2
   15
   42
   15
   23
  113
   10
    0
    0
    0
    0
   35
   18
    0
    0
   35
   29
    0
   23
   24
   29
    3
   44
    2
    0
   12
    4
    0
    9
   10
    0
    0
  141
    0
   12
   19
    0
    8
    0
    5
    0
   20
   16
    6
    0
    0
    0
    0
   45
   38
   11
   23
    0
   20
    0
    0
    0
    1
    9
    8
    0
    5
    0
    0
    0
    5
    0
   10
    7
    8
   25
    5
   11
   10
    0
    0
    0
   18
   15
  185
   24
   65
    0
   48
   15
    0
    0
    0
    0
   10
   15
    4
   27
   44
   41
   39
    0
    0
   18
   33
  121
   75
   86
    0
    0
    0
    0
    0
   11
   33
    0
    0
    0
   25
    0
    0
    0
    0
    0
    0
    0
   56
    6
    9
    0
   56
  254
    0
    0
   22
    3
  135
    0
    0
    0
    0
    0
    0
    0
    2
   80
    0
   56
  135
   98
  156
   68
    0
   28
   31
   15
   11
   10
    4
   68
   20
   41
   23
   43
   28
    0
   15
   18
    0
    0
   15
   28
   31
   61
    0
    0
    0
    0
    0
    0
    0
  185
    0
    0
    0
    0
    0
    0
    0
    0
    0
    0
   95
   90
   20
   25
    0
    0
    0
    0
    0
  225
    0
    0
    0
    0
  101
  260
    0
    0
    0
    0
    0
   31
    0
    0
    0
    0
    0
    0
    0
    0
    0
  101
  112
    0
    0
    0
    0
    6
    0
    0
    5
    8
   10
    5
   18
   75
   64
   25
   85
  305
  352
   15
   25
   41
    0
   68
   15
    0
    0
    0
    0
   16
   95
    0
    0
    0
    0
   25
  105
   98
    0
    0
    0
    0
    0
  105
   80
    0
   33
   82
   35
   28
    0
    0
    0
    0
    0
    0
    0
    0
    0
    0
    0
    0
    0
    0
    0
    9
    0
    0
    0
    0
    0
    0
   19
    0
   45
  115
    0
   35
    0
   59
   91
  172
   25
    0
   45
   15
   27
    0
    0
    0
    0
    0
    0
   55
   45
   98
    5
   28
    0
    0
    0
    0
    0
    0
    0
    0
    0
    0
    0
    0
    0
    0
   30
   10
    0
    0
    0
    0
    0
   58
   16
    8
    1
    0
    0
    0
   15
   11
   98
    6
   15
   85
    8
    0
    0
    0
    0
    0
    5
    5
    0
    8
    0
    0
    0
    0
    2
    0
    0
    0
    0
    0
    0
    0
    0
    0
    0
    0
    5
    0
    0
    0
    0
    0
    0
   25
    0
    0
    0
    0
    0
    0
   18
   15
   20
   11
    0
    0
    1
    0
    0
    0
    6
   62
   21
   45
   36
   25
   28
    0
   35
   15
   20
    0
    0
    0
    0
    0
    0
    0
    3
    8
   12
    0
    0
   40
    0
    0
    0
    5
   25
    5
    0
    0
    0
    0
    0
    0
    0
    0
    0
    1
   14
   10
    0
   55
    0
    2
   33
   15
   15
    0
   21
   55
    5
    0
    0
    0
    0
    0
   10
   55
   15
    0
    0
    0
    0
    0
    0
    0
    0
    0
    0
    5
   10
    0
    0
    0
   18
    0
    0
    0
   67
   18
   48
    0
    0
    0
   18
   35
    0
    8
   15
    0
   18
  115
   21
  156
  225
  136
    0
   12
   70
   24
    1
   20
   18
  100
    0
    0
    0
    0
    0
   40
   10
    0
    0
    0
    0
   85
    0
    0
    3
   35
    0
    0
    0
    0
    0
   25
    0
   24
   15
   20
    0
    0
    0
    0
   20
   15
  100
   14
    8
    0
    0
   10
   75
  155
  195
  387
    0
    0
  184
   28
    0
    0
    8
    0
    0
    0
    0
    0
    0
    0
   74
   80
  117
    7
    0
   70
    0
   65
    0
    7
    0
    0
    0
    0
    0
   15
    0
    0
    0
   58
   47
   11
   28
   65
    8
    0
    0
    0
    0
    0
    0
    0
   18
    0
    8
   51
   78
    5
    0
   10
    0
    0
    0
    0
   10
   86
    9
    0
   15
   18
    6
   29
  195
   20
    8
    0
    5
    0
    0
    5
   80
    0
    4
    8
   31
    0
    4
    0
   16
    0
   65
    1
    0
   10
   10
    0
    0
   15
   10
   24
    0
    0
    0
    0
    8
   27
   87
    8
   17
  242
   68
    0
    0
    0
    0
    0
   21
    5
   15
    3
   10
    0
    0
    0
    0
    5
    0
   51
   18
    0
    6
    2
    0
   85
    0
   16
   11
    1
   69
    8
   25
    0
    0
   19
    2
   16
    5
    9
   15
   20
   35
   19
   20
    0
    0
    0
    0
    0
    0
    0
    0
    0
    0
   86
    0
   10
    0
   21
   18
  215
   35
    0
    0
    5
    0
    7
    1
    0
    0
   15
    0
    0
    1
    0
    0
   15
    1
    0
    0
    0
    0
    0
    0
    0
    0
    0
    0
    0
    0
   21
   51
   10
    5
   10
   21
   10
   38
    0
    0
    5
    0
    0
    0
    0
    0
    0
    5
   60
    0
    2
    0
    0
   12
   30
   28
   28
    0
   25
    7
    0
   71
   18
    0
   40
    0
    0
    0
  124
   58
    0
    0
    0
    3
    3
    0
    0
   10
    0
    0
    0
    0
    0
    0
    0
    5
   20
  111
    2
   34
   85
    3
   31
    2
   50
    0
    0
   10
   10
   10
   15
    3
    0
    0
    0
   12
   20
  105
    2
    0
    0
    0
    0
   18
    0
    6
   15
    5
    0
    0
   58
    9
    1
    0
    0
    0
    0
   20
   30
   15
   10
   50
    4
    0
    0
   68
    5
    8
   45
   38
    0
    0
    0
    0
   18
    0
   15
    0
    0
    0
   75
    0
    0
   32
   65
   60
    0
    0
   29
   16
    0
    0
    0
    0
    0
    0
    0
    0
    0
    0
    0
    0
    0
    0
    0
    0
   18
  145
   54
    0
    0
   48
    0
   20
   71
    0
   18
   11
   10
   19
   15
    0
   28
   17
   10
    3
    5
  106
    0
    0
    0
    0
    0
    0
    0
    0
    0
   71
   30
    0
  351
  278
   75
  185
   92
    0
   74
    0
   38
    5
    0
    0
   15
   25
   58
   31
    0
    0
    0
    0
    0
    0
    0
    0
    0
    0
    0
    0
    0
    5
    0
    0
   68
   70
    0
    0
    0
    0
    0
    0
   48
    0
   85
   74
    0
    0
    0
    0
    0
    0
   19
    0
    0
    0
    0
    0
    0
   40
   18
    0
    0
    0
    0
    0
    0
    0
    0
    0
    0
    5
    0
    0
    0
    0
    5
    5
   12
    0
    0
    0
    0
    0
    0
   68
  159
   68
  105
   35
   25
   10
   45
    0
    0
    0
    0
   10
    0
    0
   10
    0
   13
    0
    0
    0
    0
    0
    0
    0
    5
    2
    0
    0
    0
    0
   15
    0
    0
    0
    2
   25
    0
  167
    0
    0
    0
    0
    0
    2
    0
    0
    0
    0
    0
    0
   15
    1
    0
   78
  191
   21
    6
   25
   48
   21
    0
    0
   41
   68
   75
   40
   78
   38
    0
    0
   28
    0
   47
    5
    0
    0
   32
   30
    0
    0
   11
    0
    0
    0
    0
    0
   26
   19
   21
    5
   20
    0
    0
    0
    0
    0
    0
    0
   15
   21
    0
    0
   29
   32
   19
   25
   15
    0
    0
    0
    0
   18
   34
    1
    0
    0
   10
    4
    0
    0
    0
    0
    0
    0
    0
    0
    0
    0
    0
   28
    0
    0
    0
    0
    0
   10
  108
   21
   37
    0
    0
    0
   38
   10
   12
    8
   71
   58
   71
    7
   41
    1
   10
    0
    1
    5
   38
   22
   39
   30
   38
    8
   15
    0
   30
    0
    0
    0
    0
    0
    0
    0
    0
    0
    8
   58
   12
    0
    5
   10
   28
   33
    8
   24
   12
    3
    0
    0
    0
    0
    0
    0
    4
   18
   28
    0
    0
    0
    8
    5
   18
   16
   14
    0
    0
   38
   14
    0
    0
    0
    0
    0
    0
    0
    0
    0
    0
    0
    0
    0
    0
    0
    0
    0
   30
    0
    0
    0
    0
   40
    0
    0
  260
   20
   28
    0
   69
    0
    0
    0
   40
   65
    0
    0
   60
   34
  315
    0
    0
   15
   10
   41
   38
    0
    0
    0
   90
   20
   20
    0
    0
    5
    0
    0
   28
   17
    0
   26
   54
   10
   18
   25
   28
   14
    8
   50
    0
   21
    7
   11
   48
    8
    0
    0
    0
   28
    5
   50
    0
   15
    0
  160
   78
   62
   18
    0
    0
   69
    0
    0
    0
    0
    0
    0
    0
    0
    0
  105
    0
    0
    0
    0
    0
    0
    0
    0
   20
    8
   21
   18
    5
  185
    5
   30
   21
    0
    0
    0
    0
   98
    1
   81
   18
    0
    0
    0
   19
   12
   89
   10
  215
  105
   51
   75
   38
    0
    0
    0
    0
    0
    0
    0
    0
    0
    0
    0
    0
   82
  101
   26
   18
    0
    0
   84
    0
   10
    8
   42
   38
   15
    8
    0
    0
   10
   20
    0
    6
   17
   20
   18
   40
   30
   18
   23
   95
   21
   23
  128
  183
   21
   18
   65
   24
   15
    0
    0
   28
   45
    2
    0
    0
  108
   18
   31
   14
   38
   20
   28
    0
    1
   18
    0
    0
    2
   11
    0
    6
    5
    0
    0
    0
   20
   18
   41
    1
    0
    0
    0
    0
    8
   38
   48
    4
    0
    0
   15
    2
    5
    8
    4
    0
    2
    0
    0
    0
    4
    0
    0
    0
    0
    0
   10
    2
    0
    0
   21
   40
    0
    0
   51
   18
   20
    0
    0
    0
    0
    0
    0
    0
    0
   21
    0
    0
   38
    0
   41
   20
   15
   52
   41
    8
    3
   10
   28
   50
   58
   41
   29
    0
    0
    3
    2
   30
    5
    2
   18
   18
   21
   43
   12
   31
   12
   28
   35
   30
    5
    1
    0
   51
   40
   21
    4
   38
    0
    0
    4
   18
   59
    0
    0
    0
    0
    0
    0
    0
    0
   13
    4
    2
    4
    3
    3
    0
    2
   51
    8
    2
    0
    0
    0
    0
    4
  104
   28
   34
   39
   10
    0
   12
   43
    0
   38
   10
    0
   54
    0
    0
   31
    0
   40
    0
   35
   10
    0
   20
    1
    0
    0
    0
    0
    0
    0
    0
    0
    0
    2
   40
    0
   89
   15
  104
   10
   30
    0
    0
    0
    0
    0
   85
  104
   21
    0
    0
    0
    0
    0
  141
    0
  130
    0
    0
   31
   21
    0
    6
    0
    0
   31
    0
   33
   15
    0
    0
    0
    0
    0
  109
  118
   28
   41
   32
   13
    0
    0
    0
    0
    0
    0
    0
   24
    0
    0
    0
   60
  261
  160
   98
   86
    0
    0
    0
   18
  145
   78
   18
    0
    0
    0
    0
    0
    0
   15
    4
    0
    0
    0
    0
    0
    0
    0
    0
    0
    0
    0
    0
   56
    1
    0
    8
    5
   79
    1
    0
    0
   34
    1
   30
    2
   18
    0
    4
    0
    0
    0
    0
    0
   14
   38
   58
    0
    0
   60
    0
    0
    0
    0
    0
    4
    8
    0
    0
    0
    0
    0
    0
    0
    0
    0
    0
    0
    0
  110
    4
    8
    5
    0
   27
   30
    0
    2
   10
   40
    0
    5
   18
    0
   10
    8
    2
    0
    5
    1
   12
    0
    0
   19
    4
    0
    0
    0
    0
    0
    0
    0
    9
    1
    5
   18
    0
    0
    0
   19
    9
    0
  136
    0
    0
    0
    0
   81
   93
  245
  184
    0
    0
    0
    8
    0
    0
    9
   41
   38
   11
    4
    2
   10
    8
    0
    0
    0
    0
    0
    5
   38
   15
   21
    5
    0
    0
   35
    0
    0
    0
    8
   25
   15
   21
   33
    6
    0
    0
    3
    0
    0
    0
    5
    0
    9
  118
   30
    0
    8
    0
    0
    8
    0
    0
    4
    0
    0
    0
    5
   18
    0
    0
    0
    0
    0
    1
    0
   11
   41
    2
    8
   18
   40
    0
    0
    0
    2
    0
    0
  108
    8
   35
    0
   18
   24
   10
    0
    0
   15
   11
   24
   48
    5
    0
   34
   18
   20
   21
   18
   20
   15
   15
    5
   10
   10
   81
   54
    0
    0
   30
   10
   40
   38
   11
   28
    8
    0
    0
   68
  101
   21
   30
   18
   30
   91
   56
  131
  145
    0
    0
    0
    0
    0
    0
   41
    0
    5
   11
   38
   28
  121
   26
    2
    0
    0
   18
    1
    0
    0
    0
    0
    0
   24
    3
    0
   20
    0
    1
    0
   85
   48
    0
    0
    0
    0
    0
    0
    0
    0
    0
    0
  215
   48
   15
    0
    0
    0
    0
    0
    0
    0
    0
    0
    0
    0
    0
    0
    0
   21
   68
   41
   58
   41
   64
    0
    0
    0
    0
    0
    0
   23
    0
    0
    0
    0
  128
    0
   24
   30
    0
    0
    0
   68
  101
    0
    0
    0
   80
    0
    0
    0
    0
    0
    0
    0
    0
   41
    0
    0
    0
    0
    0
    0
   34
   51
    8
   36
    8
    1
  318
   20
    5
   10
    0
    0
   15
   38
    0
   10
    0
    0
    0
    0
    0
    0
    0
    0
    0
    0
   20
    5
    0
  149
    0
    0
  124
    0
    0
    0
    0
    0
    0
    0
   38
    0
    0
    0
    0
    0
    0
   18
    0
   65
  225
  118
    0
    0
    0
    0
    0
   81
    0
    0
   31
    0
  148
    9
   48
    0
    4
   45
   61
    0
    0
    0
    0
    0
   18
    0
   30
   38
    0
    0
    0
   28
   88
    3
    0
    0
   13
    0
    3
    0
    0
    0
   92
    0
    0
    0
   13
   57
  148
    0
   18
    3
    5
    0
    0
    0
    0
    0
    0
    0
    0
    0
    0
    0
    0
    3
    0
   13
   31
   48
    0
    8
    3
    0
    0
   32
    0
    0
    0
    0
    0
    0
    0
    0
    0
    0
   89
    0
    2
   34
    0
   18
    2
    4
    0
    0
    0
    0
   10
    2
   49
    0
    0
    4
    0
    0
    0
    0
    0
    5
   12
    0
   12
   15
    9
    4
   12
   18
    0
    0
    4
    0
    0
    0
    0
    0
   49
   10
   15
    0
    0
    0
   15
    0
    3
    0
    0
    2
    4
   11
    0
    0
    0
   21
    0
    0
    0
    0
    0
    0
    0
    0
    0
    0
   44
   14
    4
    1
   20
    0
    4
    0
    0
   10
    9
   39
   18
   34
   40
    0
    0
    0
    0
    3
    0
    0
   21
    0
    0
    0
    0
    9
    0
    0
    0
    3
   71
   45
    9
    0
    7
    0
    0
    0
    0
   60
   48
    2
    0
    1
   40
    3
    8
   10
   75
    2
    4
   28
   16
  188
   35
   10
    0
   81
   30
   50
  144
   81
    4
    0
   11
   39
   30
    0
    0
    0
    1
   85
    5
   41
    0
    0
    5
    0
    0
    1
   18
    0
   23
   40
   14
    0
    0
   42
    8
    0
    0
    0
   18
   16
    5
    4
    0
    0
    0
    0
   11
   39
  231
   54
   13
    0
    0
    0
    0
    0
    0
    0
    8
   40
   67
   18
    0
    0
    0
    0
    0
    0
    0
    0
   44
   43
    0
   21
  108
   28
   88
   48
    5
    0
    0
    8
    1
   58
   46
   98
    0
    0
   31
   48
  151
   31
  241
    0
    0
   94
   64
    0
    0
    0
    0
   48
   24
    0
  114
    0
    0
    0
    0
    0
   43
  274
   38
   41
    0
    0
    0
    0
   47
  298
   64
    0
    0
    0
   23
    0
    0
    0
    0
    0
    0
    0
    0
    0
    0
   57
    0
    0
    2
   61
   20
   25
    5
    2
    0
    2
    0
    0
    3
    0
    0
    8
    0
    0
    0
   68
   18
    6
    0
    0
    0
    0
   45
    0
    0
    0
    2
   57
   10
   17
   61
   14
   34
  143
   10
   84
   78
   15
   41
  105
    8
    0
    3
    0
    3
   15
   20
    5
    0
    0
   60
    3
    0
   18
    3
    0
   41
   84
    0
   55
    5
    0
    0
   21
   24
    0
    0
    0
    0
    0
    0
    0
    0
    0
    0
    0
    0
   38
    0
    0
   14
    0
    0
   30
   41
   30
    0
   28
   14
    4
    0
    0
    0
   10
   48
  141
   48
    0
    0
   60
    0
    0
    0
    0
    0
    8
   20
    0
    0
   83
    4
    1
   34
   11
   38
   10
   21
    0
   31
    0
    5
   38
   17
  121
   28
    0
    0
   11
   20
   14
    8
    0
    0
   21
   48
   15
   91
   12
   60
   31
    1
   18
    1
   14
   38
   18
   68
   31
    0
