Station: Rossbach-Lunstaedt , scaling_factor: 10.0, latitude:  51.2601, longitude:  11.8971, altitude:  120, nodata_value: -9
start: ..1969-01-01  end: ..2005-01-31
  100
   30
    3
    0
    0
    0
    0
    0
    0
    0
    0
    0
   10
    0
    0
    0
    0
    0
    3
    0
   22
   71
    2
   52
   54
    0
   10
   21
    0
    0
    5
    0
   26
    1
    2
    0
    0
   14
    0
    0
    6
    0
    6
    9
    1
  213
   16
    2
    0
   13
   11
    0
    0
    0
    0
   54
    0
    0
    0
    0
    0
    0
    0
    0
    0
    0
    0
    0
    0
   22
   77
  147
   29
   74
    3
    0
    0
    0
    0
    0
    0
   22
    8
   20
    3
    2
    9
    0
    0
   25
    1
    2
    0
    0
    0
    0
    0
    0
    0
    0
  135
   35
    3
    0
   20
   20
   15
    3
    8
    0
   15
   35
   64
   10
    5
    5
   41
   12
   45
    9
    1
    0
   68
  104
    0
  155
   66
    2
    0
    6
    0
    0
    0
    0
   10
   10
    0
    4
    6
    0
    0
    0
    0
    0
   11
   56
    0
   18
    0
   38
    0
   17
   18
   41
    0
   39
  151
    0
    0
    0
    0
    0
    0
   20
    5
    0
    0
    0
   59
  133
   17
    0
    0
    0
   47
    0
   25
   30
   17
   67
    0
    0
    0
    0
    0
    0
    0
    0
    0
    0
   44
   61
    0
    0
    0
    0
    0
    0
    0
    0
    0
    0
    0
    0
    0
    0
    0
   35
    0
    0
    0
    0
    0
    0
    0
    0
    0
  115
    0
    0
    0
    0
    0
   85
    0
   45
   32
  190
    0
    0
    0
  222
    0
   28
    0
    0
   40
    0
   32
    8
   44
   53
   50
    0
    0
    0
    0
    0
    0
    0
    0
    3
    0
    0
    0
    0
    0
    8
   67
   33
    0
    0
    0
    5
    6
    0
    0
    0
    0
   10
    0
    0
    0
    0
   36
    1
    0
    0
    0
    0
    0
    0
    0
    0
    1
    0
    0
    0
    0
    0
    0
    0
    0
    0
    0
  103
   11
    0
    0
    0
    0
    3
    1
   20
    0
    0
    0
   24
    0
    0
   28
   20
   18
    0
    0
    0
    0
    0
    0
    0
    0
    2
    4
    1
    0
    0
    0
   47
   18
   20
   11
    5
    0
    0
    0
   11
   22
    0
    0
    2
    7
    0
    0
    0
    5
    1
    0
    0
   53
   24
    0
   57
   17
    0
    0
    0
   10
    0
    0
    0
    0
    1
   34
    0
    3
    0
    0
   14
   50
   95
    0
    0
    0
    0
    0
    0
    0
    0
    0
    0
   47
    0
    0
    0
    0
    0
    0
    0
    0
    0
   25
   42
   12
    0
    0
    0
    0
  186
    0
    0
   30
    3
    0
   39
    0
    0
   35
   10
   30
    0
    0
    2
    0
   33
    0
   16
   53
  176
   95
   30
    2
   30
   29
    2
   12
   59
    0
   37
  255
    0
    0
    0
    0
    0
    0
    0
    0
    0
   11
    0
   31
   12
   12
    7
    0
    0
    0
    0
   20
    0
   19
   84
    3
    0
   13
    0
    2
    9
    4
    0
    0
    4
   20
  116
    2
    0
    9
  127
    0
    2
   97
    3
    6
   30
   23
    0
    0
    7
    9
   10
   13
   17
    0
   23
   22
   64
    5
    1
    0
    0
    0
    0
    0
    0
    0
   51
  119
    0
    0
   31
   11
    0
    0
   36
   10
   25
    3
    0
    0
    4
   43
   90
    2
    4
   11
   11
    1
    0
    0
   31
    0
    0
    0
    0
    0
   25
    0
    0
    0
    0
    0
    0
    0
    0
    0
    0
    0
   34
    7
    6
    0
    0
    0
  222
   65
    0
   32
   36
   38
    0
    2
    0
    0
    6
   17
    0
    0
    0
    0
   16
    0
   12
    5
    0
    0
   50
    0
    0
    0
   14
   10
   24
    3
    0
    8
    0
  332
  100
    0
    0
    0
  255
    0
    0
  179
    0
    7
    0
    0
    0
   44
    0
   44
   40
    0
    0
  444
  297
  126
   24
   21
    0
    0
    0
    0
    0
    0
    0
    0
    0
    0
    0
    0
    0
    0
   85
    0
   18
  150
    5
    5
    0
    0
    0
    0
    0
    0
    0
    2
    0
    0
    1
    7
    7
    0
    0
    0
   47
   12
  148
   22
    0
    0
    0
    0
    0
    0
    0
    1
    1
    0
    9
    0
    0
    0
    0
   43
   30
    0
   35
   10
   10
    0
   21
    0
   74
   55
    0
    0
    0
  111
   56
    4
   26
    0
    0
    0
   10
    3
   25
    4
    0
   36
    0
   10
    0
   18
    0
    0
   62
   17
    0
    0
    0
    0
    0
    0
    7
    0
    2
   14
   13
   29
    0
    0
    0
    0
    1
    2
    0
    0
    0
    3
    0
    0
    2
    0
    0
    2
   27
    9
    0
    1
    0
    0
    0
   74
    0
   79
    0
    0
    0
    0
    0
    0
    0
    0
    0
    0
    0
    0
    0
    0
    0
   20
    5
    0
    0
    4
    0
    0
    0
   21
    5
    0
   10
   16
    0
    0
    0
    0
    1
    0
    0
    0
    2
    3
    2
    0
    0
    0
    0
    0
   21
    0
    0
    0
    3
    0
    9
    0
   33
   55
    0
    5
   47
   13
   17
   41
    7
    0
    3
   19
    7
    1
    0
    0
    0
    1
    2
    0
    0
    0
    0
    0
    0
    0
   56
    0
    0
   14
   12
    0
   37
    0
    0
    0
    0
    0
    0
    0
    0
  132
    0
    0
    0
    0
    0
    0
    0
    0
    0
    0
    0
    0
    0
   29
    0
    0
   32
    0
    0
    0
  232
   39
   59
   16
    0
    0
    0
    0
    0
    0
    0
    0
    0
    0
    0
    5
    0
    0
    0
    0
   58
    9
    0
    0
   48
    0
   91
    0
    0
   31
   34
    0
   31
    0
    0
    7
    0
    7
    0
    0
    7
  271
    0
   82
   33
    6
   75
  105
    2
    7
    0
    0
   32
   41
   15
   15
   82
    1
    0
    0
    0
    0
    0
   43
    0
   28
    0
   28
    0
    0
    0
    0
    0
    0
    0
    0
    0
    0
    0
    0
    0
    7
    0
    0
    0
    0
    0
    0
    0
    0
    0
   67
    0
    0
    0
   80
    0
    0
    0
    0
    1
    0
    0
    0
    0
    4
    0
    0
    0
    0
    0
    0
   36
    0
    0
    0
    0
    0
    0
   68
   90
   45
    0
   10
   64
    0
    0
    0
   14
   15
    0
    0
    0
    0
    0
    0
    0
    0
   46
   36
    0
   10
    0
    0
    0
    0
    0
    1
    0
    0
    0
    0
    0
    5
    5
    4
    4
    0
    1
    0
    0
    0
    0
    0
    0
    0
    0
    0
    0
    0
    0
   18
   85
  147
    0
    0
    0
    0
    0
   41
    0
    0
    0
    0
    0
    0
    0
    0
    0
    0
    0
    1
    0
    0
    0
    0
    0
    0
    0
    0
   19
    0
   12
    0
    8
    0
    4
   14
  172
    5
    0
    0
    0
   45
    0
    1
    0
    0
    0
    0
    0
    0
    0
    0
   11
    3
    2
   23
    2
   34
    9
    5
   26
    0
    0
    0
    0
    0
    0
   23
   41
    6
   17
    7
    0
    0
    0
    0
    3
    0
   27
    0
    0
    0
    4
    0
    0
    0
    0
   15
    8
    0
    0
    0
    0
    0
    0
    0
    0
    1
    0
    0
    3
    0
    0
    0
    0
    0
   36
    0
    0
    0
    0
    0
    0
    0
    6
    0
    0
    0
    0
    0
   31
    8
    8
    0
    0
    0
    0
    0
    0
    0
    8
    1
    0
    0
    0
    8
    6
    0
    0
    0
    0
    0
    0
    0
    0
    0
   62
    0
    0
  228
    0
    0
    0
    0
    0
    0
    0
    0
    0
    0
    0
    0
    0
    0
    0
    0
   68
   48
    9
    0
    0
   18
   78
    0
   18
    0
   67
    0
    0
    0
    0
    9
   29
    0
    0
   75
    6
    0
   75
   31
    0
   11
    7
    0
    0
    0
    3
    0
    0
    0
    0
    0
    0
   37
    0
    0
    0
    0
    0
  257
  104
   10
   63
   24
    0
    0
  197
    0
   20
   19
    0
   25
    0
    0
   19
    0
   27
    6
   21
   25
    0
    0
    0
   81
    0
    0
    0
  249
   39
    0
    0
    0
   59
  150
    0
    0
    9
    0
    0
    0
   10
    0
    0
   43
    0
    0
    0
    0
    0
   93
    0
  276
    0
    0
   26
    0
    0
    0
    0
    0
   64
  114
    0
    0
    0
    0
    0
    0
    0
    0
    0
    0
    0
  248
    0
    0
    0
    0
    0
   43
  234
  228
  114
    0
    0
    0
    0
    0
    0
    0
    0
   54
    2
  282
    0
   20
   18
  215
    9
   88
   45
    0
    0
    0
   38
    0
    0
    0
    0
    0
    0
    0
    0
    0
   27
    0
    0
    0
    0
    0
    0
    0
    0
   67
    0
    0
    1
    0
    0
   10
   30
    2
    0
    0
    0
    9
   18
   22
    3
    8
   36
   26
    0
    0
    0
    0
    0
    0
    0
    0
    0
    0
    0
    0
    0
    0
    0
    0
    0
    0
    0
    0
   39
   14
   17
   49
   13
    0
    0
    3
    0
  160
    0
    0
    0
    0
    0
    0
    0
    0
    0
    0
    5
    0
   27
   39
   57
    0
    0
   19
    0
  149
    0
    9
   27
    0
    0
    6
    7
    0
    0
    0
    0
    0
    0
    0
    0
    3
    0
    0
    0
    1
    0
    0
    5
    0
    5
    0
    0
    0
    0
    0
    0
    9
    0
    0
    0
    0
    0
    0
    0
    0
    0
    0
    0
    0
    0
    0
    0
    0
    3
    2
    0
    3
    0
    0
    0
    0
    0
    0
   26
   46
    6
    0
    8
    0
   17
    0
    0
    0
    0
   12
    9
   17
   23
    0
   62
   13
    0
    0
    0
    0
    0
    0
    0
    3
    0
    6
    3
    9
    0
    0
    0
    0
   54
   12
    0
    3
   11
    3
   42
    3
    9
    0
    0
    0
   13
   48
    3
    0
    0
    7
   17
    9
    0
    4
    0
    0
    0
    0
    0
    0
   23
   27
    0
    0
    0
    0
    0
    0
    0
    0
    0
    0
    0
    0
   27
   53
   47
    0
    0
    0
    0
    0
   11
   61
    8
   18
    0
    0
    0
    4
   21
   11
    0
    5
    8
    3
    0
    0
    0
    0
    0
    7
    3
    0
   13
   28
    8
    0
  118
    0
    0
    5
    0
    0
    0
    0
    0
   60
    0
    0
    0
    0
    0
    0
   30
    0
    3
   14
    3
    0
    0
    0
    8
   13
   12
   25
    0
    0
    0
    0
    3
   18
    3
    0
   22
    0
    0
   41
    0
    0
    0
   85
    0
    0
    0
    0
    0
  133
    0
    0
    0
    0
    6
    3
    0
    0
    0
    0
    0
    0
    0
    0
    0
    0
    0
   44
   15
    0
    0
  105
    4
    0
    0
    4
    6
    0
   35
    0
    6
   11
   95
    3
   37
    0
    0
    0
    0
    0
    0
    0
    0
    0
   76
   17
    0
    0
    0
    0
    0
    0
    0
    0
    0
    0
  159
    0
    0
    0
    0
    0
    0
    0
    0
    0
    0
  195
    0
    0
    0
    0
    0
    0
    0
    0
    0
   33
    0
    0
    0
    0
    0
    0
   75
    0
    0
   56
    0
   36
    0
   37
   30
    0
    0
    0
    5
    0
    0
    0
    0
    0
    0
    0
    0
    0
    0
   24
    0
  134
    0
    0
   19
   96
  132
    0
    0
   32
   98
   74
    9
   39
    0
    0
    0
    0
    0
    0
    0
    0
    0
    0
    0
    0
   69
    0
    0
    0
    0
    8
    0
    5
   40
   29
   11
    4
    0
    0
    0
    0
    0
    0
    0
    0
   16
    7
    0
    4
   20
    0
   20
    0
   15
    1
    0
   14
   34
   30
    0
    0
    4
    4
   16
    4
   10
    1
    0
    0
    0
    0
    4
    0
    0
    0
    5
   13
    3
    0
    0
    0
    0
    0
    0
    0
    0
    0
   40
   40
    0
    0
    0
    3
    0
    0
    0
    0
    5
   35
   52
    0
    0
    0
   32
   23
    0
    0
    0
    0
    0
    0
    0
    0
    0
    0
    0
    0
   13
  146
    9
   12
   31
    0
    0
    0
    0
    0
    0
    0
    0
   12
   76
    0
   25
  162
   46
    0
    0
    4
    0
    0
    0
    0
    0
    0
   23
    0
   23
    0
    0
    0
    0
    0
    0
    0
    0
    0
   52
   49
    9
    0
    0
    0
    0
    0
    0
    0
    0
    0
    0
    0
    0
    7
    0
    0
    0
    0
    0
    0
    0
    0
    0
    0
    0
    0
    0
   63
    3
    0
    0
    0
    0
    9
    0
    4
   20
    0
    0
    0
    0
   11
    0
    0
    0
   12
  114
   99
  104
   14
    0
    0
    0
   46
    7
    6
   26
    0
    0
    0
    0
    0
    0
   38
  162
   58
   40
   11
    0
    0
    0
    0
    0
   89
   14
    0
   17
    0
    0
    7
    4
    0
   44
   28
   22
   72
   78
   28
   13
   13
   48
   42
    0
   31
    0
    0
    0
    0
    0
   36
  141
  104
    0
   78
   36
    0
   58
   37
    0
   58
    0
    0
   37
    0
   53
    0
    8
   32
    0
    0
    0
    0
    0
   58
    0
    0
    0
   51
   21
    0
    0
    0
    0
    0
    0
    0
    0
    0
   20
   13
    0
    0
    4
   27
    4
   33
   30
    0
    0
    0
    0
  103
   58
   51
  103
    0
    0
    0
    0
    0
   17
   64
    0
    0
    0
   24
   15
    0
   63
    0
    0
    1
    0
    0
   43
    0
    0
    0
    0
    0
    0
    0
    0
   41
    0
    0
    0
    0
    0
    0
    4
   35
    0
  160
   24
    0
   12
  106
   23
    0
    0
    0
   12
    4
    5
    0
    0
    6
   16
    0
  225
   96
    0
    0
   16
   87
   76
  336
   37
   14
   34
   13
   26
   18
    5
    8
   17
   46
   29
    0
   11
    0
    0
    0
    0
    3
    5
    0
    1
   17
    0
    0
    0
    0
    0
    0
    0
    1
   87
    0
    4
   16
    0
   12
    0
   16
   14
    5
    0
    4
    5
   38
   72
   77
   31
   39
    3
   39
   47
    3
    1
    0
   48
   47
   13
    0
    0
    0
    0
    0
    2
   59
    6
   39
   10
   77
    0
    8
   31
    9
    0
    0
    0
    0
   16
   35
    0
    0
    0
    0
    0
    0
    1
    0
    0
    9
    0
    0
    0
    7
    0
    0
   23
    0
   22
   33
    0
    9
   23
   14
    9
    0
    0
    0
    0
    0
    0
    0
    0
    1
    0
    6
   20
    0
    0
    0
   38
   27
    0
    0
    0
    0
    0
    0
    0
    0
    0
    0
    0
    0
    0
    0
    0
   17
    0
    0
    0
    0
   40
    0
   50
   20
   20
    0
   11
  112
  154
    0
    0
    0
   38
   18
   11
   12
    0
    0
    0
    0
    0
   33
   56
   18
   83
   48
    0
   24
    0
    0
    3
   18
   28
  101
  109
   21
    0
    0
    0
   20
    0
    0
    0
    0
    0
    0
    0
    0
    0
    0
    0
   12
   73
    0
    0
    0
    0
  108
  109
    1
   39
   15
    0
    0
    0
    0
   12
   47
    0
    0
    0
    0
    0
    0
    0
    1
    0
    0
    0
    2
    0
    0
    0
    7
    8
    0
    0
    0
    8
   81
   17
    0
    0
    0
    3
   18
    2
   38
  101
    6
   37
  462
  348
    0
    0
    0
    0
    0
    0
    0
   18
    5
    0
    0
    0
    0
    0
    0
    0
   54
    0
  373
    0
    0
    0
    0
    0
    0
   54
    0
    6
   16
    0
    0
    4
    0
    0
    0
    0
    0
    0
   41
    0
    0
    0
    0
    0
    0
    0
    0
    0
    0
    0
    0
    0
    0
   22
    0
    6
    4
    0
   11
    0
  428
   17
   89
   20
    0
    0
    0
    0
    0
    3
    0
    0
    0
    2
    0
    0
    0
    0
    0
    0
   49
   49
   30
   13
    0
    0
    0
    0
    0
    0
    1
    0
    0
    0
    0
   13
    0
   13
    0
    0
    0
    0
   47
    2
   24
    0
   11
    2
   22
    2
    0
   34
   96
    2
    0
    0
   28
   21
   37
    7
   13
   62
    0
    0
    0
    0
    0
    0
    0
    0
    0
    0
    0
    0
    0
    0
    0
   13
    0
    2
    0
    0
    1
    0
    0
    0
    0
    0
    0
   82
   48
   57
    0
    0
    0
    0
    0
    6
    3
    6
    3
    6
   21
    2
    2
    0
    0
    0
    0
    0
   18
    0
    0
   12
    0
    0
    0
    0
    2
    1
    0
    0
    0
    0
    2
   12
    1
    0
    0
    0
    0
   27
   73
   62
   67
    8
   63
   52
    0
    0
    1
   34
   28
    5
   71
   48
   51
   10
    0
    3
   15
   46
   53
    9
   42
   31
    0
    0
    0
    0
    2
    3
    1
    0
    0
    0
    0
    0
    0
    0
    0
    0
   13
    0
    1
   26
    2
    0
    0
    0
    0
    0
    0
    0
    0
    0
   34
    0
    0
    0
    0
    2
    0
    0
    0
    0
    0
    0
    2
   13
    0
    0
    0
    0
    0
    0
    0
   14
    3
   14
   63
    0
   14
    0
    0
    0
   24
   30
    1
    0
    0
    6
    0
    0
    0
    0
    0
   28
    4
    4
    2
    0
    0
    0
    0
    0
    0
    0
    0
    0
    0
    0
    0
    2
    0
    9
   51
    3
    0
    7
    2
    0
   14
    0
    0
    2
    0
    0
    0
    0
    0
    0
    0
   10
    0
    4
    0
    0
    0
    0
    0
    2
   41
   38
    2
    0
  212
    0
    8
   18
   16
   72
   39
   75
  168
   87
    2
  114
    0
    0
    0
    0
    0
    0
    0
    0
    0
    0
   29
    3
    0
    0
    0
    3
    0
    0
    0
    0
    0
    0
    0
    0
    0
    0
    0
    0
    0
    0
    0
    0
    0
    0
    0
    0
    0
    0
  135
    0
    0
    0
   51
    0
    0
    7
   38
    0
    0
    0
   21
    0
    0
    0
    0
    0
  205
    3
   12
  106
    6
    0
   33
    0
    0
    0
    0
    0
    0
    0
    0
    0
    0
    0
   41
    0
    0
    0
    0
    0
    0
    0
    0
  136
    0
    0
    0
    0
    0
   60
    0
   66
    2
    0
    0
    0
   61
    2
    0
    4
    0
   25
    0
    0
    0
    0
    0
    0
    0
    0
    0
    0
    0
    0
   53
   76
   12
    2
    0
    4
   14
   46
    0
    0
    0
    0
    0
    0
    0
    0
   74
    0
    0
   24
   55
    0
    0
    0
    0
    0
    0
    0
    0
    0
    0
    0
    0
   21
    2
    3
    2
   58
    0
    0
    0
   89
    0
    0
    2
   18
    0
    9
   15
   22
    0
    0
    0
    1
    0
    9
    2
    3
   68
   12
    0
    0
    0
    5
   37
    2
   12
    0
    0
    0
    0
   24
   21
    0
    0
   29
    2
   29
   31
    7
    2
    0
    0
    2
    2
    1
    0
    0
   13
    4
    0
    0
    0
    0
    0
    0
   49
    0
    0
    0
    0
    1
    3
   12
    0
    0
   50
  207
    0
    0
    0
    3
    5
    0
    3
    0
    0
    1
    2
    1
   29
    0
    0
    0
   18
    0
    0
    0
    0
   11
    0
   29
    8
   27
   22
    0
   41
    0
    2
    0
    6
    0
    0
    2
    9
   15
  118
    0
    0
    0
    0
   12
   22
    2
    0
    0
   18
    2
    3
    2
    0
   14
    2
    0
    0
    0
  356
  139
    0
   10
    0
    0
   33
   32
    0
    2
    0
    0
    0
    0
   23
   72
   58
    0
    0
    0
    0
    0
   58
    0
    0
   28
   23
    9
    8
    0
    8
    6
   46
    2
   16
    2
    0
    0
    0
    0
    5
    0
   58
    2
    0
    2
    0
    9
  103
  137
   36
    0
    0
    0
  104
    0
    0
    0
    0
    0
    0
   11
    0
    0
    0
    9
    0
    0
  111
   64
    4
    0
    0
    0
    0
    0
    0
    0
    0
    0
    0
    0
   13
   44
   11
    6
    6
   36
   71
    0
   43
    0
    0
    0
    0
   24
   44
  198
   87
  344
    6
    0
    0
    0
    0
   58
   27
    0
    0
    7
    0
    0
    0
    0
    0
    0
   39
    5
   12
   13
   56
    0
    0
   38
    2
    0
    0
    0
    7
    2
    3
    1
    2
    0
  144
   89
    3
    5
    1
    0
    0
    0
   61
    0
    0
    2
    0
    0
   58
   15
    0
   16
  173
   45
   44
   14
    0
    0
   12
   35
   32
    0
   54
    4
    0
    0
    4
  202
    0
    0
    0
    0
  409
    0
    0
   17
    0
    0
    0
    6
  146
    0
   34
    0
    0
    0
    0
    3
    0
    0
    0
    0
    1
   53
   65
   49
    0
    0
    0
    0
    0
    0
    2
   22
    2
    0
   11
  113
    0
    0
    0
    0
  101
    0
    0
    0
    0
    0
    0
    0
    0
    0
    0
    0
    0
    0
   22
    0
    2
    0
    4
    0
    0
   61
    0
  123
   82
   73
    0
    1
    0
    2
   72
    0
    0
  112
    0
   56
    5
    3
    0
   24
    0
    0
    0
    6
    5
   14
   25
    0
   26
    0
    0
   24
    2
    8
    0
    0
    0
    2
    3
    0
    1
    0
   33
  105
    0
    3
    5
    0
    0
    0
    0
    0
    0
    0
   11
   14
    2
    0
    0
    4
   11
   17
    8
    0
    0
    8
   62
    1
    4
    0
    0
    4
    0
    0
    0
    0
    0
    0
    0
   83
    8
    0
    0
    0
    0
    0
    6
    4
    3
    0
    0
   13
    2
    0
   12
   32
   12
    7
    0
    0
    0
    6
    2
    0
    6
    0
    0
   17
    0
    0
    0
    0
    0
    0
    0
    1
    0
    8
    0
    8
    3
    0
    0
    5
    0
   22
    8
    0
    0
   29
    0
    1
    0
    0
   22
    0
    2
    8
    4
    0
   30
    6
    1
    0
   41
    0
   11
    2
    3
    2
    0
    0
    1
    0
    9
    8
   13
    2
    0
    0
    0
    0
    0
   12
    0
    0
   19
    0
    0
    0
    0
    0
    0
   58
    0
    0
    0
    0
    0
    0
    0
    7
    0
   58
  102
    0
    0
    0
    1
  178
   48
    0
   11
    7
    3
    2
    3
   38
    1
   12
    0
   86
  104
    0
   18
   58
    0
    0
    0
    0
    0
    0
    0
    0
    0
    0
    0
    0
    0
    0
   46
    0
    0
    0
    0
   31
    2
    0
    0
    0
    0
    0
    0
    0
   45
    0
   62
   54
   13
   42
    5
    0
    0
   35
    0
   15
   38
   17
    0
    5
   37
   52
   52
   15
    0
  316
    0
    0
    0
    0
    0
   32
    8
    2
    0
    0
    0
    2
    0
   13
    0
    0
    0
    0
    0
  118
    0
    0
    0
    2
    0
  278
  236
  257
    0
    2
    1
    0
    0
    2
    3
   14
    1
    0
    0
    0
    1
    0
    0
    0
    0
    3
    7
   24
  159
   47
   78
   14
    0
    0
    0
   13
   19
    0
   27
    7
   83
    1
    0
    2
    0
    0
    0
    0
   69
   31
    0
  113
   21
    0
    7
   34
    7
   58
   59
    7
    0
    1
   83
  286
    0
    0
    0
    0
    0
    0
    0
    0
    0
    0
    0
   20
   23
    0
    0
    0
    2
   17
    3
    0
    5
    4
   12
    3
    0
    0
    0
    0
    2
    0
    0
    0
    0
    0
    0
    0
    0
    0
    0
    0
    0
    0
    0
    0
    0
    0
    2
    0
    0
    0
    0
   15
    0
    0
    5
   24
  104
   85
    3
    0
    0
    0
    0
    0
   66
   22
    2
    1
    6
   42
   22
   11
   33
    0
    0
    0
   11
    0
    0
    1
   22
    9
    3
    7
   15
   34
  133
   55
    0
    2
    0
   12
    2
    0
    4
   82
    0
    0
    4
   12
    0
    5
   20
   71
    2
    0
    0
    0
    5
    0
   35
    5
    0
    0
   44
    5
    2
    0
   12
    6
   59
    0
    3
    0
    0
    7
    0
    0
    0
    7
   34
   43
   35
    7
   13
   97
   18
    0
    0
    0
    9
   12
    0
    0
    0
    0
   11
    5
    0
    3
   46
    0
    2
    3
    1
   46
    6
   83
   24
   56
   95
   16
   42
    2
   38
   16
   49
    0
   17
   14
    0
   32
   18
    0
    3
   58
   84
   46
   12
    7
    6
   64
    3
    6
   75
    0
    0
    0
    0
    0
    0
    0
    0
  213
   17
    0
    0
    0
    0
    3
   13
   32
   58
    2
    0
    0
    2
   24
    4
    0
    0
    0
    6
   18
    0
    0
    0
    0
   43
    0
    0
    0
    0
    0
   13
   33
    3
    0
    0
    1
    0
   21
   32
    0
  116
    0
    0
    0
    0
    0
    0
    0
    0
   90
    0
  142
   25
    0
    0
    0
  141
    0
    3
   16
    6
    0
    0
    0
    0
    0
   30
    0
    0
    4
    0
  147
   15
    0
    0
    0
    0
    0
    0
    0
    0
   95
   21
   46
    0
    0
    0
    9
    3
    0
    0
    7
   23
   32
    5
    9
    3
   10
   25
  119
   17
    0
    9
  157
    0
    0
   62
   47
    6
  109
    0
    0
    0
    0
   82
   11
    0
    0
    0
    0
    0
    0
    4
    0
    0
    0
   12
   11
   30
    0
    0
   55
    0
    5
    0
    0
    0
    0
   35
   43
    4
    0
    0
    0
  106
   71
    0
    0
    0
    0
    0
   24
    0
    0
    0
    0
   27
   57
  157
    9
    0
    0
    0
    7
    4
    0
    0
    0
    0
    0
    0
    3
    0
    0
    0
    0
    0
    1
    0
    0
    0
    3
   14
    3
   42
    0
    0
    0
    0
    0
    0
    0
    0
    0
    0
   29
    0
   54
   14
   32
    0
   43
   57
    3
   53
  179
    0
    0
    0
   11
   14
  111
   91
    0
    0
    9
    5
    0
    4
    0
    0
    4
    0
    3
    2
    0
    0
    2
    0
    0
    0
    0
    0
    0
    4
   14
   25
  181
    9
    0
   43
   34
   26
   26
   24
   18
    0
    0
    3
    2
    0
    0
    0
    0
    0
    8
   38
   17
    0
    3
   14
   17
   57
    5
    0
   32
    0
    0
    0
    2
    5
    1
    0
    0
    5
    0
    0
    0
    0
   11
    0
    3
   13
   28
    9
    0
    5
    0
   13
   14
   53
   38
  104
   48
   32
   15
    2
    3
    2
    5
    0
    0
    0
    0
    2
    0
    2
    0
    0
    0
    0
    0
    0
    0
    0
    0
    5
    0
    3
    0
   17
   15
    3
    0
    5
    3
    0
    0
    0
    0
    0
    0
    0
    0
    0
    0
   23
  132
   15
    0
    0
    4
    0
    0
   24
    4
    7
   20
    9
    0
   64
   61
  124
   40
    0
    0
   35
   27
   27
   17
    5
    0
    0
    0
    0
    0
    0
    3
   23
   26
    3
    0
  128
  447
    2
   93
  147
   37
    3
    0
    0
    3
    0
    0
    0
    0
    0
  148
    0
    0
    0
    0
    0
    0
    0
    0
    0
    0
    0
    0
    0
    0
    4
    0
    0
    0
    4
  623
   32
   33
    0
    0
    0
   13
    0
   34
    0
   31
    3
    0
    0
   55
    1
    0
   44
   18
   11
    5
    0
    0
    0
    3
   11
   71
   37
   34
   27
   45
   28
   24
  112
   14
   32
    9
    1
   57
    0
   17
    2
   35
   26
  212
    6
   35
   12
   44
   29
    5
   14
   25
    2
  155
    0
    0
    0
    0
    0
    1
    0
    0
    9
    0
    0
    0
    0
    0
    8
    0
    0
   34
    0
    0
   24
   59
    0
    0
    0
    0
    0
    0
    5
    9
   23
   21
   13
   46
    0
    0
    0
    0
   58
    3
  146
    8
    0
    0
   30
    0
    0
    0
    0
   24
   14
   27
   17
    9
    7
   10
    0
   19
    0
    0
    0
    0
    0
    0
    0
   62
    0
    0
    0
    0
    6
   16
    0
    0
    4
    0
    0
   74
    0
    0
    0
    0
   67
  187
   21
    0
    4
    0
    0
   18
    0
    0
    0
    0
   17
    0
    0
   13
    0
   21
    7
    2
    0
    0
    0
    2
    1
  142
  121
   25
    0
    0
    0
    0
    0
   19
   34
   12
    6
    9
    0
    0
    0
    0
    0
    0
   32
    0
    4
   53
   65
   14
   26
   34
   28
   26
   39
   38
    4
    0
    0
    0
    0
    0
   43
   37
    0
    0
    0
   12
    0
    0
    0
   41
   66
    0
   15
    7
    3
    0
    0
    0
   54
   28
   12
   78
    6
   32
   31
   11
    5
   21
   14
    0
    3
    0
    4
    5
   11
   27
   21
   24
   22
    1
    0
    0
    0
    7
   44
    3
    0
    0
    0
    0
    0
    0
   19
    4
    7
   21
    0
    0
    0
    2
    3
    4
    2
    1
    0
    4
    7
    6
    9
    5
    0
   24
   37
   27
   17
    0
    0
    3
    4
   24
    8
   23
    0
    4
    3
    2
  181
  118
   24
   68
    9
    7
    0
   38
   11
   28
    0
    0
    0
    9
   45
    1
    2
   91
    0
    0
    0
    0
    0
    0
    0
    0
    4
   10
    1
    0
    0
    0
    0
    0
    0
    0
    0
    0
    0
    0
    7
    0
    0
    0
   32
    3
    0
    0
    0
  527
   14
    6
   67
    0
    0
    0
    0
   14
    0
    0
    0
    0
    0
    0
    0
    3
   23
    0
    0
   63
    0
   39
    0
    0
   47
    3
   55
    0
   76
   51
    0
    0
    0
    0
    0
    0
  103
   24
    0
   64
   18
    0
    0
    0
    1
   21
    0
    7
    2
    3
   57
   49
   27
   75
   21
    0
    0
    3
   29
    4
    0
    1
   84
    2
    0
   12
  105
    0
    0
   45
    0
    0
    0
    0
    9
    0
   12
   21
    0
   11
    4
   24
    0
    2
   69
    1
    2
   13
   26
   24
   42
   19
    0
    0
    6
   16
    0
    0
    0
    0
    0
   55
    0
    2
  246
   32
    0
    0
    0
    0
    1
    8
    0
    0
   65
    8
    9
    9
    0
    3
    4
   62
    0
    0
    0
    0
   10
    0
    6
    0
    0
    0
    0
    0
   20
    1
    3
    0
    1
    2
    8
   49
    0
   13
    0
    7
    0
   12
   48
    0
    0
    0
   12
  278
  185
    0
    0
    0
   52
    0
    5
    0
    7
    0
   42
   10
    3
   42
    3
    4
   89
    2
   24
   14
   12
    0
   25
    4
   13
    0
    0
    0
  220
    1
   13
   30
   12
    7
    0
    0
    2
   34
   12
    3
    0
    4
   12
   60
    2
   14
    0
    0
    0
    0
   12
    1
   14
   53
    0
    3
   14
    7
   38
   68
    0
    3
   74
   37
    8
  189
    6
    4
    4
   42
  179
    0
    0
  135
   14
    0
   66
   38
    3
   16
   45
   12
    0
    0
    8
    0
   16
   12
    6
    3
    0
    2
   45
    3
    0
    0
    0
    0
   48
    3
    1
    0
    0
    0
    0
    0
    0
    0
    0
    0
    0
    0
    0
    0
    2
    5
    0
    7
    1
    1
    0
    0
   48
   37
    0
    0
    0
    0
    0
    0
    2
    1
    9
    0
    0
    0
    0
    0
    0
    1
    0
    0
    0
    0
    0
    0
    2
    0
    0
    0
    0
    0
   43
   41
    2
   38
    0
    0
    0
    0
    0
    0
   19
   26
    8
    9
    0
    0
    0
   48
    0
    0
    0
    0
    0
    0
    0
    0
    0
    0
    7
    0
    0
    0
    0
    0
    5
    0
    0
    0
   29
   51
    9
   10
    0
    4
   29
    0
    0
    0
    0
    0
    0
    0
    0
    0
    0
    0
    0
    4
    0
   12
   42
    5
    3
    0
    0
   13
   41
   60
    4
    0
    0
  175
  155
    0
    0
    0
    0
    0
    0
    0
    0
    0
    0
   29
   72
    7
    0
    0
    0
   26
    0
    0
    0
    0
    0
    0
    0
    0
    0
    0
    0
    0
    0
   36
  102
    3
    3
    0
  126
    0
   41
    3
    4
    5
    0
    0
    0
   12
    1
    4
   34
    0
   26
    0
    0
  127
   50
    0
   61
    0
    0
    0
    0
    0
    0
    0
    0
   55
   79
   49
    0
    0
    0
    0
    0
    0
    0
   58
   15
    0
    0
    0
    0
    0
    0
    0
    0
    0
    0
    4
   11
    0
    9
    0
    0
   21
    3
    0
   16
    0
    7
    0
   14
    0
    0
    0
   45
    7
    5
   12
    3
    0
    0
    0
   13
    0
   26
    0
    0
   24
   11
    0
    0
    0
    0
    0
    0
    0
    0
    0
    0
    0
    0
    0
    0
   15
    4
    0
    0
    0
   14
    0
    0
    0
    0
    0
    0
    0
    0
    3
   98
  156
    5
    2
    1
   27
   17
   36
    4
   15
    0
   11
    4
    9
    0
    0
    0
   10
   34
    0
    0
    0
    0
    0
    0
    0
    0
    0
    0
    4
    0
    0
    0
    0
    0
    0
    0
    0
    0
    4
    0
   22
    0
    8
    0
    9
    0
    8
    0
    0
    0
    0
   22
    8
    3
    0
    0
    0
    0
    0
   24
   21
   18
    0
   14
   28
   16
    8
    0
   14
   35
    0
    0
   18
    0
   14
    0
    3
   10
   13
    3
    0
   61
    0
    0
    0
    2
   13
    0
    9
   13
    7
   12
   14
    3
    5
    0
    3
    0
    0
    5
   34
   32
    2
   42
    0
   13
    3
    0
    0
    0
    7
    0
   21
    4
    0
   33
   19
   10
    5
   35
    0
   10
    6
    6
    3
   10
   42
   13
   34
    2
    0
    0
    0
    0
    0
    6
    2
    0
    0
    0
    0
    8
    8
    6
    0
    0
    0
    0
    0
    0
    0
    0
    0
    0
    0
   12
    0
    0
    0
   33
    0
   46
   24
   85
   16
   17
   18
   15
   35
   17
   15
    0
   13
    3
    4
    0
  203
  159
    0
    6
   29
   18
    0
  109
    0
   14
   95
  172
    6
   37
   18
    0
    0
    0
  273
    0
    0
   10
    0
    9
    0
    0
    0
    0
   24
    0
  132
    0
    0
   12
    0
    0
   30
   55
    0
   25
    4
    5
   29
   51
    0
  175
   84
    0
   11
    0
    0
   32
   73
   97
   73
    0
   46
    0
    0
    0
    0
    0
    0
    0
    0
    7
    0
    0
    0
    2
    0
    0
    0
    7
   34
    7
    5
    0
    0
    0
    0
    0
    0
    0
    0
    0
    7
  130
    5
    5
    2
   51
    0
    0
    0
    0
   70
   49
    0
    0
    0
    0
    0
    0
    0
    0
  186
    0
   63
   64
    0
    0
    0
    0
   24
    0
    0
    0
    0
    0
    0
    0
    9
    8
    6
  324
  310
    6
   16
    0
  194
   97
   22
    0
    0
    0
    0
    0
   47
    0
    0
    0
    0
   10
   16
    0
    0
    0
    0
    0
    0
    0
    0
   26
    0
    0
    0
    0
    0
    0
    0
   11
   56
    0
    0
    9
   50
  160
    6
    0
    0
  115
   15
    5
   29
    0
    5
    2
    0
    0
    0
    0
    0
    0
   15
    8
    0
    0
    0
    0
   47
   12
    2
    1
    0
    0
    8
    0
    1
    0
    5
    0
    0
    0
    0
    0
    0
    0
    0
    0
    0
    0
    0
    3
    0
    0
    0
    0
    0
    0
    0
    0
    0
   10
    2
    0
    0
    0
   38
   34
    0
   18
    5
    2
   14
    0
    0
    0
   14
   40
   14
   24
   16
    4
    0
    0
    0
    0
    0
   34
    0
    6
   26
    0
   16
    0
    0
    0
    0
    0
    4
    3
    6
    0
    1
   30
   26
    8
   29
   21
   10
    0
    0
    0
    2
    0
    7
   34
    3
    4
    0
   16
    0
   18
    0
   16
    0
   24
  124
    9
   36
    1
    0
    0
    4
    0
   55
   14
    0
    0
    0
    6
    0
    2
    0
    8
    7
    2
   86
    5
   10
  139
   14
   41
    8
   78
    0
    0
    0
    0
    0
    0
    0
    0
    0
    0
    0
   32
    0
   59
   36
    0
    0
    0
    0
    0
   12
    0
    0
    0
    0
    0
   11
   25
    0
    0
    4
    0
    0
    0
    0
    0
    0
    0
    0
    0
    0
    0
    0
   11
   21
    9
    0
    4
    0
   11
  216
  206
   16
   67
    0
    0
    0
    0
    9
   45
    0
    0
    0
    0
    0
   63
    0
    0
    0
    0
    0
    0
    0
    0
    0
    0
    0
    7
    0
  134
    0
    0
    4
    0
   59
   51
    8
   21
    0
    7
   18
   66
   74
   39
    0
   79
    4
    1
    5
    0
   14
    0
   21
   30
    4
    0
    9
    4
   64
    6
    4
    0
    0
    0
  122
   97
   16
   15
   24
    5
    0
    0
    0
   18
    5
    0
    0
    0
    0
    0
   10
   71
    0
    0
    0
   40
    0
   11
    5
    0
    2
    0
   69
  105
   14
    5
    0
    0
    0
    0
    0
    1
    8
    0
   18
  113
   69
   13
   56
   24
    0
    0
    0
    0
    0
    0
    0
   11
  132
   11
    0
    0
  233
    0
    0
   89
   34
    0
    0
  118
   43
   42
   41
    2
    0
    0
    0
    0
    0
    0
    0
    0
    0
    0
    0
    0
    0
    0
    0
    0
    0
    0
    0
   16
    2
    0
    0
    0
  156
    0
   23
   88
   18
   35
    0
    0
    0
   45
    0
    0
    0
    3
    0
   32
    5
    4
    0
   11
   33
    4
    0
    7
   48
    0
   13
    0
   12
   13
    6
   53
   19
   70
   16
    0
    2
    0
    0
    0
    0
    0
   12
    0
    8
    0
   18
   28
    0
   22
   62
   16
    0
    0
    0
    0
    0
    0
    3
    0
    0
    0
    0
    0
    0
    0
    0
    0
    0
    0
    9
    0
   27
    0
    0
    5
   10
  196
   17
   23
    6
    0
    0
    0
    0
    0
    0
    0
    0
    0
    0
    0
    0
    0
   13
    3
    3
    0
    0
   16
    0
   34
   11
   54
   12
   34
    4
    0
    0
    0
    0
    0
    8
    0
   14
   14
    7
   84
   40
   14
   43
    8
    3
    0
    2
    3
    2
   39
    4
   31
    2
    0
    0
    0
    0
    0
    0
    9
   19
    0
    9
   59
    3
    4
    0
   34
    0
   64
    4
    0
    0
    0
    0
   17
    0
   29
   36
    5
    2
    0
    0
    2
    1
    2
   14
    0
    0
    0
   22
    9
   12
    0
    0
    0
    0
    0
    0
    0
    0
    0
    0
    0
    0
   14
    1
    6
    0
    0
    0
    5
    9
    7
   74
  247
    9
   24
    0
    0
    0
    0
    0
   13
   83
    8
    2
    5
    2
   37
   13
    0
    0
    0
   84
   12
    0
    0
    4
   33
   11
   19
   13
   24
    4
    0
    0
    0
    0
    0
    0
    7
    0
   15
    0
   41
   34
   13
    4
    6
   19
    0
    0
    0
    0
    0
    0
    0
    0
    7
    0
    0
    0
    0
    0
    0
    0
    0
    0
    0
  319
    9
    0
    0
    0
    0
    7
    0
    0
    0
    0
    0
    0
    0
   30
   87
    0
    0
    5
   11
   53
   47
   64
   47
   17
    8
    9
    0
    5
   55
    0
    3
    9
    8
    4
   51
    4
    0
    0
    0
   24
    0
    0
    0
    0
   10
    0
   40
   50
    0
    0
    0
    0
    0
   39
    9
    0
    0
    5
   31
   15
   16
    0
    0
    0
   95
    6
   80
   65
    0
    0
   15
    0
    1
    0
    0
    0
    0
    0
    0
   30
    0
    8
   51
    0
    0
   90
   42
    1
   54
    0
    0
   40
    0
  114
    9
    0
    0
    0
    0
    0
    0
   36
    0
  106
    3
   23
    0
    0
    0
    0
    0
    0
    0
    0
    0
    6
    1
   26
    0
    0
    0
    0
    0
    0
    0
    0
    0
    0
    0
    0
    0
    0
    0
    0
    0
    9
    0
    0
   24
    0
    0
   12
    0
    3
   13
    0
    5
    0
   11
    0
    0
    0
    0
    0
    0
    0
    0
    6
    0
    0
    0
    0
    1
    9
    0
    9
   42
   11
   26
    3
   10
   46
    0
    0
    2
   15
    0
    0
    2
   12
   25
   55
  111
   35
   16
    9
    2
    0
    2
    1
    2
    0
    0
    0
    0
    0
   16
    0
    2
    0
    9
   19
   26
    0
   52
    4
    3
   24
  112
   54
    9
   16
    0
    0
    0
    0
    0
   17
  107
   55
   11
    0
    0
    0
    5
   63
    3
    0
    5
    2
    0
    0
    8
   19
    5
   25
   26
   23
   72
    4
   49
   21
    0
    0
    2
   48
    9
    3
   11
    3
    0
    0
    0
    0
   39
    0
    0
    0
    0
    9
   15
   21
   69
    0
    0
    0
    0
    0
    0
    0
    0
   46
   34
    0
    0
    0
    0
    8
    0
    0
    0
    0
    0
    0
    0
   48
   46
  110
    5
    4
    4
    0
    2
    0
    0
    7
    8
    0
    0
    0
    0
   26
   64
    0
   40
   84
    0
    0
    0
    0
    0
    6
   96
   10
    0
   87
   45
    0
    0
   10
    8
   55
  188
    9
   10
    0
    0
    0
    0
    0
   37
   12
    4
    5
   12
    8
   25
   64
   21
    0
    0
    0
    0
    0
    0
    0
   11
    5
    0
  247
    0
   29
    5
    0
    0
   40
   46
    0
    0
    0
   38
    0
    0
    7
    0
    0
  109
    0
    0
    0
   46
  102
  188
   36
   11
    6
  162
   83
   56
   71
   35
    7
    0
    0
   58
   25
    0
    0
    0
    0
    0
    0
    0
    0
    0
    0
    0
   26
    0
    0
    0
    0
    0
    0
    0
    0
    0
    0
   16
  103
   10
   11
    4
   22
    0
    0
    0
    0
    0
    0
    0
    0
    0
    0
    0
   42
   61
    5
   31
    4
    0
    0
    0
    0
    0
    0
    0
    0
   14
    0
    0
    0
    0
    0
  134
   34
   57
   33
    0
   13
    0
    3
   32
  208
    4
    0
    0
   35
    3
    0
   34
    0
    0
   11
    3
    9
    0
    5
   34
    2
    0
   34
    0
    0
    0
    0
    0
   42
    0
    0
   73
   59
  102
    5
    0
    0
    0
    0
    0
    0
    0
    0
    3
    0
    0
    0
    0
    0
    0
    0
    0
    0
   54
    0
    0
    0
    0
    0
    0
    0
    0
    6
    7
    0
    8
   44
   38
  219
   14
    0
    0
    0
    0
   71
   35
    3
    0
    6
    0
    0
    0
   36
    0
    0
    0
    0
    0
    0
    0
    0
    0
    2
    0
    0
    3
    8
    9
    0
    0
    0
    0
    0
    0
    0
    0
    0
    0
    0
    3
    0
    0
    0
   11
    5
    0
    4
    0
    0
    0
    0
    0
   30
   29
   10
   29
   22
    9
   36
    1
   41
    0
    0
    4
   13
   69
  175
  138
   14
  192
  142
    4
    8
   45
    8
    0
   87
   26
    2
   30
   75
    4
    3
   24
   11
    3
    5
    6
    0
    0
   12
   26
    8
   20
    9
    0
   29
    6
    3
    0
    0
    0
    0
    0
    3
    0
    5
   49
    2
    9
    0
    9
   45
    4
   85
    0
    0
   53
    8
  151
   22
    2
    0
    0
    0
    0
   93
   65
   27
  103
    0
    0
    0
    8
    3
    0
    0
    0
    0
    0
    0
    0
    9
   12
   21
   23
    5
    2
    3
    0
   49
   24
    7
   28
    0
    0
    0
    0
    0
    2
    0
    0
   40
    0
    0
    0
    3
    0
    0
   10
    3
    0
    0
    0
    4
    0
    0
   72
    9
    5
    0
    0
    0
    0
    0
    0
    0
    0
    8
    0
   44
  385
    7
   24
   11
    0
    0
    0
  118
    0
   34
    0
    3
   14
    0
    0
    0
    0
    9
    5
  142
    3
    8
    0
    0
   18
    0
   59
    8
   28
   78
   31
    9
   17
   62
    3
    0
    6
    0
    2
   31
   48
   54
   82
  158
   13
   21
   12
    7
    0
    3
   13
    0
   63
    0
   23
   49
    0
    0
    0
    0
    0
   15
    0
    0
    0
    0
  229
    0
    0
    0
    7
    0
    0
   76
   77
   15
  105
    0
   15
   19
   52
   22
   17
   12
   22
   41
    0
   11
  377
   14
  125
    4
   82
    8
   15
    7
    0
    0
   61
    5
    0
   78
   75
    4
    0
   11
    0
  124
    0
    0
    0
    0
    7
    0
    0
    0
   37
    5
    4
    0
    0
    4
    0
    0
    0
   87
    2
  103
    3
    0
    0
    0
    0
    0
   36
    0
    0
    0
  171
    3
    0
    0
  123
  319
   14
    0
    0
    6
    0
    0
    4
    0
    0
    0
    0
    0
   11
    0
    0
    3
    0
    2
    0
    0
    3
    0
   29
   24
    0
    3
    4
    5
   46
   14
    4
    0
    0
    0
    0
    0
    0
    0
   34
   66
    0
    0
    0
    0
    0
    0
    0
   15
    3
    3
   30
    4
    3
    3
   14
   34
  104
   19
   22
    6
    7
   12
   61
    0
    0
    0
    0
    0
    0
    0
    0
    0
    0
    2
    0
    0
    0
    8
    0
    0
    0
    0
    0
   45
   86
   12
   15
   76
   15
    4
    0
    0
   13
   32
   16
    9
   22
    0
    0
    3
    0
    0
   25
   11
    0
    0
    0
    0
    2
   20
    0
    0
    0
    5
    8
   14
    0
    0
    0
    0
   36
    7
   15
    3
    0
    0
   31
    0
    0
    0
   26
   64
    0
    0
   15
   19
    0
    5
   17
    0
    4
   65
    0
    0
    0
    0
   29
   18
   30
    5
    9
   24
   14
   83
  141
   14
   19
   37
   21
   24
    3
    0
    5
    0
   26
   17
    3
    1
   30
    8
    3
   26
    0
   24
    7
    4
   23
    4
    3
   63
   37
    3
   26
   59
   12
   25
    3
    0
    0
   94
   72
    0
    0
    0
   14
    0
    0
    8
   16
    0
    0
    0
    3
    0
    0
    0
    0
    0
    0
   19
    0
    0
    0
    0
    0
    0
    0
   11
    0
    0
    0
    5
    8
   22
    0
    0
    0
    0
    0
    0
    0
    0
    0
    0
    0
    0
    8
   18
   21
    4
    0
    0
    0
    0
    0
    0
    0
  118
   76
    0
    0
    0
    0
    0
   22
    0
  142
    0
    4
    5
    0
   24
    2
    0
    0
    0
    0
    3
    0
    5
    0
    0
   60
    4
   12
    0
   40
    4
    0
    0
   38
   39
    0
   79
    0
   23
    0
   31
    0
    0
    0
   67
    0
   97
    3
    7
   48
    3
   13
    0
    7
    0
    0
    0
   17
    0
   34
    0
    0
   39
    0
    0
    0
    0
   28
    0
    0
    0
    0
    0
    0
    0
   22
    0
    0
    0
    0
    0
    0
    0
    4
    0
    0
   10
    0
    2
   45
   30
    0
    0
   20
    0
    0
   32
    6
    0
    0
  215
    0
    0
    0
    0
    0
   19
    8
    4
    7
   11
    6
    8
    0
    0
    0
    0
    0
   18
   29
   24
    0
    0
    7
    0
    0
    0
    0
    0
    0
    7
   18
    3
    0
   18
    0
   14
   20
    3
    7
    8
    6
    8
    3
    0
    4
    0
    0
    0
   24
    8
    0
    3
    0
    0
    4
    0
    0
   72
    0
    0
    0
    0
    0
    0
    0
    0
    0
    3
   42
  117
   57
    3
    0
   14
   11
    0
    0
    3
   17
   73
    0
    0
   12
    3
   20
  220
   27
   33
   72
   29
    0
   32
    0
   64
   43
   18
   68
    4
    0
    0
    0
    0
    8
   72
  217
    3
    8
    0
   32
    3
    0
    3
    3
    4
    3
    4
    3
   18
    0
    0
   17
   62
   18
   29
    0
   12
   28
    0
    0
    0
    0
    0
    0
    0
    0
    0
    0
    0
    0
    0
    0
    0
    0
    0
    0
    0
    0
    0
    0
    0
    0
    0
    7
    0
    0
    0
    0
    0
    0
   26
    8
    4
    9
    9
    0
   17
   34
   18
    0
    0
    6
    0
   16
   19
    8
   32
    0
   41
    9
    3
    0
    0
    0
    4
    0
    0
   59
    4
    0
    0
   20
   67
   16
    0
    0
    0
    3
    8
    0
   55
    0
    0
    0
    0
    0
    0
    0
   11
    0
    0
    4
    6
    0
   21
   16
    0
    0
    0
    8
    0
   28
    8
   30
    0
   12
   10
    0
  101
  136
    0
    0
    0
    0
   54
   58
    0
    0
    0
    0
    0
    0
    7
    0
    0
    0
   52
   48
  312
   47
    0
    0
    0
    0
    0
    0
    0
    0
    0
    0
    0
    0
    0
    0
    0
    0
    0
   32
    0
    0
   75
   35
   25
    0
    0
   37
    0
   11
    0
   68
    0
    0
    0
    0
    0
    0
    0
    0
    0
    0
    0
    0
    0
    0
    0
   24
    0
   35
   15
   23
  197
    0
    0
    0
    0
    0
    0
   21
    0
    0
    0
    0
    0
    3
    0
    0
   11
    0
    0
    0
    0
    9
   34
    0
   14
   19
    0
   24
   21
   22
    5
    3
   21
    0
    0
   19
  110
    0
    0
    0
    0
    0
    4
    0
    0
    0
    0
    0
    0
    0
    0
   18
    0
    0
   26
    3
   30
  126
   10
    0
    0
    0
    0
    0
    0
    0
    0
    0
    0
    0
    0
    0
    0
    0
   75
   64
    3
    0
    0
   10
    0
    0
    0
    0
    0
    5
   26
    0
    0
    0
    0
    0
   18
    0
    0
    0
   46
   32
   42
   53
    5
    0
    0
    0
   14
    0
    0
    0
    0
    0
   15
    0
    0
    0
    0
    0
    0
    0
    0
    4
   40
   28
  144
   18
   59
    3
    3
  162
   78
    9
    0
    0
    0
    0
    0
    0
    0
    0
    0
    0
    0
    0
   34
  109
    0
    5
    0
   75
   14
    0
    0
    0
    0
    0
    0
    0
    0
   11
    0
    8
    3
    0
    0
   15
   43
   29
   38
    3
    0
    0
   31
   58
    0
   92
   15
    9
    0
    0
    0
    0
    0
    0
    0
    0
    3
    0
    3
    0
    0
    0
    0
    4
    0
    0
    0
    0
    0
    0
    0
    7
    0
    0
    0
    0
    0
    7
    0
   43
    8
    0
    0
    0
    0
    0
    0
    3
    5
    0
    0
    0
    0
    4
    8
   24
    0
    0
   55
   45
   36
    0
    0
    0
    0
    0
    0
    0
    0
    0
    0
   88
   48
   59
    8
    9
    4
    4
    0
    3
    4
    0
   16
    4
    0
    0
    0
    0
    0
    0
    0
    0
    0
    3
    0
   38
    0
   12
    6
    3
    0
    0
    0
    0
    0
    0
    0
   86
    0
    0
    0
    0
    0
    0
   16
  111
    0
    0
   34
    3
    0
   16
    3
   11
    0
   23
   86
   46
   27
   42
    0
    8
    0
    0
    0
    0
    0
    0
    0
    0
    0
    0
   14
    0
    4
    3
    0
    0
    0
    0
   16
    0
    0
    0
    0
    0
    0
    3
    0
    0
    0
    0
    0
   14
    0
    0
    0
  113
    8
    0
    0
    0
   54
  128
   74
  304
    0
    0
    0
    0
    0
    0
    0
    0
    0
   12
    0
   18
   23
    0
    0
    0
    0
    0
   72
   29
    0
    0
   67
    3
   28
    7
    0
    0
   20
   48
    0
    0
    0
    0
    0
    8
    0
    0
    0
    0
    0
    0
    0
    0
    0
    0
    0
    0
    0
    0
    0
    0
    0
    0
    0
   47
    0
   76
    0
    0
   19
    0
    0
    0
   29
    0
   66
    0
   29
    0
   47
   76
    3
    0
    0
    0
    0
    0
    0
    0
   25
  187
   10
   33
   42
   37
    0
    6
    0
   11
   24
  120
    3
    0
    0
    0
    0
    0
   21
   20
    0
    0
   48
    0
   35
    8
    7
    5
    0
    0
    5
   14
   76
    0
    0
   28
    0
    0
    0
    0
    0
    0
    0
    0
    0
    0
    0
    0
    0
    0
    0
    3
    0
    0
    0
    0
    0
    3
    0
   32
   15
   17
    7
    0
    0
   24
   53
   12
    5
    0
    0
    0
   18
    9
    0
    0
    0
    0
    5
  117
   32
   19
   16
    0
   59
   61
    0
    4
    0
    0
    0
   56
   19
   18
    0
    8
   37
    0
    0
    0
    0
    0
   32
   65
   40
    0
   14
    0
    0
    0
    0
    0
    6
    5
    0
    4
    0
    0
   17
   20
    0
   54
    0
   18
   -9
   -9
   -9
   -9
   -9
   -9
   -9
   -9
   -9
   -9
   -9
   -9
   -9
   -9
   -9
   -9
   -9
   -9
   -9
   -9
   -9
   -9
   -9
   -9
   -9
   -9
   -9
   -9
   -9
   -9
   -9
   -9
   -9
   -9
   -9
   -9
   -9
   -9
   -9
   -9
   -9
   -9
   -9
   -9
   -9
   -9
   -9
   -9
   -9
   -9
   -9
   -9
   -9
   -9
   -9
   -9
   -9
   -9
   -9
   -9
   -9
   -9
   -9
   -9
   -9
   -9
   -9
   -9
   -9
   -9
   -9
   -9
   -9
   -9
   -9
   -9
   -9
   -9
   -9
   -9
   -9
   -9
   -9
   -9
   -9
   -9
   -9
   -9
   -9
   -9
   67
    9
    0
   27
    0
    0
    6
    5
    0
    0
    0
    0
    0
    0
    0
    5
   18
    0
   73
   10
    5
    6
    0
    7
    5
    0
    0
    0
   27
   67
   11
    2
   11
    0
    0
   19
    2
    0
    6
    7
    6
    0
    2
   38
   15
    5
    0
    0
    0
    0
    0
    0
   20
    3
    5
    0
    0
    0
    0
    0
    0
    0
    0
    0
    0
    0
    0
    0
    0
    0
   15
    0
    8
    0
    0
    0
   10
  180
   43
    8
  192
    0
    9
   10
    5
    6
   60
  246
  235
    0
    0
    0
    0
    0
    0
    0
    0
    0
    0
    0
    0
    0
    0
   11
   10
    0
    0
   10
    0
    0
    0
    0
    0
    0
   44
   30
   23
    0
    0
    0
    0
    0
    0
  207
    0
    0
    0
    0
    9
    0
    0
   21
   50
   23
    0
    0
    0
    0
   16
    0
    0
   53
    0
    0
    0
    0
    0
    0
    0
    0
    0
    0
    0
    0
    0
    0
    0
    3
    0
    3
    0
    0
    0
    0
    0
    0
    0
    0
   43
   18
    0
    0
    0
    0
   30
    0
    0
    0
    0
    0
    0
    0
    5
   12
    9
    0
    0
    0
    0
    0
    0
    0
    0
    0
    8
    0
    0
    0
    0
   24
    4
    0
    6
    0
   11
    0
    9
    0
    0
    0
    0
    0
    0
    0
    0
   16
   35
   12
   10
   30
    5
   45
   10
    0
   43
    7
   13
    0
    0
    0
    0
    5
    0
    0
    0
    8
   10
    0
    0
    0
    0
    0
    4
    0
    0
    0
    0
   15
    0
   26
    4
    0
    0
    0
    0
    0
    0
    0
    0
    0
   17
   27
  110
    0
   64
   54
   24
   14
    0
   43
   12
    0
    2
    0
    0
    0
    0
    0
    4
   55
    5
    0
    1
   28
    0
    0
    5
    4
    3
    0
   15
    0
   10
   84
    0
    0
    0
    0
    0
    0
    8
    3
    0
    5
    0
    0
    0
    0
    0
    0
   25
    5
    0
    0
    0
   19
    0
    2
   25
    0
    5
    6
   15
    5
    2
    6
   15
   35
    0
    0
    0
    0
    0
    0
    0
    0
    9
    0
    0
    0
   29
    0
    0
    0
   13
   20
   31
  110
   23
    4
   11
    0
    0
    8
   16
   46
   43
    0
  240
   71
    0
   24
    4
    0
    2
    0
   61
   25
   12
    0
    0
    0
    0
    0
    0
    0
    0
    0
    5
    0
    3
   33
    3
   23
    6
    0
    0
    0
   18
    0
    4
   12
    7
    0
    2
    0
    0
  104
    0
    0
    0
    0
   43
    0
   53
   23
   90
    2
    0
    0
    0
    0
    0
    0
    0
    0
    0
   34
    0
    0
    0
    0
    0
    0
    0
    0
    0
    0
    0
  208
    9
    4
   33
    3
    6
   59
    0
   82
    0
    0
    0
    0
    0
    0
   16
    0
    0
    0
    0
  124
    0
    0
    0
    0
    0
    0
    0
    0
    0
    6
   20
  342
   96
    0
    0
    0
   21
   22
   17
    8
   12
    0
    0
   18
    0
    0
    0
  195
   97
    0
    0
   23
    0
    5
    0
    0
    0
    7
    0
    0
   80
    0
    0
    0
    0
    0
    0
    0
    0
   10
   25
    7
    0
    0
    9
    0
   15
  150
    0
   21
    9
   10
    0
   34
    0
    0
    0
    0
  341
   20
    8
    0
   10
   14
    1
   12
   11
    0
    0
    1
    0
    0
   33
    0
    0
    0
    0
    0
    0
    0
    0
    3
   38
    0
    0
    0
    0
    0
    0
    0
    8
    0
   53
   58
   14
   14
    0
    0
    0
    8
    0
    0
    0
   10
    0
    0
    0
    0
    0
    0
   25
   20
   10
   93
   49
    9
   47
   15
    0
    0
    0
    9
    0
    0
    4
    0
    5
    0
    0
   18
   40
    4
   18
    0
   46
    2
   10
    5
   14
    0
   45
   31
   24
    7
   20
   11
   13
    0
    1
    0
    0
    6
   12
   21
    0
    0
   54
    0
    3
    4
   40
   10
   17
    1
    0
    0
    0
    0
   15
   96
   16
    4
    0
    0
    0
    0
    0
    0
    0
    0
    0
    0
    0
    0
    0
    0
    8
   14
    0
    4
    0
   33
  168
   10
    0
    0
    0
    3
    8
    0
    0
    0
  147
    0
   24
   37
    7
    9
   56
    0
    0
    0
    0
    0
    0
    0
    6
   27
    0
    0
    3
    0
    0
    0
    0
    0
    0
   44
    7
    4
   12
   48
   30
    2
    6
    4
    7
    0
   12
    0
    0
    0
    0
    6
    9
   36
    0
    0
    0
    0
    0
    0
    0
    2
   10
    0
    0
   15
    0
    0
    0
   37
    1
    0
   19
    0
    3
    2
    0
    0
    0
    0
    0
    0
    0
    2
    8
   14
    7
    0
    0
    0
    0
    0
   40
    0
    0
    0
    5
   46
    0
    0
    1
    0
    0
    0
    0
    0
    0
    0
    0
    0
    4
    0
    0
    0
    0
    7
    0
    0
    0
    0
    0
  320
    0
    5
    0
    0
    0
    4
    5
  315
    2
    0
    0
    0
  194
   59
   21
    0
   36
   35
    0
  190
  143
    0
    0
  102
    0
    0
    0
  305
  147
   50
    0
    6
   10
   16
    7
    0
   10
    0
    0
    0
    9
    0
    0
    9
   79
   17
    0
    0
    0
    0
    0
    0
  247
    5
    0
    0
    0
   33
   20
   31
    0
   11
   51
  251
    0
  118
   51
    0
    3
    8
    8
    4
   65
   21
   61
   79
    0
   51
   64
    0
    0
    4
    0
    8
    0
    0
    2
   24
  128
    0
    4
    0
    0
    0
    4
    0
    0
    0
    3
    3
  197
    0
    0
    0
    0
    0
    0
    0
   36
    8
    0
   31
   42
   44
   20
    0
    0
   24
    2
    7
   86
   23
   81
    0
    5
    8
   16
    0
    0
    0
   42
    0
    0
    5
    0
    0
    0
    0
    0
    0
    0
   37
    0
    0
    0
    0
    0
   10
    5
   39
    5
    0
    0
    0
   10
    0
    0
    0
    0
    5
    0
    7
   89
   38
    0
    0
    0
    0
    0
    1
    1
    1
    1
    3
    4
    1
   93
   40
    9
    1
    3
    2
    0
   18
  141
   59
   14
    0
    0
   16
    5
    6
   25
    0
    0
    0
    0
    0
   34
    0
    0
    0
    8
    0
    0
    0
    0
   18
   40
    4
   54
    0
   11
   35
   45
    0
   10
    0
    8
   11
   93
  139
   18
   31
    2
   65
   40
    3
    2
    9
    0
   28
    1
   20
   58
    4
   11
    4
   10
    0
    3
    1
   21
   24
   24
    3
    0
    7
    0
    0
    0
    0
    0
    0
   14
    0
   30
   61
   74
   18
    7
    8
    2
    2
    0
    2
    0
    0
    0
    0
   43
    2
   31
   42
    3
    0
    0
    0
    0
    0
    0
    0
    0
   16
   64
   41
   25
    5
    0
    0
   25
   30
   10
   44
    0
    5
    0
   21
    0
    0
    0
    0
   39
   35
  115
  306
   30
   23
   46
   43
   22
    0
   39
   10
   58
   38
    0
    3
    0
    6
    0
    0
   13
    0
    3
   37
    0
    0
    0
    0
    3
   32
  130
  649
   54
   10
    3
   13
   38
    0
    0
    0
    0
    0
    0
    0
    0
    0
    0
    0
    0
    3
    0
    0
    0
   39
   52
    0
    0
    0
    0
    0
    0
    0
    0
    6
    3
   11
    0
  104
  263
   11
   13
    6
  140
   70
   16
   82
   18
    4
    0
    0
    0
    0
   14
    0
    0
   61
    0
    0
    0
    0
   14
    0
    0
    0
    0
    0
   52
    5
    0
    0
    0
    0
    0
    0
    0
    0
   15
    0
    0
    9
    0
    0
    0
    0
   96
    9
    0
  190
    0
    0
    0
    0
    0
    0
    0
    8
    0
    0
    0
   15
    0
    0
    0
    0
    0
    0
   85
    0
    0
    0
   55
    0
  423
    0
    0
    0
    9
    0
   17
    0
    0
   41
   59
  239
    8
    2
    0
    0
   41
   83
    2
    0
    0
    0
  232
  102
   44
    0
   13
  122
    0
    0
   11
    0
    5
    0
    0
    7
   49
   23
  131
    0
  140
    0
   11
    0
   32
   49
    0
    0
    7
    1
    0
    0
    0
    0
    0
    0
    0
    0
    0
    0
    0
   16
    0
  146
    3
    5
    0
    0
    0
   18
    0
    0
    0
    0
    0
    0
    0
    0
    0
    0
    0
    0
   12
   10
    0
    7
    5
    5
    6
   10
   20
   18
    0
    0
    0
    0
    0
    3
   18
    5
    0
    0
    0
    0
    0
   22
   10
    5
   57
    0
   55
    1
    0
    3
    0
    0
   12
   59
    0
    0
    0
    0
    3
    3
    5
    6
    1
    2
    0
   10
    0
   38
    0
   10
  131
    8
    0
    7
    0
    0
    1
    2
    7
    0
    0
    0
    0
    0
    2
    6
   12
   17
    1
    2
   29
    7
    0
    0
    0
    3
   12
   25
    6
   20
   45
    0
    2
    3
    0
    0
   28
   36
    0
   37
   37
    2
    0
   22
   25
   20
    0
   34
   27
    0
   22
   19
    0
   33
    0
    1
    0
  110
    0
    6
   10
    0
   19
    0
   37
    4
   16
    0
    9
    4
    8
    0
    0
    9
   26
    0
   10
    0
    0
    3
    0
    0
    0
    0
    4
    0
    0
    0
    0
    0
    0
    0
    6
    0
   90
    3
    4
   10
    0
    0
    0
    0
    7
    4
   42
   35
   21
    0
   62
   32
    0
    0
    4
    0
    0
    8
    0
    5
   42
   12
   20
    0
    0
   44
   32
   68
   38
   80
    1
    0
    0
    0
   13
   32
   27
    0
    0
    0
   13
    0
    0
    0
    0
    0
    0
    0
    1
   49
   49
    0
   71
   51
    0
    0
    3
   37
  124
    0
    0
    0
    0
    0
    0
    0
    0
   45
    0
    3
  202
   21
  242
  184
    0
   21
    5
    0
   19
    0
    0
    0
    3
    0
   12
    2
    9
    0
   18
    7
    0
    0
   16
   22
   17
   24
   17
    0
    0
    0
    0
    0
    0
   97
    9
    0
    0
    0
    0
    0
    0
    0
    0
    0
    0
   34
    0
   46
    0
   11
    0
    0
    0
  219
    0
    0
    0
    0
    5
  317
    0
    0
    0
    0
    0
    0
    0
    0
    0
    0
    0
    0
    0
    0
    0
  194
   34
    0
   11
    0
    0
    3
    9
    0
    0
    0
   38
    9
    8
   65
   77
   17
    5
  261
  141
    0
   14
    5
    0
    0
   18
   21
    0
    0
    0
   11
   17
    0
    0
    0
    0
    0
  198
  213
    0
    0
    0
    0
    0
   34
   81
    8
   31
   36
    9
    0
    0
    0
    6
    0
    0
    0
    0
    0
    2
    0
    0
    0
    0
    2
    0
    8
    0
   10
    1
    0
    0
    0
    4
    0
   16
   13
    3
    2
    0
   54
  100
   32
    4
    0
   42
   22
   26
   12
    0
    0
    0
    0
    0
   26
   58
   10
    0
   28
    0
    0
    0
    0
    0
    0
    0
    0
    0
    7
    0
    0
    0
    0
    7
    8
    3
    0
    0
    0
    4
   15
    7
    3
    0
    0
    0
    0
   15
   10
   93
    5
   29
   77
    3
    0
    0
    0
    0
    0
    0
    5
    2
    3
    2
    0
    0
    0
    2
    0
    0
    0
    0
    0
    0
    3
    0
    0
    0
    0
    0
    0
    0
    0
    0
    0
    0
    8
    0
    0
    0
    0
    0
    0
   18
   15
    5
    5
    0
    0
    0
    0
    0
    0
    5
   28
   18
   32
   15
   12
   26
    0
   28
   10
    8
    0
    0
    0
    0
    0
    0
    0
   15
    0
    2
    0
    0
   35
    0
    0
    0
    0
    6
    4
    0
    0
    0
    0
    0
    0
    0
    0
    0
    0
   72
    3
    0
   27
    0
    0
    0
   11
    7
    2
    3
   46
    0
    0
    0
    0
    0
    0
    3
   89
    5
    3
    0
    0
    0
    0
    0
    0
    0
    0
    0
   13
   21
    0
    0
    0
   12
    1
    0
    0
  108
    0
   14
    0
    5
   68
   15
   76
   10
    0
    8
    4
    0
   37
    4
   41
   46
   86
    4
   11
    5
    2
    0
    2
   24
   58
    2
    0
    0
    0
    0
   26
    7
    0
    0
    0
    0
    2
   46
    0
    0
   22
    0
    0
    0
    0
    0
    0
    0
   10
    0
   30
    0
    0
    0
    0
    0
   10
   44
   15
    5
    0
    0
    0
   65
   41
   21
  365
    7
    0
  169
  136
    0
    0
    0
    0
    0
    0
    0
    0
    0
    0
   12
    3
   70
    0
    0
   68
    2
   41
    0
    0
    0
    0
    0
    0
    0
   21
    0
    0
    0
   76
   48
   31
    0
   96
    0
    0
    0
    0
    0
    0
    0
   42
   14
   45
    0
    0
   55
    0
    2
    0
    0
    0
    0
    0
   37
   55
   13
    0
   11
   10
   14
   40
  126
    4
    0
    0
   18
    0
    0
    0
   78
    0
    0
    4
   36
    0
   15
    0
   23
    0
  105
    0
    0
   15
   12
    0
    0
    0
   84
   13
    0
    0
    0
    0
    4
   69
   35
    0
    0
  100
   73
    0
    0
    0
    0
    0
   20
    0
    5
    0
   15
    0
    0
   26
    0
    2
    5
   82
   14
    0
   16
    2
    3
   96
    0
   19
    4
    1
   91
   26
    7
    0
    0
    0
   11
   21
   24
   24
    7
   35
    5
    5
    3
    0
    0
    0
    0
    0
    0
    0
    0
    0
    0
   62
    0
    3
    0
    3
   70
  220
   48
    0
    0
    0
    0
    0
    0
    0
    0
   10
    0
    3
    0
    0
    0
   19
    0
    8
    5
    0
    3
    0
    0
    0
    0
    0
    0
    0
    0
    2
   18
   14
    0
    2
   10
   14
  124
    0
    0
    0
    0
    0
    7
    0
    0
    0
    5
   75
    0
    0
    0
    0
    0
   22
   36
   46
    0
   14
    0
    0
   73
   11
    0
   49
    0
    0
    0
   62
   51
    0
    0
    0
    0
    0
    0
    0
    4
    0
    0
    0
    0
    0
    0
    0
    8
   30
   93
    0
   31
   72
    2
   42
    0
   55
    0
    0
   12
   18
    6
   21
    6
    0
    0
    0
   14
    0
   32
    0
    0
    0
    0
    0
   12
    0
   10
   11
    0
    0
    0
   48
    4
    0
    0
    0
    0
    0
   20
    9
    9
    3
   32
    2
    0
    0
   10
    8
   10
  107
    0
    0
    0
   18
    0
    0
    0
    0
    0
    0
    0
  118
    0
   63
    8
   38
   49
    0
    0
    7
   19
    5
    0
    0
    0
    0
    0
    0
    0
    0
    0
    0
    5
    0
    0
    0
    0
  173
   18
    0
   18
    0
   48
    0
   61
   21
    0
    0
   20
    0
   12
   10
    0
   25
   23
    3
   30
    0
   42
    0
    0
    0
    0
    0
    0
    0
    0
    0
    3
  182
   32
   71
  120
   35
  250
   65
   15
  180
    0
   88
    0
    0
    0
    0
   45
  104
    6
    0
    0
    0
    0
    0
    0
   99
    0
    0
    0
    0
    0
    0
   35
    0
    0
   24
    4
    0
    0
    0
    0
    0
    0
  440
    0
   98
   22
    0
    0
    0
    0
    2
    0
   42
    0
    0
    0
    0
    0
    0
   53
   16
    0
    0
    0
    0
    0
    0
    0
    0
    0
    0
    0
    0
    0
    0
    0
    8
    8
    4
   11
    0
    0
    0
    0
    9
   13
   43
   35
   75
   13
   35
    4
   44
    0
    0
    0
    0
   21
    0
    0
    0
    6
   26
    6
    0
    0
    0
    0
    0
    0
    0
    0
    0
   18
   26
    0
    0
    0
    0
    0
    0
    0
    0
  100
    0
    0
    0
    0
    0
    0
    0
    0
    0
    0
    0
    0
   17
    0
    0
   41
  110
  146
    0
    0
   72
   16
    0
    0
   34
   24
   64
   18
   51
    6
    0
    0
   11
   10
   47
   16
    0
    0
   14
   18
    0
    0
    0
   10
    0
    0
    0
    5
   10
   18
   11
    1
    5
    2
    0
    0
    0
    0
    0
    0
   10
   46
    0
    0
   68
   36
    6
   18
   10
   11
    0
    0
    0
   20
    0
    0
    0
    0
    5
    0
    0
    0
    0
    0
    0
    0
    0
    0
    0
    0
    0
    0
   12
    0
    0
    0
    0
    0
   73
    3
   38
    0
    0
    0
   31
   10
    6
   28
   35
   20
   49
    9
   37
    0
    0
    0
    0
    0
   18
   19
   50
   23
    3
   10
    4
    0
   25
    0
    0
    0
    0
    0
    0
    0
    0
    0
   34
   24
   50
    0
    5
   10
   14
   22
   65
   16
   30
    5
    0
    0
    0
    0
    0
    0
    0
    0
  133
    0
    0
    0
    2
   13
    0
   11
  116
    0
    0
  159
    0
    0
    0
    0
    0
    0
    0
    0
    0
    0
    0
    0
    0
    0
    0
    0
    0
   20
   44
    0
    0
    0
    4
    0
   20
    0
  188
    0
   34
   41
   83
    0
    0
    0
    0
   51
    0
    0
   61
    1
  298
    0
    0
    2
   32
   21
    5
    0
    0
  205
    5
   35
   29
    2
    0
    0
    0
    0
   28
    0
    0
   20
   84
   27
    0
   19
   42
   24
   34
   26
   12
  102
    0
    0
    0
    0
    0
    0
    0
    9
    0
   15
   20
   12
    0
  127
   32
    7
    2
    0
   32
    0
    0
    3
    0
    0
    0
    0
    0
    0
    0
    0
    0
    0
    0
    0
    0
    0
    0
    0
   12
   49
   25
   14
    0
  245
    0
    7
    0
    4
   58
    0
    0
  108
    0
   66
    0
    0
    0
   11
    2
   10
   92
   10
  172
   62
   96
   59
   38
    0
    0
    0
    0
    0
    0
    0
    4
    0
    0
    0
    4
  167
   72
   18
    4
    0
    0
  112
    4
    0
   11
   14
   24
    4
   15
    0
    0
   30
    4
    0
   14
    0
    0
   32
   97
    8
    6
   13
  105
   29
   25
   92
   82
   21
    3
   24
    0
   22
    0
    5
   78
   13
    5
    0
    0
   92
   10
   21
    0
    0
    6
    0
    0
    0
   14
    0
    0
    6
    0
    0
    0
    8
    0
    0
    0
   11
    6
    4
    0
    0
    0
    0
    0
   20
   11
   17
   21
    0
    0
    8
    5
    0
    0
    8
    0
    0
    0
    2
    0
    0
    0
    0
    0
    0
    0
   33
    2
    0
    0
   19
   17
    0
    0
    9
    0
    1
    8
    0
    0
    0
    0
    0
    0
   18
    6
    0
    0
   29
   15
   25
    4
    0
    0
   27
    8
    0
   29
   21
   19
   16
   54
   11
    4
    0
    0
    0
    4
    0
    2
   59
    0
    5
   34
    0
   54
    8
   40
    6
   10
   31
    0
    0
   13
   47
    0
    0
   36
    3
    0
    0
    2
   12
    0
    1
    1
    0
    0
    0
    0
    0
   19
    9
    1
   21
   19
    1
    0
    0
   74
    5
    0
    0
    0
    0
    0
    0
   73
    5
   67
    9
    0
    0
    0
   19
    2
   38
   10
    3
   38
   10
    0
    0
    0
   19
    0
    8
    0
    0
    0
    0
    0
    0
    0
    0
    0
    0
    0
    0
    0
   11
   10
    0
   52
   62
   65
   12
   44
    0
   10
    0
    0
    0
  127
   62
   12
    0
    0
    0
    0
    0
   12
    0
   36
    0
    0
   26
   17
    0
   24
   15
    0
   33
    0
   27
   14
    0
    0
    0
    0
    0
   87
   75
    0
   63
   52
    0
    0
    0
    0
    0
    0
    0
    0
   28
    2
    0
    0
   36
  163
  288
    5
    0
    0
    0
    0
    0
   16
   35
   18
    0
    0
    0
    0
   28
    0
    5
    0
    0
    0
    0
    0
    0
    0
    0
    0
    0
    0
    0
    0
    3
    0
    0
    0
   35
    3
   23
    0
    0
   39
    0
    0
   58
  164
    0
   26
    0
    0
    0
    0
    0
   47
    0
    0
    0
    0
    9
    0
    0
    0
    0
    0
    8
    0
    0
    0
    0
    0
    0
    0
    0
    0
    0
    0
    0
    0
   74
    0
   12
    0
    0
    5
   47
    0
    0
   18
    9
   13
    0
    8
   12
    0
   14
    0
    9
   24
    2
    9
    0
    0
    5
    0
    0
    0
    0
    0
    0
    0
    0
    6
   12
    0
    0
    0
    0
    0
   11
    0
    2
  155
    0
    0
    0
    0
    5
   54
  174
  118
    0
    0
    0
   11
    0
    0
    0
   34
   49
    4
    0
    0
    0
    0
    5
    0
    0
    0
    0
    0
   33
   21
   23
    0
    0
   12
   34
    0
    0
    0
    6
   25
   12
    2
    0
    2
    0
    1
    0
    0
    0
    0
    8
   11
    2
  172
   18
    0
   15
    0
    0
   10
    0
    0
   18
    0
    0
    0
   12
    3
    0
    0
    0
    0
    0
    2
    4
    3
   24
    0
    7
   36
   29
    0
    3
    0
    0
    0
    0
  100
   16
   27
   16
    7
   19
    0
    0
    0
    0
    5
    0
   36
    0
   38
   21
    9
    8
    9
   17
    0
   21
   19
    0
   19
    0
   71
  134
    0
    0
    7
    0
   30
    9
   11
    2
    0
    0
    0
   39
   62
   29
   19
    0
   21
   71
   12
   48
   49
    1
    0
    0
    0
    0
    0
   38
    0
    2
   34
   30
   39
   40
    8
    0
    0
    0
   16
    0
    0
    2
    0
    0
    0
    0
   11
   17
    0
    0
    0
    0
   61
   18
    0
    0
    0
    0
    0
    0
    0
    0
    0
    0
   52
   35
    0
    0
    0
    0
    0
    0
    0
    0
    0
    0
    0
    0
    0
    0
    0
   28
    0
   10
   63
    6
   37
    0
    0
   20
    0
    0
    0
   27
    3
    0
    0
    0
   45
    6
    8
    0
   10
    0
    0
    2
  119
    0
    0
    0
   72
    0
    0
    0
    0
    0
    0
    0
    7
   38
   18
    0
    0
    0
    0
    0
    0
   38
   27
   40
   64
    0
  136
    3
    0
    5
    0
    0
    5
   26
   10
    0
    0
    0
    0
    0
    0
   32
    0
    6
    0
    0
   10
    6
   13
   16
    0
    0
   69
    0
    0
    0
    2
    9
    0
    0
   23
    0
    0
    0
    0
    6
    0
   58
    0
  140
  177
   61
    0
    0
    0
    0
    0
   24
    0
    0
   11
    0
   63
    2
   53
    0
    0
   24
   18
    0
    0
    0
    0
   15
   44
    0
   20
   14
    8
    0
    0
    0
   12
    0
    0
    0
    3
    0
   11
    0
    0
    0
   67
    2
    0
    0
    8
   68
   98
    0
   19
   18
   11
    0
    0
    0
    3
    0
    0
    0
    0
    0
    0
    0
    0
    0
    0
    0
   31
   21
    0
    3
    0
    0
    0
   28
    0
    0
    3
    0
    0
    0
    0
    0
    0
    3
   77
    0
    0
   37
    0
   13
    0
    2
    0
    0
    0
    0
    2
    0
   41
    0
    0
    2
    0
    0
    5
    0
    0
    0
    4
    0
   19
    2
    4
    0
   18
   18
    2
    0
    0
    0
    0
    0
    0
    0
   51
   37
   44
    0
    0
    0
    6
    0
   14
    0
    0
    5
   58
    0
    0
    0
    0
   10
    0
    0
    0
    0
    0
    0
    0
    0
    0
    0
   17
   30
   21
   23
   14
    0
   17
    0
    0
    0
    3
   12
   18
   50
   53
    0
    0
    0
    0
    0
    0
    0
   11
    0
    0
    0
    0
   12
    0
    2
    0
    1
   51
   26
    0
    0
   12
    0
    0
    5
    0
   20
   52
    2
    0
    0
   43
    0
   24
    3
   56
    0
    0
    0
    0
  153
   35
    1
    2
   59
    6
  164
  109
  143
    5
    0
    6
   26
   14
    0
    0
    0
   20
   29
    6
   18
    0
   10
    0
   37
    0
    0
    5
    0
   48
   29
    2
    3
    0
    0
   14
    0
    0
    0
   44
    3
    3
    2
    0
    0
    0
    0
   18
   20
  158
  128
    4
    0
    0
    0
    0
    0
    0
   17
   27
    4
   48
   11
    0
    0
    0
    0
    0
    0
    0
    0
    0
   25
    0
    0
   42
   11
   32
   70
    3
    0
    0
   25
   57
   21
   18
    2
    0
    0
    0
    0
    9
    0
  108
    0
    0
    2
   20
    0
    0
    0
    0
   20
    2
    0
   72
    0
    0
    0
    0
    0
    2
  382
  102
   37
    3
    0
    2
    2
   43
  212
   72
    0
    0
    0
   15
    0
    0
    0
    7
    0
    0
    0
   25
    0
    0
   20
    0
    0
    6
   36
    5
   23
    3
    0
    0
    0
    0
    0
    2
    0
    0
    3
    0
    0
    0
   35
    0
    0
    0
    0
    0
    0
   28
    0
    0
    0
    3
   13
   18
   28
    6
   37
   12
   52
   30
   26
   32
   12
   11
   38
    0
    5
    9
    0
    2
   32
   17
    0
    0
    0
   29
    0
    0
   30
   25
    7
   13
   54
    0
   23
   12
    0
    0
   33
   13
    0
    0
    0
    0
    0
    0
    0
    0
    0
    0
    0
    0
   43
    5
    0
   34
    2
    0
    1
   26
    9
    0
   18
   23
    0
    0
    0
    0
    6
   68
   65
    5
    0
    0
   29
    0
    0
    0
    0
    1
    3
   11
    0
    0
   49
    0
   15
    6
   16
    3
   17
   33
    0
   44
    2
    0
   29
   25
   35
   15
    0
    0
    4
   21
   16
    0
    0
    0
   12
    7
    2
   29
    4
   21
   94
    0
    0
    2
    0
    2
   23
   90
    9
    2
    0
    9
    0
    0
    0
   15
    3
    0
    0
    0
    0
    0
    0
    0
    0
    5
    0
    0
    0
   15
    5
    0
    3
    0
    0
   18
   50
   18
    0
    0
    0
    0
    0
    0
    0
    5
    0
    3
    8
   79
    0
    3
   49
   12
    0
    0
    0
    0
    0
   57
   12
    0
   31
   41
    3
   23
   47
    3
   18
    0
    0
    0
    0
    0
    0
   28
    0
    0
    0
    0
    0
  102
   63
    1
    0
    0
   16
   11
   36
    7
    0
    0
    0
    0
    0
    0
    0
    0
    0
    0
    0
    0
    0
    0
    0
    0
    0
    0
    0
    0
    0
    0
   44
  134
   68
    0
   11
    0
    0
    0
    0
    0
    0
   43
    0
   61
   18
    2
   10
    0
   51
    0
   43
  138
   30
   65
    0
    0
    0
   14
    0
   24
    0
    0
    0
    0
    0
    0
   63
    0
    0
    0
   26
    0
   26
    0
   85
   14
    0
    0
    0
    0
    0
    0
    0
    6
   38
   82
   23
    0
    0
    0
    0
   34
   20
   15
    4
    0
    0
    0
  291
   81
    0
    0
    0
    0
    0
    0
    0
    0
    0
   15
    5
    0
    0
    0
    0
    0
    0
    0
   61
    6
    0
    5
   60
    0
  253
  553
    4
    5
    0
    0
    0
    6
   30
    0
    6
    0
    0
    0
    0
    0
   13
    0
    0
   60
   18
    0
  248
   98
    0
  103
  103
  342
    5
    0
    0
    0
    5
    0
    0
    0
  157
    0
    0
    0
    0
    0
    0
    0
    0
    0
    0
    0
    0
    0
    0
    0
    0
    0
    0
    0
  269
    0
    0
    0
   24
    4
    0
    5
    0
    0
    0
    0
   40
  113
    0
   33
   29
    0
   13
    0
    0
    0
    0
   22
    8
   78
   28
   13
    0
    0
    0
    0
    0
    0
   17
   38
   34
   11
   19
    0
    0
   25
   70
    7
    0
   30
   12
  108
   27
   13
    0
    0
   50
   38
   93
    8
    0
    0
   18
  105
   18
   45
   11
    0
    0
    2
   23
   10
    0
   13
  180
    0
    0
   69
    0
    0
   11
    0
    0
    0
  266
  136
    0
    0
    8
   24
    9
    0
    0
    0
    0
    0
    0
    0
   17
    0
    8
   14
   25
    4
    0
    0
    0
  178
    0
   41
    4
   16
    0
    0
  134
  326
    0
   28
   94
   51
    0
    0
   31
    0
    0
    0
    0
    0
    7
   64
    0
    0
    0
    0
    0
    2
    0
    0
    0
   24
    0
   14
    8
    4
   38
   24
    6
   38
    0
    0
   29
    0
    0
   18
   29
    9
    0
    0
    0
    0
    0
    0
    2
    2
    0
    0
    0
    0
    0
    0
    0
    0
    0
    0
    0
    0
    0
    0
    5
    0
    0
   58
    0
    3
    0
    0
   58
   10
    0
    0
    0
    0
    0
    0
    0
    0
    0
    0
    0
    0
    0
    0
   29
    0
    0
    0
    0
    9
    1
   35
    0
    0
    0
    0
    0
    0
    0
    0
    0
    0
    0
    0
    0
    0
   37
  218
    0
    0
    0
    0
    0
    0
   18
    0
   14
    0
    2
    0
    0
    0
    0
    6
    0
    0
   65
  215
    9
    0
   68
   18
    0
   70
    0
    0
   25
   24
    0
    0
    5
    0
    0
   84
    0
    0
    0
    0
    0
    0
    0
    0
    0
    0
  172
    0
    0
  122
    0
   14
    0
   82
    0
    0
    0
    0
    0
   57
   18
    0
    0
    2
    0
    0
   26
    0
    0
    0
    0
   45
    9
    3
    0
    0
    9
    0
    0
    0
   21
    0
    0
    0
    0
    0
    0
    0
   13
    0
    0
    0
  151
   40
    0
   24
    2
    0
   94
    0
    0
    0
    0
    0
    0
    0
    0
    0
    0
    0
    0
    0
    0
    0
    0
    0
    8
    0
    0
   18
   58
    0
    0
    0
    0
    3
    0
    0
    0
    0
   79
   28
   40
   12
   24
   23
    0
    0
    0
    0
    4
    7
    8
   77
  247
    2
    0
    0
    0
    0
    0
    0
    0
    0
    0
    0
    9
    0
    0
    0
    0
   94
    0
    0
    0
    3
   13
   17
    0
    4
   57
   57
   35
    0
    0
    0
    0
    0
    0
    0
    0
    0
    0
    0
   16
    0
    0
    0
    0
    9
    0
    0
   31
    0
    0
    0
    0
   35
    0
    0
    0
    0
    0
    0
    0
    0
    0
    3
    0
    0
   95
    3
    0
    0
    0
    0
    0
    0
    0
   25
    0
    6
  182
   12
    0
    0
    0
    3
    9
    0
   12
    0
    0
    0
    0
    5
   10
  118
   23
    0
   22
    0
    0
    0
    0
   58
   45
    0
    0
    0
    0
    0
    0
    0
    0
    0
    0
    0
    0
   47
    2
   91
    0
    0
    4
    2
   62
   72
   52
   23
   12
    0
    0
    8
   70
    7
    0
    0
    0
    6
    0
    0
    0
    0
   10
    0
    2
    2
   98
   18
    0
    0
   10
   23
   22
   23
   45
   15
   15
    0
   12
    0
    0
    5
    0
    0
    0
    0
    0
    0
    0
    5
    0
    0
    0
    0
   48
    0
    2
    0
    0
   16
    0
    0
   47
   37
    0
    0
    5
    0
    0
    0
    0
    0
   20
   48
    0
    0
    0
    0
    0
    0
    0
    0
    0
    0
    0
    0
    0
    0
   12
    6
   38
   15
    6
   14
    9
    0
    0
    4
    0
    0
    0
    0
    0
   38
    0
    0
    5
   95
    5
    0
    0
    0
    0
    0
    0
    0
    6
   74
   16
  156
   52
   19
    0
    0
    1
   59
    4
    6
    0
   16
    0
    0
    0
    0
    0
   93
    7
   13
    0
    2
    0
    0
    0
    0
    0
  106
   82
    0
    0
  120
    5
    0
    0
    0
    0
    5
    0
   10
   12
    0
   29
    0
   53
   29
   29
    0
    0
    0
   80
    0
    0
    0
   31
    0
    5
    0
    0
    5
   20
    0
   15
    0
    0
   72
    0
    7
    0
   31
    3
    9
    0
    0
   21
   38
    5
  231
    0
  243
  127
    0
   47
   15
    0
    0
    0
    0
    0
    0
    0
    0
    0
    0
    0
    0
    0
    0
    0
    0
  143
   25
    3
    0
    0
   42
   19
    0
    0
    0
    0
    0
    2
    0
    3
   22
   21
    2
   38
    4
    0
    0
    0
    0
    0
    0
    0
    0
    0
    0
   45
    0
    0
    0
    0
    0
    0
    0
    0
    0
   32
   18
   45
   12
   16
    7
    3
    4
   29
    0
    0
   20
    0
    0
    0
   35
    0
    0
    0
    0
    0
    0
    0
    0
    0
    0
    0
    0
    0
   37
   10
    0
    0
    0
    0
    0
    0
    0
   10
    0
    0
    0
    0
    0
    0
    0
   15
   15
    4
  192
    0
    0
   15
    0
    0
    0
   18
   13
  293
   18
    0
   14
   22
    2
    0
    0
   68
    2
   10
    3
    0
    0
    0
    0
    0
    0
    0
    0
    0
    0
    0
    0
    0
    0
    0
    0
    3
   70
   10
    0
    0
    0
    0
    0
   40
    0
  145
    0
    0
    0
    0
   26
    0
    6
    0
    0
   26
   12
    0
    4
    0
    0
    0
    2
    7
    0
    0
    0
    0
    4
   18
  108
   21
    8
   18
   21
   12
    4
   46
    0
    0
    0
   57
