Station: Saara-Kleinsaara , scaling_factor: 10.0, latitude:  50.8530, longitude:  11.9552, altitude:  261, nodata_value: -9
start: ..1969-01-01  end: ..2004-11-30
  192
  108
    8
    0
    0
    0
    0
    0
    3
    0
    0
    6
    5
    0
    0
    0
    0
   18
    0
    0
   12
   30
    0
   46
   84
    0
    0
    0
    0
    0
   25
    0
   42
    2
    7
    0
    0
    0
   14
   14
   11
    0
   24
   15
    0
  248
   19
    0
    0
    0
   20
    0
    0
    0
   18
   45
    0
    0
    0
    0
    0
    0
    0
    0
    0
    0
    0
    0
    0
   60
   94
   60
   38
  165
   14
    0
    0
    0
    0
    0
   12
   40
    0
   90
   11
   15
   31
    0
    9
   29
   34
    0
    0
    0
    0
    0
    0
    0
    0
    0
   60
  101
    3
    0
   70
   58
   55
   99
    0
    0
    0
   24
  140
   15
    0
    2
   67
   15
   56
    9
    0
    0
  122
   43
    0
  191
   80
    2
  128
    0
    0
    0
    0
    0
    0
   20
    0
    0
    7
   11
    0
    0
    0
    0
   22
  119
    0
   30
    0
  103
   19
   20
   47
   52
    0
  215
   68
    0
    0
    0
    0
    0
    0
    0
  102
    0
    0
    0
   85
  294
    6
    1
    1
    0
  232
    0
    9
   22
   30
   61
    0
    0
   14
   34
    0
   21
    3
    0
   25
    0
   23
   94
    2
   12
    0
    0
    0
   25
    0
    0
    0
    0
    0
    0
    0
    0
    0
    0
    0
    0
   42
    2
    0
    0
    0
    0
    0
    0
    0
    0
    0
    0
    0
  202
   15
   74
   65
  184
   12
    0
    0
   34
   32
    0
    0
    0
    0
   34
   28
   95
   32
   91
    0
    0
    0
    0
    0
    0
    0
    0
    0
    2
    0
    0
    0
    0
    0
    5
   82
   30
    0
    0
    0
    2
   21
    0
    0
    0
    0
   28
    0
    0
    0
   18
   40
   18
    0
    0
    0
    0
    0
    0
    0
    0
    0
    0
    0
    0
    0
    0
    0
    0
    0
    0
    0
   40
   15
   18
    0
    0
    0
    0
   15
   25
    0
    0
    0
   40
    0
    0
   31
   31
    9
    0
    0
    0
    0
    0
    7
    0
    0
    0
   27
    0
    0
    0
    0
   81
   72
  131
    6
    0
    6
    1
    0
    0
   67
    0
    0
    0
    5
    4
    0
    0
    0
    0
    0
    0
   40
   23
   19
   94
    0
    0
    0
    0
   12
    0
    0
    0
    0
    0
   36
    0
   35
   11
    0
   12
   44
   95
    0
   13
    0
    0
    0
    0
    0
    0
    0
    0
   35
    0
    0
    0
    0
    0
    0
    0
    0
    0
    4
   87
    0
    0
    0
    9
    0
   91
   20
    0
    0
   12
    0
   25
   18
   21
   28
    8
    8
    0
    6
    0
    4
    0
   29
    0
  162
  135
  263
   15
   32
   43
   56
   11
   10
   23
    0
   65
  255
    0
    0
    0
    0
    0
    0
    0
    0
    0
    0
    5
   17
   36
   33
   37
    5
    0
    0
    0
    0
    0
    0
   11
   81
    0
   65
    5
    3
   15
   61
    2
    0
    0
   24
  150
    0
    2
    5
  161
    0
    1
   60
    2
    4
  131
   26
    0
    0
   28
   50
   32
   23
   11
    8
   50
   25
   84
    2
   10
    0
    0
    0
    0
    0
    0
  110
   40
  105
   24
    0
   27
   21
    0
    0
   28
   18
   18
    9
   21
    0
   18
   51
  111
    1
   41
   35
   26
   16
    0
    0
   25
   15
    0
    0
    0
    4
    0
   18
    0
    0
    0
    0
   25
    0
    0
    0
    0
    0
    0
   60
   41
   10
    0
    0
  110
   60
    0
   20
   18
   32
    8
    3
    0
    0
    0
  182
    0
    0
    0
    0
   95
   10
   54
   60
    0
   20
   24
   28
    0
    0
   56
   30
    0
   23
   24
   59
    0
  131
   65
    2
    0
    0
   11
    0
   57
   28
    0
    7
    0
    0
    0
   52
    0
   69
    5
    0
    0
  548
  388
   50
   25
   53
   20
    0
    0
    0
    0
    0
    0
   14
    0
    8
   76
    1
    0
    0
    0
    0
   11
   52
    6
    0
    0
    0
   11
    0
    0
    0
    0
   11
    0
    0
    0
    5
   20
    0
    0
    0
   81
   77
  132
   79
    9
    0
    0
    0
    0
    0
    0
    0
    0
    3
    0
    0
    0
    0
    0
   42
   63
   48
   85
   13
   65
    0
   36
    0
   71
   14
    0
    0
    0
  119
    2
    1
   45
   41
    0
    0
   14
    5
   32
    0
   11
   42
    0
    0
   13
    3
    0
    0
   94
    0
    0
    0
    0
    0
    0
    0
   11
    3
   66
    3
   62
   46
   25
    2
    3
    0
    0
    4
    0
    0
    0
   17
    2
    0
    0
    0
    0
    0
   48
    0
   19
    9
    6
    3
    0
   29
    0
  142
    7
    0
    0
    0
    0
    0
    0
    0
    0
    0
    0
    0
    0
    0
    0
   10
    8
    0
    0
    0
    0
    0
    0
   16
   30
    0
   11
    6
    3
    0
    0
    0
   14
    0
   58
    5
    2
    6
   26
   24
    0
    0
    0
    0
   21
    0
    0
    0
    0
    0
   56
    0
    9
   48
   21
   25
   44
   28
   12
  131
    9
    3
    5
   39
    0
   18
    1
    0
    0
   21
    0
    0
    0
    0
    4
    1
    0
    0
    0
    0
    0
   39
    0
    0
   11
    0
    0
    0
    0
    0
    0
    0
    0
   58
    0
    0
    0
    0
    0
    0
    0
    0
    0
    0
    0
    0
   49
   20
    0
    0
   65
    0
    0
   26
  105
   51
   48
   24
    0
    0
    0
    0
    0
    0
    0
    0
    0
    0
    0
    0
    6
    0
    0
    1
   81
    0
    0
    0
   60
    0
   21
    0
    9
   73
   11
    8
   65
   74
    0
    0
    0
    0
    0
   16
    4
    3
    0
  109
   90
   25
   90
  131
   20
   22
    3
    7
   13
   51
   46
   57
   73
   42
    0
   15
    0
    0
    0
   31
   20
   98
   25
   21
    0
    1
    0
    0
    0
    0
    0
    0
    0
    0
    0
    0
    0
   14
    0
    0
    0
    0
    0
    0
    0
    0
    0
  150
    0
    0
    0
  272
    0
    0
    0
    0
    0
    2
    0
    0
    0
    3
   38
    0
    0
    0
    0
    0
   77
    0
    0
    0
    0
    0
    0
   80
   74
   61
    0
   35
   25
   26
    0
    0
   15
    2
    0
    5
    0
    0
    0
    0
    0
    0
   76
   90
    5
   14
    0
   12
    0
    9
    0
   55
    0
    0
    0
    0
   27
    9
    0
    0
    3
    0
   13
    0
    0
    0
    0
    6
    0
    0
    0
    0
    0
    0
    0
    0
  110
  145
    0
    0
    0
    0
    0
   25
   19
    0
    0
    0
    0
    0
    0
    0
    0
    0
    0
    0
    0
    0
    0
    0
    0
    0
    0
    1
  117
    0
    0
    0
   28
    5
   57
   97
  423
   27
    0
   17
    0
   22
   20
    0
    1
    0
    0
    0
    0
    0
    0
    0
    9
    2
    9
   32
   11
   67
   29
    0
    8
    2
    0
    0
    0
    0
    0
   25
   66
    2
   39
    9
    0
    0
    0
    0
   25
    0
   16
    0
    0
    0
    0
    0
    0
    0
    0
   40
    3
    0
    0
    0
    0
    0
    0
    0
    0
    0
    0
    0
   18
    0
    0
    0
    1
   17
   12
    4
    7
    1
    0
    0
    0
    0
    0
    0
    0
    0
    0
    0
   27
    0
    0
    0
    0
    0
    0
    0
    0
    0
    0
    0
    0
    0
    0
    8
    0
    0
    0
    0
    6
    0
    0
    0
    0
    0
   90
    0
    0
  255
    1
    0
    0
    0
    0
    0
    0
    0
    0
    0
    0
    0
    0
    0
    0
    0
   88
   40
   20
    0
    0
  119
   83
   42
   38
   20
   30
   21
    6
    0
    5
   21
    9
    0
    0
   24
    5
    3
   35
   42
    0
    6
    8
    0
    0
    0
    8
    7
    2
    0
    0
    0
    0
   24
    4
    0
    0
   11
    2
   72
  102
  112
   32
    5
    1
   37
  136
    0
   51
    4
    0
   12
    0
    0
   13
    8
   82
   63
   62
   64
    3
    0
   38
    8
    0
    0
    0
   52
   48
    0
    0
   12
   38
  209
    0
    0
   30
   38
    0
    0
   12
    0
    0
    3
   75
    0
    0
    0
    0
    0
    5
   32
    0
    0
   33
    0
    0
   48
    0
    0
   78
  165
    0
    0
    0
    0
    0
    1
    0
    0
    0
    0
    0
    0
    0
   28
   23
    0
    0
   69
  173
   88
   25
    0
    4
    9
   11
    0
    0
    0
    0
    9
   17
   82
    0
    0
    0
  249
   24
   45
   85
    0
    0
    1
    0
    0
    0
    0
    0
    0
    0
    0
    0
    0
   55
    9
    0
    0
    0
    0
   34
   16
    0
  157
   19
    0
    0
    0
    0
   55
   42
    0
    0
    0
    0
   17
   30
   51
    7
   11
   31
    6
    0
    0
    0
    0
    0
    0
    0
    0
    0
    0
    0
    0
    0
    0
    0
    0
    0
    0
    0
    0
   14
   33
    2
   95
   27
    2
    0
    4
    0
  121
    1
    0
    0
    0
    0
    0
    0
    1
    0
    0
    9
    2
   44
   41
   32
    2
    1
    0
    9
  209
    2
   15
    2
   12
   17
   30
   35
    0
    0
    0
    0
    0
    1
    1
    0
    0
    0
    0
    0
    4
    2
    0
    0
    0
    0
    0
    0
    0
    0
    0
    2
    4
    0
    0
    0
    0
    0
    0
    0
    0
    0
    0
    0
    0
    0
    0
    2
    1
    8
    0
    0
    6
    8
    0
    0
    0
    0
    0
   23
   40
    0
    0
    5
    0
   21
    0
    0
    0
    0
   27
   63
   34
   14
   17
   55
   51
   16
    0
    0
    0
    0
    0
   16
   26
    8
   49
    0
    0
    0
    0
    0
    1
   67
    9
   16
   17
   34
   64
   96
   18
   11
    1
    0
    0
   30
   85
    3
    0
    0
   13
   33
    6
    0
    4
   14
    0
    0
    0
    0
   11
    7
   14
   11
    0
    0
    0
    0
    0
    0
    0
    0
    0
    0
    0
   38
    7
   80
    0
   16
    0
    0
    0
   42
  234
   26
   46
    0
    0
    1
   20
   40
   42
   63
    4
    5
    0
    0
    0
    0
    0
    0
   27
    9
    0
   44
  190
    5
    0
   81
    4
    5
   22
    6
   12
    0
    0
    0
   38
    0
    0
    0
    0
    0
    0
   77
    0
    0
   38
    1
    0
    0
    0
   12
   14
    0
  358
    0
    0
    0
    0
   18
   42
   24
    0
    2
    0
    0
   64
    0
    0
    0
   60
   30
    0
    0
    0
    0
   54
    2
    0
    0
    0
   29
   54
    0
    0
    0
    0
    0
    0
    0
    4
    0
    0
    0
  190
   57
    5
    0
  291
   27
    0
   50
    9
   83
    0
   69
   47
    3
   36
   34
    2
   46
    0
    0
    0
    0
    0
   19
    5
    0
    0
   57
    4
    0
    0
    0
    0
    0
    0
    0
    0
    0
    9
   45
    0
    0
    0
    0
    0
    0
    0
    0
    0
    0
  185
   24
    0
   11
    0
    0
    0
    0
    0
    0
   31
    2
    0
    0
    0
    0
    0
   66
    0
    0
   19
    0
    0
    0
   39
   26
    0
    0
    0
    2
    1
    0
    0
    0
    0
    0
    0
    0
    0
    0
    1
    0
  137
    0
    0
   28
   17
   85
   18
    0
   49
  106
   95
   20
   74
    0
    0
    0
    0
    0
    0
   12
    0
    0
    0
    0
    0
   60
    0
    2
    6
    0
    0
    0
   26
   47
   28
   25
   12
    0
    0
   10
    5
    0
    0
    0
    3
    5
   75
   15
   10
   28
    0
   14
    0
   27
   70
    4
   56
   39
  114
    1
    0
   11
    0
   84
   47
   34
    6
    0
    0
    0
    0
    2
    0
    0
    0
   14
    2
    0
    0
    0
    6
    0
    0
    0
    0
    0
    0
   49
   28
    1
    0
    0
    6
    0
    0
    7
    4
   11
   77
  209
    0
    0
    0
   21
    0
   11
    0
    0
    1
    0
    0
    0
    0
    2
    0
    0
    0
    7
  152
   24
   22
   18
    1
    0
    4
    0
    0
    0
    0
    5
   10
   93
    0
   17
  139
   84
    1
   10
    0
    0
    0
    0
    0
    0
    0
   18
    1
    0
    0
    0
    0
    0
    9
    6
   40
    0
    4
   35
   55
    5
    0
    0
    0
    0
    0
    0
    0
    0
   19
    0
    0
   20
    2
    0
    0
    0
    0
    0
    0
    0
    0
    0
    0
    1
    0
    0
   88
   30
   17
    0
    0
    0
    6
    1
    1
    4
    0
    0
    0
    3
   17
    0
    0
   12
    0
  232
   67
   58
   11
    0
    0
    8
  129
    4
    4
   14
    5
    0
    2
    0
    0
   52
   75
   73
    5
   32
   36
    0
    0
    0
    0
   11
   74
    2
    0
   57
    0
   11
   44
   34
   31
   71
   70
   55
  115
  142
    9
   40
    0
    4
   64
    0
   26
    0
    7
   50
    0
    0
    0
   89
   44
  178
  143
   41
    0
  102
    6
    1
   83
    0
    6
   99
   11
   22
    0
    7
   15
    0
    1
   53
   57
    0
   93
    1
    0
   48
   47
   36
    1
    0
    0
    0
    0
    0
    0
    2
    0
    0
   36
    0
    0
    2
   68
   35
   85
    3
    0
    0
    0
    0
  153
   74
   23
   95
    4
    0
    0
    0
    0
   20
   26
    0
    0
    0
   61
   18
    0
   38
   16
    0
    0
    0
    0
   40
    0
    0
    0
   54
    0
    0
    0
    0
  106
    0
    0
    0
    5
    0
    0
   18
   69
    0
  183
   21
    0
   52
    8
   32
    0
   15
    1
   11
    0
   42
    1
    0
    0
    0
    0
   65
  127
    8
    0
    1
   95
   71
  436
  110
   18
   61
   13
   49
   46
   50
   63
   27
   85
  118
   21
   11
    6
    0
    0
    0
    8
    2
    0
    0
    0
    0
    0
    0
    0
    2
    0
    0
    1
   85
    1
   17
   24
    0
   47
   25
   24
   21
   15
    2
   25
   17
   62
  135
  226
   45
   22
   23
   67
   68
   21
    4
   18
    4
   83
    5
    1
    0
    0
    0
    0
    1
   37
  171
   32
   20
   75
   30
   18
   12
    0
    0
    0
    2
    0
   63
   43
    1
    0
    0
    0
    5
    0
    0
    0
    0
    2
    0
    0
    0
   19
    0
    0
   25
    0
   38
   33
    0
   19
   26
    6
   28
    0
    0
    0
    0
    0
    0
    0
    0
    8
    0
   16
   36
    0
    0
    0
   20
  132
    0
    0
    0
    0
    0
    0
    0
    0
    0
    0
    0
    0
    0
    0
    0
    0
    0
    0
    0
    1
   44
   27
   26
   25
   29
    0
   18
   45
   94
    0
    0
    0
   66
   58
   60
    8
    0
    0
    0
    0
    0
   12
   22
   12
   78
   84
    0
   11
    0
    9
    3
   38
   30
   60
  231
   22
    0
    0
    0
   11
    0
    0
    0
    0
    0
    0
    0
    0
    0
    0
    0
    8
  106
    0
    0
    0
    2
  115
   32
    6
   43
   30
    0
    1
    0
    0
  120
   12
    0
    0
    0
    0
    0
    0
    5
    0
    0
    0
   11
   27
    0
    0
    6
   14
    1
    0
    0
    0
    9
   56
   23
    3
    0
    0
    0
   87
    4
    0
  267
   12
   35
   20
  113
   70
  392
    0
    0
    0
    0
   20
    7
   11
    7
    0
    0
    0
    0
    0
    0
   49
    0
   50
   24
    0
   27
   32
    0
    0
   80
   18
    0
    5
   17
    0
    4
    8
    0
    0
    0
    0
    0
    0
    0
    0
    0
    0
    0
    0
    0
    0
    0
    0
   31
    4
    0
    0
  158
    0
   43
   40
    0
   12
    0
  309
    4
   65
   85
    0
    0
    0
    0
    0
    0
    0
    0
    0
   11
    0
    0
    0
    0
    0
    0
   75
   35
    2
    7
    0
    0
    0
    0
    0
    0
    0
    0
    0
    0
    0
    7
    0
    7
    0
    0
    0
    8
   19
    0
   36
    0
   12
   18
   15
    0
    0
    1
  139
    0
    0
    0
   28
   11
   58
   22
    1
   21
    0
    0
    0
    0
    0
    0
    0
    0
    0
    0
    0
    0
    0
    0
    0
    1
    0
    2
    0
    0
    0
    1
   21
    0
    0
    0
   14
   84
   53
   93
   20
    0
    0
    0
    0
    0
    0
   32
    9
    0
    0
    9
    3
   20
    0
    0
   11
    0
    9
    0
    0
   43
    0
    0
    0
    3
    0
    0
    3
    0
    0
    0
    9
   36
    0
    0
    0
    0
    0
   35
   73
   64
   26
    5
   44
  112
    1
    0
    0
   70
   54
   25
  120
   99
   75
    9
    0
    9
    6
   71
   33
   31
   66
   82
   42
    0
    0
    6
    0
    0
    0
    0
    0
    0
    0
    0
    0
    0
    0
    0
   15
    0
    3
   42
    7
    3
    0
    0
    0
    0
    0
    0
    0
    0
    2
    0
    0
    0
    0
    0
    0
    1
    0
    0
    0
    2
    0
    0
    0
    0
    0
    0
    0
    0
    0
   11
   26
   38
   44
    0
    4
    0
    0
    0
   33
   32
    3
    0
    0
    9
    0
    0
    0
    0
   37
   30
    9
   22
    1
    0
    0
    0
    0
    0
    5
    0
   18
    0
    0
    0
    0
    0
    0
   38
   91
   16
    0
    0
    9
    0
    1
    0
    0
   13
    0
    0
    0
    0
    0
    0
    0
   27
    0
    0
    0
    0
    0
    0
   13
    6
   55
   16
    0
    0
  206
    0
    0
   20
    0
   44
   18
   58
   90
  201
    0
   25
    0
    0
    0
    0
    0
    0
    0
    0
    0
    0
   48
    0
    0
    0
    0
    0
    0
    0
    0
    0
    0
    0
    0
    0
    0
    0
    0
    0
    0
    0
    0
    0
    0
    2
    0
    0
    0
    0
   21
   19
    0
    0
   12
    0
    3
  122
   54
    3
    0
    3
   20
   13
    0
    8
    0
    0
  134
   12
   19
   67
    6
    0
    0
    0
    0
    2
   24
    0
    3
    2
    0
    0
    0
    0
   56
   22
  114
    0
    0
    0
    0
    0
    0
    0
    0
    0
   35
    2
    0
   47
    1
    0
    0
    0
    0
    0
  128
    0
    0
    0
    6
   51
    0
    0
    7
    0
    0
    0
    0
    0
    0
    1
    0
    1
    9
   14
   72
    2
    0
    9
   27
   16
    0
    1
    0
    0
    0
    0
    0
    0
   53
    1
    0
   72
   21
    0
    0
    0
    0
    0
    0
    0
    0
    0
    0
    0
    0
   31
    1
    0
    0
   17
    0
    0
    0
  108
    0
    0
    0
    4
    0
   37
   40
   43
    0
    0
    0
    0
    0
    0
   20
   12
   95
   26
    0
   17
    0
    0
   28
   17
   12
    0
    3
    0
    0
   34
    6
   34
    2
   61
   40
   89
   21
   13
    0
    0
    0
    3
    1
    0
    1
    0
    5
   12
    0
    0
    3
    0
    0
    0
   32
    3
    1
    0
    1
    0
   12
   35
    8
    0
   92
  172
    0
    0
    0
   25
    4
    0
   11
    0
    0
    0
    0
    0
   74
    1
    1
    0
   55
    0
    0
    0
    0
    1
    0
   29
    7
   52
    8
    1
   27
    1
    0
    7
    0
    0
    0
    9
    8
   49
   41
    0
    0
    0
    0
   18
   29
    7
    2
    0
    9
    1
   40
    0
    0
    0
    6
    0
    0
    0
  466
   36
    9
   21
    0
    0
   90
   51
    0
    3
    1
    0
    0
    0
   44
   81
   75
    4
    0
    0
   12
    0
   17
    6
    0
   16
    8
    2
    2
    4
    4
   28
  127
   22
   57
    0
    0
    0
    0
    0
    0
    0
   41
   20
    6
    5
    0
    0
  144
  120
   46
    0
    0
    0
   51
    0
    5
    8
    0
    0
    0
   13
   30
    0
    0
  153
    0
    0
   61
   44
    4
    0
    0
    0
    0
    0
    0
    0
    0
    0
    0
    0
    0
   26
    2
   34
   21
   29
   13
    0
   46
    0
    0
    0
   93
   29
    0
  143
  104
  211
    9
    5
   43
    0
    0
  130
   30
    0
    0
    0
    5
    0
    0
    0
    0
    0
   23
   13
    9
    2
   35
    0
    0
   86
    0
   18
    0
   11
   18
    0
    0
    2
    0
    0
  188
  147
    0
    0
    0
    0
    0
    0
   39
    0
    0
    7
    0
    0
    8
   16
    1
   30
  142
   39
    6
   16
   21
    0
    1
   44
  141
    0
  211
  148
    0
    0
    0
  122
    0
    0
    0
    0
   17
    0
    0
  174
    0
    0
    0
   13
   73
   15
   49
    0
    0
    0
    0
   28
    5
   10
    1
    4
    0
   51
  139
   13
    0
    0
    0
    0
    0
    0
    0
   41
   18
   12
    4
   19
    0
    0
    0
    0
  148
    1
    0
    0
    0
    0
    0
    0
    0
    0
    0
    0
    0
    0
  126
    8
    0
    0
   55
   34
    0
   64
    0
   83
  223
   31
    0
    0
    0
   46
  149
    0
    0
  112
    0
   60
    0
    0
   17
   19
    0
    0
    0
   16
    0
    8
   39
   24
   27
    0
    0
   21
    1
   27
    1
    0
    0
   16
    0
    0
    2
    4
   27
  116
    2
    6
    1
    0
    0
    0
    0
    0
    0
    0
    7
   16
    4
    1
   23
    0
    7
   40
   28
    0
   13
   14
   36
    0
    5
    0
    0
    0
    0
    0
    0
    0
    0
    0
    0
   61
   10
    0
    0
    0
    0
    0
   28
   12
   11
    0
    0
   10
    3
    0
   26
   13
   21
    0
    0
    0
    6
   13
    0
    0
   35
    0
    0
   45
    0
   18
    0
    0
    0
    0
    0
    1
    0
    1
    0
   18
    0
    0
    0
    3
    0
   44
   23
    0
    0
   53
    0
    0
    0
    0
   17
    0
    2
   16
   15
   53
   55
   45
   17
    5
    5
    0
   53
    0
   14
    0
    0
    0
    0
    0
    0
   28
   14
    9
    0
    0
    0
    0
    1
   74
    0
    0
    8
    5
    0
    0
    0
    0
    0
   60
    0
    0
    7
    0
    0
    0
    0
    2
    0
   29
  147
    0
    0
    0
    2
  170
  122
   12
   23
    0
   61
   13
    0
   50
   37
    0
    0
  130
   66
    0
  266
    0
    0
    0
    0
    0
    0
    0
    0
    0
    0
    0
    0
    4
    3
    0
    0
   64
    0
    0
    0
    8
  212
    6
    0
   16
    0
    0
    0
    1
    0
    0
    0
    0
   14
   78
   17
    0
    0
   28
    0
   24
   43
    5
    1
    0
   21
  106
   51
    0
    0
    8
    0
    0
    0
    0
    0
   18
    1
    9
    0
    0
    0
    0
    0
    8
    0
   20
    0
    0
    0
   86
    0
    0
    0
    0
    0
  443
  345
    2
   58
    4
    0
    0
    0
    6
    0
   38
    0
    0
    0
    0
    2
    0
    0
    0
    0
   21
    0
   37
   66
  134
    6
   47
    2
    0
    0
   30
   27
    0
   21
    0
  136
    9
    9
    8
    0
    0
    0
    0
   36
   46
    5
  179
    2
    0
   11
  121
    0
   30
   67
    5
    0
    6
   79
  262
   41
    1
    0
    0
    0
    0
    0
    0
    0
    0
    0
   26
   31
    0
    0
    7
    8
   56
    0
    0
   39
    4
    7
    1
    1
    0
    0
    0
    0
    0
    0
    0
    0
    0
    0
    0
    0
    0
    0
    0
    0
    0
    0
    0
    0
    0
    0
    0
    0
    0
    0
   72
    2
    9
    4
   60
   47
   37
    0
    0
    0
    0
    0
    0
   32
   57
    0
    0
    5
    4
    0
   27
   26
    0
    0
    0
   12
    0
    0
    0
   10
    0
    0
    0
   22
   93
  266
   96
    8
    4
    4
    3
    0
    0
    0
   11
   19
    0
    3
   49
    5
   19
   30
   81
    0
    0
    0
    0
    0
    0
   27
   15
    0
    0
   53
    0
    0
   32
   13
   20
   29
    0
   16
   13
    0
   17
    0
    0
    0
   30
    1
   54
   22
    0
   23
   25
    0
    0
    0
    0
    0
   10
    0
    0
    0
    0
    3
    9
    0
    0
   82
    0
    0
    0
    0
   52
    7
   79
   34
   59
   62
    0
   65
    0
    3
   35
   58
   18
    4
    5
    0
    6
   32
    0
   13
   16
  214
   37
    2
    6
    0
    9
    0
   29
   94
    0
    0
    0
    0
    1
    0
    0
    0
  116
   21
    5
    0
    3
    1
   35
   13
    0
   17
    0
    9
    0
    4
   35
    1
    0
    0
    7
   44
    0
    0
    0
    0
    0
   71
    0
    0
    0
    0
    0
   20
   98
    2
    0
    0
    0
    0
   19
   13
    0
  212
    0
    0
    0
    0
    0
    0
    2
    0
   85
    1
  105
    0
    0
    0
    0
   37
    0
    6
    8
   47
    0
    0
    0
    0
    0
   17
    0
    4
    0
    0
   97
   85
    0
    0
    0
    0
    0
    0
    0
    2
   86
   35
   70
    0
    0
    0
   78
   25
    0
    4
    0
    0
   11
    0
   52
    0
    0
   18
   75
   56
   15
    0
  116
    0
   20
   56
    4
    0
   53
    0
    0
    0
   37
   75
   36
    0
    0
    0
    0
    0
    0
   20
    0
    0
    0
   11
   35
   55
    5
    0
    0
    0
    0
    0
    0
    0
    0
   36
   82
   30
    0
    0
    0
   40
   79
    0
    0
    0
    0
    0
   22
    0
    0
    0
    0
   85
   85
  260
   35
    1
    0
    0
    1
   10
    0
    0
    0
    0
    0
    0
   11
    0
    0
    0
    0
    0
    0
    0
    0
    0
    0
   15
   20
   22
    0
    0
    0
    0
    0
    0
    0
    0
    0
    0
   11
    0
   80
   45
   14
    0
   31
   68
   22
   75
  175
    5
    0
    0
    7
   39
    9
   98
    0
    0
   51
    2
    8
    7
    0
    0
    3
    0
    1
    4
    0
    0
    0
   41
    0
    0
    0
    7
   16
   16
   17
   11
   98
  168
    0
   34
   49
    9
   13
   46
    0
    0
   34
    2
    1
    0
    0
    0
    0
    0
    3
   42
   36
   17
   51
   31
    0
   42
   17
   14
   29
    0
    0
    3
    0
    2
    0
    0
    0
    7
    0
    0
    0
    0
    0
    0
    0
    0
   55
   28
   20
    0
    0
   15
   27
   34
   17
   36
   25
  118
   29
    4
    0
    0
   19
   12
    6
    0
    0
    5
    0
    4
    0
    0
    0
    0
    0
    0
    0
    0
    0
    0
    5
   22
    0
   28
   14
    7
    0
    2
   14
   37
   36
   11
    0
    0
    0
    0
    0
    0
    0
    6
  140
    0
    0
    0
    0
    0
    0
    3
    8
    6
   18
   11
    0
  110
   47
  229
    9
    9
    0
   11
   43
   29
   26
    3
    0
    0
    0
    0
    0
    0
    4
   40
   10
    2
   18
  219
  547
    0
  111
  109
    9
    0
    0
    0
    0
    0
    0
    0
    0
    0
   51
   61
    0
    0
    0
    0
    0
    0
    0
    0
    0
    0
    0
    0
    0
    1
    5
    0
    0
    0
   31
   24
   20
    2
    0
    0
    5
    0
    7
    0
   37
   11
    0
    0
  149
    0
    0
   48
   72
    5
   19
   52
   19
    5
   31
   68
   15
    4
   17
   12
   19
   18
   15
   21
    9
   67
   74
    0
    9
    0
   60
   12
   50
   12
  191
   13
   16
   38
   94
    2
    0
    0
   20
    2
  216
    0
    0
    0
    0
    0
   15
    0
    0
  267
    0
    0
    0
    2
    0
   11
    0
    0
   73
    0
    0
   35
   98
    0
    0
    0
    0
    0
    0
  258
    4
   28
   34
    0
   12
    0
    0
    0
    0
   26
   20
  131
   34
    0
    0
    0
  160
    4
    0
    0
    6
   49
   12
   23
    2
   35
   20
    0
   24
    0
    0
    0
    0
    0
    7
    0
  151
    0
    0
    0
    0
   20
    5
    2
    0
    0
    0
    0
   79
    0
    0
    0
    0
  102
  241
   11
    0
    0
    3
   18
   24
    0
    0
    0
   13
   23
    0
    0
    4
    0
   36
    0
    0
    0
    0
    0
    9
    2
  184
   26
    0
    0
    0
    0
    0
    0
    4
   45
   28
    0
    0
    6
    8
    0
    0
    0
    0
   75
    0
    0
   19
   98
   11
    0
   16
   29
   30
   41
   39
    4
    0
    0
    0
    6
    1
   66
    6
   45
    0
    0
   11
    0
    0
    6
   31
   30
    0
   21
    5
    6
    0
    0
    0
   50
   28
   46
   82
   82
   40
    9
   32
    0
    4
   53
    0
    0
    9
   18
   11
   38
    0
   30
   81
   64
    4
    0
    0
    2
   24
   24
    0
    0
    0
    0
    0
    0
    0
    8
   30
   11
   39
    2
    3
    0
    0
    5
    2
   11
    0
    0
    0
   19
   11
    8
    8
    6
    5
   50
    9
    0
    0
    0
    4
    8
    7
   20
    8
    2
    2
   20
    2
  203
  171
   35
  103
   18
   15
    0
   18
    4
    0
    0
    0
    0
    4
   90
   19
    7
   56
    0
    0
    0
    0
    0
    0
    0
    0
    5
   45
    2
    0
   24
    0
    0
    0
    0
    0
    0
    0
    0
    0
   11
    2
    0
    0
   25
   11
    0
    0
    0
  386
   26
   40
  221
   12
    0
    3
    0
   14
    0
    0
    0
    0
    0
    0
    0
   33
   58
   15
    8
  103
    0
    0
    0
    0
   69
    0
    8
   20
  125
   40
    4
    9
    2
    0
    0
    0
   64
    0
    0
    0
   20
   10
    0
    0
    0
    0
    0
    4
    6
    0
   34
   69
    2
   88
   15
    3
    0
    5
    0
    2
    0
    2
   31
    5
    0
    2
   96
    0
    0
    0
    0
    0
    0
    0
    0
   25
   22
   43
    0
    3
   36
  120
    3
    0
   21
    0
   11
   21
   23
   84
   36
   50
    0
    0
    0
    0
   42
    0
    0
    0
    0
  158
    0
  770
  980
    6
    0
    0
    0
    0
   12
    0
    0
    9
   57
    5
   34
  158
    0
    0
    0
   95
    0
    0
    0
    0
    0
    0
    0
    0
    0
    0
    0
    0
   89
    0
    0
    0
    0
    0
   15
   68
    0
   14
   30
    9
   14
   26
   65
    0
    0
    0
    0
  311
  246
    0
    0
    0
    0
    5
   21
    0
   11
    0
   29
   56
  107
   25
    5
    4
  165
    0
    5
   78
    1
    5
   28
   12
   12
    0
    0
    0
  273
   11
   25
   21
    2
   19
    3
    0
    7
   14
   17
    7
   11
   30
    0
   63
   11
   90
    2
    0
    0
    7
   20
   58
    0
   95
    0
   20
    4
   11
  173
  101
    3
    7
  120
   37
    4
  190
  114
   27
    2
   15
  146
   11
   15
  132
    8
    0
   32
   12
   12
    0
   79
   40
    0
    2
    0
    0
   46
   12
   20
    0
    0
    0
   30
    0
    0
    0
    0
   15
   30
    5
    4
    6
   39
    0
   13
    0
    0
    0
    0
    0
    0
    0
    0
    0
    9
   20
    0
    0
    0
    3
    0
   25
  108
   59
    0
    0
    0
    0
    0
    0
    2
    0
   29
    0
    0
    0
    0
    0
    0
    0
    0
    0
    0
    0
    0
    0
    5
    0
    0
    0
    0
    0
    2
   12
    2
   30
    0
    0
    0
    0
    0
    0
    0
   25
    5
   11
    0
    0
    0
   13
    6
   25
    0
    0
    0
    0
    0
    0
    0
    0
    2
    1
    0
    0
    0
   46
    0
    0
    0
    0
   31
   94
   11
   48
   50
    1
    1
    0
    0
    0
    0
    0
    0
    0
    0
    0
    0
    0
    0
    7
    0
    0
   56
   12
   19
    0
    0
    5
   90
   80
   31
    0
    5
  357
   51
    0
    0
    0
    0
    0
    0
    0
    0
    0
    0
    2
   15
    0
    0
    0
    0
   23
    0
    0
    0
    0
    0
    0
    0
    0
    3
    0
    0
    0
    0
   25
   71
   15
   42
    0
   37
    0
   50
    1
    0
    6
    0
    4
    0
   65
    0
   56
    4
   11
   15
    0
    0
  231
   47
    0
    6
    0
    0
    0
    0
    0
    0
    0
    0
  141
   95
   85
    0
    0
    0
    0
    0
    0
    0
  112
   34
   11
    0
    0
    0
    0
    0
    0
    0
   12
    9
   23
    0
    0
    0
    0
    0
    0
    0
    0
    0
    0
   23
    0
   24
   24
    0
    0
    0
    7
    4
    4
   18
    0
    0
    0
    0
    0
   15
    0
    0
   21
    4
    0
    0
    0
    0
    0
    0
    0
    0
    0
    0
    0
    0
    0
    0
   11
   50
    0
    0
    0
    5
    0
    0
    0
    0
    0
    0
    0
    0
    6
   64
   65
    0
    0
    1
   20
   36
   48
   24
   22
    0
   11
    6
   18
    0
    0
    0
    4
   12
    0
    0
    3
    0
    0
    0
    0
    0
    0
    0
   31
    0
    0
    0
    1
    0
    0
    0
    2
    0
    0
    0
   34
   36
   22
   16
    0
    0
   18
    0
    0
    0
    0
    9
    8
    6
    0
    0
    0
    0
    0
    0
   81
   24
    8
   11
   61
   50
   13
    0
    0
    4
   45
   13
   12
    0
   33
    0
    0
   14
   22
    0
    0
   13
   26
    0
    0
    0
    8
    0
   44
   28
    9
    0
    0
   34
    2
    0
    0
    0
    0
   20
  171
   20
    3
   24
    0
   25
    5
    0
    0
    0
   35
    0
   34
   72
    6
   51
   41
   45
    0
   32
    3
    3
    0
    0
    5
   36
   45
   21
   84
    2
    0
    0
    0
    0
    0
   12
    9
    0
    0
    0
    0
    0
   28
   11
    5
    0
    0
    0
    0
    3
    0
    0
    0
    0
    0
    5
    0
    0
    0
    8
    2
   20
   15
   70
    3
   31
   19
   16
   44
    0
   34
    1
   20
    0
    0
    0
  212
   93
    0
    5
   12
   13
   19
  170
    0
    3
  143
  101
   25
   69
   49
    0
    0
    0
  225
    0
    0
   17
    0
    1
    0
    0
    0
    0
    3
    0
   85
    0
    0
   20
    0
    0
   20
   17
    7
   27
    7
    6
   20
   27
    0
  105
    8
    0
    0
    0
    0
   31
   62
  129
   61
    0
   72
    0
    0
    0
    0
    0
    0
    0
    0
   33
    0
    0
    0
   29
    3
    0
    0
   99
   41
    0
    4
    4
    1
    0
    0
    0
    0
    0
    0
  209
   50
   42
    0
    0
    0
   25
    0
    0
    0
    0
  245
  121
    0
    0
    0
    0
    0
    0
    0
    0
   25
    0
    0
   16
    0
    0
    0
    0
    0
    0
    0
    0
    0
    0
    0
    0
   51
   17
   40
  230
  432
    3
    0
    0
    0
   56
    0
    0
    9
    0
    0
   21
    0
    0
    0
    0
    0
    0
    3
    0
    0
    0
    0
    0
    0
    0
    0
  220
    0
   11
    0
    0
    0
    0
    0
   19
   11
    5
    0
    0
   55
   61
   11
    0
    0
  152
    0
   18
    0
    0
    0
    0
    0
    0
    0
    0
    3
    0
   15
    1
    0
    0
    0
    0
   28
    3
    3
   19
    0
    0
    7
    0
    0
    0
    0
    7
    0
    0
    0
    0
    0
    0
    0
    0
    0
    0
    0
    4
    0
    0
    0
    0
    0
    0
    0
    0
    0
    2
    0
    0
    0
    0
   39
    3
    0
    6
    0
    0
   19
    0
    0
    5
   14
   62
   35
   68
   14
   50
    0
    0
    0
    0
    0
   45
    0
    0
   16
   11
   14
    0
    0
    0
    0
    0
    0
    0
    4
    0
    0
   18
    1
   17
   64
   39
    0
    0
    0
    0
    0
    0
    0
   37
   11
    1
   11
   11
   18
   34
    0
   18
   12
   12
   57
   12
    0
   21
    0
    0
    0
    0
   36
   56
    0
    0
    0
    0
    0
    7
   19
    7
    0
    4
   54
    2
   19
  254
    9
   42
   71
   31
   24
    0
    0
    0
    0
    0
    0
    0
    0
    0
    0
   28
    9
   44
   36
    0
    0
    0
    0
    0
    0
    0
    0
    2
    2
    0
   63
   12
    0
    0
    0
    0
    0
    0
    0
    0
    0
    0
    0
    0
    0
    0
    0
    8
    2
    6
    0
   21
    0
   10
  156
  226
   22
   72
    0
    0
    0
    8
    0
   50
    0
    0
    0
    0
    0
   49
    0
    0
    0
    0
    0
    0
    0
    0
    0
    0
    0
   23
    0
  108
    0
    0
    0
    0
   50
    6
   17
  100
    0
    0
    2
   99
   65
   51
    0
   79
   15
    0
    1
   20
  106
    0
  162
   46
   58
    0
   68
   37
    6
    0
   30
    0
    0
    0
  618
  123
  110
    4
   28
    0
    0
    0
    0
    0
   34
    0
    0
    0
    0
    0
    0
   67
    0
   64
    0
   70
    7
    0
   14
    1
   14
    0
   82
   37
   10
    3
    0
    0
    0
    0
    0
    0
    0
    5
   34
  134
  121
   30
   61
   15
    0
    0
    0
    0
    0
    0
    4
   40
  128
   20
    0
    0
  221
    0
    0
  174
   15
    0
    0
   21
  141
   75
  247
    0
    0
    0
   11
   12
    0
    0
    0
    0
    0
    0
    0
   58
    0
    6
    0
    0
    0
    0
    0
    0
    0
    0
   30
   76
   87
    0
   34
   96
    7
  108
   46
    0
    0
   26
    4
    0
    0
    3
    4
   90
   22
   15
   10
    9
   70
   10
    0
    0
    3
    0
   24
    0
    6
    9
    0
  106
    4
   50
   21
    0
    7
    0
    4
    0
    0
    0
    0
    0
   11
    0
    2
   83
    0
    8
   27
   13
    0
    0
    0
    0
    0
    0
    0
    0
    0
    0
    0
    0
    0
    0
    0
    0
    0
    0
   11
    0
   11
    0
    0
    0
   11
  199
   44
   45
    3
   32
    0
    0
    0
    0
    0
    0
    0
    0
    0
    0
    0
    0
   11
   14
    2
    0
    0
   30
    0
   76
    7
   49
    0
   40
   14
    0
    0
    0
    7
    0
    9
    2
   11
   19
    7
   54
   43
   30
   51
   18
    8
   11
    2
    0
    2
   62
   32
    6
    9
    0
    0
    0
    0
    0
    0
    0
   16
   11
    2
    5
   25
    4
    0
   24
   15
   22
   20
   15
    0
    0
    0
    9
    0
   51
   38
    3
    0
    0
    0
    5
    0
    0
   15
    6
    0
    0
   32
    8
   31
    0
    0
    0
    0
    0
    6
    0
    0
    0
    0
    0
    0
    1
    3
    0
    0
    0
    0
   20
    0
    0
  112
  376
    0
   17
    0
    0
    0
    0
    0
    0
   35
    1
    2
    9
   25
   35
    0
    0
    0
   22
    7
    0
    0
    0
    6
   11
   15
   41
    0
   38
   35
    0
    0
    0
    0
    0
    0
   13
    0
   40
    0
   40
   42
  120
    9
   82
   51
    4
    0
    0
    0
   23
    0
    4
    0
    0
    0
    0
    0
    0
    0
    0
    0
    0
   11
    0
  201
  101
    0
    0
    0
    0
  101
   18
    0
   99
    0
    0
    0
    0
   25
   17
   82
    0
    0
   33
   42
   25
   68
   42
   32
    0
   24
    0
    4
  106
   34
    0
    0
    0
    6
   50
    0
    5
    6
    0
   76
    0
    0
    0
    0
   22
    0
   38
   10
    2
    0
    0
    0
    0
    0
    9
    0
    4
   14
   37
   23
   22
    0
    0
    0
  130
    0
   25
   70
    0
    8
   20
    0
    0
    0
    0
   24
    0
    0
    0
   37
    0
    9
    0
    0
   88
  174
    6
    8
   36
    0
    0
   34
    0
   71
    2
    0
    0
    0
    0
    0
    0
    0
    0
   93
   11
    4
   10
    4
    3
    8
    0
    0
    0
   19
    0
   20
    0
   29
    0
    0
    0
    0
   12
    0
    0
    0
    0
    0
    0
    0
    0
    0
    7
    0
    0
    9
   11
    0
    9
    0
    0
    8
    0
    0
   14
   20
    4
    3
   19
    0
    0
    0
    0
    0
    0
    0
    0
    0
    0
    0
    0
    0
    0
   22
    0
    0
   65
   25
    5
    0
  170
   39
    0
    0
   14
   15
    0
    0
    0
    4
   25
   53
   72
   20
   20
    6
    5
    0
    0
   12
    0
   37
    0
    0
    0
    0
    0
   20
    1
    0
   11
   41
   20
    0
   40
    2
    0
   11
  195
   21
   25
   64
    0
    0
    0
    0
   11
   10
   51
   90
   11
    0
    0
    0
    6
   76
   18
    0
   11
    0
    0
    0
   17
   14
    4
   90
  107
   89
   54
   49
  131
   29
    0
    0
    0
    9
   30
    4
    5
    0
    0
    0
    0
    0
   36
    0
    0
    0
    0
    5
    9
   16
  111
   17
    0
    0
    0
    0
    0
    0
    6
   35
   20
    5
    0
    0
    0
    0
    5
    0
    0
    0
    0
    0
    0
   24
   16
   90
   17
   25
   11
    4
    2
    0
    0
   17
    5
    0
    0
    0
    0
    0
   78
    0
   28
   70
    0
    0
    0
    0
    0
    5
  150
    0
    4
   70
   29
    0
    0
    5
   16
   27
  155
   20
   10
    0
    0
    0
    0
    9
   24
    3
    8
    0
    3
    7
   72
   75
    5
    0
    0
    0
    0
    0
    0
    0
   30
   45
   19
  179
   17
    3
   35
    5
    0
   25
    2
    7
    0
    0
  160
    0
    0
    9
    0
    0
   74
    0
    0
   18
   22
  249
  214
   62
    3
    0
   45
  103
   37
   86
   63
    4
    0
    0
   96
   42
    0
    0
    0
    3
   51
    0
    0
    0
    0
    0
    0
    0
    0
    0
    0
    0
    0
    0
    0
    0
    0
    0
   30
   41
   57
    4
    9
   51
    0
    0
    0
    0
    0
    0
    0
    0
    0
    0
    0
   35
  134
   19
   45
    0
    0
    0
    0
    0
   30
    2
    0
    0
  178
    0
    0
    0
    0
    0
    0
   18
  216
   12
    0
   20
    0
   10
   45
  151
   24
    0
    8
   69
   92
    0
   11
    0
    4
   35
    5
   10
    2
    5
   50
   11
    0
   48
    0
    0
    0
    0
    0
  165
    4
    0
   30
  112
  146
   16
    0
    0
    0
    0
    0
    0
    0
    0
    0
    0
    0
    0
    0
    0
    0
    0
    0
    0
   26
    0
    0
    0
    0
    0
    0
    0
    0
    0
    0
    0
   19
   24
   75
  391
   30
    0
    0
    0
    0
    7
   50
    0
    5
    9
    5
    0
    5
   40
    9
    0
    0
    0
    0
    0
    0
    0
    0
    7
    0
    5
    0
   39
    0
    0
   13
    0
    0
    0
    2
    0
    0
    0
    0
    4
    2
    0
    0
    0
   17
    4
    0
    6
   15
    0
    0
    7
    0
    9
   11
    9
   34
    5
   78
   62
    2
   50
    1
   10
   16
   32
   99
   53
  200
   35
  123
  101
    6
   38
   58
   47
   89
  145
   90
   29
   17
   69
    0
    0
   75
    6
    0
    0
    0
    0
    0
    0
  101
    2
   12
   61
    0
   30
    3
    0
    0
    0
    0
    0
    0
    0
    4
    5
   89
    2
   23
    0
    0
   37
    0
   75
    7
    0
   40
    0
  181
    0
    0
    0
    0
    0
    0
   72
   87
   35
  201
    0
    0
    0
    0
    0
    0
    0
    0
    0
    0
    0
    0
   14
   36
   30
    0
   16
    0
    0
    5
   97
    6
    4
   20
    0
    4
    0
    6
    0
    4
    2
    0
   55
    0
    0
    6
    0
   44
   38
    8
    0
    0
    0
    0
    4
    0
    0
   14
   40
   36
    0
    0
    0
    0
    0
    0
    0
    0
    0
    0
   52
  310
    8
   10
   20
    0
    0
    0
   80
    0
   27
    3
    0
   11
    0
    0
    0
    2
   32
   20
  133
    7
    0
    0
    0
   45
    7
   35
   18
   20
   59
   32
   35
   13
   82
    9
    4
    2
    0
    2
   11
   63
   76
   64
  148
    9
   48
   11
    3
   18
    7
   16
   39
   82
    2
   11
    0
    0
    0
    0
    0
    0
    0
    0
    0
    0
    0
  160
    0
    0
    0
    0
    0
    0
    0
   97
   85
  145
    0
    0
    0
    5
   11
    0
    6
   35
  142
    2
    8
   82
    2
   74
   18
   70
   55
   19
    9
    3
    0
   82
    9
    0
   65
   16
   89
    0
   25
    0
  230
   14
    0
    0
    0
   13
    0
    2
    0
   25
   26
   50
    0
    0
    0
    0
    0
    0
  109
    0
  223
    0
    2
    0
    0
    0
    1
   65
    0
    0
    0
   84
    0
    0
    0
   16
   48
   30
    0
    0
    0
    0
    0
    0
    0
    0
    0
    0
    0
    5
    0
   50
    0
    0
    5
    0
    0
    0
    0
    3
   38
    2
    0
    0
    7
   45
   14
    5
    0
    0
    0
    0
    0
    0
    0
   15
   54
    0
    0
    0
    0
    0
    0
    0
    8
   14
    5
    0
    0
    0
   40
   13
   24
  162
   68
   22
    9
    0
    7
  110
    0
    3
    0
    0
    0
    0
    0
    0
    0
    0
    0
   11
    0
    0
   11
    0
    0
    0
    0
    0
   66
   58
    5
  191
   69
   17
    5
    0
    0
    0
   12
    0
    2
   18
    4
    2
   26
   28
    0
   20
    1
    0
    2
    8
    0
    3
   54
    0
    0
    0
    3
    7
   20
    0
    0
    0
    0
   54
    8
   50
   16
    5
    0
    5
    0
    0
   16
   11
    6
   16
    0
    0
    7
    0
    1
   11
    0
    8
  151
    0
    0
    0
    0
   40
   50
   46
   13
    8
    0
   58
   61
  181
   35
   32
   41
   31
   64
    6
    0
    7
    0
   14
  102
   33
    0
   39
   41
   54
  103
    0
   27
   14
   11
   21
    0
   24
   24
   21
    3
   31
   66
   37
   70
   31
    0
    0
  115
   65
    0
    0
    4
   50
    0
    0
   34
   27
    0
    0
    0
   35
    0
    0
    0
    5
    0
    0
   16
    0
    0
    0
    0
    0
    0
    0
    4
    0
    6
    4
   30
   32
    6
    0
    0
    0
    0
    0
    0
    0
    0
    0
    0
    0
    0
   35
   56
   15
    0
    0
    0
    0
    0
    0
    0
   11
   19
   16
    0
    0
    4
    0
    0
   73
    9
  179
    0
    0
    0
    0
   47
    0
    0
    0
    0
    0
    0
    0
    3
    8
    0
   78
    8
   12
    0
    6
  224
  299
   15
    0
   17
    0
   60
    0
   77
    0
   58
    7
   15
    0
   10
    1
   80
   20
   65
   42
    7
   40
    3
    0
   12
    0
    0
   47
    0
   14
   30
    0
   19
    0
    0
    0
    5
   23
    0
    0
    0
    0
    0
    0
    0
    9
    0
    0
    0
    0
    0
    0
    0
   57
    5
    0
   16
    0
    0
   80
   38
    0
    0
   35
    2
    0
   35
   48
   30
    1
   41
    0
    0
    0
    0
    0
    8
    0
    0
    6
    5
   18
    3
    0
    0
    0
    0
    0
    0
   37
   10
    5
    0
    0
    0
    0
    0
    0
    0
    0
   51
   40
   24
    0
    8
    0
   21
   36
    7
    0
   16
    4
    0
    0
    0
   11
    0
    0
    0
    2
   18
    0
    0
    0
    0
   25
    9
    0
  104
    0
    0
    0
    0
    0
    0
    0
    0
    0
    0
  108
  172
   60
    1
    0
   30
   22
   73
    5
    0
   11
   70
    9
    3
   15
    9
   20
  195
   70
   34
  101
   54
    3
   52
   11
  109
   19
   70
   29
   60
   15
   11
    0
    0
   18
   29
  251
    8
    9
    2
   46
   44
    0
    0
    3
    0
    0
    0
    3
   39
    5
    0
    0
   44
   63
   69
   20
    0
   30
    0
   12
    0
    3
    0
    0
    0
    0
    0
    0
    0
    0
    0
    0
    0
    0
    0
    0
    0
    0
    0
    0
    0
    0
    0
   19
    0
    0
    0
    0
    0
    0
   31
   11
    8
   14
   11
    0
   34
    9
   45
    0
    0
    7
    6
   10
    1
   11
   32
    3
   45
   30
    1
    0
    0
    0
   10
    0
    0
   72
   11
    0
    0
    2
   35
   27
    0
    0
    0
    5
   20
    0
   62
    0
    0
    0
    0
    0
    0
   11
    9
    0
    0
    9
    4
    0
   10
   42
    0
    0
    0
   26
    0
  101
   14
   11
   10
    0
   20
    7
  147
  245
    0
    0
    0
    1
   70
  135
    0
    0
    0
    0
    0
    0
    0
    5
    0
    0
    2
  111
   55
    8
    0
   10
    0
    0
    0
    0
    0
    0
    0
    0
    0
    0
    0
    0
    0
    0
  102
  100
    0
    6
   70
   80
    5
    0
    0
   16
    0
    7
    0
   84
    0
    0
    0
    0
    0
    0
    0
    0
    0
    0
   82
    0
    0
    0
    0
  128
    0
    5
   35
  152
  340
   14
    2
    0
    0
    0
    3
    0
    0
    0
    0
   14
    0
    0
    0
    0
   18
    0
    0
    0
    0
  179
  102
   20
  200
   19
    0
    0
   12
   31
    8
    8
   26
    0
    0
   10
    0
    0
    0
    0
    2
    0
    0
    0
    0
    0
   15
    0
    0
    0
    0
   19
    0
    0
   17
    0
   66
   94
    5
    0
    0
    0
    1
    3
    0
    0
    0
    0
    0
    0
    0
    0
    0
    0
   53
   74
    0
    0
    0
   11
    0
    0
    0
    0
    0
    0
   30
   12
    0
    0
   20
   34
   46
    0
    0
    0
   59
   85
   61
   45
   30
    4
    0
    3
   40
    3
    0
    0
    0
    0
    7
    0
    0
    0
    0
    0
    0
    0
    0
    5
   15
   42
  295
    8
   30
   30
    0
  152
   32
   25
    0
    0
    0
    0
    0
    0
    0
    0
    0
    0
    0
    0
   33
   82
    0
    8
   25
   40
   31
    0
    0
    0
    0
    0
    0
    3
    0
   10
    0
    4
    7
    0
   12
   10
   20
  109
  110
   25
    0
    0
    9
   50
    0
   60
    9
    5
    0
    0
    0
    0
    0
    0
    0
    0
    0
    0
    0
   10
    0
    0
    3
    0
    0
    0
    0
    0
    0
    1
    0
   15
    0
    0
    6
    0
    0
    5
   10
   59
    5
    0
    0
    0
    0
    0
    0
    9
    8
    0
    0
    0
    0
   10
   27
   12
    5
    0
   80
   22
  102
    1
    0
    3
    0
    0
    0
    0
    0
    0
    0
  103
   36
   96
    5
    4
   20
    0
    0
    4
    0
    0
   20
   11
    0
    0
    0
    0
    0
    0
    0
    0
    0
   10
    0
   35
    0
    9
    4
   38
    2
   54
    4
    0
    0
    0
    4
   50
    0
    0
    0
    0
    0
    0
   21
   71
    0
    0
   50
    3
    3
    4
   13
   31
    0
    6
    0
   39
   97
   27
    2
   20
    0
    0
    0
    0
    0
    0
    0
    0
    0
    0
   58
   68
    0
   31
    0
    0
    0
    0
   52
    9
    0
    0
    0
    0
    0
    6
    0
    0
    0
    0
    0
    0
    0
    0
    0
  165
   16
   17
    0
    0
   21
  126
   25
  378
    0
    0
    0
    0
    0
    0
    0
    0
    0
   11
   13
   45
   38
    0
    0
    0
    0
    0
  178
  108
    0
    0
   68
    0
   37
    8
    0
    6
   50
   11
    0
    0
    0
    0
    0
    9
    0
    0
    0
    0
    0
    0
    0
    0
    0
    0
    0
    0
    0
    0
    0
    0
    0
    0
    0
   60
  100
    0
    0
    0
    0
    0
    0
    0
   31
    0
    7
   52
   34
    0
   45
  194
    0
    0
    0
    0
    0
    0
    0
   17
   61
  221
    0
   24
   19
   24
    0
   34
   11
   17
   10
  171
   15
    4
    0
    0
    0
    0
    0
   23
    0
    0
   48
   29
   26
    0
   42
    0
    0
    0
    5
   37
  109
    0
    0
   14
    0
    0
    0
    0
    0
    0
    0
    0
    0
    0
    0
    0
    0
    0
    0
    0
    0
    0
    0
    0
    0
    7
    0
   12
  120
   46
    6
   20
   14
   64
   36
    0
    9
    0
    0
    0
   14
   26
    0
    0
   13
    0
    3
   45
   35
   34
   44
    0
   85
   30
    0
    0
    0
    0
    0
   64
   11
    9
    0
   13
   45
    0
    0
    0
    0
    0
   31
   60
   30
    0
   20
    0
   15
    0
    0
    7
    9
    2
    0
    0
    0
    0
    7
    9
    0
   35
    0
   17
    3
   55
   34
   90
    3
    2
   15
    0
    0
   30
   17
   79
    0
    0
    0
    0
    0
    0
    0
    7
    0
    0
    0
    3
    0
    0
    0
    0
    0
    0
    0
    0
    0
    0
    9
   10
    6
    5
   15
    5
   69
    0
   15
   24
    0
   65
   10
    0
    0
    0
    0
    0
    0
    0
    0
    0
    0
    0
    0
    0
    6
    0
    0
    5
    0
    0
    0
    5
    0
    0
    0
    0
    0
   15
    0
    0
    0
   83
   18
   61
    0
    0
   14
    2
    0
    0
    0
    0
    0
    0
   48
    0
    0
   19
    0
    0
   10
   17
    0
    0
    0
    0
    0
    0
    0
    7
   33
    0
   55
    0
   24
   21
   26
    0
   18
    0
    0
    0
   32
   90
   17
    0
    0
    0
    0
   15
    0
    0
    0
   13
   50
    0
    6
   55
   28
    0
   17
    0
    0
    0
    0
    0
   21
   20
   19
   18
    0
    0
    6
    0
    0
    0
    0
   20
   12
    6
   12
   32
   18
    8
    0
   40
   12
   24
    2
    0
   30
  308
    8
    8
    8
    0
  177
   15
   56
   25
   38
   55
  160
    0
    0
    0
    0
    0
    0
    0
    0
    0
    3
    0
    0
    0
   24
    6
   13
    0
    0
    0
    0
    0
    0
    0
    0
    0
   19
    0
    7
    0
    0
    0
    0
    0
   25
  167
    8
    0
    0
    0
   14
   46
    0
   16
    0
   60
    0
    0
    0
    4
    2
    0
    0
   63
    0
    0
    0
    0
    0
    0
    0
    0
    5
    0
    0
    0
    0
    0
    0
    0
    0
    9
    7
    0
    0
    0
    0
    0
    0
    0
   74
    0
    0
   14
    0
    0
   34
    0
    0
    0
   25
    8
    0
    9
   36
   50
   10
    0
    0
    0
    0
    0
    0
    0
    0
    0
   25
    0
    0
    0
    0
   55
   15
   25
    0
    0
   25
   12
   20
    0
    0
    0
    0
    0
    0
    0
    0
   25
   62
    4
    7
   28
   27
   40
   31
   12
   42
    0
   38
    5
   11
    0
    5
   15
    0
    0
    0
    0
    0
    0
    0
    0
    0
    0
    0
    0
    0
    0
    0
   36
    6
   38
    0
    0
    0
    0
    0
    0
    0
    0
    0
    0
   31
   40
  110
    5
   88
   78
   62
    8
    0
   93
   28
    0
    8
    0
    0
    0
    0
    0
   72
   66
   11
    0
    0
   20
    0
    0
   13
    4
   29
    0
    8
    0
   35
  101
    0
    0
    0
    0
    0
    0
   32
    4
    0
    4
    0
    0
    0
    0
    0
   11
   20
   15
    0
    0
    0
    6
    0
    2
   39
   13
    7
   83
   16
    8
   11
    0
   18
   41
    6
    0
    0
    0
    0
    0
    0
    0
   16
    0
    0
    0
   84
    0
    0
    0
   20
   30
   51
  176
   42
   11
   11
    0
    0
    2
   41
   36
   64
    3
  211
   30
    0
   35
   32
    3
    0
    0
   65
   25
    0
    0
    0
    0
    0
    0
    0
    0
    0
    0
    0
    0
    7
   29
    5
   55
   20
    0
    0
   11
   15
    0
    0
   10
  138
    7
    2
    0
    3
   38
    0
    0
    0
    0
   18
   17
   57
    8
   45
    0
    0
    0
    0
    0
    0
    0
    0
    0
    0
    0
    0
    0
    0
    0
    0
    0
    0
    0
    0
    3
    2
  276
   28
    0
  150
    7
   18
  120
    2
   14
    0
    0
    0
    0
   10
    0
   19
   10
   15
    0
    0
   51
    0
    0
    0
    0
    0
    0
    0
    4
    0
   23
   41
  262
   81
    3
    0
    0
   40
   35
    0
    0
   39
    0
    0
   20
    0
    0
    0
  345
   43
    0
    0
   17
    0
    0
    0
    0
    0
   78
    0
    0
   17
    0
    0
    0
    0
    0
    0
    0
    0
    0
   58
   15
    0
    0
   13
   52
   59
   15
    0
    3
   13
    3
    0
    0
    0
    0
    5
    0
  225
   26
   30
   20
   42
   20
    0
    5
    0
    0
    0
    4
    0
    0
   40
    0
    0
    0
    0
    0
    0
    0
    0
   22
   58
    0
    0
    0
    0
    0
    5
    0
    6
    0
   61
    7
    0
   26
    0
   20
    0
   10
    0
    0
    0
   15
    0
    0
    0
    0
    0
    5
    0
   20
   29
   69
   43
   20
   47
   10
    0
    0
    0
   26
    5
    0
    4
    0
   24
    0
    2
   10
   31
    7
   47
   10
   35
    0
   75
    6
   21
    4
   81
  125
    7
    4
    7
   29
    8
    0
    0
    0
    0
    0
    2
   25
    0
    0
   45
    0
   10
   12
  128
   28
   24
    0
    0
    0
    0
    0
    4
   75
    4
   20
    0
    0
    0
    0
    0
    0
    0
    0
    0
    0
    0
    0
    0
    0
   60
    8
   10
   17
    2
   90
   53
    4
    0
    0
    0
    0
   11
    2
    3
    8
   76
    3
   45
   10
   12
   11
  126
   20
    0
    0
    0
    0
    0
    0
    0
   22
    2
    0
    0
    0
    0
    0
    0
    0
    0
   44
   16
    7
   30
   98
   17
   23
   32
    8
    0
    0
   15
    0
    0
    0
   10
    9
   15
   47
    0
    0
    0
    0
    0
    0
    0
    0
    0
   11
   29
    8
    0
    0
    3
   40
    0
    0
   35
   18
   21
    3
    7
    0
    0
    0
    0
    0
    5
    0
   67
   16
    3
    0
    0
    0
    0
    0
    6
   47
    0
    1
   30
   53
    0
    0
    2
    0
    0
    0
    0
    0
    0
    0
    0
    0
  191
   20
    0
    3
    4
   78
    0
    0
    0
    0
    0
    0
    0
    3
    0
    0
    0
   31
   24
  262
    2
    0
    0
    0
   55
   47
   11
    0
   23
    0
    0
   67
  281
    0
    0
  151
    0
    0
    0
   93
   90
   33
    0
   28
   17
   74
    5
    0
   41
    0
    0
    4
   25
    0
    3
    8
   42
   50
    0
    0
    0
    0
    0
    0
  321
    0
    0
    0
    0
   40
    9
   21
    3
    0
   31
  140
    0
    4
   35
    0
    0
    0
    9
    0
   53
   55
   57
    0
    0
    6
  111
    0
    0
   17
    3
   75
    0
    0
    0
   58
   94
    0
    0
    0
    0
    0
    0
    0
    0
    0
    0
    0
  140
    0
    0
    0
    0
    0
   21
    0
  100
   69
    0
   77
   86
   40
   41
    0
    0
   11
    7
    7
   57
   40
   87
    0
    7
   35
    0
    0
    0
    0
    0
    0
    0
    0
    0
    0
    0
    0
    0
    0
    0
  159
    0
    0
    0
    2
    0
    9
    0
   27
    0
    0
    0
   10
   19
    0
    0
    0
    0
    4
    0
   70
  115
   90
    0
    0
    0
    0
    0
    0
    0
    0
    0
    0
    0
    0
  132
   20
   25
    2
    3
    0
    0
   39
   98
  136
   22
    5
    0
   24
   15
    8
   11
    0
    0
    0
    0
    0
   43
    0
    0
    0
   14
    0
    0
    0
    0
    0
   58
   16
   90
    3
   42
  115
   42
    0
    0
   15
    3
   62
  175
  145
   25
   26
    0
   68
   16
    7
    0
   14
   12
   47
    0
   71
   33
    3
    0
    3
    5
    0
    0
    5
    6
   11
   61
    9
    0
   22
   16
    0
    0
    0
    0
    4
   38
    0
   35
   14
   49
    4
    7
   21
    0
    8
   11
    5
    0
    0
    0
   20
   46
   15
   30
   34
   14
    0
    0
    0
    0
    0
    0
    0
    0
    6
   75
   54
   15
    0
    0
    3
   18
    8
   15
   55
    0
    8
    0
    4
    0
    0
    0
    0
   58
   81
    3
  274
   18
    9
   26
   51
   25
    0
   46
   18
   26
   11
   10
    0
    0
   12
    0
    0
    7
   27
   10
   15
    0
    0
    0
    4
    7
   10
  137
  531
   91
    0
    0
   11
   26
    0
    0
    0
    0
    0
    0
    0
    0
    0
    0
    0
    0
   33
    0
    0
    0
   20
   75
    0
    0
    0
    0
    0
    0
    0
   41
   33
    0
   12
    0
    0
  230
    7
   70
   15
   15
   80
   15
  117
    8
   18
    8
    0
    0
    0
   51
   11
   19
  105
    0
    0
    5
    0
   20
    0
    0
    3
    0
    0
  138
    0
    0
    0
    0
    0
    0
    0
    0
    0
    0
    0
    0
  602
    0
    0
    0
    0
  217
   97
    0
   82
    0
    0
    0
    0
    0
    0
   27
   12
    0
   15
  356
    0
    0
    0
    0
    0
    0
    3
    2
    0
    0
    0
    0
    0
  131
    0
    0
    0
   10
    0
    4
   36
    0
   99
   16
    0
    0
   18
    0
    0
   69
   70
   79
    0
    0
  201
   75
   96
  175
    0
    0
   15
    0
    0
    0
   18
   16
    0
    0
   72
    0
   24
  147
    0
   67
    0
   11
    3
   63
   34
    0
    0
   24
    0
    0
    0
    0
    0
    0
    0
    0
    3
    0
    0
    0
   24
    0
   91
    6
   20
    0
    0
    0
   17
    0
    0
    0
    0
    0
    0
    4
    0
    0
    0
    0
    0
    9
   10
    0
    5
    0
    0
    3
   32
   16
   30
    0
    0
    0
    0
    0
    7
   15
    2
    0
    3
    0
    3
    2
   53
   78
   39
   93
   30
   70
    3
    0
    0
    0
    0
   64
   51
    3
    4
    3
    5
    0
    0
   15
   24
   24
    2
    0
    7
    0
   53
    0
    0
  147
   66
    0
    4
    0
    0
    0
    0
   21
    0
    0
    0
    0
    0
   16
   10
    4
   42
    3
    7
   35
   14
    0
    0
    0
    3
   10
   45
   32
   31
   46
    2
    0
    0
    0
    0
   51
   11
   20
    0
   51
   15
   10
   34
   36
   24
    7
   15
   36
    0
    0
   34
    0
    0
    8
    2
    0
  179
    0
   13
    0
    0
    8
    0
   24
    5
   14
   14
    5
    5
   21
    0
    0
   29
   15
   10
    0
    0
   38
   10
    0
    0
    2
    4
    3
    0
    9
    0
    0
    0
    2
    3
   21
    4
    7
   22
   12
    4
   17
    0
    0
    0
   25
   10
  121
   31
   58
    0
   47
   54
    0
    0
    0
   11
    8
   20
    1
   40
   50
   58
   13
    0
    0
   25
   30
  179
   77
  124
    0
    0
    0
    0
    0
   17
   82
    8
    0
    6
    9
    0
    0
    0
    0
    0
    0
    0
  135
   28
   13
    0
   65
  193
    0
    0
   16
   18
  175
    0
    0
    0
    0
    0
    0
    0
    5
    9
    0
   83
  185
  106
  232
   89
    0
   27
   26
    2
   21
   10
    9
   20
   22
    9
    4
   65
   24
    4
   86
    5
    0
    0
   33
   25
   32
   46
   16
    0
    0
    0
    0
    0
    0
  225
   35
    4
    0
    0
    0
    0
    0
    0
    0
    0
    0
   56
   12
   19
   11
   25
    0
    0
    0
  257
    0
    0
    0
    0
   71
  235
    0
    0
    0
    0
    0
    5
    0
    0
    0
    0
    0
    0
    0
    0
    0
   89
  175
    0
    3
    0
    0
    0
    3
    0
    0
    0
    4
   32
   11
   54
   41
   99
   11
  326
  265
    1
    7
    0
    0
    0
   27
   16
    0
    0
    0
    8
   61
    2
    0
    0
    0
    0
  150
  128
    4
    0
    0
    0
    0
   96
   92
   10
   49
  131
   10
    0
    0
    0
    0
    0
    0
    0
    0
    0
    0
    0
    0
    0
    0
    0
    0
    7
    0
   10
    0
    0
    0
    0
    3
    0
   45
  198
   19
    9
    0
   75
   74
  174
   42
    0
   44
   21
   12
    0
    0
    0
    0
    0
    2
   44
   50
   65
    7
   47
    0
    0
    0
    0
    0
    0
    0
    0
    0
    0
    0
    0
    0
    0
   25
   13
    0
    0
    0
    0
    0
   26
   12
   10
    0
    0
    0
    0
   10
    9
   98
    8
   15
   86
   24
    0
    5
    0
    0
    0
   13
    0
    0
    5
    1
    0
    0
    0
    7
    0
    0
    0
    0
    0
    0
    0
    0
    0
    0
    0
    1
    0
    0
    0
    0
    0
    0
    8
    0
    0
    0
    0
    0
    0
   14
   12
    3
    9
    0
    0
    0
    0
    0
    0
    6
   40
   20
   52
   18
    3
   23
    0
   38
   34
   30
    5
    0
    0
    0
    0
    0
    0
   19
    4
    4
    0
    3
   41
    0
    0
    0
    0
   32
   20
    4
    0
    0
    0
    0
    0
    0
    0
    5
    5
   10
   18
    0
   88
    0
   18
   20
   17
   13
    6
    7
   83
    4
    3
    0
    0
    0
    3
    5
   92
    0
    8
    0
    0
    0
    0
    0
    0
    0
    0
    0
   16
   19
    0
    0
    0
   11
    0
    0
    0
  127
    4
   13
    0
    0
    0
   20
   18
    4
    5
    8
   10
    0
  163
   25
    8
  165
   83
    0
   25
   22
   17
    0
   23
   25
  109
    0
    0
    0
    0
    0
   29
    9
    0
    0
    0
    0
  216
    0
   89
    0
    0
    0
    0
    0
    0
    0
    8
    0
   47
   15
   70
   20
    0
    0
    0
    0
   12
  102
   28
   10
    0
    0
   19
   65
   89
  230
  335
    8
    0
  165
    0
    0
    5
    7
    0
    0
    0
    0
    0
    0
    0
   10
    9
   56
    3
    0
   25
   14
   99
    0
    0
    0
    0
    0
    0
    0
   39
    0
    0
    0
   65
  152
   33
   21
   89
   40
    0
    0
    0
    0
    0
    0
    0
    0
    0
    0
   65
  135
    0
   13
   58
    4
    0
    0
    0
   14
   69
    7
    0
   21
   12
    0
   75
  169
   18
   22
    0
   12
    6
    0
    3
   55
    3
    5
    4
   35
    0
    8
   10
   15
    0
   39
    3
    0
   10
   25
    0
    0
    8
    5
   13
    0
    0
    0
    0
   11
   38
   80
    5
   15
  267
   98
    0
    0
    0
    0
    3
   21
    3
   20
    3
   31
    5
    0
    0
    0
    0
    0
   31
   34
    0
    6
    3
    0
   77
    3
   20
    4
    2
   60
   10
   11
    0
    0
   14
    0
   19
    7
   12
   20
   58
   55
   30
   38
    0
    0
    0
    0
    0
    0
    0
    0
    0
    0
  125
    0
    0
    0
   24
   22
  215
   23
    0
    0
    5
    0
    4
    0
    0
    0
    8
    0
    0
    0
    2
    0
   21
    3
    0
    0
    0
    0
    7
    0
    0
    0
    0
    0
    0
    0
   14
   48
   21
    0
   10
   12
    8
   87
    0
    0
    8
    0
    2
    0
    0
    0
    0
    1
   61
    0
    3
    0
    0
   10
   32
   35
   39
    0
    6
   10
    0
   91
   32
    0
   45
    0
    0
    0
  125
   66
    5
    0
    0
    9
    7
    0
    8
   10
    0
    0
    0
    0
    0
    0
    0
    5
   26
  126
    5
   49
   81
    7
   54
    8
   60
    0
    0
   17
   20
   16
   35
    5
    0
    0
    0
    6
    3
   59
    9
    0
    0
    0
    0
   20
    0
   14
   19
   20
    5
    0
   22
    0
    3
    0
    0
    0
    0
   38
   27
   15
   15
   22
   10
    0
    0
    9
    5
   11
   96
   17
    0
    0
    0
    0
   11
    0
   14
    0
    0
    0
   65
    0
   13
   16
   53
   15
    9
    0
    3
   14
   10
    0
    0
    0
    0
    0
    0
    0
    0
    0
    0
    3
    0
    0
    0
    0
   27
   95
    0
    0
    5
   42
    0
    5
  105
    2
   11
   20
    7
   26
   62
    0
   11
   11
    4
    3
   44
   90
   18
    0
    0
    0
    0
    0
    0
    0
    0
   12
  100
    8
   28
  178
  278
  192
   26
    0
   45
    0
   48
    0
   16
    0
    3
   11
  128
   23
    0
    0
    4
    0
    0
    0
   12
    0
    0
    0
    0
    0
    0
    5
    0
    0
  163
   44
    0
    0
    0
    0
    0
    0
   21
    0
   81
   56
    0
    0
    0
    0
    0
    0
    9
    0
    0
    0
    0
    0
    0
   36
   26
    0
    0
    0
    0
    0
    0
    0
    0
    0
    7
    0
    0
    0
    0
    0
    8
    3
   14
   25
    0
    0
    0
    0
    0
   19
  144
   14
  155
   15
   24
   14
   78
    0
    0
    0
    0
    9
    0
    0
    6
    0
    2
   40
    0
    0
    0
    0
    0
    0
    0
    2
    0
    0
    3
    0
   17
    0
    0
    0
    0
    9
    0
   95
    2
    0
    0
    0
    0
   27
    0
    0
    0
    0
    0
    0
   20
    2
    0
   78
  164
   75
    2
    0
   65
   11
    0
    4
   45
   70
  133
   54
   76
   41
    0
    0
   15
    0
   54
    9
    2
    0
   32
   17
    0
    3
    9
    7
    0
    0
    0
    0
   10
    7
    2
   13
   18
    0
    0
    0
    0
    0
    0
    0
   11
   66
    0
    0
   22
   51
   30
   25
    5
   18
    0
    0
    0
   36
    0
   15
    0
    0
   14
    0
    0
    0
    0
    0
    0
    0
    0
    0
    0
    0
    0
    0
   40
    0
    0
    0
    0
    2
  119
    0
   35
   10
    0
    0
   34
   11
    6
   15
   83
   37
   84
   17
   35
    2
   15
    0
   17
    0
   25
   22
   53
   26
    2
    1
   45
    0
   48
    0
    0
    0
    0
    0
    0
    0
    0
    0
    8
   32
   17
    0
    0
    0
   25
   53
    8
   15
   15
    0
    0
    0
    0
    0
    0
    0
    6
   11
   27
    0
    0
    0
    5
    6
    6
   15
   34
    0
    0
   20
    5
    0
    0
    0
    0
    0
    0
    0
    0
    0
    0
    0
    0
    0
    0
    0
    0
   14
   65
    0
    3
    0
    0
    8
   18
    0
  133
   55
   28
    0
   46
    0
    0
    0
    0
   23
    0
    0
   40
   73
  293
    0
    0
   31
   20
   88
    4
    0
    0
    0
   20
   21
   15
    0
    0
    0
   21
    0
   27
   20
    0
   18
   49
   60
   28
   17
   52
   20
    0
   89
   12
   13
    0
    0
   21
    3
    7
    0
    0
   16
    0
   95
    0
    0
    0
   62
   12
   28
   36
    0
   15
  111
    0
    0
    0
    0
    0
    0
    0
    0
    0
   50
    5
    0
    0
    0
    0
    0
    0
    0
   35
   67
   24
    6
    0
  102
   16
   24
   21
    0
   14
    0
    0
   75
    3
   77
    4
    0
    0
    0
   34
   11
  103
    0
  175
  145
   42
  108
   26
    0
    0
    0
    0
    0
    0
    0
    0
    3
    0
    2
    0
  277
   17
   27
   14
    2
    3
   98
    8
    7
   13
   31
   83
    0
   18
    0
    0
   35
    0
    0
    2
   19
    0
   33
   91
   35
    8
    8
  108
    5
   16
   88
   91
   35
    9
   65
    5
    1
    0
   22
   59
   61
    3
    0
    0
   78
   25
   30
   34
   24
   16
    9
    0
    0
   28
    0
    0
   18
    5
    0
    4
    9
    0
    0
    0
   11
   25
   19
    3
    0
    0
    0
    0
   14
    7
   31
   45
    0
    0
   15
    1
    6
    7
    6
    0
    0
    0
    0
    0
    1
    0
    0
    0
    0
    0
   15
    2
    0
    0
   45
   20
    1
    0
   58
    4
   13
   10
    0
    0
    0
    0
    0
    0
    0
    0
    0
    0
   55
    3
   48
   24
   12
   22
   38
    9
    7
   30
   29
   48
   50
   46
   25
    1
    0
    0
    7
   47
    2
    1
   45
    3
    2
   73
   14
   59
    6
   31
    0
   15
    7
    8
    0
  109
  108
    0
   19
   50
    1
    0
    3
   10
   55
    0
    0
    0
    0
    0
    5
    0
    0
   21
   10
    5
    0
    8
    5
    0
    2
   35
   13
    0
    0
    0
    0
    0
    3
  100
    4
   93
   21
   11
    0
    0
   15
    0
   20
    2
    0
   57
   15
    0
    4
    0
   15
    0
    2
   95
    0
    0
    9
    2
    0
    0
    0
    0
    0
    0
    0
    0
    7
   49
    0
   26
   10
  102
    5
   35
   28
    8
    0
    0
    0
  110
  112
    6
    0
    0
    0
    0
    0
    6
    0
  108
    0
    0
   35
   16
    0
    5
    0
    0
   47
    0
  115
    4
    0
    0
    0
    0
    0
   64
  185
   15
   33
   72
    8
    0
   16
    0
    3
    0
    9
    0
   79
    4
    0
    0
   25
  311
  186
   51
   65
    5
    0
    0
   80
   36
   64
    7
    0
    0
    0
    0
    0
   11
   32
   40
    0
    0
    0
    0
    0
    0
    0
    0
    0
    0
    0
    0
  108
    5
    0
    0
    6
   34
   28
    0
    0
   45
    7
   61
    4
   15
    0
   20
    0
    0
    0
    0
    0
   42
   27
  135
    0
    0
   39
    0
    0
    0
    0
    0
   10
   65
    0
    0
    0
    0
    0
    0
    0
    0
    0
    0
    0
    0
   95
    5
   12
    4
    0
   11
   60
    0
    3
   35
   10
    0
    6
   11
    0
    3
   71
    3
   10
   25
    3
   15
    0
    0
   13
    0
    0
    0
    0
    0
    0
    0
    0
   10
    0
   15
    5
    0
    0
    0
    7
    6
    0
  123
    0
    0
    0
    0
   22
  151
  195
  185
    0
    0
    4
   14
    0
    0
    0
   21
   37
   19
    8
    9
    3
    3
    0
    0
    0
    0
    0
    0
   12
   20
   32
   10
    0
   13
   34
    2
    0
    0
    5
   10
   13
   24
   24
    0
    3
    0
    6
    0
    0
    0
    0
    3
   21
  151
   35
    3
   11
    4
    0
   20
    0
    0
   19
    0
    2
    0
    7
   30
    0
    0
    0
    0
    0
    4
    6
   34
   62
    1
   18
   33
   28
    0
    0
    0
    1
    0
    0
  124
   25
   65
    0
   16
    4
   15
    0
    0
    1
   15
    3
   38
    0
    0
   30
   36
   50
   17
   15
   30
   31
   13
    0
    5
   15
   51
   96
    0
    0
    0
   35
   35
    9
   65
   17
    4
    0
    6
   46
  131
   25
   64
   12
   11
   90
   31
  135
  107
    0
    0
    0
    0
    0
    8
   15
    0
    0
   42
    2
   46
   93
   10
    0
    0
    0
   20
    3
    0
    0
    0
    0
    0
    6
    4
    0
    9
    0
    0
    0
   88
    7
    0
    0
    0
    0
    0
    0
    0
    0
    0
    0
  104
   76
    5
    0
    0
    0
    0
    6
   55
    0
    0
    0
    0
    0
    0
    0
    0
  168
   46
   13
   25
   27
   39
    0
    0
   13
    0
   10
    0
   35
   15
    2
    0
    0
  134
    0
   35
    9
   40
    0
    0
   65
  178
    0
    0
    0
   37
    0
    0
    0
    0
    0
    0
    0
    0
   62
   20
    4
    0
    0
    0
    0
   13
   54
    0
   47
    6
    0
  232
   29
   10
    9
    6
    0
    5
   64
    2
    0
    0
    0
    4
    0
    0
    0
    0
    3
   25
    0
   29
   40
   17
   95
    0
    0
   94
   95
    0
    0
    0
    4
    6
    0
   22
    0
    0
    0
    0
    0
    0
    5
    0
    0
  285
  115
    0
    0
    0
    0
    0
   46
    0
    0
    0
    0
  173
   25
   39
   23
    0
   41
   52
    0
    0
    0
    0
    0
   17
    0
   48
   53
   11
    0
    0
    0
  160
    0
    0
    0
    2
    0
    0
    0
    0
    0
   60
    0
    0
    0
   11
   45
  118
    0
    6
    7
    5
    0
    0
    0
    5
    0
    4
    0
    0
    0
    0
    0
    3
    0
   10
   17
   15
    6
    0
    5
    2
    8
    0
   28
    0
    0
    0
    0
    8
    0
    0
    0
    0
    3
   81
    0
    0
   36
    0
   17
    0
    7
    0
    0
    0
    0
   24
    0
   35
    0
    0
    0
    0
    0
    0
    0
    5
    8
    8
    0
   15
   22
   14
    0
   29
   16
    0
    0
    5
    0
    0
    0
    0
    0
   41
   21
   12
    0
    0
    0
   18
    9
    1
    0
    0
    0
   13
   15
    0
    0
    0
   25
    0
    0
    0
    0
    0
    0
    0
    0
    0
    0
   25
   11
    5
   15
   16
    0
    5
    0
    0
    6
   12
   49
   17
   60
   42
    3
    0
    0
    0
    5
    0
    0
   32
    0
    0
    0
    0
    9
    2
    0
    0
    3
   41
   20
    0
    0
   16
    0
    0
    0
    0
   96
   43
    0
    0
   10
   44
    3
   20
    7
   62
    9
    4
   16
   18
  167
   21
   14
    0
   76
   30
   50
  108
   95
    5
    0
    4
   29
   31
    0
    0
    0
    7
   33
    3
   39
    0
   31
    0
   26
   21
    0
   16
    3
   49
   34
   18
   10
    5
   28
    7
    5
    0
    0
   32
   15
   16
   15
    2
    0
    0
    0
    0
   30
  220
   71
    5
    0
    0
    0
    0
    0
    0
    0
    6
   42
   94
   13
    0
    0
    0
    0
    0
    0
    0
    0
    0
   27
    0
    9
   60
    8
   14
  115
   32
    0
    0
   18
   20
   49
  124
   11
    0
    0
   39
    7
   53
   23
  242
    0
    0
  102
  131
    0
    0
    0
    0
   34
   22
    0
  124
    0
    0
    0
    0
    0
    6
  355
   35
   41
    5
    0
    0
    0
   50
  340
   58
    0
    7
    7
    0
   10
    0
    0
    0
    0
    0
    0
    0
    0
    0
   30
    0
    0
    0
  130
   31
   43
    5
    0
    0
    0
    0
    0
    0
    0
    0
    5
    2
    0
    0
   52
   11
    5
    0
    0
    0
    0
   62
    0
    0
    0
    3
    2
    7
   17
   21
   13
   10
  129
   28
  108
  113
   36
   47
  153
    7
    6
    4
    0
    3
   18
   22
    3
    0
    0
   61
    3
    3
   21
    0
    0
   30
   50
    0
   65
    9
    0
    0
   41
   16
    6
    0
    0
    0
    0
    0
    0
    0
    0
    0
    0
    0
   35
   14
    2
   51
    0
    0
   17
   10
   21
    0
   49
   14
    4
    0
    0
    0
   25
  128
  254
   22
    0
    0
   36
    0
    0
    0
    0
    0
    4
   22
    0
    0
   99
    4
    4
   25
   32
   33
   11
   18
    0
   32
    0
    0
   33
   60
  121
    8
    0
    0
   11
   20
   48
   18
    0
    3
    5
   15
    0
   70
    4
  112
   70
    0
   10
    3
   20
   17
   19
  108
   32
    6
    0
   10
    0
    0
    0
   12
    2
    2
    0
    0
    0
    0
    0
    0
    0
    3
    0
    0
    4
   22
   10
    0
    0
    9
   11
    5
  104
   11
    0
    0
    0
    0
    0
    0
    0
    0
    0
    8
   16
   41
   17
    7
   94
   49
    0
    0
    0
    0
    0
   51
   40
    9
   30
   41
   36
   37
   91
   33
    0
    0
    0
    0
    0
    0
   11
   16
    0
    3
    0
    0
    0
   37
   53
    0
    0
    0
   33
   24
   84
   32
   93
   31
   20
    2
    0
    0
    0
    0
    0
    0
    0
    0
    0
    0
    0
    0
    0
    0
    0
    0
    0
    0
   59
   75
   21
    6
    0
    0
   10
    0
    0
    0
    0
   24
    0
   71
   16
    3
   15
    0
   38
    2
   31
  103
    5
   70
    0
    0
    0
  121
   11
   62
    0
    0
    0
    0
    0
   20
   75
    0
    0
    0
  104
    0
   61
    0
   34
    5
   40
    0
    0
    0
    0
    0
    0
   37
   14
   70
   17
    0
   10
   16
    0
   41
   17
   32
    0
    0
    0
    0
  116
    9
    0
    0
    0
    0
    0
   26
    0
    0
    0
    8
    9
    3
    0
    0
    5
    7
    0
    0
   29
    0
    0
   12
    0
    0
  122
   76
    7
    0
    0
    0
    0
    0
   10
    0
    2
    0
    0
    0
    0
   53
   55
    0
    0
   26
    8
   12
   20
   85
    0
  194
  155
  341
   14
    0
    0
    0
    5
    0
    0
    0
  263
    0
    0
   43
    0
    0
  288
    0
    0
    0
    0
    0
    0
    0
    0
    1
    0
    0
    0
    0
  143
    0
    0
   21
   62
    0
    4
    0
    0
    0
    0
    0
   52
  102
    0
   21
   63
    8
    3
    0
    0
    0
    0
   40
   11
   76
   59
   15
    0
    0
    0
    0
    0
    0
    0
   57
   32
   22
   44
   18
    3
   42
   20
    0
    8
   55
    6
   64
    0
   10
    0
    0
   55
   88
  115
   18
    0
    0
   28
   64
   23
   91
   26
    0
    0
    6
    5
    5
    0
   64
  140
    0
    0
   93
    0
    0
    5
   11
    0
    0
  242
  146
    0
    8
   10
   14
    9
    2
    0
    0
    0
    0
    0
    0
    0
    0
    8
   24
   15
    8
    0
    0
    0
  198
    5
   30
    0
   31
    3
    3
  141
  210
    3
   11
  100
   50
    9
    0
   17
    3
    0
    0
    7
    0
   15
   52
    3
    0
    0
    0
    0
    0
    0
    0
    0
   87
    0
   50
    0
   17
   71
   41
   10
   41
    0
    0
   36
    0
    0
    9
   30
    0
    0
    0
    0
    0
    0
    0
   24
    4
    0
    0
    0
    0
    0
    0
    0
    0
    0
    0
    0
    0
    0
    6
   22
    0
    0
   50
    0
   10
    0
    0
   44
   33
    0
    0
    0
    0
    0
    0
    0
    0
    0
    0
    0
    0
    0
    0
   32
    0
    0
    0
    0
   20
    2
  108
    0
    3
    5
    0
    0
    0
    0
    0
    0
    0
    0
    0
    0
    0
   70
  132
    0
    0
    0
    0
    0
    0
    0
   20
    0
    0
    0
    0
    0
    0
    0
    0
    0
    0
   31
   84
   19
   12
   36
   34
    7
    0
    0
    3
   78
   20
   24
    0
    0
    0
    0
    0
    0
    0
    0
    0
    0
   60
    0
    0
    0
    0
    9
    0
    0
   11
    0
    2
    0
   30
    0
    0
    0
    0
   40
   68
   34
    0
    0
    0
   37
    0
    0
    0
    0
    0
   30
   85
   46
   11
   30
   21
    6
    0
    0
    0
   35
    0
    0
    0
    0
    0
    0
    0
  114
    0
    0
    0
   36
  175
    0
   31
    3
    0
   46
   39
   24
    0
    0
    0
    0
    0
    0
    0
    0
    0
    0
    0
    0
    0
    0
    0
    0
    0
    0
   15
   16
    0
    0
    0
    0
   14
    0
    0
    0
    0
   29
    9
    8
   30
   27
    7
    0
    0
    0
    0
    0
    9
   10
   65
  453
   18
    0
    7
    0
    0
    0
    0
    0
    0
    0
    0
   36
    0
    0
    0
    0
   95
    0
    0
    8
    0
   40
   49
   40
   19
   78
  108
   75
    4
    0
    0
    0
    0
    0
    0
    0
    0
    0
    5
   34
    7
    0
    0
    8
   15
    3
    0
   74
    3
    0
    0
    0
   24
    0
    0
    0
    4
    0
    3
    0
    0
    0
    7
    4
    0
   73
    6
    0
    0
    0
    0
    0
    0
    0
   21
    0
    5
  110
   14
    0
    0
    0
    5
    4
    2
   20
    0
    0
    0
    0
    7
    2
  105
   53
   12
   20
    0
    0
    2
   34
   21
   82
    0
    0
    0
    0
    0
    0
    0
    0
    8
    0
    7
    0
   55
    8
   72
    0
   16
   34
    9
   29
   59
   68
   16
   50
    6
    5
   10
  112
   25
    7
    0
    0
   10
    0
    0
    0
    0
    0
    0
    0
    8
  155
    0
    0
    0
    0
   13
   14
   24
   61
   23
   10
    5
   11
    0
    0
    5
    8
    5
    0
    0
    0
    0
    0
    5
    6
    0
    0
    6
   41
    3
   10
    0
    0
   11
    0
    2
   59
   21
    0
    0
   11
    0
    0
    0
    0
    0
   35
   29
    9
    2
   14
    0
    0
    3
    0
    0
    0
    0
    0
    0
    0
    0
    2
   29
   15
   30
   45
    0
   24
    0
    0
    0
    0
    0
    0
    0
    5
   15
    0
    0
    0
   38
   21
    0
    4
    0
    0
    0
    0
    5
   10
   29
   52
  135
  142
  156
    0
    7
   55
   37
   24
   11
    0
   30
    0
    0
    0
    0
    0
   20
   17
   56
    0
    0
   16
    0
    0
    0
    0
   59
    0
    4
    0
   88
   32
    0
    0
    0
   17
   14
   25
   41
   17
    0
   14
    0
   45
    0
   57
    8
    8
    0
   25
    0
    0
    0
   26
    0
    0
    0
   75
   37
   53
    9
   41
    0
    0
   25
    0
   24
   13
   50
   24
   13
    0
    0
   10
   94
    0
    8
    0
  150
  183
    4
   26
   17
    0
    0
    0
    0
    0
    0
    0
    0
    0
    0
    0
    0
    0
    0
    0
    0
  109
   33
   38
    0
    2
   10
    0
   25
    0
   23
    0
    0
    0
    0
   30
   24
   42
   20
   20
   10
    0
    0
    0
    0
    0
    0
    0
    0
    0
    4
   82
   43
    0
    0
    0
    0
    0
    0
    0
    9
   18
   92
   78
   20
   44
   30
    0
    9
   34
    0
    0
   30
    0
    0
    0
   34
    0
   15
    0
    0
    0
    0
    0
    0
    0
    0
    0
    8
    0
   79
    0
    0
    0
    0
    6
   46
    0
    0
   36
   56
    0
    4
    2
    0
    8
    5
   43
   55
   20
  155
    0
    0
   22
   20
    0
    2
   22
   21
  289
   98
   14
   22
    9
   73
    0
    0
    5
   17
    8
    5
    0
