Station: Sayda , scaling_factor: 10.0, latitude:  50.7167, longitude:  13.4333, altitude:  670, nodata_value: -9
start: ..1969-01-01  end: ..2006-12-31
  171
  197
    4
    0
    0
   19
   10
    0
    6
   10
    5
    0
    0
    2
   15
    0
   29
    9
    0
    5
    0
  110
   74
   40
   25
    3
    0
    3
    0
    5
   65
   10
   15
    4
   30
    0
    0
    0
    3
   30
    0
    0
    0
   32
    3
  220
   32
    0
    0
    0
   20
    0
    0
    0
   15
    4
    0
    0
    0
    0
    0
    0
    0
    0
    0
    0
    0
    6
    0
   83
   95
   83
    0
   57
   17
    0
    0
    0
    0
    0
    0
    0
    3
   35
   12
   19
   62
    0
   54
   69
   75
   41
    3
    0
    0
    0
    0
    0
    0
    0
  100
   28
   14
    4
   82
  124
  123
   29
   47
    0
    0
   93
   91
   36
   30
    0
  215
   29
    4
  155
   10
    0
  171
    5
    0
    0
   36
    0
   20
    0
    4
    0
    0
    0
    0
   70
    0
   10
    3
    3
    0
    0
    0
    0
    0
   46
    0
    0
    0
  235
   13
   35
   13
   70
    6
  111
   52
   13
    0
    0
    0
    0
    0
    0
  144
    5
    0
    0
   30
  198
   75
    0
    0
    0
  111
   11
   59
   11
   60
  139
    0
    0
   13
   19
    0
    0
   20
    0
   21
    0
    8
   26
    6
   62
    0
    0
    0
    8
    0
    0
    9
   38
    0
    0
    0
   10
   27
    0
    0
    0
    3
    0
    0
    0
    0
    0
    0
   10
    6
    0
    0
    0
    0
    0
   52
   89
   26
   25
   54
    0
    3
   53
    0
    0
    0
    0
    0
   18
    0
   53
   96
  147
    0
    0
    0
    0
    0
    0
    0
    0
    0
    0
   18
    0
    0
    0
    0
   17
   55
   19
    0
    0
    0
    8
   37
    0
    0
    0
    0
   39
    0
    5
    0
    0
  107
   60
    0
    0
    0
    0
    0
    0
    0
    0
    0
    0
    0
    0
    0
    0
    0
    0
    0
    0
    0
   77
   27
   21
   44
    5
    0
   15
  153
   81
    0
    0
    0
   74
    8
    0
   31
   54
   21
    0
    0
    0
    0
   21
    0
    0
    0
   22
   22
   19
    0
    0
    0
   44
   50
   66
   22
    3
    5
    3
    0
   12
   77
    0
    0
    0
   27
    0
    0
   10
    6
    0
    0
    0
   53
   17
    3
   60
    4
    0
    0
    0
    6
   13
    0
    0
    0
    0
   22
    0
    5
   13
   31
   46
   16
   72
    0
    5
    2
   10
    0
    0
    0
    0
    0
    0
   16
    3
    0
    0
    0
    0
    2
    4
   10
    0
   13
   97
   40
    0
    0
   11
    0
  119
   57
    0
   23
   48
    5
   16
   55
  101
   32
    7
   70
    4
   12
   14
   21
   58
    8
   60
   32
  334
  155
   62
    0
   81
   80
   56
  100
  125
    0
  172
  322
   30
    0
    0
    0
    0
    0
    0
    0
    0
    3
   28
   43
   52
   48
   70
    5
   10
    0
    0
   20
    0
   20
  169
   20
    2
   46
    0
   20
   50
   54
    0
    0
    0
    9
  252
    0
    6
   11
   64
    0
    0
   91
    0
   35
   98
   39
   21
   49
   27
   25
    3
  100
   23
    4
   45
   86
   74
   38
   24
    5
    0
    0
    0
    0
    0
   43
   44
   57
   28
    0
    0
   11
    0
    0
  128
   43
   20
   28
   31
    0
    0
  112
  149
   92
   26
   82
   95
   50
    0
   14
   43
   35
    8
    0
    0
    0
  173
    0
    0
    0
    0
    0
   53
    0
    0
    0
    0
    0
    3
   45
   18
   32
    0
    0
  232
   14
    0
   14
    0
    0
    0
    0
    0
    0
   33
  111
    0
    0
    0
    0
   60
   25
   81
   21
    8
   38
    0
   28
    0
    0
   41
   72
   68
   74
    0
   14
    0
   19
  425
  145
   21
    0
    0
  175
   30
  169
    0
   41
    0
    0
    0
  131
    0
   49
   18
    0
    0
  110
  285
  102
   60
    2
   16
    0
    0
   12
    0
    0
    0
   18
    0
   86
   12
    0
    0
    0
   29
    0
    0
   27
    0
   10
    0
    0
    6
    0
    0
    0
    0
   45
    0
    0
    0
   49
    0
    0
    0
    0
  134
  112
  127
  235
  183
   16
    0
    0
    0
    0
    0
    0
    0
    0
    3
    0
    5
    0
    0
   37
   12
   43
  142
  120
   96
    1
   45
    0
  118
    5
   53
    5
    0
  142
   34
    0
   85
   29
    0
    1
   30
   71
   98
    0
    5
   93
    1
    1
    0
   38
   28
    0
   17
  150
    0
    0
    0
    0
    0
    0
   23
    0
   89
   24
   14
   51
   95
    0
    5
   24
   18
    6
    0
    0
    0
   72
    0
    0
    0
   34
    0
   19
   89
    0
   45
   69
    0
    0
    0
   51
    5
  152
    0
    4
    0
    0
    0
    0
    0
    0
    0
    0
    0
    0
    0
    0
    0
   13
    8
    0
    0
    0
    5
    0
    0
   61
    0
    0
   27
   15
    2
    0
    0
    0
   16
    0
   30
    0
   10
   13
   31
  142
    6
    0
    0
   20
   15
    0
    0
    0
   19
    0
   51
    0
   20
  115
   24
   64
   52
   27
   26
  106
   15
    0
    7
   24
    7
   37
   20
    0
   34
   14
    7
   49
    0
    0
    0
  158
    0
    0
   11
    0
    0
   17
    7
    9
    1
    0
    0
    0
    0
    7
   10
    0
    1
    0
    0
   49
    2
    0
    0
    0
    1
    1
    0
    0
    0
    0
    0
   17
    0
    0
   26
    0
    0
   47
   96
   72
   10
   40
   19
    0
    0
    2
   33
    0
    0
    0
    0
    0
    0
   65
    5
    0
    0
    0
   18
   25
    0
    0
    0
   26
    0
   24
   25
   35
    1
    0
  194
    0
   38
   48
   37
   38
    9
    1
   82
    6
    6
    0
   62
    0
   42
   44
  178
   55
   40
   16
   15
   19
    8
   63
   95
   63
    3
   41
    0
    0
    0
   13
   15
  182
  145
  251
    4
  183
    0
    0
    0
    0
    0
    0
    0
    0
    0
    0
    0
   16
    8
    0
    0
    0
    0
    0
    0
   12
    0
    0
    0
    0
    0
   26
    0
    0
    0
    0
  132
    2
    0
   16
    0
   14
   12
    0
    0
   17
    0
    0
   57
    0
    0
    0
    0
    0
    0
   61
   31
   12
    0
    0
   92
   91
    0
    0
   39
    3
    0
    0
    0
    0
    6
    1
    0
    0
  182
   30
   29
   37
    0
    5
   69
   18
    0
  102
    0
    0
    0
    0
   30
   46
   27
    1
    0
  175
   32
    0
    0
    0
    0
   13
   19
    0
    0
    0
    0
    0
    0
    0
   26
  168
    0
    0
    0
    0
    0
   11
   67
    0
    0
    0
    0
    0
    0
    0
    0
    0
    0
   18
    2
   10
    0
    0
    1
    0
    1
    0
   92
    0
    0
   12
   70
   26
   40
   66
  300
   11
    0
   70
    0
   38
   18
    0
    0
    0
    0
    0
    0
   11
    8
    3
   58
   47
   18
   24
    5
  142
  158
  168
  130
   24
    0
   11
    0
    0
    0
   28
  144
    2
   30
   85
    0
    0
    0
    0
   30
   18
    0
    0
    0
    0
    0
    0
   46
    0
    0
   14
   25
    0
    0
    0
    0
    0
    0
    0
    6
    0
    0
    0
   67
   12
    0
    0
    0
   28
   10
   14
   27
   23
   23
    0
   30
    0
    0
    0
    0
    0
    0
    0
   50
    0
    0
   11
    8
    0
    0
    0
    0
    0
    6
    0
    0
    0
    0
    4
    3
    0
   32
    4
    0
    0
    0
    0
    0
    3
    0
   14
    1
   30
    0
    0
    0
    0
    0
    0
    0
    0
    0
    0
    0
    0
    0
    0
    0
   29
  124
    5
   39
    0
   48
   37
   98
   66
    2
    0
   16
   45
    2
    0
    3
    4
    0
    0
    0
   23
    1
   50
   11
   28
    0
   38
    0
    0
   24
    0
   44
   53
   32
    0
    0
   25
    0
   25
    2
    0
   12
    0
  180
    0
   36
   99
    8
    0
   42
   22
  107
    0
   65
  125
   23
  115
    0
    0
   21
    0
   43
   84
  149
   21
   13
    0
   10
    3
    0
    0
    0
   11
   55
    0
    0
   67
    0
  203
    0
    0
   12
    6
    0
    0
   17
    0
    0
    0
   17
    0
    0
    0
    0
   71
    9
   46
    0
    0
   23
    0
    0
    1
    6
    0
   22
  144
    3
    0
    0
    0
    0
    0
    4
    0
    0
    0
    0
   29
  125
    0
  426
    0
    0
   18
  175
   71
   32
    1
   26
   83
    0
   12
    0
    0
   85
    0
    0
  130
    0
    0
    0
  258
   15
    0
   97
    0
    0
   48
    6
    0
   11
    0
    5
    0
    0
    0
    0
    0
  177
    8
    0
    0
    0
    0
    1
   22
    0
   54
   17
    0
   51
   33
    0
   22
   51
    0
    0
    0
    0
   52
  168
   14
    5
   23
   48
   56
    2
    0
    0
    0
    0
    0
    0
    0
    0
    0
    0
    0
    0
    0
    0
    0
    0
    0
    0
    0
    8
   15
  138
  172
  137
    0
    0
    0
    0
  117
   25
    1
    0
    0
    0
    0
    0
   21
    9
    0
   16
   16
    0
   45
   67
    6
    0
   30
   33
  176
   54
   13
    0
    0
    0
    0
   64
    0
    0
    0
    0
    0
    0
    0
    0
    0
    7
    0
    0
    7
   32
    0
    0
    0
    0
    4
    0
    0
    0
    0
    4
    0
    0
    0
    0
    0
    0
    0
    0
    0
    0
    0
    0
    0
    0
    0
   37
    0
   12
    0
    0
    0
   13
    0
   16
    0
    0
    0
   53
    6
    0
    0
    4
    4
    0
    0
    0
    0
    0
   56
  159
  153
   35
   67
    8
   53
    0
    0
    0
    0
    0
   62
   20
   18
   20
   23
   10
    0
    2
    0
   16
    0
   60
    0
   55
   91
   81
  237
  147
   20
   24
   24
   43
    0
   52
   81
   10
    0
    4
   33
   60
    3
    0
   13
    2
    0
    0
    0
    0
   92
  142
   49
   14
    0
    0
    0
    0
    0
    0
    0
    4
    0
    0
    0
   21
   24
   60
    0
    7
    0
    3
    0
   45
  115
   65
   74
    0
    0
    0
   56
  118
   81
    0
    0
  147
   11
    0
    0
    0
    0
    0
   53
   17
    0
    0
   14
    9
   15
    0
   27
   18
   40
   43
   15
    0
    0
    0
   64
    0
    0
    0
    0
    0
    0
  198
    0
    0
   93
   50
    2
    0
    0
    0
  102
    1
   22
    0
    0
    0
    0
   64
    5
  409
   68
   60
    3
    0
   55
    0
   14
    0
   92
    0
    0
    0
    0
    0
   35
    6
    0
    0
    0
   19
   12
    0
    0
    0
    0
    0
    0
    0
   12
    0
    0
    0
   68
    2
    3
    0
  119
   18
   37
  101
   18
   24
    0
   77
   36
    2
   60
  580
   70
  170
    0
    0
    0
    0
    0
    1
   22
    0
    0
   70
    0
    0
    0
    0
    0
    0
    0
    0
    0
    0
    0
  395
   10
    0
    0
    0
    0
    0
    0
    0
    0
    0
   75
   43
    0
   42
    0
    0
    0
    0
    0
    0
   20
    6
    0
   26
    0
    0
    0
  121
   33
    0
    0
    0
    7
    0
    0
    7
    0
    0
    0
    0
   58
    0
    0
    0
    0
    0
    0
    0
    0
    2
    0
    0
   87
   18
    0
    4
   68
   68
   28
    2
   97
  107
  197
   50
  172
    0
    0
    0
    0
    0
    0
   79
    0
    0
    0
    0
    0
   19
    0
   20
   65
    0
    1
    0
   35
  109
   40
  115
   47
    0
    0
   33
    0
    0
    0
   22
   32
    0
  140
   57
   29
   62
   17
   19
    0
   71
  166
   22
   62
   98
   80
    7
    0
   27
    0
   62
   43
   62
  108
   10
    0
    0
    0
    0
    0
    0
    0
    0
    0
   40
   20
    6
    0
    0
   12
    0
    0
    0
    0
   72
   40
   15
    0
    0
   48
    0
    0
    6
   45
    8
   73
  299
   47
   10
    0
   61
    5
   57
    8
    0
   18
    0
    0
    0
    0
    0
    0
    0
    5
    0
   86
   90
   72
   22
    0
    0
   10
    1
   10
    0
    0
    2
    0
   70
    0
   11
   46
  124
   25
   40
    0
    0
    0
    0
    0
   11
   19
   75
    0
    5
    0
    3
    0
    0
    0
    1
   25
    0
   12
   72
   50
    0
    0
    0
    0
    0
    0
    0
    0
    0
    0
   27
    0
   11
    0
    0
    0
    0
    0
    0
    0
    0
    0
    0
    0
    0
    0
    0
  101
   48
   21
    0
    0
    0
    9
    6
    0
   16
    0
    8
    0
   39
    0
    1
    0
    0
    2
   50
  100
   36
   53
    0
    3
    0
  243
    6
   10
  158
   25
   43
   15
    0
    0
    0
  134
  234
    4
    5
    0
    0
    0
   17
    0
    0
   63
   44
    0
   33
    0
    0
   13
    7
   52
    6
   58
   55
  241
  178
    7
   14
   27
    0
   62
    0
   12
    0
    0
   29
    0
    0
   32
   13
   56
  128
  153
  156
    1
  125
   10
   10
   73
   20
    1
  264
   12
  155
    0
    5
   94
   20
   34
   18
  173
    8
  111
   16
    0
    1
   91
   67
    0
    0
    0
    0
    0
    0
    9
    0
    0
   52
   36
    0
    0
    8
   51
   20
    0
   37
    0
    0
    0
    0
  128
  115
    2
   18
    0
    0
    0
    0
    0
    3
  148
    0
    0
    0
    0
    0
    0
  133
    0
    0
  264
    0
    0
   77
    0
    0
    0
   10
    0
    0
    0
    0
   18
    4
    0
    0
    0
    0
    0
    5
   99
    0
  147
    0
    0
   52
    0
   13
    1
    1
    1
   10
    0
  102
   19
    0
   17
    0
    0
   42
  264
   17
    0
   15
  125
  228
  327
   30
   76
  142
   19
   65
   55
   45
   10
   53
  263
  165
   25
    5
    0
    0
    0
    0
    5
   10
    0
    0
    0
    0
    0
    0
    0
   60
    0
    0
    3
   82
    5
   27
   18
   27
  140
   71
  133
   29
   77
  107
   43
   21
   87
  420
  489
  168
   19
   13
   33
   83
   18
   25
   58
   18
   64
   74
   62
    0
    0
    0
    0
    0
   77
  112
   17
   78
   70
  280
  125
   88
    0
    0
    0
   23
   11
  104
   31
    0
    0
    0
    0
   24
    0
    0
    0
    0
    0
    0
    0
    4
    8
   11
   12
   42
    0
   22
   87
   25
   45
   10
   38
   64
    2
    0
    0
    0
    0
    0
    0
    0
   18
    0
    0
   25
    0
    0
   15
   20
   81
    0
    0
    0
    0
    0
    0
    0
    0
    0
    0
    0
    0
    0
    0
    0
    0
    0
    0
    0
    0
  103
    5
   63
   15
    3
    0
    5
   79
   45
    0
    0
    0
   78
  142
   92
   22
    5
    0
    0
   40
    0
    5
    0
   10
   10
    1
    0
    1
    0
    2
   26
   84
   18
  140
  115
   43
   12
    0
    0
    2
    0
    0
    0
    0
   45
    2
    0
    0
    0
   75
    0
   12
  107
    0
    0
    0
    0
  324
   10
   21
  216
   17
    0
    0
    0
    0
    0
   15
   40
    0
    0
    0
    0
    0
   20
    0
    0
    0
    0
   11
    0
    0
    0
   10
    6
    0
    0
    0
    6
   53
   66
    0
    0
    0
    0
   11
   58
    4
  203
    5
   30
    0
  110
   22
  238
    0
    0
    0
    1
    0
    0
   95
    1
    0
   48
    0
    0
    0
    0
    3
    0
   50
    0
    0
   59
    0
   11
    0
  146
  240
   10
   28
    0
    0
    0
   39
   23
    0
    0
    0
    0
    6
    0
    0
    0
    0
    0
    0
    0
    1
    0
    0
    0
    0
    0
    0
    0
    0
   10
   40
    0
    9
    0
  282
   70
  195
  220
    0
    0
    0
    0
    0
   25
    0
    0
    0
  123
    0
    0
    0
    0
    0
    0
  238
   75
    1
    0
    0
    0
    0
    0
    8
    1
    0
    0
    0
    0
    0
    0
    8
   10
    0
    0
    3
    0
   53
   16
  105
    2
   91
  110
   74
   10
    0
   30
   27
    0
    3
    0
   14
   38
   43
   43
   48
    2
    0
    0
    0
    0
    0
    0
    0
    0
    0
    0
    1
    0
    0
    0
    5
    0
    0
    2
    0
    0
    0
    0
   65
    0
    0
    3
   63
   84
  195
  112
   24
    0
    0
    0
    0
    0
    2
   21
   32
   12
    0
   21
   11
   20
   30
   20
   25
   25
    0
   31
    0
    0
    0
    0
    0
   30
    0
    0
    0
   20
    0
    0
   67
   88
  134
    0
    0
    0
    0
    0
  178
   37
   27
    6
  128
   35
    0
    0
   48
  205
  220
   94
  246
  170
   30
   45
    5
   78
   45
   42
   85
  145
  120
   27
   37
    0
    0
    2
    0
    0
    0
    0
    0
    0
    0
    0
    0
    0
    0
    0
   37
    5
   12
   21
   24
   16
    0
    0
    0
    0
    0
    0
    0
    0
   30
    0
    0
    0
    0
    8
    0
    6
    0
    0
    0
    9
    0
    3
    6
    0
    0
    0
    0
    0
    0
   12
   41
   22
   75
    4
   13
    2
    0
    0
   82
   83
   30
    0
    0
    8
    0
    0
    0
    0
    0
   10
    6
   29
    0
    0
    0
    0
    7
    0
    0
   20
    0
    0
    0
    0
    0
    5
    0
   56
   22
   57
    0
   25
   18
    0
    0
    0
    0
   23
    0
    0
    0
    0
    0
    0
    0
    2
    2
    1
    0
    0
    0
    0
    0
   29
   68
   88
   32
    0
    0
    0
   10
   30
    2
    2
   94
   73
   85
   70
   47
   40
    0
    0
    0
    0
    0
    0
    0
   15
   19
    0
  265
   39
    0
    0
    0
    0
    0
    0
    0
    0
    0
    0
    0
    0
    0
    0
    0
    0
    0
    0
    0
    0
    0
   12
   75
    0
    0
    0
   65
   25
    5
    0
    0
    0
   78
   68
   28
    0
    0
    0
   50
    2
    0
   11
    0
    0
   31
    8
   27
  136
    6
    0
    0
    0
    0
    0
    0
    1
   35
    9
   78
    0
    0
    4
    9
    0
   60
    0
    0
    0
    0
    0
   16
    0
    0
    0
   68
   62
    7
   22
   26
    0
    2
    0
    0
    0
    9
    0
    0
    0
    0
   99
    0
    8
    0
   41
   51
    0
    5
    0
    0
   13
    0
    0
    7
  124
   45
    0
    0
    0
   16
   30
   20
    8
    0
    0
    0
    0
    0
    0
    6
    0
   28
   78
   87
    0
    0
    0
    0
    0
    0
    0
    0
    0
    0
    0
    0
   12
   23
    0
    5
    5
    0
    0
    0
  168
    0
    0
    0
    0
    0
   20
   61
   20
   26
    0
    7
   57
    0
    0
  182
  150
  230
   52
    0
   48
    0
   28
   15
    4
    0
   35
    0
    0
    2
    4
    5
   10
   25
  146
  158
  125
   80
   32
    5
    0
    0
    0
    0
    0
    0
    0
   34
   28
    2
    0
   35
    0
    0
    0
   24
    6
    0
    1
    0
   15
   75
   36
    4
    0
    0
    0
    0
   13
    1
   10
    0
    0
   28
    0
    0
    0
    0
    0
  138
    1
    0
    0
   78
    4
    0
    0
    0
    0
    0
   20
   33
   90
   35
    0
   45
   15
    0
    0
    0
    0
    6
    0
    7
   54
   10
    8
    0
    0
    3
   18
   61
   40
   35
    3
   77
   29
   59
    0
    0
    0
    6
    0
    0
    2
   90
    9
    0
   21
    0
    0
    8
  123
    6
    2
    0
    0
    2
    0
   27
   28
   58
   13
    0
    0
   17
    0
   67
    4
    5
    4
    0
   90
   50
   75
   79
   36
  147
   69
  181
    2
    0
    0
    0
    0
   16
   37
   31
   65
    0
   18
    9
   45
   61
    2
    9
    0
    0
    0
  168
    0
    0
   17
    5
    0
    0
  117
    1
   14
    2
   14
    0
    0
    2
   45
    4
    0
    0
    0
    0
    0
    0
    0
    0
   29
    0
    0
    0
   66
   10
   46
   15
    0
   34
    0
    2
   30
    1
    0
  620
   38
    4
    0
  184
  405
   27
    0
    0
    0
    0
  103
   12
    0
    0
   52
    0
    0
    0
    0
    0
   53
  230
    0
    2
   63
   29
    0
    0
  139
    6
   25
    0
    1
   37
   20
    0
   17
    0
    0
   67
  243
    6
    0
    0
    0
    0
  510
   83
    2
    0
    0
    0
    0
    0
   72
   79
  580
   68
  175
   18
    6
   14
    0
    0
    6
   55
    2
   91
  282
    0
    0
    0
    0
  145
    0
    0
    0
    0
  135
   48
   61
    0
    0
    0
   64
   94
   52
   70
    0
    0
    0
    0
    3
   47
   39
    1
   27
    0
   47
   98
    0
    0
    0
    0
    0
   14
    0
    0
    0
   62
   18
   18
   18
    0
    0
    0
    0
   31
    0
    0
    0
    0
    0
    0
    0
    0
    0
    0
    0
    0
    0
    6
   12
    0
    0
    0
  150
    5
   52
   69
  128
  111
    5
    0
    0
    0
   28
  356
    0
    0
  110
    0
   96
    1
   15
   84
   45
    0
    0
   23
   20
    8
    0
   40
   67
   91
   13
    0
   31
    0
   60
    0
    0
    0
    5
    0
    0
    1
    0
    0
  110
    5
   70
    3
    0
    0
    0
    0
    0
    0
    1
   15
   59
  125
   16
   26
    0
   40
   78
   57
    0
   21
   41
  109
    0
   46
    0
    0
    0
    8
    0
    0
    0
    0
    0
    0
   75
    5
    0
    0
    0
    0
    0
   97
   60
   30
    0
    0
    0
    0
   40
   13
   54
   24
    0
    0
    0
   10
   25
    0
    5
   29
    0
    0
    3
   30
    0
    0
    0
    0
    0
   30
    0
    0
    0
    0
    0
    0
    0
    0
    0
    0
    0
   50
    0
    0
   60
   57
   18
    0
    0
   26
    0
    2
    0
   71
   50
  110
   32
   56
   20
    0
   53
   52
    0
   28
    0
    0
    0
    0
    0
   10
    8
   49
    6
    0
    0
    0
    0
    5
    8
    0
    0
    0
    8
    8
    0
    0
    0
    0
   95
    0
    4
    0
    0
    0
    0
    0
   30
    0
   35
  121
    0
    0
    0
   89
  680
   81
    7
   23
   30
   34
   31
    6
   28
   67
   60
    0
  140
   78
    0
  142
   78
   18
    1
    0
    0
    0
    0
    0
    0
    0
    0
    0
    0
  112
   15
  177
   45
    3
    0
    0
   74
   32
    0
    0
   16
    0
    0
    0
   55
    0
   37
   20
    0
   45
   34
   32
    0
    0
    0
    0
   38
    1
    4
    1
   29
   20
  123
   29
   12
    0
    0
    0
    0
    0
    1
    0
  228
   11
   24
   16
    0
    0
    0
    1
    0
    0
    0
    1
    0
    0
    0
   10
    0
    0
    0
    0
  340
  678
   72
  129
   17
   15
    0
    0
   43
   97
  187
   24
    0
    0
    0
    0
   38
    0
   30
   63
   21
    0
   36
   49
  144
   55
   80
   25
    0
    0
   25
   10
    0
   87
   12
  250
  153
    1
   28
    0
    0
    0
    0
   89
   75
  146
  284
   63
    0
   10
   84
    1
   29
   77
   10
    0
   12
   34
  100
   75
   11
    0
    0
    0
    0
    0
    0
    0
    0
    0
   10
   25
    0
    0
   24
   26
  177
    5
   27
  161
   22
    0
   35
   12
    0
    0
    0
    0
    0
    0
    0
    0
    0
    0
    0
    0
    0
    0
    0
    0
    0
    0
   35
    0
    0
    0
    0
    6
    0
    0
   40
   30
    9
   43
  174
  180
   27
    0
    0
    0
    0
    0
    0
   98
  140
   10
    0
    0
   15
   10
    2
    3
    5
    0
    0
    2
    0
    0
    0
   20
    0
   28
   12
   58
  304
   52
  159
   32
   16
   64
   10
    0
    0
    0
    0
   33
    0
    0
  108
   55
   64
   86
  105
    0
    0
    0
    0
    0
    0
   45
    5
    0
   54
    0
    0
    0
   44
   52
   70
   39
    0
   15
    0
    0
    5
   80
    0
    0
   28
   40
    8
    4
    0
    0
    2
    0
    0
    0
    0
    0
   15
   10
    0
    0
    0
    0
   13
    0
    0
   47
    0
    0
   10
    3
   65
   39
  175
   26
   63
   23
    0
  138
    0
    0
   25
    0
    0
    4
    6
    0
    5
   25
    0
    0
  120
  173
   23
   19
   15
   27
  235
    0
    2
  140
    4
    0
    0
    0
    0
    0
    1
    0
   44
   15
    0
    0
    5
    1
    7
    9
   42
    5
   35
   45
    0
    0
   33
    8
   13
    0
   13
   18
   43
    0
    0
    0
    0
   85
    8
    0
    0
    0
    0
    0
    0
    0
    0
   22
    0
    0
   25
    0
    0
   55
    0
    0
    0
    0
    0
    0
    0
    0
   43
   74
  235
   21
    0
    0
    0
  135
    0
    0
  240
  112
    0
    0
    0
    0
    0
    0
    0
   61
    0
    0
   41
   83
   22
    2
    0
    0
    0
    7
    0
    0
  153
   95
  194
    3
    0
    0
    0
   22
   50
   21
   70
    0
   14
    0
    0
   10
    2
   89
   40
   52
   11
    0
  226
    3
    1
   11
    0
    0
    0
    0
    0
    0
  184
   45
   45
    0
    0
    0
    0
    0
    0
    0
   71
    0
   10
    3
   12
  167
    2
    5
    2
    8
    2
    0
    0
    0
    0
    0
   94
   91
    0
    0
    0
   21
  165
    0
    0
    0
    0
    0
   25
    0
    0
    5
    0
   16
  174
  250
   91
  229
    8
    0
   16
    3
    0
    0
    0
    0
    0
    0
    0
    0
    0
    0
    0
    0
    0
    0
    0
    0
    0
   13
   57
   77
    0
    0
    0
    0
    0
    0
    0
    0
    0
    3
    1
    0
    0
  105
   40
   35
   27
   43
   82
   75
   67
    1
    4
    0
    3
   23
    1
   50
    0
    7
   90
   71
   91
    0
    6
    0
    0
    0
   45
    0
   18
    0
    3
   50
    0
    0
    0
    2
   14
   97
    2
   28
  140
   77
   65
   45
   50
    5
   26
  110
    0
   35
   50
    1
    0
    0
    0
    0
    0
    0
    0
   42
   61
   54
   82
  101
    9
   49
   35
   11
   12
    1
   18
    0
    2
    0
    0
    0
    0
    0
    0
    0
    0
   12
    0
   38
   22
    5
   79
  100
    0
    9
    0
   37
   31
   64
   30
   60
   84
  187
  105
   11
    0
    0
  102
   54
   62
    0
    0
    3
   45
    6
    0
    0
    0
    0
    0
    0
    0
    0
    0
    0
   61
   15
    0
   43
   38
   10
    0
    0
    0
  162
  103
    0
    0
    0
    0
    0
    0
    0
    0
    8
   88
    2
    0
    0
    0
    0
    0
    0
   16
    0
    0
   39
    0
   65
  181
  115
   13
    5
    0
   18
   62
   51
   42
    3
    0
    0
    0
    0
    0
    0
   41
   77
   28
   25
  111
  378
  148
   14
    0
   17
    0
    0
    0
    0
    0
    0
    0
    0
    0
   10
   55
   45
    0
    0
    0
    0
    0
    0
    0
    5
    0
    0
    0
    0
    0
    0
    3
    1
    0
    0
    5
   28
    0
    0
    0
    0
   78
    0
    0
    0
    9
   11
    0
    0
  105
    0
    0
  100
    0
  125
   25
   16
    0
   15
   25
   32
   38
    9
    0
   59
    8
   13
   67
   94
   35
  231
  244
    0
   52
    0
   52
  180
  244
    0
  125
   45
   37
    6
   66
    0
    0
   10
   50
   13
  712
   72
    0
    0
    0
    0
    0
  128
    3
  127
    0
    0
    0
   10
    0
    8
    0
    0
    9
    0
    0
    0
  110
    1
    0
    0
    0
    0
    0
  175
   10
   44
   50
    1
   62
    0
    0
    0
    2
   28
    2
  369
   30
    0
    0
    0
  230
   21
    0
    0
    6
    9
  145
  140
    2
  122
   37
    0
   41
    0
    0
    0
    0
    0
    0
    0
  152
    0
    0
    0
   10
   32
   15
    0
    0
   11
    0
    0
   31
    0
    0
    0
    0
  247
  313
   14
    0
    0
    8
  120
    8
    0
    0
    0
   24
    8
    0
    0
   21
    0
   53
    8
    0
    0
   35
   18
    0
   30
   55
   36
   28
    0
    0
    0
    7
    0
    0
   81
   62
    0
   59
   69
    0
    0
    0
    0
    2
    0
   27
    0
    0
   51
   20
    0
   58
  120
   68
  124
   50
   20
    5
    1
   13
    0
    0
   54
   19
   41
    1
    0
   23
   11
    0
   18
   20
   95
    0
   47
    7
    2
    0
    2
    0
    3
   48
  166
  114
   88
  180
   61
   20
    0
   27
   67
    0
    0
   21
   42
   40
   36
    1
   17
  175
   50
   10
    0
    0
    0
   35
    0
    0
    0
    0
    0
    0
    0
    0
   12
   69
   49
   56
   31
   40
    3
    5
   35
   38
   10
    0
    5
    0
   12
    0
    3
    4
    5
    3
   52
   12
    0
    0
    0
    0
   18
   16
   41
    2
   14
    0
    0
   40
  188
  265
  180
  164
   49
    0
    0
   19
    1
   18
   21
    0
    0
    3
  125
   14
   26
   15
    0
    0
    0
    0
    0
    0
    0
    0
   15
   30
    0
    0
   30
    0
    0
    0
    0
    0
    0
    0
    1
   19
    1
    0
    0
    0
   50
    5
    0
    0
    0
  258
   48
   83
  350
   39
    0
    0
    4
    9
    0
    0
    0
    0
    0
    0
    0
   27
   59
   25
   48
   32
    0
    0
    0
    0
  400
   50
   24
   89
   45
    0
    0
    5
    0
    0
    0
    0
    0
    1
    0
    0
    0
    1
    1
    0
    0
    8
    0
   70
   42
    0
    7
  207
    2
  138
    2
    2
    1
    9
   30
    0
    0
    0
    0
    1
    0
    0
   98
    0
    0
    0
    1
    0
    0
    0
   18
  118
   15
  103
    1
    5
  146
  313
  465
   88
  118
    0
   83
   89
   92
  201
  161
   15
    0
    0
    0
    4
   40
    0
    0
    0
    0
    0
    0
  195
   28
   55
    0
    0
    0
    0
    0
    0
    0
    8
   83
    2
   50
  170
    0
    1
   48
   15
    0
    0
    0
    0
    0
    0
    0
    0
    0
    0
    0
    0
   76
    2
    0
    0
    0
   24
   10
   98
    0
    0
    0
    0
    0
   30
   74
    0
    0
    0
    0
  165
  159
    0
    0
    0
    0
    1
   13
    0
    0
    0
   25
   93
  165
   53
   79
   10
   85
    0
    3
   85
    0
   18
  168
    5
   60
    0
    0
    0
  175
    0
  146
    0
    0
   45
   45
    0
   31
   20
  127
   29
   61
   65
    0
   65
   18
   43
  100
   53
    0
    0
   34
   31
   14
  205
    0
    0
   30
  100
  193
  135
   45
   20
   45
  116
  180
   45
  170
   98
   40
  104
   50
   48
   46
   50
   52
    2
   54
    2
    5
    7
    6
   90
    6
    2
    0
    5
    2
    2
   30
    0
    3
    2
    1
    4
    5
   10
    5
   10
  105
   25
    5
    0
   15
    0
    0
    0
    0
    0
    0
    0
    0
    0
    0
    0
    0
   10
   23
    1
    1
   14
   17
  117
  204
  490
    0
    0
    0
    0
    0
    0
   39
    0
  150
    0
    0
    0
    0
    0
    0
    0
    0
    0
    0
    0
    0
    0
    0
    1
    0
    0
    0
    0
   15
   22
   20
   25
    0
    0
    0
    0
    0
    0
    0
   70
   22
   60
    0
    0
    0
    0
  150
  154
    0
    0
    0
    0
    0
    0
    0
    0
    0
    0
    0
    0
    0
   15
    0
    0
    0
    5
   85
   83
   62
   61
   72
  100
   50
    0
    0
    6
    0
    3
    0
    0
    1
    0
    0
    0
   15
   19
    0
   11
   83
   40
   97
    5
    0
   12
   24
  104
   24
    0
   12
  108
  138
    0
    0
    0
    0
    0
   26
    0
    2
    0
    0
    2
   33
    0
    0
    0
    0
    1
    0
    0
    0
    0
    0
    0
    0
    0
   40
    0
   40
    0
    0
   59
   40
   45
   11
    3
   87
    0
   22
    1
    1
    1
    0
   15
   14
    0
   53
    0
    0
   51
  106
    0
    0
  210
   28
    0
   55
    0
    0
    0
    0
    0
    0
    0
    0
    0
  212
  185
   43
    0
    0
    0
   10
    0
    0
   88
   43
   25
    0
    0
    0
    0
    0
    0
    0
    0
    0
  240
   36
  496
    0
    0
    0
    0
    5
    0
    0
    0
   49
   91
   82
    0
    0
    0
    0
    0
    0
    2
    3
    0
    0
    0
   42
    0
   32
    0
    0
    0
    8
   22
    0
    0
    0
    0
    0
    0
    0
    0
    0
    0
    0
   37
    0
    0
    7
   15
    0
    0
   35
    0
    0
    0
    0
    0
    0
    0
    0
    0
  326
    8
    0
    0
   42
   20
   33
   48
    9
   30
    0
    0
    0
   30
    0
    0
    0
    0
    8
    0
    0
    0
    0
    0
    0
    0
    0
    0
    0
   22
    0
    0
    0
    1
    0
    0
    0
    0
   10
    0
    0
   40
   70
   25
    0
    0
    0
    0
    0
   35
    0
    0
    1
   58
    8
    0
    0
    0
    0
    0
    0
   42
   46
   50
   15
    0
   25
   10
    0
    0
   90
    9
   83
   42
    0
    0
    0
    0
    0
    0
   20
    0
   15
   80
    0
    0
    0
    0
   12
  160
   58
   30
    0
    0
    5
    3
   71
   32
    0
    0
   18
   50
  150
  126
   68
   45
   53
    0
    0
    9
    0
  123
    0
    8
   32
    3
   73
   77
   -9
   -9
   -9
   -9
   -9
   -9
   -9
   -9
   -9
   -9
   -9
   -9
   -9
   -9
   -9
   -9
   -9
   -9
   -9
   -9
   -9
   -9
   -9
   -9
   -9
   -9
   -9
   -9
   -9
   -9
   -9
   -9
   -9
   -9
   -9
   -9
   -9
   -9
   -9
   -9
   -9
   -9
   -9
   -9
   -9
   -9
   -9
   -9
   -9
   -9
   -9
   -9
   -9
   -9
   -9
   -9
   -9
   -9
   -9
   -9
   -9
   -9
   -9
   -9
   -9
   -9
   -9
   -9
   -9
   -9
   -9
   -9
   -9
   -9
   -9
   -9
   -9
   -9
   -9
   -9
   -9
   -9
   -9
   -9
   -9
   -9
   -9
   -9
   -9
   -9
   -9
   -9
   -9
   -9
   -9
   -9
   -9
   -9
   -9
   -9
   -9
   -9
   -9
   -9
   -9
   -9
   -9
   -9
   -9
   -9
   -9
   -9
   -9
   -9
   -9
   -9
   -9
   -9
   -9
   -9
   -9
   -9
   -9
   -9
   -9
   -9
   -9
   -9
   -9
   -9
   -9
   -9
   -9
   -9
   -9
   -9
   -9
   -9
   -9
   -9
   -9
   -9
   -9
   -9
   -9
   -9
   -9
   -9
   -9
   -9
   -9
   -9
   -9
   -9
   -9
   -9
   -9
   -9
   -9
   -9
   -9
   -9
   -9
   -9
   -9
   -9
   -9
   -9
   -9
   -9
   -9
   -9
   -9
   -9
   -9
   -9
   -9
   -9
   -9
   -9
   -9
   -9
   -9
   -9
   -9
   -9
   -9
   -9
   -9
   -9
   -9
   -9
   -9
   -9
   -9
   -9
   -9
   -9
   -9
   -9
   -9
   -9
   -9
   -9
   -9
   -9
   -9
   -9
   -9
   -9
   -9
   -9
   -9
   -9
   -9
   -9
   -9
   -9
   -9
   -9
   -9
   -9
   -9
   -9
   -9
   -9
   -9
   -9
   -9
   -9
   -9
   -9
   -9
   -9
   -9
   -9
   -9
   -9
   -9
   -9
   -9
   -9
   -9
   -9
   -9
   -9
   -9
   -9
   -9
   -9
   -9
   -9
   -9
   -9
   -9
   -9
   -9
   -9
   -9
   -9
   -9
   -9
   -9
   -9
   -9
   -9
   -9
   -9
   -9
   -9
   -9
   -9
   -9
    6
    0
    0
    0
    0
    0
    0
    0
    0
    0
    4
    0
    0
    0
   38
   27
    9
   17
    0
   17
   28
    2
    4
    0
   59
  101
   83
  105
   52
   43
   11
    0
    0
    0
    0
   33
   34
    0
   19
   51
   39
    0
    0
    2
    0
    5
   21
    0
    0
    0
    2
   10
   30
    5
   56
  146
    0
    8
   36
    0
    0
    0
    6
   14
   23
   21
   16
   50
   12
  153
    2
    0
    8
   28
   87
    0
   27
    6
    0
    0
    0
    0
   14
    3
    6
   41
    0
    0
    0
    2
   50
    0
    0
    0
  182
    8
   55
  169
   48
  131
   30
   47
    0
    0
    0
    0
    0
    0
    0
    0
    0
    0
    0
   14
   12
   45
   38
    0
    0
    0
    0
    0
    1
    0
    6
    4
    7
    5
   22
   15
    0
    3
    4
    0
    0
    0
    0
    0
    0
    0
    0
    0
    0
    0
    0
    0
   29
    8
    0
   68
   20
    0
   35
  165
   27
   59
    0
   16
    0
    5
    8
    8
   70
   21
    0
    0
    0
  113
    5
    0
    0
    0
    0
    0
    0
    0
    0
    0
   44
    9
    0
  133
    0
    0
    5
   35
    6
    0
    9
    8
    4
   31
   20
   56
   50
   30
    0
  142
   11
    7
    5
    3
   95
    0
    2
   66
   32
   14
   61
    6
    0
    0
    0
    0
    5
    0
   96
   70
   71
    4
   88
    3
    0
    0
    0
    0
   70
   14
    4
    0
    0
    0
   11
   39
    3
   46
    2
   72
    4
    4
   11
   18
   13
    0
   69
  137
   33
   25
    2
    0
    0
    0
    0
    0
   11
   30
   23
  101
  260
  157
   56
  118
    2
    0
    0
    0
    0
    0
    7
   75
   52
   76
    0
    0
  203
    3
    0
    2
   51
    0
    0
   28
   96
  158
   85
  227
    0
    0
    0
    0
    0
    0
    0
    0
    0
    0
    0
    0
    0
   24
    0
    0
    0
    0
    0
    9
   18
    0
    0
   83
   61
    0
   40
   96
   31
  217
   22
    0
    3
   88
    7
    4
    0
    0
   15
   87
   24
   36
    9
    0
   69
  151
    0
    0
    0
    0
  154
    0
    0
    2
    4
  113
    6
   67
   19
    3
    9
    0
   32
    0
    0
    0
    0
    0
    4
    0
    0
   61
    0
    7
   13
    6
    0
    0
    0
    0
    0
    0
    4
    0
    0
    0
    0
    0
    0
    0
    0
    0
    0
    0
    0
    0
   12
    4
    0
    1
   48
  192
   55
   61
    0
   11
    5
    0
    0
    0
    0
    0
    0
    0
    2
    0
    0
    0
   65
   66
   19
    0
    0
   24
    8
    9
   47
   30
    4
   25
    9
   33
    2
    0
    0
    0
    9
    4
    6
   39
    8
   30
   32
   62
   53
   16
    3
    0
    1
    2
    9
   77
   45
    5
   31
    0
    0
    0
    0
    0
   11
    7
    2
    3
   23
    0
   18
   30
    0
   13
  107
   34
  159
  101
    0
    0
    1
   57
    2
   42
   26
    4
    0
    0
    0
    5
   13
    3
   26
   25
    0
    2
   60
   11
   58
   22
    0
    0
    0
    5
    0
    1
    0
    0
    0
    0
    0
   12
   16
    4
    0
    0
    0
    4
    9
    0
   55
  190
    0
   53
    0
    0
    0
    0
    0
    0
   16
   19
    2
    1
   48
   43
   14
    0
    0
    0
    3
    0
    0
    0
   10
   26
    0
   29
   20
   26
   35
    0
    0
    0
    0
    0
    0
   50
   17
   60
   21
   37
   97
  301
   80
   73
   58
   33
    0
    0
    0
   66
    2
   28
    0
    0
    0
    0
   93
   56
    0
    0
    0
    0
    0
    6
   94
  117
    0
    0
    0
    0
    0
   30
    3
   11
   13
    2
    0
    0
   38
   58
   12
    5
    0
   67
   68
   33
  120
   15
   59
    0
   90
    2
    3
   91
   39
   35
   47
    0
    8
    9
    1
   13
    7
    0
  119
    0
    0
    0
    0
   51
   15
   55
   22
   11
    0
    0
    0
    3
   74
  130
    0
    0
    0
   18
    3
   31
    0
    0
    0
   46
    0
  101
   67
    0
   34
   55
    4
    0
    5
    0
   52
    8
    0
    0
   27
    0
  212
    0
    0
   71
  123
    0
    0
  111
    0
    0
  109
    0
   59
   72
    0
    0
    0
    0
    0
    4
    1
    0
   42
   48
   10
   72
   17
   45
   18
    0
    0
    0
    1
    2
   20
   15
   77
    0
    0
    0
    0
    4
    0
    0
    0
    4
    0
    1
    0
    0
    0
   20
    0
    0
    1
    1
    0
    1
    3
    8
   48
    0
    2
  110
    6
    5
    4
   16
    2
    0
    0
    0
    0
    0
    0
    0
    0
    0
    0
    0
    0
    0
    4
    0
    0
   73
   28
   20
    6
    7
   21
    0
    0
   34
   38
   12
    0
    0
    4
   17
   43
   49
   31
   24
    4
   26
    3
    0
   39
    0
   35
    0
   28
    0
    2
    0
   21
   14
    0
   18
   33
   73
   32
   23
   15
   25
   43
  256
  108
   45
   66
    0
    0
    0
    0
    8
    2
    5
  124
   15
    5
    0
    1
    1
   30
   31
    1
    3
    4
    0
    0
   59
   50
   61
  106
   93
  124
   94
   58
  220
   78
    3
    0
   18
   19
   24
   73
   28
    2
    1
    0
    0
    0
   35
   36
    7
    0
    0
   12
   15
    3
   81
    9
    0
    0
    0
    2
    0
    0
    0
   22
   34
    7
    4
    2
    1
    0
    1
    0
    0
    0
    0
    7
    0
    4
   11
  105
   19
    0
   11
    0
    0
    0
    2
   17
    6
    0
    0
    0
    0
    0
  125
    0
   77
   35
    0
    2
    0
    0
    1
    8
    8
    0
    3
   10
   12
    4
    0
    0
    2
    8
   57
   29
    3
    1
    0
    0
    0
  134
    9
   48
   21
    0
    4
    0
   27
    3
    3
    6
    0
    0
    0
    0
    0
    0
    0
    0
    0
  109
   68
   26
    9
   38
    0
   30
   23
    9
    0
    0
   60
    8
    0
   64
    0
    0
  256
    0
    0
  375
   76
  345
  270
   73
   10
   18
   10
   71
   37
    6
   14
    0
    0
    0
  102
   59
   11
    0
    0
    0
    0
    6
    0
    0
    0
    0
    0
    0
    0
    0
    0
    0
    0
    0
    0
    7
    0
    4
   35
   86
   78
   20
   17
   70
   10
    0
    0
    0
    0
    0
    0
    5
    3
    0
    0
    6
  174
   72
   52
   16
    0
    0
    0
    0
  351
   61
    0
    0
  176
   48
    0
    0
    0
    0
   18
  212
  249
    0
    0
    1
    0
   94
  133
   82
   27
    0
   33
   40
  108
    0
   66
    0
   53
    9
   20
   12
    1
    4
   69
   41
    0
   29
    0
   11
    0
    0
    0
  135
    7
    0
    4
  110
   71
   17
    0
    0
    0
    6
    3
    0
    0
    0
    7
    0
    0
    0
    0
    0
    0
    0
    0
    2
   49
   10
    0
    0
    0
    0
    0
    0
    0
    0
    0
    0
   16
   61
  179
  120
   32
    0
    0
    2
    3
    0
   98
    0
    5
   42
   31
    2
   11
   48
   45
    0
    5
    0
    0
    0
    0
    0
    0
   12
   10
   23
    0
    7
    8
    3
   22
    5
    2
    0
    5
    0
    0
    0
    0
   10
   19
    0
    0
    0
   33
    0
    0
    0
   16
    0
    0
   14
    4
   32
   34
   28
   71
   41
   72
   58
   63
   92
   49
    4
  103
  127
  269
  260
  185
   67
  119
  152
   15
   48
   90
   69
   12
   33
   71
   11
   19
   79
    2
   13
   15
    0
    0
    0
    0
    0
    0
   29
  143
    0
   52
  150
    4
   92
   53
    0
    0
    0
    0
    0
    0
    0
    7
   29
  170
    4
   35
    0
    0
    5
   22
   41
    0
    2
   75
    3
  136
    0
    9
    3
    0
    0
    0
   76
  143
    5
   71
    1
    0
    4
   14
   12
    1
    4
    0
    0
    0
    0
    0
   27
  111
   86
   22
   16
    3
    0
    2
   79
   42
   26
   17
   11
   20
    3
    8
    3
   15
    4
    0
   45
   43
   18
    0
    0
  248
  159
   10
   10
    0
    0
    0
   14
    0
    0
    4
   77
  100
    0
    0
    0
    0
    0
    0
    0
    0
    0
    0
    7
  295
    3
   14
    6
   33
    0
    0
   66
    0
    9
    6
    0
   14
    8
    0
    0
    0
   31
   39
  232
    5
    0
    0
    0
  170
   18
   73
   24
   16
   21
  143
   57
   64
   90
    0
    8
   20
    4
   29
    4
  141
   67
   95
   31
   11
   23
   49
    0
    0
    5
    1
   21
  145
    0
  278
    0
    3
    0
    0
   -9
   -9
   -9
   -9
   -9
   -9
   -9
   -9
   -9
   -9
   -9
   -9
   -9
   -9
   -9
   -9
   -9
   -9
   -9
   -9
   -9
   -9
   -9
   -9
   -9
   -9
   -9
   -9
   -9
   -9
   -9
  104
   29
   31
    7
   51
   37
    0
    1
  115
   11
    0
   80
   18
  153
    9
   21
    0
  144
    4
    0
    0
    0
   11
    5
   13
    0
   20
   66
   89
    0
    0
    0
    4
    0
    0
   14
    0
  143
    0
    0
    8
   16
    0
    1
  141
    0
    0
    0
  131
    0
    0
    0
    0
  117
   64
    0
    9
    6
   28
   31
    0
    0
    0
    0
    0
    0
    6
    0
    0
    8
    0
    0
    0
    0
    5
    2
    0
  258
    0
    0
   10
    0
   27
    3
    2
   22
    0
    0
    0
    0
    0
    0
   28
   32
    2
    0
    0
    5
    0
    0
    0
   24
    6
    0
    9
    0
    2
   62
  143
   74
  256
  148
   15
   11
    0
    2
   15
    0
   37
    0
    0
    0
    0
    1
    0
    0
    0
    0
   36
    0
    0
   44
    1
    0
    0
    0
    0
   85
  104
  345
  122
  113
   37
   18
    0
    0
    8
   12
   11
   24
    9
    3
    2
   48
   16
    0
    5
    2
    1
    7
   28
    0
    0
   70
    0
    0
    0
    5
    2
   30
    0
    0
    0
   24
   55
   58
   67
    4
   11
    0
   13
   23
    2
   17
    2
    3
   14
    0
    2
    1
    0
   44
   27
    1
   19
   57
    8
    0
    0
    0
   80
  171
  255
    8
   20
   21
   76
   32
  162
   23
   41
   79
   71
  118
   35
   10
    2
    4
   36
  112
  121
   11
   58
  111
   27
  109
    0
   76
   35
   23
   19
    2
   77
   27
   69
   14
   51
   91
   38
  104
   18
    0
    0
    6
   37
    0
    0
   38
   42
    0
    0
    4
   53
    0
    0
    0
   36
    0
    0
    0
    0
    1
    0
   28
    4
    0
   11
    0
    0
    0
    0
    0
    0
    0
    0
   14
   23
    0
    4
    0
    0
    0
    0
    0
    0
    0
    0
    0
    0
    0
    5
   85
    0
   55
    0
    1
    0
    0
    0
    0
   27
    8
   93
   26
    0
    0
    0
    0
   78
   86
  305
    1
    2
    0
    0
   98
    0
    0
    0
    0
    0
    0
    0
   24
    0
    0
   51
   36
   16
    8
   34
   19
    0
  611
    0
   69
    0
   50
   28
   42
   38
    2
    0
    9
    0
   93
  102
    9
    1
   60
   60
    0
   81
    0
    0
    0
    0
    0
  120
    0
    0
  170
    0
   66
    0
    0
    0
    0
   36
    0
    0
    0
    0
    0
    0
    0
    0
   83
    0
   58
    0
    0
    0
    0
   20
   26
    0
    1
    8
    0
   98
  118
    0
   27
  107
    5
    0
    2
  203
   60
   31
  358
    0
    0
    0
    0
    0
   17
   16
    0
    0
    0
   12
   25
    6
    2
    0
    0
    0
   41
   12
    8
    1
    0
    0
   84
   24
    0
    0
    0
    0
    4
   39
    0
    0
   34
    7
   12
   36
   37
    0
    3
    0
    0
    0
    0
   25
   20
    2
    0
    9
   11
    0
    0
    2
   10
   28
   48
    1
   97
   15
    0
    0
    0
    6
    0
    0
    0
    0
   11
  205
  207
   46
   13
    0
  101
   63
   88
   25
    3
   32
  143
   74
   39
   19
   27
   18
  120
   36
   53
   21
  132
    3
  138
   70
  136
   10
  125
   55
  111
   38
    4
   11
    0
   48
  128
  302
   74
   33
    3
   63
   74
   12
    0
    9
    0
    0
    2
    3
   48
    0
    0
   24
    0
   57
  146
   98
    0
   60
    0
   19
    0
    4
    0
    0
    9
    0
    0
    0
    0
    2
    0
    0
    0
    0
    0
    0
    0
    1
    4
    0
    0
    0
    0
   15
    0
    0
    0
    0
    0
    0
  120
   59
   72
   33
   12
    0
   96
   43
   41
    0
    6
   11
    0
   12
   29
   23
    1
    0
   58
   30
   35
    0
    0
    0
   39
    1
    0
   61
   10
    1
    1
    6
   19
   29
    0
    0
    0
   12
   55
   11
   64
    0
    0
    0
    0
    3
    0
    6
    3
    0
    0
    3
  105
    0
    9
   21
    9
    0
    0
    0
    0
    6
   29
   63
    8
    0
    5
    0
   97
   46
    0
    0
    0
   98
   81
  108
   33
    1
    0
    0
    0
    0
   14
   39
    0
    0
    0
   85
   45
    8
    1
    0
    0
    0
    0
    0
    0
    0
    0
    0
    0
    0
    0
    0
    0
    0
   94
  105
   12
    6
  128
    4
    9
   15
    0
    9
    0
   23
    0
  244
    0
    0
    2
    0
    0
    0
    5
    0
    0
    0
    0
   34
    0
    0
   38
   65
   17
    0
   21
    0
   59
    7
    0
    0
    0
    0
  470
   48
    1
    0
    0
  121
   10
   13
    0
    0
   75
    0
    0
    0
    0
  100
  222
    0
    0
  235
    0
    0
    0
   22
   24
   57
   61
    0
    0
    5
  126
   16
    0
    0
    2
    7
    0
    0
    0
    0
   22
    1
    0
    0
    0
    0
    0
    0
   65
    1
    6
  246
  174
    0
    0
    1
    2
  215
    9
    0
    0
    0
    0
    0
    0
    0
    0
    3
   28
  175
    7
    0
    0
    0
    0
    0
    0
    0
    8
   10
   72
   19
   20
    2
   16
    2
   70
    0
    0
    0
   41
   96
    0
   16
   23
   27
    0
    0
    5
   18
    0
    0
    0
    0
    2
    0
    0
    0
    0
    0
    0
    0
    0
   48
  114
   60
  118
    2
    3
   55
    0
  211
   83
   23
    0
    0
    0
    0
    0
    0
    3
    0
    0
    0
    0
    0
    8
   77
   26
   77
   27
  132
   68
    2
    0
    0
    0
    0
    0
    0
    0
   47
    2
   17
   31
    0
   19
   28
   18
   29
  105
   24
    4
    0
    1
   81
    1
  100
   10
    7
    0
    0
    0
    0
    0
    0
    0
    0
    6
    0
    0
   38
    0
    0
    0
    2
    0
   15
    7
    0
    0
    2
    5
    9
    4
    8
   12
   32
    1
    3
   10
   12
    0
    1
    0
    0
    0
    0
    0
    0
   16
    0
    0
    0
    0
    3
    8
    5
    2
    0
   82
   77
  277
    6
    8
   11
    0
    0
    0
    0
    0
    0
    0
   69
   32
  143
   68
   24
   56
    6
   23
   29
    4
    0
   34
  114
    0
    0
    0
    3
    0
    0
    0
    0
    0
    3
    0
   20
    0
    2
   21
    1
    4
   11
    9
    0
    0
    0
    0
   29
    4
    1
    0
    0
    0
    0
    7
   80
    2
    0
   68
    8
    0
    6
    4
    8
    0
   93
    0
  137
  270
  220
    0
   84
    2
    0
    0
    0
    0
    0
    0
    0
    0
    8
   10
   36
   37
   22
   27
    4
    0
    0
   53
   10
    0
    0
    0
    0
    0
    1
    0
    0
    0
    0
    0
    5
    0
    0
    0
  126
    9
    8
    0
    0
    2
  135
    3
  161
   17
    0
   25
    6
    8
    1
    0
    0
    0
  380
   42
    6
   79
    0
    0
    0
    0
    0
   21
   63
    2
    0
   22
    5
    3
   49
    0
    3
   84
   25
    0
    0
    0
    0
    0
    0
   46
    0
    0
    0
    0
    0
    0
    0
    0
    0
    0
    0
    0
    1
    0
    0
    0
    0
    0
   17
   15
    0
    0
    0
   27
    0
   62
   58
   42
    0
   21
  104
   20
   10
  105
  281
   37
    1
    0
    0
    0
    0
    0
    0
    4
   53
   42
  113
   28
  221
   28
   88
   16
  143
   51
  173
   76
    3
    1
    0
    0
    0
   12
   66
    0
    0
   42
   39
    0
   48
   47
   14
   18
    0
    0
   21
   31
    0
    0
   56
    0
    0
    0
   23
    0
    0
    0
    0
    0
    0
    0
    0
    0
   57
    0
    4
    0
    0
    0
    0
    0
    0
   11
    1
   79
   45
   33
   18
    8
   22
   51
   30
   11
    3
    0
    0
    8
    3
   17
    0
   28
    0
    3
   74
   40
   29
  108
    0
   78
    5
    0
   22
   78
    0
    7
   74
   39
    0
    0
   23
  196
   54
    0
    0
    0
    0
   34
   66
   62
   22
   44
    6
   15
    0
    0
    8
   38
  109
    9
    0
    0
    0
    3
   15
    0
   54
    4
    9
   33
   14
  132
   10
    0
    1
   27
    0
    1
   17
   22
   33
    1
    0
    0
    0
    0
    0
    0
    0
   24
    0
    0
   13
    1
    5
    1
    0
    4
    1
    0
    0
    0
    0
    6
    7
    0
   14
   12
    0
   76
    0
    6
   30
   23
   85
   33
    0
    0
    0
    0
    0
    9
   20
    0
    1
    0
    0
    0
    0
    0
    2
    0
   10
    0
    0
    0
    8
    1
    3
    0
    0
    0
    3
    0
    0
    0
  204
   42
   17
   56
    0
    6
    0
    0
   14
   27
    3
    0
    5
   63
    0
    0
   15
    0
    0
    2
   75
    0
    0
    0
    0
    0
    1
    1
   29
   30
    2
   49
   37
    3
    7
   29
   18
    4
    0
    9
   28
   32
   48
   10
   15
    2
    0
    0
    3
    1
    0
    0
    7
  260
   77
    0
   86
   78
    6
    0
    0
    0
    1
   14
    0
   37
   32
   72
   45
    0
    0
    0
    0
    0
    0
    0
    4
    1
    3
   40
   13
   58
   29
    1
   29
    9
    4
    0
   21
   16
  380
   17
    1
   30
    0
   18
    6
   64
   22
   33
   23
  295
    0
    0
    0
    0
    0
    0
    0
    0
    0
    9
   30
    0
    0
    0
  292
   36
    0
    0
   10
    0
    0
    0
    0
    0
    0
  128
   13
   95
    0
    0
    0
    0
    0
  780
  291
   10
   12
    0
    0
    0
   33
    3
   20
    2
   43
    0
    0
    0
    0
   50
    0
    0
   40
    0
    0
    0
    0
    0
    0
    0
    2
   17
    0
    0
    0
    0
    0
    0
   37
    0
    0
   24
    0
    0
    9
    0
    0
    0
    0
   78
   80
    3
    0
    0
    0
   65
    1
    0
    0
   70
   34
    0
    0
   59
   17
   58
    0
    0
    0
    0
    0
    0
    0
    0
    0
    0
    0
    0
    0
    0
   31
    2
   15
    3
    8
   75
    2
  117
    1
    0
    0
    0
    0
    0
    0
    0
    8
   12
   28
   43
    5
  125
   29
   37
    4
   55
    5
    5
    0
    0
   73
   61
   53
    5
   38
    3
    0
    1
    0
    1
    0
    6
    5
    0
    0
    0
    0
    2
   63
   44
  120
   92
    9
    0
    0
    0
    0
    0
    0
    0
    0
   23
  109
  219
   13
  115
  189
   65
   48
    2
  270
  116
    0
   13
    2
    0
    0
    0
    0
  107
  115
   64
    0
    5
   18
    0
    0
   19
    9
  113
    1
   14
    5
  227
  101
    2
    0
    0
    0
    0
    0
   12
    0
    0
    0
    0
    0
    0
    0
   35
   14
  200
  104
   16
    0
    0
    3
    3
    5
   55
   13
   17
   35
   78
   35
   42
   27
   87
   39
   16
    0
    0
    0
    0
    0
    0
    0
   27
    1
    0
    0
  222
    4
    0
    0
    2
   83
    3
  207
   98
   48
   45
    2
    0
    8
   95
   37
   61
    1
   85
   17
   43
  127
   63
   13
    0
    0
   17
    0
    8
    0
   25
    0
    0
    0
    0
    0
    0
    0
    4
    0
    0
   50
   14
   19
   44
    2
    0
    5
    9
    0
    0
    4
   34
  317
    4
    0
   20
   15
    0
    0
    0
    0
   10
   24
   22
    3
  116
    0
    0
    0
    0
    0
    0
    0
    0
    0
    0
    0
    3
    0
    0
    0
    0
    0
    0
    0
    0
    3
   14
  166
    0
    0
  165
   14
  183
   15
    1
    3
    0
    0
    0
    0
   59
    0
   32
    0
    0
    0
    0
  488
    0
    2
    0
    0
    0
    0
    0
    4
  160
   62
  168
  500
  710
   34
    0
    0
    0
   36
   19
    0
   68
    0
    0
    0
    0
    0
    0
  165
   76
    0
    0
   92
    0
   27
    0
    0
    0
  129
   97
   35
    0
    0
    0
    0
    0
    0
    0
   31
    0
    0
   61
    3
    0
    0
   34
   64
   91
  284
    0
    0
   80
    4
    0
    1
    0
    0
   62
   16
  118
   62
   20
   17
   21
  145
    9
    4
    1
    0
    0
   10
    0
    0
   30
    0
    0
    0
    0
    3
    0
    0
    0
   94
  102
    0
    0
    0
    0
    0
    0
    0
    0
    0
   57
    7
    6
   29
    0
   39
    0
   24
    0
    0
    0
   19
    0
    1
    1
    0
    0
   10
   25
    8
   48
  143
   89
    5
   46
    4
    0
    0
    0
   27
    4
    1
   17
    0
   37
    2
    0
    2
   48
   14
   69
  103
   27
    1
   78
    8
   50
   17
   90
   54
  106
    0
   37
   21
   11
    3
    0
    0
    0
    2
    2
    4
    0
    0
    0
    0
    9
    4
  195
  155
   77
   10
    0
    0
    0
    0
    1
   48
    4
    0
    0
    0
    0
    0
    0
    0
    0
    0
    0
    0
    0
    0
    0
    2
   81
  108
   32
    8
    1
   10
   71
   13
    0
    0
    0
    0
   24
    3
   57
    5
   52
   18
   60
   59
  153
   61
   53
   11
    0
    0
    0
    0
    0
    0
    8
   39
    2
    0
    0
    0
    0
    0
    0
    0
    0
   26
  126
    4
  110
  126
   98
   48
   54
   89
   13
    2
    8
    0
    0
    0
   18
   11
   46
   45
    2
    0
    0
   22
    0
    0
    0
    5
   52
   23
   25
   19
    0
    0
    8
    7
   50
    9
   66
   58
   20
   21
   29
    2
    0
    0
    0
    0
    0
   12
   33
  157
   35
    0
    0
    0
    0
    0
   48
   77
    0
   24
  105
  138
    0
    8
    4
    1
    0
    0
    0
    0
    0
    0
    0
    0
    3
    1
    0
   18
    2
   20
   21
   26
    0
    0
    0
   16
   22
   14
    0
    0
    0
    0
    0
  335
   93
    8
    0
    0
    6
  165
   20
    0
   12
    6
    0
  190
  158
    1
    0
   18
    7
    0
    0
    6
  164
   15
    7
   58
   17
   84
   43
    2
    3
    0
    0
   15
   30
    2
    4
    0
  136
   74
    0
    0
    0
    0
    0
    0
  242
    0
    4
    0
    0
  305
  172
   93
   20
   14
   91
  112
   46
    0
    7
    0
   13
    4
   27
    7
   10
    2
   32
   52
    4
    0
   69
    0
    0
    1
  233
  128
    1
    0
   10
    8
   62
    0
    0
    0
    0
   29
  238
    0
    0
    0
    2
    1
   10
    7
    0
    0
    0
    0
   21
    0
  188
  110
  147
   92
   74
   68
   96
    0
    0
    5
    1
   25
   20
    7
    2
    0
    0
    1
    5
    0
    0
    0
    0
    0
    0
    0
    5
    0
    0
    0
    0
    0
    0
   16
    0
    0
    0
    1
    0
   96
   11
   35
    0
    0
    0
    0
   18
    0
    1
    0
    0
    0
    0
  101
   62
   60
    0
    0
    0
    0
    0
    0
    0
    0
    0
    0
    0
    0
   72
   62
   24
   39
    0
   41
    6
    0
   48
  303
   16
    4
    0
   17
   15
   10
   61
    0
    0
    0
    0
    0
   34
    1
    0
    0
   49
    3
   23
    0
    0
   16
   56
   24
  110
   27
   33
   92
   14
    2
    0
   25
   14
   61
  173
  133
   34
   28
    0
   23
    2
    0
    0
   24
    3
   18
    2
  101
   87
    0
   11
    0
    0
    0
    1
    2
    9
   42
   17
   21
    2
    5
   13
    0
    0
    0
    0
   67
   93
    0
   68
   79
   36
  122
   32
   45
   29
    3
   19
    0
    0
    0
    0
   22
   57
   21
   45
   27
   19
    3
    0
    0
    0
    0
    0
    0
    0
   13
   28
   58
   46
   13
    0
    0
    0
   77
   22
  118
   28
    5
    4
   72
    6
    0
    0
    0
   45
   68
   59
  285
   45
   47
   26
   46
  118
    0
   24
   16
  125
   77
   48
    1
    0
   26
    5
    9
    8
   13
   12
   11
    3
    0
    0
    1
    6
   28
  105
  257
   46
   58
    0
   17
  110
    0
    0
    0
   12
    0
    0
    0
    0
    1
    0
    0
    0
    0
   29
    0
    0
   29
   52
    6
    0
    0
    0
    0
    0
    0
    0
    0
    0
    1
    6
    1
  218
    5
    4
    0
   25
   35
   38
   70
   71
    2
   10
    0
    0
    0
   59
    0
    0
  117
    0
    8
   10
   18
    1
   51
    0
   44
    9
    3
  175
   10
    0
    0
    0
    0
    0
    0
    0
    0
    0
    0
    0
   15
    0
    0
    0
    0
   56
    0
    0
   83
    0
    2
    0
    0
    0
    0
    0
    0
    0
  130
  260
   49
    0
    0
    0
    0
    0
    0
   29
    0
    0
    0
    0
    0
    0
   11
    0
    0
    0
    0
  202
   83
    4
   69
  185
  125
    0
    0
    0
    0
   87
   95
   61
    0
    1
    0
   83
  295
  340
    0
   12
   56
    0
    0
   63
   52
   54
    0
    0
   53
   12
    1
  178
    0
   68
   10
    5
   13
    0
    2
    0
    0
   12
   73
    0
    8
    0
    0
    0
    0
    8
    0
    0
    0
    0
    7
   41
  104
    0
   46
    0
    9
    8
   25
    0
    0
    0
    0
    0
    0
    1
    5
    0
    0
    0
    0
    0
   53
    0
    0
   19
    0
   21
   34
   28
    6
    0
    0
    0
    0
    0
    0
    0
    5
    0
    0
    0
    0
    1
   68
   89
   35
  150
   14
   58
    4
    0
    0
    0
   33
  120
   68
   13
   18
    5
   31
    0
    0
   11
   37
   43
    0
    0
   20
    9
  103
    5
   26
  258
    6
    0
   35
    0
    0
    0
   28
   12
    8
    1
    0
    0
    5
   37
   46
    0
   10
   13
   34
  155
   24
    0
    0
    0
    6
    0
   84
   60
   71
   91
   17
    2
    7
    0
    0
    0
   51
   49
   14
   20
   58
   12
   75
   27
   88
   56
   16
   80
    0
    3
   37
    0
   85
    1
   41
    0
  118
    2
   11
   14
    0
    8
   12
   49
    0
   18
    9
    8
    0
   73
    0
    1
   54
   53
    8
   15
    0
    0
   18
    0
    0
    1
    0
    3
    0
    0
    0
    0
    0
    4
   30
    7
    5
   42
   33
    6
   94
   68
   23
    0
    0
   66
   26
  115
   25
   98
    2
   97
  160
    3
    0
    0
    1
   15
   23
   16
   59
  155
  137
   19
   10
   42
  140
   44
  172
   16
   18
    3
    0
    0
    0
   28
    5
   78
    4
    3
    0
  100
    2
    0
    0
    0
    0
    0
    0
   30
   58
   28
    0
   45
  420
    4
    0
   14
   21
   20
    0
    0
    0
    0
    0
    0
    0
    0
    0
    0
  255
  198
   58
  460
   61
    0
    8
   34
  126
    5
   83
   65
  110
   60
  140
  120
   35
  155
   10
   90
   10
    0
    0
  160
   30
   14
   44
    2
    1
    1
    0
    0
    0
    0
    1
    2
    6
    0
    0
    0
    0
    0
    0
    0
    0
   38
    0
    0
   45
    1
   78
    4
    0
    0
  152
    0
    0
    0
    0
    0
  180
    0
    0
    0
    0
    0
    1
    0
    0
    0
    0
    0
    0
    0
    0
    0
   29
   57
   52
   47
    0
    0
   33
   44
    0
    0
    0
    5
   47
   45
  110
  130
   62
   45
  565
  390
   10
   18
    0
    0
    2
   10
    4
    0
    0
    3
    0
    1
    8
   28
    1
    0
    0
   40
  181
   70
    0
    0
    0
   54
  118
  123
   63
   65
  174
   27
    5
    1
    0
    0
    0
    0
    0
    0
    0
    0
    0
   10
    0
    0
    4
    2
    7
    4
   29
    0
    0
    0
    0
    5
    0
   34
   43
   10
    6
   15
  150
  183
  274
   87
    7
  209
   48
   29
   21
    0
    0
    0
    0
   21
   28
    4
   51
   77
  133
    6
    0
    0
    5
    0
    0
    0
    0
    2
    1
    0
    1
    9
    2
   10
   11
   38
   12
    0
    0
    4
   93
   60
   12
    2
    0
    0
    0
   24
   15
  132
   14
   58
   87
   42
    5
    7
    1
    0
    0
    0
    2
    0
    0
   10
    0
    0
    6
   11
   18
    0
    0
    0
    0
    0
    0
    0
    0
    0
    0
    0
    4
    0
    0
    0
    0
    5
    2
    0
    0
    0
    0
    0
    0
    1
    9
    5
   13
    3
    1
    5
    0
    8
    5
    2
   32
   42
   28
  103
   80
   49
    0
   25
   16
    8
   10
    0
    0
    0
    0
    0
   18
   41
  119
   48
    4
   14
    5
    1
    0
    0
    6
   24
   50
   28
    0
    0
    0
    0
    0
    0
    0
    0
    2
   42
   73
    0
   82
    2
    0
   75
   46
   20
   21
    2
   45
   22
    0
    0
    0
    0
    0
    0
   55
   29
   69
    2
    0
    0
    0
    0
    0
    0
    0
    0
    0
   37
    0
    0
    0
   66
   60
    0
    0
   24
  177
   57
    4
    1
    0
   24
   84
    7
    9
   88
   54
    9
   10
   29
    6
  126
   88
    7
   34
    9
   16
   10
   53
   30
  129
    4
    0
    0
    0
   36
   57
   12
    0
    0
    0
    0
   50
   10
   37
    0
    6
    0
    0
    0
    0
    0
   37
    0
   48
   86
  188
   23
    8
    0
    0
   13
   16
   61
   42
   24
    2
    0
    5
  153
   55
   46
  552
  106
    2
  195
   24
    0
    0
    1
    0
    0
   18
    0
    0
    0
    0
   34
   25
  132
   42
    0
  247
    7
   17
    0
    0
   55
    0
    0
    0
    0
    0
    4
    0
    0
  107
  104
   22
   23
  104
  160
   27
    0
    0
    0
    0
    0
    0
   95
    4
  214
    8
   31
    0
    0
    3
    0
    0
    0
   32
   86
  270
   33
   17
   29
   34
    9
   41
  120
   75
   44
    6
   10
    4
    0
   18
   11
    0
   10
   74
   28
    6
   15
    5
   19
    0
   23
    6
    0
    2
   41
    3
    0
    4
    0
   14
    0
    0
    0
    0
    0
  173
   50
   11
   40
   36
  223
   33
    0
    0
    0
    2
   33
    2
   54
   30
   33
   68
    2
    3
    0
    0
    5
   47
   63
   12
    0
    0
    0
   68
    1
   18
    6
    3
   32
    3
    9
    2
    2
    3
   19
    5
   15
   10
   15
   60
   39
   35
  130
    2
    0
    0
    0
    0
    2
    0
    0
    0
    0
   78
    3
   17
    5
    9
   28
  165
   49
    0
    0
    5
    0
   14
    6
    1
    0
    3
    0
    1
    0
    0
    0
   26
    0
    1
    0
    0
    0
    8
    1
    0
    0
    0
    0
    0
    0
    6
   49
   23
    0
   11
    4
   17
    0
    0
    0
   24
   10
   12
   20
    0
    0
    0
   11
   61
    0
    9
    0
    1
   11
   41
  128
   78
   20
   28
    2
    0
   70
   15
    7
   64
    0
    0
    0
  114
   62
   49
    3
    0
    6
   15
    0
    0
    8
    0
    0
    0
    0
    0
    0
    0
   34
  192
  118
   21
   42
  214
    6
   37
   12
    9
    4
    0
   20
   52
  121
  145
   23
    0
    0
    0
   28
   48
  196
   13
    0
    0
    0
    0
   38
   14
    0
  127
   90
   23
    4
   57
    0
    3
    0
    1
    0
    0
   19
   10
   43
   68
   49
   37
    0
    0
    0
    4
   10
   63
   20
    0
    0
    6
    0
  113
    0
    0
    0
    0
    0
   91
    0
  135
   20
   37
   50
    8
    0
   39
  100
   46
    0
   24
    1
    0
    0
    0
    0
    0
    5
    0
    1
    0
    0
    0
   86
   48
   95
   32
    0
    0
   90
   32
   57
  101
   11
   16
   32
    1
    4
   75
    4
    0
   24
    1
    0
    0
  196
   63
   10
    5
    4
    0
    0
    0
    0
    0
    2
   11
    3
  112
  147
  172
  201
  154
    0
    1
    0
  254
   63
   16
    0
    0
    0
  126
   32
    0
    0
    1
    0
    0
    0
    5
    0
    0
    0
    0
    0
    0
    2
    0
    0
   13
   58
    0
    0
    1
    2
    4
    0
    0
    0
  141
   87
    5
    1
    0
    2
    9
    4
   88
    3
    0
    0
   38
    7
    0
  110
   14
    0
    0
    0
    0
    6
   10
    0
    0
    0
    8
    3
    0
    0
    0
    0
    8
   18
   48
   44
    5
    0
    0
    0
    6
   17
   78
   37
  173
   25
   33
  183
   75
    0
    0
    0
    0
   23
    0
    0
   14
   19
   57
   22
    3
    0
    0
    0
    0
    0
    5
   11
    0
    0
    0
    1
    7
    0
    0
    0
    0
    7
    0
  147
    3
    4
    0
    0
    0
   30
    3
    0
    0
    3
    0
    0
   15
    0
    0
   11
   75
   58
   57
   15
   63
   40
    2
    0
   44
   85
  156
  118
   14
   20
    0
    0
    0
    1
    7
    1
    0
    0
   18
    7
    4
   18
   17
   16
    0
    0
    0
    0
   38
   10
    3
   35
   19
    0
    0
    0
    0
    0
    0
    0
    0
   90
   10
    4
   57
   52
   55
   31
    3
   28
    0
    0
    0
   27
   31
   56
    6
    0
   19
    4
    0
    0
    2
   16
    0
    0
    0
    0
    0
   28
    0
    0
  133
   18
    0
    0
    0
    0
   58
    3
  127
   27
    3
    1
   38
   37
   25
   36
  126
   46
  191
    3
  108
   27
   13
    0
   13
   43
   40
   64
  291
    0
   38
    0
   55
    7
   19
    0
    0
    0
    0
    0
    0
    0
    0
    0
   33
   21
    4
    1
    0
    0
    3
   29
   17
   18
   59
   30
    0
    0
    0
    0
   12
    0
    0
    0
   31
    0
    0
    5
   21
    0
    0
    0
    0
    0
    0
   15
   30
   15
    4
   10
    0
    0
    0
    0
    0
    0
    0
    0
    1
   17
    0
    0
    0
    0
   74
   10
   11
    3
    1
   57
   24
    0
    4
    0
    0
    2
   53
    8
    0
    0
   11
   65
   62
    0
   33
   62
  295
    0
    0
   13
   74
   59
    3
    5
    0
   16
   51
   20
   17
    0
   33
   23
    0
    0
   33
   38
    0
   22
  112
   49
   60
   36
  271
  102
   23
  101
   55
   20
    0
   25
   28
    9
   15
    0
    0
   55
    2
   10
    1
   82
    0
   41
   92
    6
   21
    0
    0
  163
    2
    7
    0
    0
    0
    0
    0
    0
    0
   66
   28
    0
    0
    0
    0
    0
    0
    0
  187
   46
   33
   28
   12
   83
   20
   81
   22
    3
   58
    0
    0
   27
    0
  149
   12
    0
    0
    0
  103
   43
  247
    6
  148
  293
   37
   88
   18
    0
    0
    0
    0
    0
    0
    0
    0
    0
    0
    0
    0
   45
   13
    2
    0
    0
    8
  131
   27
   10
   20
   34
  215
   43
   85
    5
    0
    0
   18
    0
   24
    2
    5
   66
   69
   70
    8
   52
  127
   46
   54
  162
  271
   15
   43
  102
    3
   15
    0
   21
   67
   94
   38
    0
    1
   33
   11
   77
   52
   10
   11
   38
    0
    0
    2
    0
    0
    4
    5
    0
    3
    3
    0
    0
    0
   26
   84
   88
   42
   12
    0
    4
   11
   36
   42
  116
   40
   28
    0
   11
   10
   37
   17
   21
    0
   13
    0
    0
    5
    7
    0
    0
    0
    0
    0
   57
    1
    0
    0
   40
   67
   17
    0
   64
   16
   21
   23
    0
    3
    0
    0
    0
    0
    0
    5
    0
    2
   48
   24
  104
   79
   60
   62
   12
   19
   12
  118
   27
   84
   55
   63
   51
    0
    0
    2
   11
   73
   10
    1
   56
   65
   28
  225
    6
  105
   55
  115
  217
    5
   15
    9
    0
   82
  201
    0
    3
   67
    0
    1
    1
   16
   57
    4
    0
    0
   20
    6
    0
    0
    0
   40
   55
    5
   27
   24
    4
    0
    2
   11
   13
    3
    0
    0
    0
    0
    0
   35
    2
   44
   41
   19
    0
    4
   24
    0
   18
    2
   79
  130
   47
    2
    3
    0
   18
    0
   88
   19
    1
    0
   27
    3
    0
    0
    0
    0
    0
    0
    0
    0
   38
  200
    0
   32
   71
   14
    5
   25
   46
    3
    0
    0
    0
   76
  106
   30
    0
    0
    6
    0
    0
    7
    0
  242
    0
    0
   85
   12
   19
   10
   24
    2
   81
    0
   17
   28
   11
    0
    0
    0
    0
  164
  385
   13
   33
   15
    2
    0
   48
    8
    5
   88
    4
    0
  258
    3
    6
    0
    4
  148
  124
  101
    5
    4
    0
    0
    7
   30
  211
   23
   21
    0
    0
    0
  238
   15
    0
   56
    2
    0
    0
    7
    0
    0
    0
    0
    0
    0
    0
    0
   35
    0
   10
    0
   38
   28
   55
    0
    0
    5
    3
   69
   27
   64
    0
   85
   17
    0
    0
    0
    0
    1
  151
   72
    0
    0
   37
   24
   15
    0
    0
    0
    2
    2
    0
    0
    0
    0
    0
    0
    0
    0
    3
  314
    0
    5
   40
    2
    4
   24
    0
   45
   12
    0
   32
   40
   20
   41
    0
   62
    0
    0
   75
    9
   46
  109
   40
   23
    0
    0
   41
    0
    0
    0
    0
    0
    0
    0
    0
   17
    0
   33
    6
    0
    0
    0
    0
    2
    6
   68
    0
    0
    4
   19
   16
  145
   96
  118
    3
    2
   30
   42
    0
    0
   25
   21
   30
    9
   12
   11
    0
    2
    1
    0
    0
    0
    0
    0
    7
   33
   27
   60
   19
    7
   24
    2
    0
    0
   16
    9
   35
   44
   13
   10
   40
   10
   28
   23
    3
    0
    5
    2
   67
  190
  121
   37
   83
   18
    0
   84
    0
    1
   23
    0
   13
    3
    2
   40
    0
    0
    0
    0
    0
    8
   74
  256
  137
    0
  258
  120
   75
    4
   15
    0
   43
    9
   10
  182
   66
  111
    5
   38
   58
   43
    0
    0
    3
   88
   77
   40
    2
    1
  101
   51
  148
   33
   23
   32
   66
   46
   14
   43
   15
  110
   54
    0
    0
   22
    3
   92
   72
   67
   82
   44
    0
   38
  147
  375
  179
  182
    3
   30
  158
  188
  241
   65
    0
    0
    3
    3
    0
    0
   98
    0
  134
   64
    7
   94
  114
   18
    2
    0
    0
   15
    8
    0
   19
    0
    0
    0
   40
   19
    0
    5
  177
    0
   80
   17
    0
    0
    0
    0
    0
   23
    2
    0
    0
    0
    0
    3
   85
    9
    0
    0
    0
    0
    0
   18
    1
    0
    0
    0
    0
    0
    0
    0
  653
   31
   18
   58
   51
  139
    2
    0
    0
   31
    4
   11
   18
   40
    3
    0
    0
    2
   16
   86
    8
   81
    0
    0
    0
  156
    0
  320
    4
   38
    0
    0
    0
    0
    0
    0
   19
   10
   62
  113
    4
    2
    0
    0
    0
   66
   36
    0
  680
    9
    3
  178
  102
    9
   14
    5
   26
    9
  242
   28
   11
   21
    4
   37
   10
    8
    1
    0
    3
    3
  126
   35
   29
   44
    2
    0
    0
    2
    0
    0
    0
   17
   49
    3
    1
    2
    0
    0
    0
    0
    2
    0
    0
    0
    2
  142
  176
   12
    0
    0
    0
    0
    1
  118
    0
    0
  117
  128
   35
  216
   15
    9
   69
   35
    0
    0
    0
    0
    0
   16
    0
    0
   46
    3
    0
    0
    0
   34
    3
    0
    0
    1
    0
    4
    0
    0
    0
  180
   13
    8
    0
   18
  146
  231
   23
    6
    0
   14
    1
    7
    1
    0
    0
    6
   25
    0
    0
    0
    0
    0
    6
    4
  106
    8
    2
    0
    0
    6
    2
    0
   44
    1
    0
    0
   23
    0
    0
    0
    0
    0
    0
   35
    0
   11
   63
    0
    4
   14
   18
    3
    0
   73
   20
   31
   28
   21
    0
    0
    0
    0
    0
    2
    1
    0
    0
   10
    0
   12
   67
   19
    2
   21
   20
   32
    0
    0
    0
    0
    0
    0
    0
    0
    6
    2
    0
    8
   15
   45
   10
   18
   17
    0
    3
   24
    4
    0
    0
    7
   24
    0
    0
    0
    0
    0
    0
    0
    1
    0
    2
    0
   24
   10
   76
   35
    2
    1
    0
    4
   15
   35
   62
   82
   93
   66
    2
    0
    0
    0
    9
    0
    0
   20
    8
    0
    0
    0
    5
   12
   27
   14
   63
  348
   85
    2
    0
   12
    0
    0
    0
    2
   56
   41
   18
    0
    5
   71
   34
   17
   31
  108
   43
    2
   24
    3
   92
   19
   30
    4
   42
   43
   41
  140
   82
   15
    2
    1
    0
   10
    0
    0
    0
    8
   80
    0
   21
   43
    8
    0
    8
    4
   44
   98
   19
   57
   19
    3
   17
    1
   40
   34
    3
    0
    0
   76
    0
   17
   19
    2
    0
    0
    0
   16
  127
   47
   32
   11
    3
    0
    0
    0
    0
    0
    0
    7
    0
   42
   50
    2
    0
    0
    0
    0
    0
    0
    0
   22
  238
    0
    0
  110
   37
   51
  134
   76
    2
    0
   17
   15
    0
   76
   51
    0
    0
    0
   14
    3
   49
   33
    1
    0
  154
  110
    8
    0
    0
    0
    0
   57
    0
   51
    2
    0
    0
    0
    0
   26
  338
   53
   58
    3
    4
    0
    0
    0
  223
   72
  110
   11
    0
    5
    2
    0
    0
    0
    0
    0
    0
    0
    8
    0
   43
    0
    0
   16
    0
    0
    8
    0
    0
   10
    0
    1
    0
    1
    0
    0
    8
  103
    0
   36
   61
   41
    0
    3
    0
    0
    0
   40
    0
    0
    0
   73
  166
    0
   50
    5
   72
   15
  109
  101
   79
  241
   48
  124
   45
   38
   14
   15
    0
   96
   11
   31
   29
    0
    6
   32
   35
   57
   45
    9
    3
   43
  114
    0
   88
   42
    0
    0
    2
   36
    0
    0
    0
    0
    0
    0
    0
    0
    0
    0
    0
    0
   61
   32
    0
   37
   11
    0
    8
   54
    4
    0
   31
   44
   21
    0
    0
   10
   24
  136
  208
   12
    0
    0
   87
    1
    0
    8
    7
    0
    6
   51
    2
    7
  175
   24
    5
   19
   46
   38
   44
   57
    4
    0
    0
    0
   49
  156
  205
   19
    0
    0
   27
   46
   83
    5
    0
   22
   31
   18
   26
   78
   52
  174
   96
    2
   42
   15
   33
  114
   48
  118
   52
   43
   26
   82
    0
    0
    0
   45
    8
    2
    0
    0
    5
   33
    0
    0
    9
    0
    0
    5
   12
   54
   30
    0
    0
   42
   21
   12
   93
   11
    0
    0
    0
    0
    0
    0
    0
    0
   13
    5
   15
   70
   53
   34
  193
   55
    0
    0
    0
    0
    0
   46
   71
   52
   69
   66
   95
   91
   26
   47
    9
    3
    0
   10
    0
    0
   11
   28
    0
    6
    0
    0
    0
    2
   11
    1
    0
    0
    2
   49
  155
   21
  102
  182
   49
    4
    2
    0
    0
    0
    0
    0
    0
    0
    0
    0
    0
    2
    0
    0
    0
    0
    1
    4
   21
  245
   81
    3
    0
    0
   49
    0
    0
    0
    0
    0
    0
   65
   21
    2
    3
    0
    5
   16
    3
   27
  115
   34
    0
    0
    0
    6
   30
  111
    0
    1
    3
    0
    0
   15
   41
    0
    0
    0
  137
    7
  121
   10
   12
   34
   29
    0
    3
    0
    0
    0
    0
   24
   23
  212
  104
    9
    3
    0
    0
   55
    6
   78
    1
    0
    0
    1
  148
   37
    0
   32
    0
    0
    0
    1
   23
    0
    0
   10
   73
   89
   69
    0
  183
    1
    0
    0
   86
    9
    0
  132
    2
    1
  318
   40
   22
    5
    0
   15
    0
    0
    9
   10
   24
    8
    0
    0
    0
   31
  128
    2
    0
  176
   10
   51
  174
  156
    0
    2
  370
 1820
  130
   17
   26
    4
   38
    0
    0
    0
    5
    0
    0
    0
    0
    0
    0
    0
    0
    0
  366
    0
    0
    0
    0
  108
    0
    0
    0
    0
   52
    0
    0
    0
   57
   69
   12
    3
    0
    0
    0
    4
   80
   36
   16
   23
  182
   39
    0
    0
    0
    0
    0
   28
   20
   60
   97
   42
   23
    0
    0
    0
    4
    5
    0
   86
  114
   16
   14
   26
    0
   66
   41
   10
    2
   99
   12
   47
  100
    7
    5
    7
   58
   51
  138
    6
    0
    0
   19
  132
   81
   32
  134
    0
    0
    8
    3
    0
    0
   67
  205
    0
    0
  215
    4
    0
    4
    3
    4
    1
  171
  109
    0
   10
    6
    5
    4
    3
    0
    0
    0
    0
    0
    1
    0
    0
    6
   25
   28
   23
    0
    0
    0
  155
    0
    7
    0
   21
    4
   13
  151
  248
    5
   21
  158
   62
   15
    3
   15
    3
    0
    2
   15
    1
   10
   73
   16
    2
    0
    0
    1
    0
    0
    0
    0
   88
   32
   15
    0
   62
   93
   67
   23
   13
    1
   28
   55
    0
   10
   25
   52
    9
    0
    0
    0
    0
    0
    0
   33
    0
    0
    0
    0
    0
    0
    0
    0
    0
    0
    0
    0
    0
    1
   14
    8
   21
    0
   38
   19
   27
   11
    0
   64
   93
    6
    4
    0
    0
    0
    0
    0
    0
    0
    0
    0
    0
    0
    0
   10
    0
    0
    0
    0
   21
   33
   41
    0
    5
   37
   30
    5
    2
   10
   14
    0
    0
    0
    0
    0
    0
  131
   87
    0
    0
    0
    0
    0
    0
   28
   22
    3
    0
    0
    0
    0
    0
    0
    0
    0
    0
  140
   23
   12
    2
   72
    6
    1
    9
    2
   14
   45
   69
   11
   17
    0
    0
    0
  553
   25
    0
    0
    0
    0
    8
    0
    0
    0
    0
   31
    3
    0
    4
    0
    5
    0
   92
    0
    0
    0
    0
    2
   81
   19
    3
    0
    0
  106
    0
    0
    0
    0
    0
   41
  101
  127
    5
   19
  112
   78
    3
    0
    0
    6
    0
    9
    0
    0
    0
    0
    0
  156
    0
    0
    0
   41
   21
    3
  247
    0
    3
  228
   83
   39
    2
    0
    0
    0
    0
    0
    0
    0
    0
    0
    0
    0
    0
    0
   42
   11
    0
    0
    0
    8
   48
    0
    0
    0
   18
    0
    0
    0
    0
    9
   43
    3
   51
   43
   19
    4
    0
    0
    0
    0
    0
    1
   51
  108
   52
   26
    2
    0
    0
    0
    0
    0
    0
    0
    0
   28
    0
    0
    0
    0
   43
    5
    0
    0
   11
   12
   18
   46
   15
   89
  141
   86
   21
   13
    0
    2
    0
    1
    0
    0
    0
    0
    0
   52
    4
    0
    1
   17
   19
    0
    0
   53
    8
    0
    0
    3
   27
    0
    0
    0
    0
    0
    0
    0
    0
    0
    0
    4
    0
   40
   51
   32
    0
    0
    0
    0
    0
    0
    1
    8
    0
   71
   17
    0
    0
    0
    0
    0
   31
   36
    0
    0
    0
    0
    9
   13
  140
  117
   42
   26
    0
    0
    6
    8
   16
   68
    0
    0
    2
    0
    0
    1
    0
    9
   24
    4
   20
    2
   94
    4
  182
    0
   12
   75
   43
   72
   38
   53
   24
   61
    6
    5
   18
  108
   62
   31
    2
    0
   12
   47
    0
    0
    8
   68
   43
    0
   16
  297
   10
    0
    8
    6
    9
   53
   48
   83
   46
    6
   27
    5
    3
    0
   17
   16
   12
    0
    0
    3
   20
    1
    1
    8
    2
    6
   34
   42
   53
   56
    0
    0
   13
    2
    3
   57
   12
    0
    0
   13
    0
    0
    0
    0
    0
   33
   30
    2
    3
   37
  162
    2
   14
    0
    0
    0
    0
    0
    0
    0
    0
   13
   32
    8
   16
   28
    2
   19
    0
    0
    0
    0
    0
    0
    0
    0
   52
    0
    0
    0
   32
   49
    3
   33
    0
    0
    0
    0
   41
   40
   69
    7
  230
  241
   50
    0
   43
  272
    1
    7
   16
    0
  223
   10
    0
    0
    0
    0
   32
   94
  130
    5
    0
    2
    0
    2
    0
    0
   42
  126
   39
   10
   51
   39
    0
    0
    0
    0
  142
  121
   92
    6
    0
   17
    0
   73
    9
   11
    3
   18
    9
    8
    0
    0
    1
    6
    0
   26
    0
   88
   12
   72
   39
   71
    0
    1
  209
    1
   95
   15
  114
   77
   28
    5
    3
    0
  106
    0
   51
    0
  230
   83
    0
    7
  214
    2
    0
    0
    0
    0
    0
    0
    0
    0
    0
    0
    0
    0
    0
    0
    0
  298
    3
   33
    0
    0
   74
    0
   22
   24
   27
    0
    0
   71
    3
   88
   11
   41
   12
   68
    2
    0
    0
    0
    0
    0
    0
    0
    0
    0
    0
    3
   86
    0
    6
    0
    0
    0
    0
    6
    0
   86
   88
   93
  126
  102
   18
   19
    7
   78
   14
    0
   46
    0
    0
    0
   69
    1
   31
    0
    0
    0
    0
    0
    0
   71
    8
    0
    2
    0
   22
    2
    0
    0
    0
   19
   77
    9
    2
   23
   28
    0
    7
    4
    0
    8
   16
  156
  108
   31
  240
    0
    0
   51
   46
    0
   14
  126
  131
  266
  161
   91
   27
  231
  132
    0
    0
   38
   42
    0
    0
    2
   35
    1
    2
    0
    3
    2
    3
    1
    0
    0
    0
    0
    0
    0
    0
    3
   88
   31
   25
    0
    0
   15
   19
    6
   47
  143
   59
   42
    5
    0
   58
   11
    9
  111
   25
   73
   18
    0
    4
    2
    0
    0
   28
   39
   11
    1
    0
    0
    2
    9
  352
  116
  121
   72
  124
   77
   32
   33
    6
    1
   31
  205
   13
  139
    9
    0
    0
    0
    0
    0
    0
  135
  118
  134
   98
   41
  112
  105
   19
    0
   16
    3
    0
   79
    0
    1
    8
   74
   49
   11
    0
    0
    0
    0
   28
   88
    6
   40
  107
    0
  112
   51
    7
    4
    0
    0
  158
  115
    5
    0
    0
    0
    3
    0
   48
    1
    0
    0
    0
    0
    0
    0
    0
    0
    0
    8
   20
    4
   42
   78
    0
    0
    0
    0
    0
    0
    0
   27
    0
    0
    0
    0
    0
    5
    3
   15
   27
   38
    0
    0
    0
    0
    0
  153
   78
   14
   84
   97
   13
   30
    3
   11
    0
    0
   24
   10
  151
   19
    2
    0
    0
   38
   19
  146
    0
    0
    0
    0
    0
    0
   10
    0
    0
    0
    2
    5
   19
   98
   17
    1
    0
   67
    2
    0
    0
   98
    0
    0
   37
    0
    0
    0
   46
    0
    0
    0
  194
    0
    0
    0
   17
  122
  165
    0
    0
  362
  266
   19
  146
  177
   14
   16
   13
    0
    0
    4
  110
    0
    0
   24
  153
   80
  158
   95
   13
   62
    9
    4
    0
    0
  123
   88
    0
    0
   68
  167
    0
  225
   39
   41
   47
    4
   36
    0
   13
    8
   39
   79
    0
    0
    0
    0
   78
    0
  247
   78
    3
   27
    0
    0
    0
    0
    0
    0
    0
    1
    3
    0
    0
    0
    0
    0
    0
   27
   23
  246
    0
   11
  110
  134
   38
    0
    0
    0
    0
    0
    0
    0
    0
   10
    2
    2
   90
    0
  105
   67
    2
    0
    0
    0
    0
    0
    0
    0
    0
    0
    0
    0
    0
    0
    0
    0
    0
    0
    0
    0
   48
   11
   19
    0
    0
    0
    0
    0
    0
    7
    0
   16
   11
   30
    0
    1
    0
    0
    0
    0
    0
    0
    0
   60
   55
  118
   12
   58
  157
  152
   48
    0
    1
    0
    0
    0
    5
    0
    0
    0
    0
   62
   10
    0
    4
    9
   24
    3
    0
    7
   20
   21
   29
   90
  104
   69
  157
   73
   84
   24
   13
   53
   41
   22
    0
   27
   83
    7
   11
    0
    0
   18
   31
   10
    4
    0
    0
    0
    0
    0
   21
    0
    0
    3
    0
    0
   71
   85
   17
   73
  103
    2
    0
    0
    0
    0
    0
    0
    0
    0
    0
    0
    0
    0
   41
    0
   87
  114
   24
  126
  168
   39
    6
    0
    1
   34
   23
    2
    3
    0
    0
   11
   20
    6
    0
   11
   26
   17
   30
   18
    0
   49
    9
   12
   87
   16
   78
  177
   15
  307
  144
    8
    6
    6
   13
   16
    0
    0
    0
   25
    0
    0
    6
   49
  146
    3
    0
   27
  120
   38
    9
   27
    9
    8
    0
    0
    0
    0
   11
   57
    0
    6
   52
   18
   10
   81
   17
    0
    0
    0
    0
   34
   88
    0
    0
   98
   38
   58
   73
    0
    0
    2
    0
    0
    0
    0
    0
    0
    2
    0
    0
    0
    7
    7
    0
   51
   62
   24
   13
   31
    0
   27
    0
    0
   31
  234
  201
   13
  188
   28
   52
   16
    0
   32
    3
    0
   16
    0
    0
    0
    0
    0
    0
    0
    0
    0
  378
    0
    0
  304
    9
   16
    0
    0
    0
   50
    0
  243
    0
   22
  103
    0
    0
    0
    0
    0
    5
    0
    8
   21
    0
    0
    0
    0
    6
    0
    0
    0
    0
    0
    0
    0
    3
   32
    0
    0
    0
    0
   96
    0
   29
   78
   17
    0
   16
    5
  353
  296
   23
   19
    0
    6
    1
    1
   44
   21
   88
    7
    2
   12
    5
   26
   21
  143
    3
    2
    0
   19
   29
  121
  170
   76
    5
    0
    0
   22
    0
    3
    0
   84
    0
    0
    0
    0
    0
    0
    0
    9
    0
    0
    1
   12
    5
    0
    0
    0
    0
    0
    0
   36
    0
    0
   41
   34
   76
  263
   13
    2
    1
   32
    0
    0
    0
    0
    0
    2
    0
    0
    0
    0
    0
    0
    2
   10
    2
    7
    4
    0
    0
   26
  255
  112
    0
   21
   36
    3
    0
  125
  115
    6
    0
   36
  131
    9
   42
   71
   91
   22
    0
    0
    4
    0
    3
   11
    0
   61
   14
    0
    0
    0
    0
    0
    5
    0
    0
    0
    0
   38
    0
    0
    0
    1
  123
   12
   52
   23
   11
    0
    0
   47
   34
    8
   12
   33
    0
    3
    0
    0
    1
    0
    0
   94
    0
    0
   21
