Station: Schoenberg-Pfaffroda , scaling_factor: 10.0, latitude:  50.8677, longitude:  12.5223, altitude:  275, nodata_value: -9
start: ..1990-01-01  end: ..1996-01-31
    0
    3
    0
    0
   15
    0
    0
    5
    0
    0
   10
    2
    0
    0
    3
    1
   22
    0
    0
    0
    0
    5
    0
   20
   47
    0
    0
    0
    0
    0
    0
    0
    8
    8
    0
    0
    0
    0
    9
    2
    6
    9
    0
   48
   36
  123
    0
    0
    2
    0
    0
    0
    0
    0
    0
    0
  126
   29
  122
    4
    9
   20
    1
    0
    2
    2
    0
   15
   32
    0
    0
    0
    6
    0
    0
    0
    0
    0
    3
    0
   64
    0
   14
    4
   11
    3
   15
    4
    0
    0
    0
    3
  100
    0
    0
    0
    0
    0
    0
   12
  118
    0
    0
    5
   22
    0
   38
   60
   31
    0
   24
    0
   51
  129
   85
   15
   25
    0
    0
    0
    0
    0
    0
    0
    0
    0
    0
    0
    0
    4
    0
    0
    0
    0
    0
   25
    4
    0
    0
    0
    0
    0
   57
    0
    0
    0
    0
    0
    0
    0
    0
    0
  114
   10
    4
    0
    0
    7
  130
   12
  440
    0
    0
   39
    0
    0
    0
    0
    0
    0
  179
   10
   22
    0
    0
    0
    0
    0
    0
   33
  129
    0
    0
   86
    0
   43
    0
    0
    0
   55
    0
    0
    0
    0
    0
    0
    7
    0
    0
    0
    0
    0
    0
    0
    0
    0
    0
    0
    0
    0
    0
    0
    0
    0
    0
    0
    0
   59
    0
    0
    0
    2
    0
    0
   24
    6
    0
    0
    0
    0
   20
   34
  191
    0
    2
    0
    0
    0
    0
    0
    0
  130
  217
    2
  130
   49
  113
    0
   80
   11
   19
   22
  131
    7
    5
    0
    0
    0
    0
    7
   66
    0
    3
   21
   18
    7
   17
   30
    0
    0
    0
    0
   58
   86
    0
    0
   77
    0
    0
    1
    0
    0
    0
    0
    0
    0
    0
    0
    0
    0
   76
    0
    0
    0
    0
    0
    0
    0
    0
    0
   12
   75
   30
   26
    0
   13
   55
   64
    6
   11
    0
    0
    0
   21
   27
   20
    0
   19
    4
    0
   80
   21
   44
   23
    0
   45
   40
    0
   25
    0
    3
    0
   74
    0
    0
    0
    4
   30
    1
    0
    0
    0
    0
   13
   76
   39
    0
    0
    0
    0
   20
   10
    3
    6
   30
    0
    0
    0
    0
    0
    9
    0
   17
    0
    6
   18
  102
   41
    0
    0
    0
    6
    0
    4
   22
    7
   18
    0
    0
    0
    1
    0
    0
    0
    0
   21
    1
    0
   11
    4
    0
    0
    0
    0
    0
    0
    0
    0
    0
    0
   10
   10
    0
   15
    0
   53
    0
   14
   14
    5
   30
   13
    0
    0
    0
    0
    0
   11
    0
    3
    0
    2
    0
    0
    0
    0
    6
    0
    2
    3
    0
    0
    8
    0
    0
    0
    0
    0
   37
    0
    0
    0
   95
   11
   18
   16
    2
    0
    0
    0
    0
    1
   29
    0
    2
   75
    0
    0
    0
    0
    2
    6
   14
    0
    0
    0
    0
    0
    0
    0
    5
   84
    0
   70
   11
    1
    7
   58
    8
    2
    0
    0
    0
   32
   30
   54
   27
    0
    0
    0
    0
    5
    5
    5
    8
  174
    7
    0
   89
   25
    1
    5
    0
    0
    0
    0
    0
   25
   22
   30
   23
    0
    0
    6
    0
    0
    0
    0
   15
    7
    2
   34
    3
    0
   32
    5
    8
   15
   14
    0
   14
   36
  387
   14
    6
    0
    0
   31
   24
   66
    4
   14
   78
  219
    0
    0
    0
    0
    0
    0
    0
    0
    0
   41
   19
    0
    0
    0
   45
   62
    0
    0
    0
    0
    0
    0
    0
    0
    0
   35
   27
  198
    0
    0
    0
    0
   11
   21
  203
    0
    0
    0
    0
    0
    0
    0
    0
   10
   93
    0
    0
    0
   42
    0
   34
    0
    0
    2
    4
    0
    0
    0
    0
    0
    0
    0
    0
    0
    0
    0
    0
    0
    0
    0
    0
   39
    0
    0
    3
    0
    0
    0
    0
   91
    0
    0
    5
    0
    0
   34
    0
    0
    0
   17
    0
    0
    2
   21
   20
   27
    0
    0
    0
    0
    0
    0
    0
    0
    0
    5
    0
    0
    0
    5
   53
    0
   14
    0
    0
   32
    8
   49
    0
    0
    0
    0
    0
    0
    0
    8
   34
   67
    2
   31
   46
   21
   26
   59
   37
   44
    0
    0
    3
    0
   16
   26
   13
    0
    0
    0
   23
    2
    0
    0
    9
   11
    0
    0
    3
    7
    2
    5
    0
   37
   36
   32
    5
    0
    0
    0
    0
    0
    0
    0
    0
    0
   23
  135
    7
   70
   89
   28
   17
   69
   60
   16
    0
    0
    0
    0
    0
    0
    0
   27
   84
   38
    0
    0
    6
    0
    0
   24
    0
   23
    0
   17
    0
   82
  139
    0
    0
    0
    0
    0
    0
   19
    0
    0
   21
    0
    0
    0
    0
    3
    8
   56
    0
    0
    0
    7
    0
    0
    2
   89
   10
    0
   36
   20
   12
    7
   28
   39
   21
   19
    0
    0
    0
    0
    0
    0
    0
   18
    0
    0
    0
   40
    0
    0
    0
    8
   35
   39
  150
   18
    8
    4
    0
    0
   11
    0
   30
   66
    0
  162
   28
   37
   70
   10
    0
    0
    0
   37
   17
    0
    6
    0
    0
    0
    0
    0
    0
    0
    0
    0
    0
    0
   12
   16
    8
    0
    0
    0
   14
   12
    0
    0
   26
   27
   83
    3
    0
   22
   10
    0
    0
    0
    0
   31
   32
   60
   12
    0
    0
    0
    0
    0
    0
    0
    0
    0
    0
    0
    0
   11
    0
    0
    0
    0
    0
    0
    0
    0
  185
    6
  343
    0
    2
   63
    0
  107
  127
    0
    0
    0
    0
    0
    0
    0
    0
   46
   12
    0
    0
    0
  264
    0
    0
    0
    0
    0
    0
    0
    0
    0
   15
  178
  408
   80
    0
    0
    0
   18
  183
  127
    0
   35
    0
    0
   35
    0
    0
    0
  308
   37
    0
    0
  142
    0
   21
    0
    0
    0
   20
    0
    0
    0
    1
    0
    0
    0
    0
    0
    0
    0
    0
   58
    4
    0
    0
   10
   16
   60
  100
    0
    0
    0
    0
    0
    0
    0
    0
   11
   23
  164
    3
   31
   18
   24
   26
    0
    4
    0
    0
    0
    0
    0
    0
   48
    0
    0
    0
    0
    0
    0
    0
    0
   23
   55
    0
    0
    0
    0
    0
    0
    8
    0
    0
   11
   18
    5
   24
    0
   30
    0
    0
    0
    0
    0
   20
    0
    0
    0
    0
    0
    0
   28
   26
   31
   24
   91
    9
   20
    4
    0
    0
    0
    9
   17
    0
   12
    0
   17
    0
    0
   15
   39
    4
   21
    5
   28
    0
   45
    8
   19
    5
   67
   45
   16
    1
   13
    7
    8
    5
    0
    0
    2
    0
    0
    7
    0
    0
   10
    0
   12
    5
   90
   12
   32
    0
    0
    0
    0
    0
    0
   60
    4
    0
    0
    0
    0
    0
   10
    4
    0
    0
    0
    0
    0
    0
    0
    0
   76
   14
    0
    0
    0
   64
   60
   12
    0
    0
    0
    0
    2
    0
    0
    5
   54
    2
   28
   10
    8
   29
   71
    7
    0
    0
    0
    0
    0
    0
    6
   40
    0
    0
    0
    0
    0
    0
    0
    0
    0
   71
   38
   16
   30
   46
   19
    9
   12
    2
    0
    0
    7
    0
    0
    0
   18
    8
   12
   48
    0
    0
    0
    8
    0
    0
    0
    1
    0
   17
   36
   22
    0
    1
   20
   31
    0
    0
   18
    7
   10
    6
    7
    0
    0
    0
    0
    0
    8
    6
   36
   82
    2
    0
    0
    0
    0
    0
   30
    0
    0
   20
   66
   40
    0
    2
    0
    0
    0
    0
    0
    0
    0
    0
    0
    0
   98
   17
    0
   10
    6
    0
    0
    0
    0
    0
    0
   19
    8
   19
    0
    0
    0
   39
    0
  426
   22
    0
    0
    0
   25
   88
   20
    0
    1
    0
    0
  174
   86
    4
    0
  121
    0
    0
    0
  112
   65
   10
    0
   92
   23
   57
   10
    2
   60
    3
    0
    0
   34
    2
    4
    0
   71
   16
    0
    0
    0
    0
    0
    0
  387
    0
    0
    0
    0
  139
    8
   18
    0
    0
   41
  214
    0
    2
  200
    0
    0
    4
    0
    0
   35
    0
   28
  104
    0
    0
    0
    0
    0
   32
   89
  172
    0
    0
    0
   28
   79
    0
    0
    0
    0
    0
   18
    0
    0
    0
    5
    0
    6
    7
    0
    0
    0
    0
    0
    0
  176
   54
   16
   98
   70
   59
   64
    0
    0
    9
    4
   14
   19
    6
   58
    0
    0
   24
    0
    0
    0
    0
    0
    0
    0
    0
    0
    0
    0
    0
    0
    0
    0
   64
    0
    0
    0
   18
    0
    0
   19
   41
    0
    0
    0
    0
   54
    0
    0
    0
    0
    0
    0
  132
   56
  101
    0
    0
    0
    0
    0
    0
    0
    0
    0
    0
    0
    0
  118
   36
   33
    0
    0
   16
   12
   10
  104
  110
    4
    4
    0
   12
    0
    0
   45
    0
    0
    0
    0
    0
   51
    0
    0
    0
   10
    4
   28
    0
    0
    0
   36
    9
  104
    5
   38
  148
   40
    0
    0
   34
    0
   25
  162
  122
   10
    0
    0
   51
   10
    0
    0
    0
   27
   30
   -9
   -9
   -9
   -9
   -9
   -9
   -9
   -9
   -9
   -9
   -9
   -9
   -9
   -9
   -9
   -9
   -9
   -9
   -9
   -9
   -9
   -9
   -9
   -9
   -9
   -9
   -9
   -9
   -9
   -9
   -9
   -9
   -9
   -9
   -9
   -9
   -9
   -9
   -9
   -9
   -9
   -9
   -9
   -9
   -9
   -9
   -9
   -9
   -9
   -9
   -9
   -9
   -9
   -9
   -9
   -9
   -9
   -9
   -9
    6
    4
   64
    0
   27
    0
   45
    0
    0
    0
    0
   30
   58
   19
  236
   45
   22
   30
   61
   22
    0
   57
   29
   17
    3
    0
    0
    0
   11
    0
    0
   20
   17
   14
   20
    2
    0
    0
    0
    0
   13
  134
  341
   67
   13
    0
    0
  106
    0
    0
    0
    0
    0
    0
    0
   15
    3
    0
    0
    0
   23
    0
    0
    0
   31
   55
    0
    0
    0
    0
    0
    0
    0
    0
   17
    0
    0
   10
    0
  313
    7
   74
   32
   49
  212
   56
   78
    7
    5
    0
    0
    0
    0
   51
   16
    6
   58
    0
    0
   25
    0
   17
    6
    0
    0
    0
    0
  156
   16
    0
    0
    0
    0
    0
    0
    0
    0
    0
    0
    0
  117
    0
    0
    0
    0
  236
  283
   49
   97
    0
    0
    0
    0
    0
    0
  133
    8
    0
    9
  564
   43
    0
    0
    0
    0
    0
   22
    0
    0
    0
    0
    0
    0
  113
    0
    0
    0
    0
    0
   52
   53
    0
   84
   62
   34
    0
    0
    0
    0
   76
   98
   78
    0
    0
  311
  421
   25
  242
    0
    0
   38
    0
    0
   23
    0
   31
    0
    0
   59
    4
    8
  268
    0
   51
    0
    7
    3
  112
   26
    0
    0
   18
   16
    0
    0
    0
    0
    0
    0
    0
    0
    0
    0
    0
   31
   12
  118
    6
   10
    0
    0
    0
   18
    0
    0
    0
    0
    0
    0
    0
    4
    0
    0
    0
    0
    6
   17
    0
    0
    9
    0
   12
   36
    4
    0
    0
    0
    0
    0
    0
    0
    2
    7
    0
    0
    0
    0
    0
   17
   62
   28
   41
   14
    0
    0
   34
    0
    0
    0
   42
   87
   15
    7
    4
    2
    0
    0
    4
   24
   37
    2
    0
   10
    4
   55
    0
    0
  150
    6
    8
    9
    0
    0
    0
   10
    5
    0
    8
    0
    0
   10
    4
   10
    5
   34
    0
    6
   30
    8
    0
    0
    0
    0
    0
   35
    2
   11
   58
    0
    0
    0
    0
    0
   43
   26
   44
    0
   23
    0
    0
   26
   17
   18
   16
   14
   53
    0
    0
   26
    0
   31
    0
    0
    0
   92
    0
    8
   11
    0
    8
    0
   19
    6
   10
    6
    0
    0
   18
    0
    0
   39
   16
    3
   14
    0
    0
    7
    0
    0
    0
    0
    0
    0
   21
    0
    0
    0
    0
    0
    7
    2
    0
   20
   12
   17
    7
    0
    0
    0
   18
   20
   84
   35
   78
    0
   89
  108
    0
    0
    0
    0
    4
   15
   14
   19
   94
   79
   32
    0
    0
   49
   48
  136
   57
  118
    0
    0
    0
    0
    0
   21
   36
   38
    6
    0
   35
    0
    0
    0
    0
    0
    0
    0
   41
   38
   11
    1
  116
  361
    0
   29
    1
    0
  135
    0
    0
    0
    0
    0
    0
    0
    0
    0
    0
    3
   79
  126
  332
  183
    0
    0
   27
   61
   26
   20
    6
   24
    0
   18
   58
   91
   81
    9
   58
    0
    0
    0
    7
   46
   25
   43
    0
    0
    0
    0
    0
    0
    0
   99
    4
    0
    0
    0
    0
    0
    0
    0
    0
    0
    0
   51
    9
   43
    0
   46
    0
    0
    0
  146
    0
    0
    0
    0
    0
  407
    0
    0
    0
    0
    0
    0
    0
    0
    0
    0
    0
    0
    0
    0
    0
   74
   15
    0
   18
    0
    0
    0
    8
    0
    0
    0
   52
   26
   32
  134
  107
   77
    6
  505
   -9
   -9
   -9
   -9
   -9
   -9
   -9
   -9
   -9
   -9
   -9
   -9
   -9
   -9
   -9
   -9
   -9
   -9
   -9
   -9
   -9
   -9
   -9
   -9
   -9
   -9
   -9
   -9
   -9
   -9
   -9
   -9
   -9
   -9
   -9
   -9
   -9
   -9
   -9
   -9
   -9
   -9
   -9
   -9
   -9
   -9
   -9
   -9
   -9
   -9
   -9
   -9
   -9
   -9
   -9
   -9
   -9
   -9
   -9
   -9
   -9
   -9
   -9
   -9
   -9
   -9
   -9
   -9
   -9
   -9
   -9
   -9
   -9
   -9
   -9
   -9
   -9
   -9
   -9
   -9
   -9
   -9
   -9
   -9
   -9
   -9
   -9
   -9
   -9
   -9
   -9
   -9
   -9
   -9
   -9
   -9
   -9
   -9
   -9
   -9
   -9
   -9
   -9
   -9
   -9
   -9
   -9
   -9
   -9
   -9
   -9
   -9
   -9
   -9
   -9
   -9
   -9
   -9
   -9
   -9
   -9
   -9
    0
    8
    3
    0
    0
    3
    0
    0
    0
    0
    0
    0
    0
    0
    0
    0
    0
    0
    0
    0
    0
    0
    0
    0
    0
    0
    0
    0
    0
    0
    0
