Station: Spoeren-Prussendorf , scaling_factor: 10.0, latitude:  51.6040, longitude:  12.1093, altitude:  87, nodata_value: -9
start: ..1969-01-01  end: ..1991-12-31
  154
   47
    0
    5
    0
    0
    0
    0
    0
    0
    0
    0
    4
    0
    0
    0
    0
    0
    0
    1
   16
  102
    4
   29
   68
    4
   12
    5
    0
    0
    5
    2
   16
    3
    0
    0
    0
    4
    0
    3
    1
    0
    1
    9
    0
  169
   28
    4
    0
    1
   10
    0
    0
    0
    3
   32
    0
    0
    0
    0
    0
    0
    0
    0
    0
    0
    0
    0
    0
   41
   60
  128
    3
   71
    7
    0
    0
    1
    0
    0
    0
   22
    2
    1
    0
    6
    7
    0
    2
   59
    0
    1
    0
    0
    0
    0
    0
    0
    0
    2
   92
   40
    1
    4
   63
   16
   29
    2
    4
    0
    7
   41
   20
   58
    2
    6
   57
   20
   53
    6
    6
    0
  268
   69
    0
   55
   18
    0
    5
   15
    0
    0
    0
    0
    0
   12
    0
    3
    4
   82
   21
    0
    0
    0
    2
   98
    0
   10
    0
   11
    1
  111
    4
   62
   15
   18
   50
    0
    0
    0
    0
    0
    0
    0
   10
    0
    0
    0
    0
    5
   11
    0
    0
    0
  134
    0
    2
   40
   11
   70
    0
    0
    0
    0
    0
    0
    0
    0
    2
   28
   62
   66
    0
    0
    0
    0
    0
    0
    0
    0
    0
   10
    0
    0
    0
    0
    0
    0
    0
    0
    0
    2
    0
    0
    0
    0
    0
    0
    0
    0
    0
    0
    0
    9
   67
   29
    0
   17
    0
    0
    0
   30
    0
    0
    0
    9
   12
   17
   28
    1
  138
   29
    0
    0
    0
    0
    0
    0
    0
    0
    0
    6
    0
    0
    0
    0
    0
    0
    6
   48
    0
    0
    0
    0
   15
    0
    0
    0
    0
    8
    0
    0
    4
    2
   63
   18
    0
    0
    0
    0
    0
    0
    0
    0
    1
    0
    0
    1
    1
    0
    1
    0
    0
    1
    0
  141
    5
    6
    1
    0
    0
   23
    6
   19
    0
    0
    0
   28
    0
    0
   25
   25
   17
    0
    0
    0
    2
    0
    6
    0
    0
    0
   11
   12
    0
    4
    4
   64
    0
    0
    9
    2
   34
    0
    0
    8
   54
    0
    0
    0
    2
    2
    0
    0
    3
    1
    0
    0
   51
    8
    3
   54
    6
    3
    0
    0
    9
    1
    0
    0
    0
    0
    8
   13
    6
    4
    6
   16
   22
   96
    0
    4
    0
    1
    0
    0
    0
    0
    0
    0
   22
    0
    0
    0
    0
    0
    0
    0
    0
    0
   34
   74
    2
    0
    0
    1
    0
  101
    4
    0
   12
    2
    1
    0
   40
    4
    8
   26
    6
    0
    1
    2
    3
    1
   19
    8
   11
  157
   93
   17
    0
   10
   15
    1
   37
   41
    0
   45
   55
    0
    0
    0
    0
    0
    0
    0
   11
    0
    3
    3
   20
    5
    2
   24
    0
    0
    0
    4
    3
    0
    1
   26
    0
    0
    8
    1
    1
    8
    0
    0
    5
    0
    5
  124
    1
    0
    0
   14
    0
    2
   66
    1
    0
   26
   18
    1
    0
    0
    6
    8
    0
   17
    1
   33
   72
   39
    0
   13
    0
    0
    0
    0
    0
    0
    0
   53
   88
    5
    0
    0
    0
    0
    0
   27
   12
   19
   14
   12
    0
   20
   69
  123
   47
   17
   62
   31
    1
    0
    0
   10
    0
    0
    0
    0
   12
  134
    5
    0
    0
    0
    0
    0
    0
    0
    0
    0
    0
   62
   11
  114
   40
    0
    0
  154
   60
    0
   75
    3
    3
   12
    0
    0
    0
    0
    0
    0
    0
    0
    0
   33
   14
   16
    2
    0
   60
   26
    0
    0
    0
    8
   61
   22
    1
    0
   65
    0
   92
   10
    0
   24
    0
    0
    0
   41
   68
    0
   20
    0
    0
    0
   16
    0
   27
    3
    0
    0
   72
  314
  255
    1
    1
   21
    0
    0
   29
    0
    0
    0
   67
    0
    8
   52
    0
    1
    0
   98
    0
   54
  125
    1
    0
    0
    2
    2
    0
    0
    0
    0
    2
    0
    0
    1
    5
    0
    0
    0
    0
   67
   47
   94
  124
   38
    0
    0
    0
    0
    0
    1
    0
    0
   31
    0
    0
    2
    0
    0
   37
   19
   14
   23
    3
   35
    0
   35
    2
  104
    2
   12
   22
    0
  118
   50
    2
   29
   76
    0
    0
   25
   27
   41
    8
    0
   51
    1
    1
    3
    7
    0
    0
   56
   30
    0
    0
    0
    0
    3
    1
    0
    0
   19
    6
   26
   37
    1
    0
    3
    0
    1
    2
    0
    0
    0
    2
    0
    0
    2
    2
    0
    1
    8
   13
    1
    0
    0
    1
    0
   70
    0
   24
    1
    1
    2
    0
    0
    0
    0
    0
    0
    0
    0
    0
    0
    0
    0
   12
   19
    0
    0
    9
    0
    0
    0
   34
    6
    0
    4
   19
   33
    0
    0
    0
    0
    0
   16
    6
    1
    0
    5
    8
    0
    0
    0
   34
   28
    0
    0
    0
    4
    2
    1
    0
   31
   18
    7
   12
   12
    1
    2
   13
    1
    0
    0
    6
    0
    0
    0
    0
    8
    2
    0
    3
    0
    0
    0
    0
    2
    0
   16
    0
    0
    1
    0
   24
   10
    0
    0
    0
    0
    2
    7
    0
    0
    2
    0
    0
    0
    0
    0
    0
    0
    0
    0
    0
    0
    0
    0
   32
    0
    0
   11
    0
    0
    0
  204
   21
   36
    3
    0
    0
    0
    0
    0
    0
    0
    0
    0
    0
    0
    7
    0
    0
    0
  195
   24
   14
    0
    0
  178
    0
   33
    0
    0
   15
   11
    0
   56
    0
    8
    0
    3
    1
    0
    0
    0
   20
    0
    1
    0
    2
   81
  216
    2
    1
    8
    2
   62
   25
    0
   71
   43
   45
    1
   53
    0
    0
    0
  141
    2
  108
   23
   35
    0
    6
    0
    0
    0
    0
    0
    0
    0
    0
    0
    0
    0
   32
    0
    0
    0
    0
    0
    0
    0
    0
    0
   92
    0
    0
    0
  132
    5
    0
    0
    0
   49
    0
    0
    0
    0
    2
    1
    0
    0
    0
    0
    0
   12
    0
    0
    0
    0
    0
    0
  302
  113
   65
    0
    6
   13
   12
    0
    0
   43
    7
    0
    0
    0
    0
    0
    0
    0
    0
   71
    4
    1
    3
    0
    2
    0
    1
    4
   60
    0
    0
    0
    0
    0
    0
   82
    0
    0
   48
    2
    0
    0
    0
    0
    1
    0
    0
    0
    0
    0
    0
    0
    4
   81
   56
    0
    0
    4
    0
    5
    0
   29
    0
    0
    0
    0
    0
    0
    1
    0
    0
    0
    0
    0
    0
    0
    0
    0
    0
    0
    0
    3
    0
    1
    0
   18
    0
   28
    7
   86
    0
    0
    8
    0
   22
   10
    0
    5
    0
    0
    0
    0
    1
    1
    0
    6
    3
    7
   12
    3
   46
   12
   21
   86
    1
    0
    0
    0
    0
    0
   51
   45
    4
   41
   20
    0
    0
    0
    1
    0
    3
   23
    0
    0
    0
   13
    0
    0
    0
    0
    6
    1
    0
    0
    0
    0
    0
    0
    0
    0
    0
    0
    0
    0
    0
    0
    0
    0
    0
    3
    0
    0
    1
    0
    0
    0
    0
    0
    0
    2
    0
    0
    0
   24
    9
    0
    0
    1
    0
    0
    0
    0
    0
    3
    0
    0
    0
    0
   13
    9
    0
    0
    0
    1
    0
    0
    0
    0
    0
   35
    0
    0
  225
    0
    0
    0
    0
    0
    0
    0
    0
    0
    0
    0
    0
    0
    0
    0
    1
   35
   17
   26
    0
   82
   10
   34
    0
    7
    1
   36
   19
    1
    0
    5
    7
    4
    0
    0
   16
    0
    0
   66
   74
    0
   30
    2
    0
    0
    0
    4
    8
    1
    0
    0
    0
    0
   15
    1
    0
    0
    0
    0
   14
  154
    4
   12
   28
    0
    0
  224
    0
   30
   17
    0
    0
    0
    0
   38
    7
   81
   20
   62
   12
    0
    0
    0
    0
    0
    0
    0
  470
   38
    0
    0
    4
   41
  175
    1
    0
    0
    0
    0
    0
   12
    0
    0
   30
   19
    2
    0
    0
    0
    0
    0
   94
    0
    3
   25
    0
    0
    0
    0
    0
   74
  110
    0
    0
    0
    0
    0
    0
    0
    0
    0
    0
    0
    0
    0
    0
    3
    0
    0
   67
  196
  227
    2
    0
    0
    0
    0
    1
    0
    0
    0
  113
    0
  124
    0
  162
    0
  174
    3
   52
   84
    0
    0
    1
   37
    0
    0
    3
    2
    0
    0
    0
    0
    0
   27
    1
    1
    0
    0
    0
    0
    0
    0
  113
   30
    0
   18
   31
    2
   41
   52
   37
    1
    0
    0
   14
   19
   23
    4
   40
   12
    3
    0
    3
    0
    0
    0
    0
    0
    0
    0
    0
    0
    0
    0
    0
    0
    0
    0
    0
    0
    0
   25
   20
    0
   87
    8
    3
    0
    5
    0
  137
    1
    2
    0
    0
    0
    0
    0
    0
    0
    0
    1
    0
   54
    8
   38
    1
    0
    2
    0
   42
    2
    3
   26
    3
    2
    0
    2
    0
    0
    0
    0
    0
    0
    0
    0
    8
    0
    0
    0
    5
    0
    0
   11
    0
    0
    0
    0
    0
    0
    0
    3
    1
    0
    0
    0
    0
    0
    0
    0
    0
    0
    0
    0
    0
    0
    0
    9
    1
   10
    0
    7
    6
    8
    0
    2
    0
    0
    0
   61
   26
    0
    0
    9
    0
   11
    0
    0
    0
    0
   38
   34
    0
    2
   31
   41
    2
    0
    0
    0
    0
    0
    1
   12
    0
   15
    6
   15
    2
    0
    0
    0
    2
   31
    9
    0
    0
    7
   26
   98
    3
    4
    0
    0
    0
   12
   31
    1
    0
    0
   14
   31
    0
    0
    3
    4
    0
    0
    1
    0
    1
    7
   28
    1
    0
    0
    0
    0
    0
    0
    0
    0
    0
    0
    0
   14
   52
   24
    0
   10
    0
   11
    2
    2
    4
   16
   52
    0
    0
    0
    5
   21
   32
   17
    0
    6
   14
    0
    0
    0
    0
    0
   15
    9
    0
   13
   47
    1
    0
   98
    2
   10
   40
    0
    6
   12
    0
    0
   52
    1
    0
    0
    0
    0
    0
   56
    0
   40
   28
    7
    0
    0
    0
    0
    2
   34
   18
    2
    0
    0
    0
    3
    0
    2
    0
    6
    0
    0
   39
    0
    0
    0
  111
    1
    0
    0
    0
    0
  124
    1
    1
    0
    0
    2
    0
    0
    0
    0
    0
    0
    0
    0
   56
    0
    0
    0
   27
    0
    2
    0
  112
    2
    0
    2
    4
   12
    0
    0
    8
   18
    2
   19
   62
   24
    0
    0
    0
    0
    0
    0
   34
    0
    2
   77
    4
    0
    0
    0
    0
    0
    0
    0
    0
    0
    0
    4
    6
    0
    0
    0
    0
    0
    0
    0
    0
    0
   95
   21
    3
   20
    0
    0
    0
    0
    0
    0
   92
    5
    0
    0
    0
    0
    0
   28
    1
    0
   45
   42
   20
    0
   43
   64
    3
    0
    0
   12
    0
    5
    0
    0
    1
    0
    0
    0
    0
    0
   11
    2
  101
    0
    0
   18
   62
  141
   16
    0
   24
   78
   28
   23
   72
    0
    0
    0
    0
    0
    0
    3
    0
    0
    0
    0
    0
   35
    0
    2
    5
    0
   12
    1
   31
   21
    9
    7
    7
    1
    0
    5
    0
    0
    0
    0
   28
    1
    6
    2
    0
   15
    0
    8
    2
   14
    7
    0
   23
  104
    8
    0
    0
    5
    0
    6
    3
    2
    9
    2
    0
    0
    0
    2
    1
    0
    0
    9
    1
    0
    0
    0
    1
    0
    2
    0
    0
    0
    0
   51
   56
    0
    2
    0
    3
    0
    0
    2
   14
    8
   32
  101
    0
    0
    0
    3
    0
   14
    0
    0
    4
    1
    1
    0
    3
    0
    0
    2
    0
   14
  122
   24
   43
    2
    0
    0
    0
    0
    0
    0
    0
    0
    2
   24
    0
   21
  132
   38
    0
    0
    1
    0
    0
    0
    0
    0
    0
   28
    0
    4
    0
    0
    0
    0
    0
    0
    0
    0
    3
   32
   57
    8
    0
    0
    0
    0
    0
    0
    0
    0
    0
    0
    0
    1
    0
    0
    0
    0
    0
    0
    0
    0
    0
    0
    0
    0
    0
    0
   62
   11
    1
    0
    0
    0
    4
    0
    1
   27
    0
    0
    0
    8
    4
    0
    0
    0
   24
   36
   37
   44
    9
    0
    0
    0
   78
   24
    3
  132
    0
    0
    0
    0
    0
    0
  110
   38
    1
    0
    1
    0
    0
    6
    4
    0
   44
    6
    2
   11
    0
    0
   12
   36
   35
   13
   10
   27
   57
    5
   91
  158
    0
    1
   43
    0
   10
    0
    0
    0
    0
    0
    4
   48
   75
    2
   17
   32
    0
   77
   34
    0
   77
    1
    0
   23
   11
   50
    0
    4
    3
    0
    0
    0
    0
    0
   24
    0
    0
    2
  162
   17
    0
    7
    0
    0
    0
    0
    0
    3
    0
   58
   25
    0
    0
    3
   74
   31
   70
   16
    0
    0
    0
    0
  108
   31
   52
  295
    0
    0
    0
    0
    0
   30
  105
    0
    0
    0
   15
   26
    0
   74
   25
    0
   31
    0
    0
   21
    0
    0
    0
   13
    0
    0
    0
    0
   69
    0
    0
    0
    1
    0
    6
    1
   12
    0
  101
    8
    0
    0
   23
   19
    0
    2
    0
   28
    0
   10
    0
    0
    0
    7
    8
  142
   97
    7
    0
   14
   29
   78
  348
    0
   12
   43
   13
   17
   40
    3
   10
   24
  204
    9
    0
    0
    0
    0
    0
    0
    9
    6
    0
    0
    0
    0
    0
    0
    0
    2
    0
    1
    3
   48
    2
   12
   13
    4
   10
   10
   22
    8
   11
    2
    2
   27
    9
   78
  123
   29
   18
    0
   21
   57
    1
    7
    6
    6
   57
    5
    0
    0
    0
    0
    0
    0
   72
   15
    3
   22
   23
    5
   19
   32
    1
    0
    0
    0
    2
   26
    6
    0
    0
    0
    0
    0
    0
    0
    0
    0
   14
   20
    0
    5
    3
    2
    0
    8
    0
   11
   43
    6
    6
   37
    4
   20
    0
    0
    0
    0
    0
    0
    0
    0
   12
    3
   10
   12
    0
    0
    0
   20
   12
    0
    0
    0
    0
    0
    0
    0
    0
    0
    0
    2
    0
    0
    0
    0
   23
    0
    0
    0
    1
   14
    0
   32
   11
   15
    0
    0
   94
   53
    0
    0
    0
    9
   14
   39
   18
    0
    0
    0
    0
    2
   27
   44
   16
   54
   46
    0
   18
    0
    0
    4
   16
    7
   86
   64
   14
    0
    0
    0
    4
    0
    0
    0
    0
   10
    0
    2
    0
    0
    0
    0
   11
   46
    0
    0
    0
    0
   51
  101
    2
   73
   17
    0
    0
    0
    0
    7
   20
    0
    0
    0
    0
    0
    0
    0
    0
    0
    0
    0
    0
    0
    1
    0
    9
    0
    0
    0
    0
    0
   12
   49
    0
    0
    3
   18
  112
    4
    0
   25
    0
   16
  198
   50
    1
    0
    0
    0
    0
    0
   29
   10
    0
    0
    0
    0
    0
    0
    0
    0
   94
    0
  136
    0
    0
   13
    0
    0
    0
    0
    0
   52
    0
    0
    0
    0
   18
    0
    0
    0
    0
    0
    0
    0
    0
    0
    0
    0
    0
    0
    0
    0
    0
    0
    3
    0
    0
   53
    6
    2
    0
    0
    1
    0
  358
    8
   73
    2
    0
    0
    0
    0
    0
    0
    0
    0
    0
    0
    0
    0
    0
    0
    0
    0
   56
   24
   19
    3
    0
    0
    0
    0
    0
    0
    0
    0
    0
    0
    0
    3
    2
    2
    1
    4
    0
   58
   17
    1
   15
    0
    2
    0
   10
    2
    0
    2
   11
    1
    0
    0
   42
   17
   20
    2
   39
   33
    0
    0
    1
    0
    2
    2
    0
    0
    0
    0
    0
    0
    3
    0
    0
    0
    0
    0
    0
    0
    0
    0
    5
    0
    0
    0
    1
  108
   31
   28
    0
    0
    0
    0
    0
    2
    1
   15
    1
    0
    1
    0
    2
    0
    3
    5
    0
    0
   28
    0
    0
   10
    0
    0
    0
    0
    0
    1
    4
    0
    0
    0
    4
    7
    8
    0
    0
    0
    0
    0
   68
   49
    1
    1
    5
   20
    0
    0
    0
   64
    3
   58
   93
   51
   16
    5
    0
    8
    7
   39
   24
   16
   10
    3
    1
    0
    0
   13
    0
    0
    0
    0
    0
    0
    0
    0
    0
    0
    0
    0
   17
    5
    4
   56
    7
    0
    0
    0
    0
    0
    0
    0
    0
    0
   11
    0
    0
    0
    0
    0
    0
    0
    0
    0
    0
    0
    0
    1
    0
    0
    0
    0
    1
    0
    0
    3
    0
   30
   22
    0
    0
    2
    1
    0
   19
   27
    1
    0
    6
   22
    0
    0
    0
    0
    0
    0
    2
    0
    0
    0
    0
    0
    0
    0
    0
    0
    0
    0
    0
    0
    0
    0
    0
    4
   51
    0
    0
    1
    0
    0
    2
    0
    0
    9
    0
    0
    0
    0
    0
    0
    0
   13
    0
    0
    0
    0
    0
    0
    0
    1
   36
   32
    0
    0
   29
    0
   11
   20
    5
   46
   71
   30
    1
    0
    0
    0
    0
    0
    0
    0
    0
    0
    0
    0
    0
    0
   53
    4
    0
    0
    5
    9
    0
    0
    0
    0
    0
    0
    0
    0
    0
    0
    0
    0
    0
    0
    0
    0
    0
   17
    0
    0
    0
    0
   12
  125
    0
    0
    1
    0
    0
    6
   61
    0
    0
    0
    8
    0
    0
    0
    0
    0
  134
    0
   18
   69
    6
    0
    0
    0
    0
    0
    0
    0
   24
    1
    0
    0
    0
    0
    0
    0
    0
    0
    0
    0
    0
    0
    2
   41
   53
    0
    1
    0
    1
   25
    2
   11
    0
    0
    0
    0
   45
    0
    0
    0
    0
   20
    3
    0
    0
    0
    0
    1
    0
    0
    0
   31
    0
    8
   94
    2
   91
    0
    0
    0
   40
   28
    5
   45
    1
    0
    0
    1
    0
    0
   28
    0
    3
   30
   84
    0
    0
    0
    0
    0
    0
    0
    1
    2
    0
    0
    1
    1
    0
    0
    0
   45
    2
    0
    0
   85
    0
    0
    0
   23
    0
    2
   21
   16
    0
    0
    0
    4
    0
   14
   41
    7
   96
    7
    0
    0
    0
    5
   12
    1
    2
    1
    0
    0
    0
    1
    4
    1
    0
    9
    3
    7
    5
    1
    2
    0
    0
    0
    0
    0
    0
    0
    3
    2
    0
    0
    1
    0
    0
    0
   31
    1
    0
    0
    0
    2
    1
    3
    5
    0
   27
  113
    0
    0
    0
    0
    0
    0
    0
    0
    0
    9
    0
    0
   63
    0
    0
    0
    0
    0
    0
    0
    0
    4
    0
   19
   10
   28
   18
    0
   27
    0
    0
    2
    0
    0
    0
    4
    2
    1
   71
    3
    0
    0
    0
   32
    9
    6
    0
    0
   38
    0
   22
    0
    0
    0
   23
    0
    0
    0
  226
  137
   13
    8
    0
    0
   53
   40
    0
    0
    0
    0
    0
    0
   18
   71
   14
    0
    0
    0
   49
    0
   22
    0
    4
   21
    5
    0
   10
    1
   15
    9
   48
   24
   37
    0
    0
    0
    0
    0
   15
    0
   58
   16
    2
    0
    0
    0
   12
   96
   58
    0
    0
    0
   96
    0
    0
    6
    0
    2
    0
   20
    2
    0
   22
   41
    0
    0
  146
   54
    2
    0
    0
    0
    0
    0
    0
    0
    0
   20
    0
    0
    6
   41
    5
    5
    0
    7
   53
    0
   15
    0
    0
    0
  232
   10
    0
    0
    0
  335
    0
    0
    0
    0
    0
  145
    4
    0
   14
   30
    0
    0
    0
    0
    0
    0
    1
    0
   14
   16
   22
    0
    0
    0
    0
    1
    0
    8
   51
    0
    1
    4
    0
    0
  118
   94
   15
   13
    1
    0
    0
    1
   30
    1
    0
    2
    0
    0
   87
    2
    0
   36
  216
   17
   41
    0
    1
    0
   30
   18
  473
   19
    0
    0
    0
    0
    1
  218
   45
    0
    0
    0
  247
    0
    0
   87
    0
    0
    9
    6
  167
    0
   58
    0
    0
    0
    0
    2
    0
    0
    0
    0
    0
   70
   36
    1
    0
    0
    0
    0
    1
    0
    3
   63
    2
    2
   20
   76
    0
    0
    0
    0
  124
    0
    0
    0
    1
    0
    1
    1
    0
    0
    0
    0
    0
    0
    5
    0
    2
    0
    0
    0
    0
   86
   30
  141
   11
   40
    0
    0
    0
  102
  121
    2
    0
   58
    0
   36
    3
    0
    6
    2
    0
    0
    0
   14
    3
    1
   21
    6
   11
    0
    2
    7
    0
    3
    0
    0
    0
    4
    0
    0
    0
    0
   23
  100
    2
    1
    3
    2
    0
    0
    0
    0
    0
    0
    6
    0
    2
    2
   20
    0
    0
   16
   13
    0
    0
    3
   10
    2
    3
    0
    0
    2
    0
    0
    0
    0
    0
    0
    0
   48
    2
    0
    0
    0
    0
    0
    2
    9
    3
    0
    2
   16
    2
    1
    4
   13
   11
    1
    0
    0
    0
    6
    1
    0
    2
    2
    0
   18
    0
    1
    0
    0
    0
    0
    2
    9
    0
    9
    0
    2
    0
    0
    0
    3
    0
   11
    2
    0
    0
   76
    0
    0
    0
    3
   48
    0
    3
    2
    0
    2
   73
   17
    5
    1
   30
   10
    3
    0
    8
    0
    0
    0
    0
    1
    3
    5
   14
    0
    0
    0
    0
    0
    0
    7
    0
    0
   15
    0
    0
    0
    0
    0
    1
   42
    1
    0
    0
    0
    0
    0
    0
    0
    0
   97
  157
    0
    0
    0
    0
  321
   20
    1
   62
    4
   32
   17
    0
  112
   43
    1
    0
    1
   43
    3
   61
  138
    2
    0
    0
    0
    0
    0
    0
    0
    0
    0
    0
    0
    0
    0
    2
    0
   12
    0
    0
    1
   16
  105
    0
    0
    0
    0
    0
    0
    0
    1
   18
    0
   16
   34
   21
    0
    0
   53
    0
  112
   12
    0
    0
    2
    2
  148
  170
    0
    0
    0
    0
    0
    0
    3
    0
   26
   31
    0
    0
    0
    0
    0
    0
    1
    0
    0
    0
    0
    0
   54
    5
    0
    0
    0
    8
  214
  216
    2
    0
    0
    0
    3
    0
    7
    5
    7
    0
    0
    0
    0
   74
    0
    0
    0
    3
    3
    4
   52
   68
   10
   21
    5
    1
    0
    0
   24
   51
    0
   19
   27
  104
   13
    0
    1
    0
    0
    0
    0
   70
   31
    0
  123
   22
    0
    0
    0
    0
   23
   74
    3
    0
    0
   53
  146
   50
    1
    0
    0
    0
    0
    0
    0
    0
    1
    2
   14
    9
    0
    1
    4
    1
   45
    1
    0
   35
    4
    2
    0
    0
    0
    0
    0
    0
    6
    0
    0
    0
    0
    0
    0
    1
    0
    0
    3
    0
    0
   10
    0
    0
    0
    0
    0
    0
    0
    0
    5
    0
    1
    1
    6
   54
   72
    3
    0
    0
    0
    0
    0
  108
    8
    0
    5
    7
   27
    4
   36
    5
    0
    0
    3
    1
    0
    1
    1
   17
    3
    2
    7
   65
   56
   80
   69
    2
    1
    0
    1
    1
    0
   39
   43
   12
    0
    1
   20
    1
    0
    2
   24
    1
    0
    0
    0
    1
    0
   32
    1
    0
    0
   23
    5
    0
    0
    3
    1
   39
    0
    0
    0
    0
   14
    0
    0
    0
    1
   27
   82
   45
    6
    0
   92
    1
    0
    0
    0
    0
    3
    1
    0
    0
    0
    0
    4
    1
    0
   36
    0
    0
    0
    0
   45
    0
   62
    2
   27
   57
    6
   60
    1
   56
    0
   53
    1
   12
    7
    0
   12
   25
    0
   15
   38
   98
    2
    3
    3
    5
  222
   20
    1
   67
    0
    0
    0
    0
    0
    0
    0
    0
  106
    3
    0
    0
    0
    0
   11
   12
    5
   60
    0
    0
    0
   12
   52
    8
    0
    0
    6
    0
  103
    0
    0
    0
    0
   28
    0
    0
    0
    0
    0
   10
   91
    0
    0
    0
    0
    4
   25
   28
    0
   91
    0
    0
    0
    0
    0
    0
    0
    0
  125
    1
   86
   23
    8
    0
    0
   24
   67
    0
   16
   12
    0
    0
    0
    0
    0
    5
    0
    2
    0
    0
   48
    0
   33
    2
    0
    0
    0
    0
    0
    0
   36
    9
   50
    0
    0
    0
    0
    0
    1
   21
    5
   41
    0
    0
    2
    4
    4
   45
   47
   75
    0
    2
  142
    0
    5
   63
    4
    1
   43
    0
    0
    0
    0
   60
    4
    0
    0
    0
    0
    0
    0
    0
    0
    0
    0
    7
    0
    0
    0
    0
   11
    0
    0
    0
    0
    0
    0
   25
   27
    1
    0
    0
    0
   11
    0
    0
    0
    0
    0
    7
    6
    0
    0
    0
    0
   28
    3
  108
    8
    0
    0
    0
    0
    0
    0
    0
    0
    0
    0
    0
    2
    0
    0
    0
    0
    0
    0
    0
    0
    0
   15
   25
    0
    3
    0
    0
    0
    0
    0
    0
    0
    0
    0
    0
    8
    0
   34
   14
    2
    0
   76
   12
   23
   24
  172
    3
    0
    0
   23
    0
   10
   93
    0
    0
   21
    0
    1
    3
    0
    0
    3
    0
    0
    1
    1
    0
    0
   17
    0
    0
    0
    3
    0
   63
    0
   57
   92
   63
    0
   20
   61
   19
    1
    2
    0
    0
    0
    0
    1
    0
    0
    0
    1
    0
    4
   45
   10
    5
    4
    2
    0
   19
    0
    1
   12
    0
    2
    3
    2
    0
    0
    0
    0
    1
    0
    0
    0
    0
    7
    2
    2
    0
    3
   37
    0
    0
    1
   13
   28
    3
    4
   61
   37
   51
   11
    0
    2
    0
    7
    8
    1
    0
    0
    0
    1
    0
    0
    0
    0
    0
    0
    0
    0
    0
    0
    0
    1
    5
    0
    7
    1
    6
    0
   15
    1
    5
    8
    0
    0
    0
    0
    0
    0
    0
    0
    2
    4
    0
    0
    0
    1
    3
    0
    2
   31
   33
   10
    9
    0
  112
  113
   40
    1
    0
    0
    3
    2
   10
   13
    0
    0
    0
    0
    0
    0
    0
    0
   14
    0
    0
    0
   91
  255
    0
  152
  148
    3
    1
    0
    0
    0
    0
    0
    0
    0
   16
  114
    0
    0
    0
    0
    0
    0
    0
    0
    0
    0
    0
    0
    0
    0
    3
    0
    0
    0
    4
    0
    0
    3
    0
    0
    0
    0
    0
   35
    0
    0
    1
    0
   17
   63
    0
    0
  107
   28
    3
   10
    0
   30
   20
    5
   10
    3
    0
    1
   47
    6
   22
   26
  132
   23
   78
    0
    0
   43
    0
   24
    2
    0
   65
  242
    0
   16
    2
   74
    0
    0
    4
   71
   58
  122
    0
    0
    0
    0
    0
    0
    0
    0
  107
    0
    0
    0
    0
    0
    0
    0
    0
   29
    0
    0
    9
  124
    0
    0
    0
    0
    0
    2
    0
    1
   55
    0
    0
    0
    0
    0
    0
    0
   26
    4
  122
    1
    0
    0
    0
   25
   13
    0
    0
   12
   14
   32
   20
    7
   15
    0
    0
   68
    0
    0
    0
    0
    0
    3
    0
   51
    1
    0
    0
    2
    2
    2
    0
    0
    1
    0
    0
   42
    0
    0
    0
    0
    6
  181
    0
    0
    0
    0
    5
   10
    0
    0
    0
    8
    4
    0
    2
   38
    2
    3
    0
    0
    0
    0
    0
    0
    0
  143
   82
    0
    0
    0
    0
    0
    0
   28
   93
   11
    1
    1
    2
    0
    0
   10
    0
    0
   53
    0
    7
    1
    8
    9
    0
   17
    8
    8
   42
    9
    1
    0
    0
    0
    0
    0
    2
   44
    0
    0
    0
   42
    0
    0
    1
   28
   58
    0
    0
    1
    2
    0
    0
    0
   56
    1
   24
   68
    9
    3
    6
    9
    1
    2
   16
    0
   10
    1
    3
    1
    7
    6
   17
   40
    1
    0
    0
    0
    1
   17
    0
    0
    0
    0
    0
    0
    0
    0
    1
   12
   11
   40
    4
    0
    0
    0
    2
    0
    1
    0
    0
    1
    0
    2
    1
    6
    0
   19
   76
    7
    0
    0
    0
    0
   10
    3
   32
    0
    2
    3
   42
    2
  148
  103
   86
   91
    8
    8
    3
   78
   10
    5
    0
    0
    0
    0
   40
    0
   42
   94
    0
    0
    0
    0
    0
    0
    0
    0
    2
    3
    0
    0
    0
    0
    0
    0
    0
    0
    0
    0
    0
    0
    2
    5
    0
    0
    3
    0
    0
    0
    0
  303
    3
   14
   65
    3
    0
    0
    0
    0
    0
    0
    0
    0
    0
    0
    0
    0
    2
    1
    0
   67
    0
    0
    0
    0
   64
    0
   60
    0
   95
   60
    7
    1
    0
    0
    0
    0
   92
    2
    0
    0
    6
   37
    1
    0
   45
   60
    0
    0
   38
    0
   50
  140
    0
   38
    0
    0
    0
   15
    2
    0
    0
    0
   68
   17
    2
    4
   86
    6
    0
    0
    0
    0
    0
    0
    0
    0
   11
    1
    0
    4
    0
   15
    0
    5
    1
    4
    0
   89
    2
  140
   13
   21
    0
    0
    0
    5
   28
    0
    0
    0
    0
    3
    0
    0
   44
   11
    0
    0
    0
    0
    1
    0
    0
   47
  107
   28
   21
   10
    0
    2
    6
    0
    0
    0
    0
    0
    1
    0
    0
    0
    0
    0
    0
    0
  132
    1
    0
    0
    0
   40
    2
  112
    0
    8
    0
   10
    1
   21
   43
    0
    0
    0
    3
  237
   81
    0
    0
    0
   17
    0
    0
    0
    0
    0
   13
    2
    0
   16
   17
    2
   86
    0
   18
   41
   25
    1
    8
    8
    0
    0
    0
    0
  210
    6
    1
   23
    1
    0
    1
    0
    0
   10
    8
    0
    1
    6
    1
   57
    4
   56
    0
    0
    0
   15
   48
   24
   17
   28
    0
    6
    2
    0
   70
  104
    0
    3
   43
   15
    3
  162
   31
    3
   28
   14
  137
    0
    0
   73
    0
    0
   38
    0
    0
    9
   11
    0
    0
    5
    5
    1
    8
    2
    1
    0
    0
    1
   26
    0
    3
    9
    0
    0
   43
    2
    0
    0
    0
    0
    0
    0
    0
    0
    0
    0
    0
    0
    0
    0
    1
    1
    0
    1
    7
    1
    2
   35
   54
   62
    0
    0
    0
    0
    0
    0
   26
    2
   33
    0
    0
    0
    0
    0
    0
    1
    0
    0
    0
    0
    0
    0
    0
    0
    0
    0
    0
    0
    1
   10
    0
   45
    0
    1
    0
    0
    0
    0
   18
   33
    0
    1
    0
    0
    0
   58
    0
    1
    0
    0
    0
    0
    0
    0
    0
    0
    2
    0
    0
    0
    0
    0
    0
    0
    0
    0
   27
   12
    2
    3
    5
    6
   26
    0
    0
    0
    0
    0
    0
    0
    2
    0
    0
    0
    0
    0
    0
    2
   32
    1
    8
    1
    0
    0
   10
   30
   36
    0
    0
   34
   21
    0
    0
    0
    0
    0
    0
  102
    0
    4
    0
  173
   85
   12
    0
    0
    0
   87
    0
    0
    0
    0
    0
    0
    0
    0
    0
    0
    0
    0
    0
   18
    5
    0
   10
    0
   65
    0
   37
    0
   25
    0
    0
   10
    0
    9
    0
   27
   30
    0
   28
    0
    0
  114
    2
    0
   17
    0
    0
    0
    0
    0
    0
    0
    0
   14
   17
    2
    0
    0
    0
    0
    0
    0
    0
   55
    0
    0
    0
    0
    0
    0
    0
    0
    0
    0
    0
  121
   10
    0
    0
    0
    0
   25
    0
    0
   48
    0
    0
    0
    3
    0
    2
    0
    2
    1
    0
   10
    1
    0
    0
    0
    1
    0
   31
    0
    0
    3
    1
    0
    0
    0
    0
    0
    0
    0
    0
    0
    0
    0
    0
    0
    0
    0
    4
    0
    0
    0
    0
    0
    0
    0
    0
    0
    0
    0
   17
    0
  146
   48
    1
    0
    0
   12
   29
   15
    0
    9
    0
    1
    2
   10
    0
    0
    0
    5
    6
    0
    0
    1
    0
    0
    0
    0
    0
    0
    1
    1
    0
    0
    0
    0
    0
    0
    0
    2
    0
    0
    0
   49
   22
    8
    0
    3
    0
    0
    0
    0
    0
    0
    3
   13
    2
    0
    0
    0
    0
    0
   10
   25
   37
    0
    1
   27
    6
    0
    0
    0
   37
    0
    0
    0
    0
   35
    0
    0
    0
   12
    0
    0
    1
   23
    0
    0
    0
    1
    0
   53
    8
    3
    0
   12
    2
    9
    0
    0
    0
    0
    6
   17
   43
    0
   20
    4
    3
    0
    0
    0
    0
   68
    0
   31
   24
   33
   10
   57
   25
   11
   14
    0
    1
    1
    0
    5
    6
   66
    6
    4
    0
    0
    0
    0
    0
    0
    6
    1
    0
    0
    0
    0
    0
   17
   12
   23
    0
    0
    0
    0
    0
    0
    0
    0
    0
    0
    4
    0
    0
    0
   15
    0
   16
   16
   40
   12
   14
    4
    5
    0
   15
   37
    0
    5
    0
    0
    0
  132
  129
    9
    6
   27
    0
    0
  104
    0
    7
   78
   97
    2
   23
   12
    0
    0
    0
  223
    0
    0
    1
    0
    5
    0
    5
    1
    0
    9
    0
  172
    0
    0
   10
    0
    0
   35
  143
   18
   41
    0
    3
   18
   41
    0
  162
    2
    0
    0
    0
    0
    7
   48
    9
   88
    0
   36
    2
    0
    0
    0
    5
    0
    0
    0
   73
    0
    0
    0
   75
    0
    0
    0
   10
   15
    0
    6
    3
    0
    0
    0
    0
    0
    0
    0
    0
    0
   21
    1
    1
    1
    2
    0
    0
    0
    0
    0
    0
    0
    0
    0
    0
    0
    0
    0
    0
  113
    0
  167
  115
    0
    0
    0
    0
    0
    0
    0
    0
    0
    0
    0
    0
    3
    0
    6
  584
  298
    0
   10
    0
    0
    0
   35
    3
    0
    0
    0
    0
    0
    0
    0
    0
    0
    1
    0
    0
    0
    0
    0
    0
    0
    0
    0
    1
    0
    1
    0
    0
    0
    0
    0
    6
   59
    0
    0
    6
  203
  157
    0
    0
    0
   73
   16
    8
    4
    0
    0
    0
    0
    0
    0
    0
    0
    0
    8
    3
    0
    0
    1
    0
   51
    1
    0
    0
    0
    0
    4
   17
    0
    0
    0
    2
    0
    0
    0
    0
    0
    0
    0
    0
    0
    0
    0
    2
    0
    0
    0
    0
    0
    1
    0
    0
    0
    1
    0
    0
    0
    0
   28
   13
    0
    8
    2
    3
    7
    0
    0
   23
   76
   70
   58
   11
   15
    1
    1
    0
    0
    0
    0
   41
    0
   28
   91
    3
    0
    0
    0
    0
    0
    0
    0
    0
    5
    0
    0
   23
   48
    6
   24
   18
    0
    1
   23
    0
    0
    0
    0
    2
    0
    8
    0
   37
    1
    5
    0
   18
    0
   13
   94
    2
   22
    0
    1
    0
    1
    0
   18
   13
    3
    2
    0
    1
   34
    7
    1
   15
    0
    5
   51
    2
    9
   52
    3
   21
    3
   35
    0
    0
    4
    0
    0
    0
    0
    0
    0
    0
    0
   29
    0
   27
   34
    0
    0
    0
    0
    0
    9
    0
    0
    0
    0
    0
   12
    2
    0
    0
    0
    0
    0
    0
    0
    0
    0
    0
    0
    0
    0
    0
    0
    0
    0
    5
    2
   13
    1
    0
   93
  170
    8
   61
    0
    0
    0
   17
    0
   38
    4
   13
    0
    0
    0
   43
    0
    0
    0
    0
    0
    0
    0
    0
    0
    0
    0
    2
    0
  147
    2
    0
    3
    0
   43
   81
   10
    8
    0
   12
    7
   21
    2
    0
    0
   49
   62
    0
    0
    0
    4
    0
   41
   35
   10
    0
   12
   25
  108
    0
   20
    0
    0
    0
   61
   34
   28
   16
   31
    0
    0
    0
    0
    0
   22
    0
    0
    0
    0
    0
    0
    1
   97
   23
    0
   22
    0
    0
    1
    0
    1
    0
   28
  155
    0
    0
    0
    0
    0
    0
    0
    0
    0
   13
   28
  145
   37
   15
   67
    0
    4
    0
    0
    0
    0
    0
    0
  121
   12
    9
    0
    0
  128
    3
    0
  153
   24
    0
    0
    2
    3
   12
   27
    7
    0
    0
    0
    7
    0
    0
    0
    0
    0
    0
    0
    0
    0
    0
    0
    0
    0
    0
    0
    3
    0
    0
    4
    1
  253
    0
    5
   83
    0
   22
    0
    0
    0
   28
    0
    0
    0
    0
    0
   11
    5
    5
    1
    6
   39
   14
    0
    0
   53
    0
   21
    0
    0
    3
   16
   53
    1
   67
    3
    0
    0
    0
    0
    0
    0
    0
    3
    0
    8
    0
  126
   17
    0
    8
   67
    8
    2
    0
    0
    0
    0
    0
    0
    1
    0
    0
    0
    1
    0
    0
    0
    0
    0
    0
    0
    0
   26
    0
    0
    4
   16
  186
    6
    1
    0
    0
    0
    0
    0
    0
    0
    0
    0
    0
    0
    0
    0
    0
    4
    8
    1
    0
    0
   21
    0
    3
   16
   39
    0
   98
    1
   17
    0
    0
    0
    0
    3
    0
    6
    3
    6
   13
    9
    2
    2
    4
    0
    0
    2
    2
    1
   17
    5
    1
    4
    0
    0
    0
    0
    0
    0
    8
   11
    0
    1
   37
    7
    0
    0
   64
    3
    5
   13
   27
    0
    0
    0
   11
    0
    8
    8
    1
    0
    0
    0
    3
    0
    0
    1
    0
    0
    0
   41
    1
   12
    5
    1
    0
    1
    1
    6
    0
    0
    0
    0
    0
    0
    8
    1
    0
    0
    0
    0
   10
    4
   11
   22
  115
    0
   30
    1
    0
    0
    0
    0
    0
   65
   20
   22
   31
   12
   35
   20
    0
    0
    0
   61
    9
    1
    2
   45
    5
    2
   61
   17
    9
   20
    0
    0
    0
    0
    0
    0
    5
    1
    9
    1
  102
   37
   93
    0
    4
   23
    2
    0
    0
    0
    0
    2
   45
    0
    0
    0
    0
    0
    0
    0
    0
    0
    0
    0
    0
   55
   47
    0
    0
    0
    0
   14
    3
    0
    0
    0
    0
    0
    0
  149
   48
    0
    4
    0
   37
   22
   55
   24
   38
    5
   13
   56
    0
    0
   29
    1
    0
    1
   17
  211
   67
    5
   23
    0
    6
   78
    0
    0
    0
    0
    2
    0
   54
   17
    0
    0
    0
    0
    0
   16
    0
    0
   23
    0
   24
   28
   57
    0
    0
    0
   82
    0
   45
   32
    0
    0
    0
    0
    0
    0
    0
    0
    0
    0
    0
    3
    0
   32
    0
    0
   17
   32
   62
   36
   60
    0
    2
    7
    0
   71
    0
    0
    0
    0
    0
    0
    0
    6
    0
  102
    1
   10
    0
    3
   28
    0
    0
    0
    0
    0
    0
    3
    9
   24
    0
    0
    0
    0
    0
    2
    0
    0
    0
    0
    0
    0
    0
    0
    3
    0
    0
   36
    1
    0
   11
    0
    7
    0
    0
    2
   27
    1
    3
    0
    7
    0
    0
    0
    0
    3
    0
    0
    0
    0
    0
    0
    0
    0
    0
    0
    0
    0
   24
   20
   25
    0
    0
   34
    0
    0
    0
   31
    0
    0
    1
    1
   14
   26
   72
   33
    8
    7
    0
    0
    0
    1
    0
    0
    0
    7
    0
    0
    0
    1
   18
    1
    0
   17
   45
    0
   67
    6
    3
   12
   58
   55
    2
   15
    0
    0
    0
    0
    2
   16
   83
   37
    6
    0
    0
    0
    1
   31
    2
    0
    0
    1
    0
    0
   34
   31
    0
   67
   48
   14
   26
    4
   37
   12
    0
    0
    0
    0
    2
    5
    1
    0
    0
    0
    0
    0
   26
    0
    0
    0
    0
    2
    1
    5
   42
    0
    0
    0
    0
    0
    0
    0
    0
   25
   59
    0
    0
    0
    0
    1
    0
    0
    0
    0
    0
    0
    0
   38
    9
  161
    0
    7
   41
    0
    0
    0
    0
    0
    1
    0
    0
    0
    0
    0
   35
    4
   47
   66
    0
    0
    0
    0
    0
    3
  118
   11
    0
   44
   80
    0
    0
    0
    5
   12
   83
    4
    1
    0
    0
    0
    0
    0
   40
   25
   11
    0
    1
   54
   32
   62
   22
    0
    0
    0
    0
    0
    0
    0
    3
    0
   10
  172
    9
   31
    9
    5
    0
   20
   41
    6
    0
    0
   22
    0
    0
  231
    0
    0
   96
    0
    0
    6
   25
   92
  135
   40
    6
   16
  128
   65
  105
  186
   51
    0
    0
    0
   58
    2
    0
    0
    0
    0
    0
    0
    0
    0
    0
    0
    0
    0
    0
    0
    0
    0
    0
    0
    0
    0
    0
    0
   31
   93
   12
    0
   56
   70
    0
    0
    0
    0
    0
    0
    0
    0
    0
    0
    0
   60
   51
    4
   27
    0
    0
    0
    5
    0
    0
    0
    0
    0
    0
    0
    0
    0
    0
    0
    0
   11
  103
    0
    0
   64
    0
    0
    0
  132
   45
    0
    7
    3
    0
    0
   46
    0
    0
    0
    2
   10
    0
    1
   21
    1
    0
   32
    0
    0
    0
    0
    0
   10
    2
   11
  157
   21
   57
   12
    0
    0
    0
    0
    0
    0
    0
    0
    9
    0
    0
    0
    0
    0
    0
    0
    0
    0
   24
    0
    0
    0
    0
    0
    0
    0
    0
    5
    0
    1
   14
   47
   62
  285
    7
    0
    0
    0
    0
    3
   16
    0
   10
    4
    0
    0
    4
   24
    5
    0
    2
    0
    0
    0
    0
    0
    0
    3
    1
    0
    0
   43
    5
    0
    1
    0
    0
    0
    8
    0
    0
    0
    0
    0
    0
    0
    0
    0
   13
    0
    3
    0
    2
    0
    0
    5
    0
   41
    0
   10
   21
   49
   34
   20
    1
    2
    0
    1
    7
   24
   66
  173
  118
   33
  235
  103
    3
   13
   52
   19
    1
   73
   34
    0
    0
   35
    0
    0
    8
    1
    0
    0
    0
    0
    1
   15
   34
    0
   17
   39
    0
   51
    2
    0
    0
    0
    0
    0
    0
    2
    0
    0
   74
    0
    7
    0
    0
   29
    4
   89
    0
    0
   48
    1
   41
   56
    0
    0
    0
    0
    0
   88
   67
    0
   40
    0
    0
    0
    0
    0
    0
    0
    0
    0
    0
    0
    0
   25
   12
   12
    1
    1
    5
    0
    1
   47
   23
   21
    1
   22
    0
    1
    5
    0
    0
    0
    0
    0
   49
    1
    9
    0
    0
    4
    6
    0
    0
    0
    0
    3
    0
    0
    8
   21
    1
    0
    0
    0
    0
    0
    0
    0
    0
   11
    0
   14
  387
   12
    1
    0
    0
    0
    0
  131
    0
   33
    0
    0
    0
    0
    0
    0
    0
   25
    1
   78
    0
    0
    0
    0
   12
    0
    4
   10
   11
  103
    8
   54
   17
    5
    0
    1
    0
    0
   19
   13
   36
   42
   62
  173
    0
    0
   60
    0
    0
    0
    6
   30
   42
    0
    0
    0
    0
    0
    0
    0
    0
    0
    0
    0
    0
   12
   26
   14
    3
    0
    0
    0
    0
    0
    0
   56
  126
    0
    0
    0
   25
   37
    5
   37
   25
   68
    0
    5
  127
    4
   71
   39
    5
   12
   49
   13
    0
    3
   26
   86
    0
   55
   74
   14
    0
   28
    0
   74
    1
    0
    0
    0
    0
    0
    0
    0
   17
   21
   42
    0
    0
    0
    0
    0
    0
   22
    0
   42
    0
   27
    0
    9
    0
   15
   53
    0
    0
    0
   62
    2
    2
    1
   43
  190
   37
   28
    0
    0
    0
    0
    0
    0
    0
    0
    0
    0
    0
    0
    0
    0
    0
    0
    0
    0
    1
    5
   17
   47
    0
    0
    0
    0
   46
   17
    0
    0
    0
    0
    0
    0
    0
    0
   15
   11
    0
    0
    0
    0
    0
    0
    0
   13
    0
    2
   48
    2
    0
   13
   13
   35
  147
   21
    8
    2
    7
    2
  105
    0
    1
    0
    0
    0
    0
    0
    0
    0
    0
    0
    0
    0
    0
    8
    0
    0
    0
    0
    0
   62
  102
   54
   12
   62
   13
   10
    0
    0
    1
   13
    5
    0
   15
    0
    0
   62
   13
    0
   57
    0
    0
    0
   25
    0
    0
   36
    0
    0
    0
    2
   17
    6
    0
    0
    0
    0
   36
    3
   72
   16
    2
    0
   42
    0
    0
    0
   31
   10
    0
    0
    0
    0
    0
    0
    0
    2
    1
   71
    0
    0
    0
    0
   28
   46
   31
    4
    5
    1
   38
   36
   73
    1
    3
   26
   15
    7
    0
    0
   21
    0
   25
   20
    2
    0
   64
   27
    0
   18
    0
   54
    4
   12
    0
    3
   30
   32
   52
    5
   27
   78
   19
   30
   10
    0
    0
   92
   40
    0
    0
    0
    0
    0
    0
    0
    3
    0
    0
    0
    9
    0
    0
    0
    1
    0
    0
   26
    0
    0
    0
    0
    0
    0
    0
    0
    0
    0
    2
   14
    0
   15
    0
    0
    0
    0
    0
    0
    0
    0
    0
    0
    0
    0
  101
    0
    7
   12
    0
    0
    0
    0
    0
    0
    0
    0
   28
    0
    0
    2
    0
    0
   22
    3
  176
    0
    2
  146
    0
   41
    0
    0
    0
    0
    0
    0
    0
    0
    0
    0
  167
   15
   32
    0
   63
   18
    0
    0
    7
   63
    0
   41
    0
    0
    0
    7
    0
    0
    0
   21
    0
  165
    1
    5
    4
   20
   32
    0
    0
    3
    0
    0
   51
    0
   22
    0
    0
   34
    0
    0
    0
    4
   81
    0
    0
    0
    0
    0
    0
    0
    0
    0
    0
    0
    0
    0
    0
    0
    2
    0
    0
   38
    0
   10
   74
    5
    0
    0
   94
   62
    0
    7
   12
   13
    1
  119
    0
    0
    0
    0
    0
    0
    9
   23
    0
    0
    0
    0
    0
    0
    0
    0
    0
   48
  123
    0
    0
    0
    5
    0
    0
    0
    0
    0
    0
   13
    1
    0
    0
    0
    0
    8
   25
    0
    0
    0
    7
    2
    7
    0
   30
    0
    0
    0
    8
    0
    0
    9
    0
    0
    0
   15
    0
   20
    0
    0
    0
    0
    2
    0
    0
    0
    0
    8
   52
  110
   21
    0
    7
   12
   41
    0
    0
    0
   10
   36
    0
    0
    0
   13
   27
  127
   56
    1
   83
   17
    0
   28
    0
   51
    6
   43
   95
    1
    0
    0
    0
    0
   11
   42
  123
    2
    4
    0
   21
    0
    3
    0
    2
    1
    0
    0
    0
   58
    1
    0
    2
   39
   14
   23
   10
    0
   17
    0
    0
    0
    5
    0
    0
    0
    0
    0
    0
    0
    0
    0
    0
    0
    0
    0
    0
    0
    0
    0
    0
    0
    0
    0
    1
    0
    0
    0
    0
    2
    0
   50
    8
    4
    1
    6
    1
   48
   45
   38
    0
    0
    0
    0
   23
    1
    3
    4
    0
   29
    6
    1
    0
    0
    0
    8
    0
    3
   31
    0
    0
    0
    0
   55
   28
    0
    0
    0
    0
    9
    0
   67
    0
    0
    0
    0
    0
    0
    0
    0
    0
    0
    0
   21
    0
    0
   21
    1
    0
    0
    1
    0
    0
   20
   87
    2
   15
   18
   18
   31
  134
    1
    0
    0
    0
   25
   65
    0
    0
    0
    0
    0
    0
    0
    0
    0
    0
    0
   35
   74
   41
    0
    0
    0
    0
    0
    0
    0
    0
    0
    0
    0
    0
    0
    0
    0
    0
    0
   97
    0
    0
   41
   25
   43
    0
    0
   15
    0
    0
    0
   46
    0
    0
    0
    0
    0
    0
    0
    0
    0
    0
    0
   41
    0
    0
    0
  167
    2
   26
   12
   31
   46
    3
    0
    0
    0
    0
    0
   32
    2
    0
    0
    0
    0
    0
    0
    0
    0
    0
    0
    0
    0
   40
   73
    0
   12
    0
    0
    0
   11
    0
    7
    0
   21
    0
    0
    0
   71
    1
    0
    0
    0
    0
    0
    0
    0
    0
    0
    0
    0
    0
    0
    0
    0
    0
   13
    0
   99
  108
    2
    0
    0
    0
    0
    0
    0
    0
    0
    0
    0
    0
    0
    0
    0
    0
   78
   29
    1
    0
    0
    9
    0
    0
    0
    0
    0
    1
   26
    0
    0
    0
    1
    1
   20
    0
    0
    0
   70
   41
   65
    0
   12
    0
    0
    0
   17
   30
    0
    0
    0
    0
   12
    0
    0
    0
    0
    0
    0
    0
    0
   25
   91
    4
  147
   15
   65
    0
    0
  111
   32
   15
    0
    0
    0
    0
    0
    0
    0
    0
    0
    0
    0
    0
   71
   39
    0
    0
    3
   57
    1
    0
    0
    0
    0
    0
    0
    0
    0
    9
    0
   10
    0
    0
    0
   24
   35
   22
   42
   51
    2
    6
    0
   60
    0
  107
    0
   10
    0
    0
    0
    0
    0
    0
    0
    0
    0
    0
    9
   22
    0
    0
    0
   18
    5
    3
    0
    0
    0
    0
    0
    0
    9
    0
    0
    0
    0
    8
   14
   21
   16
    0
    0
    0
    0
    0
    0
    1
    0
    0
    0
    0
    0
    8
    0
   25
    0
    0
   44
   30
  103
    0
    0
    1
    0
    0
    0
    0
    0
    0
    1
    2
   12
   51
    5
    0
    1
    0
    0
   19
    0
    0
   14
   23
    0
    0
    0
    0
    0
    0
    0
    0
    0
    5
    0
   29
    0
    1
    0
    3
    0
    2
    0
    0
    0
    0
    1
   38
    0
    0
    0
    0
    0
    0
   22
  160
    0
    0
   42
    3
    0
    1
    0
   10
    0
   21
    0
   31
   65
    5
    7
   21
    0
    0
    0
    0
    0
    0
    0
    0
    0
    0
    0
    0
    8
    5
    0
    0
    0
    0
   26
    0
    0
    0
    0
    0
    0
    1
    0
    0
    0
    0
    0
    8
    0
    0
    0
  141
   17
   11
    0
    0
   31
  104
  112
  336
    0
    0
    0
    0
    0
    0
    0
    0
    0
    0
    0
   25
    5
    0
    0
    0
    1
    9
   57
    5
    0
    0
   45
    0
   24
    4
    0
    0
   38
    7
    0
    0
    0
    0
    0
    6
    5
    0
    0
    0
    0
    0
    0
    0
    0
    0
    0
    0
    0
    0
    0
    0
    0
    0
    0
   47
    0
    0
    0
   19
   20
    0
    0
    0
    6
    0
   64
    0
   81
    0
   82
   38
    0
    2
    0
    0
    0
    0
    0
    0
   82
  292
   33
   61
   18
   23
    6
   12
    2
   28
   40
   72
   18
    0
    0
    0
    0
    0
   36
    8
   11
    0
   31
    0
   10
   17
    7
    8
    0
    0
   26
   72
   13
    0
    0
    1
    3
    0
    0
    0
    0
    0
    0
    0
    0
    0
    0
    0
    0
    0
    0
    0
    0
    0
    0
    0
    0
    1
    0
   42
   22
   37
    0
    0
    0
    0
   17
    4
    5
    0
    0
    0
    0
   17
   17
    0
   25
    6
    5
  387
   12
   20
   16
    0
   17
   65
    0
   22
    0
    0
    4
   55
    3
    1
    8
    2
   41
    0
    0
    0
    0
    0
   28
   68
   38
    1
    2
    0
    2
    2
    0
    1
    3
    0
    8
    2
    0
    0
   14
    1
    0
   78
    0
   14
    7
   98
   28
    4
    0
    0
    0
    0
    1
    0
   10
    0
    0
    0
    0
    0
    0
    0
    0
    8
   11
    0
    0
   18
    0
    0
    0
    0
    0
    0
    0
    0
    0
    0
    0
    2
    0
    4
   14
   50
   24
    0
    2
    2
    0
   30
    0
    0
    0
    0
    0
    0
   19
    7
    0
    0
    0
    0
    0
    0
    1
    2
    0
    4
    1
    0
    0
    0
    0
    0
    0
    0
    0
  113
    0
    0
    0
  139
   36
  131
    3
    0
   14
    0
    0
    0
    0
    0
    0
    0
   79
   11
    0
   32
    0
    0
    0
   13
    0
    0
    0
    0
    0
    0
    0
    0
   64
    0
   69
    0
    0
    0
    0
    0
   10
   20
    0
    0
    0
   61
    5
    7
    0
    0
    0
   34
    0
    1
    7
   11
   23
    0
    3
   21
   52
    5
    6
    0
    0
    1
    0
    0
   38
    3
   24
    0
    0
    0
    0
    0
    0
    0
    0
    2
    0
    0
    0
    0
    1
    9
    0
    5
   11
   15
    0
    3
    3
  196
    1
    8
    0
    0
    7
    4
    6
    1
   48
   98
  152
    0
    7
    0
    0
    0
    0
    0
    0
    0
    0
    0
    0
    0
    0
   21
    8
    0
    0
    8
    0
    0
    2
   18
    0
    0
   51
    0
    0
    0
    0
    0
    0
    0
    7
  125
    0
    0
    0
    0
   24
   10
   11
    8
    9
    0
    0
    0
    0
    6
   43
    0
    0
   68
    0
    0
   43
    0
    0
    0
    0
    0
    0
    0
    0
    0
    0
    0
    0
    0
    0
   24
   10
    0
    0
    0
    0
    0
    0
   26
   28
    0
    0
    0
    0
    0
   33
    0
    0
    0
    3
    0
    0
    0
    1
    8
   10
    0
    0
    0
    0
    0
    0
    0
    0
    0
   12
    0
    0
    0
    0
   38
    1
    0
    0
    0
   19
    0
   14
    0
    0
    0
    0
    0
    0
    0
    0
   11
   41
    6
    5
  102
   40
   52
    1
    0
   54
    0
    3
    0
    0
    0
    0
    7
    0
    0
    0
    7
   37
    0
    0
    0
    0
    2
    1
    0
    0
    1
    2
   18
    0
    6
    0
    0
    0
    0
    0
    0
    0
    0
    0
    0
   23
   16
  147
    0
   47
   69
    0
    6
    0
   51
    4
    0
    1
    0
    0
