Station: Sausedlitz , scaling_factor: 10.0, latitude:  51.5704, longitude:  12.4262, altitude:  88, nodata_value: -9
start: ..1969-01-01  end: ..2002-12-31
  176
   58
    0
   12
    0
    0
    0
    0
    0
    0
    0
    0
    5
    0
    0
    0
    0
    6
    0
    0
    9
  124
    8
   44
   76
    4
   19
   18
    0
    0
    3
    0
   30
    3
    2
    0
    0
   26
    0
    2
   11
    0
    3
   11
    0
  261
   35
    0
    0
    0
   15
    0
    0
    0
    0
   38
    0
    0
    0
    0
    0
    0
    0
    0
    0
    0
    0
    0
    0
   46
   57
   92
    0
   54
    2
    0
    0
    0
    0
    0
    0
    7
    0
    0
    9
    0
    7
   38
    0
   69
   12
    0
    0
    0
    0
    0
    0
    0
    0
    0
   81
   62
    4
    8
  104
   34
   16
   41
    3
    0
   10
   96
   34
   58
    0
    0
   44
   33
   71
   16
    4
    1
  287
   97
    0
    0
   23
    0
    0
    0
    0
    0
    0
    0
   14
    6
    0
   14
    8
   49
   23
    0
    0
    0
    5
   66
    0
    9
    0
   25
    0
   78
    3
   68
    0
   28
   73
    0
    0
    0
    0
    0
    0
    0
    0
    2
   18
    0
    0
   18
   19
    0
    0
    0
   48
    2
   29
   10
   76
   51
    0
    0
    0
    0
    0
    0
    0
    0
   23
   34
   26
   63
    0
    0
    0
    0
    0
    0
    0
    0
    0
    0
    0
    0
    0
    0
    0
    0
    0
    0
    0
   13
    0
    0
    0
    0
    0
   15
    0
    0
    0
    0
    0
    8
   91
   50
   31
  274
   46
    0
    0
  331
    1
    2
    2
    0
    1
    5
   42
    0
  166
  106
    0
    0
    0
    0
    0
    0
    0
    0
    0
    0
    0
    0
    0
    0
    0
    0
   93
    0
    0
    0
    0
    2
   34
    0
    0
    0
    0
   15
    0
    0
    2
    0
   56
   14
    0
    0
    0
    0
    0
    0
    0
    1
    0
    0
    0
    0
    0
    1
    0
    0
    0
    1
    1
   92
    1
   20
    1
    6
    0
   21
   17
   23
    0
    0
    0
   42
    0
    0
   37
   23
   20
    0
    0
    2
    4
    1
    0
    0
    0
    5
   23
   42
    0
    3
    6
   37
    0
   43
   13
    1
   29
    0
    0
   18
   72
    0
    1
    0
    0
   12
    0
    3
    0
    0
    0
    2
   55
    4
    0
   46
    4
    0
    0
    0
   21
    0
    0
    0
    0
    0
   31
    2
   13
   12
   32
   43
    2
  112
    0
    4
    0
    3
    0
    0
    0
    0
    0
    1
   22
    0
    0
    0
    0
    0
    0
    0
    0
    0
   31
   74
   13
    0
    0
    0
    0
  132
    3
    0
   21
    2
    0
    9
   28
   22
    2
   17
   48
    0
    0
   10
    9
    6
   20
   23
   10
  168
  103
   19
    0
   28
   40
    2
   77
   73
    0
   76
  172
    8
    0
    0
    0
    0
    0
    0
    9
    0
    6
    2
   40
    9
    3
   37
    0
    0
    0
    6
   12
    0
    0
   60
    0
    0
   15
    7
    0
    3
    0
    0
    6
    0
    6
  156
    0
    0
    0
   18
    0
    0
   59
    0
    0
   19
   21
    2
    0
    0
   19
   17
   23
    0
    0
   37
  149
   57
   16
    2
    0
    0
    0
    0
    0
    0
    0
   48
   90
    0
    0
    0
    0
    0
    0
   21
    0
   44
    6
    2
    0
   17
   82
  203
   69
    9
   50
   29
    0
    0
    0
   35
    0
    0
    0
   23
    0
   74
   12
    0
    0
    0
    0
    0
    0
    0
    0
    0
    0
   94
   19
    5
   11
    0
    0
   66
   48
    0
   65
    5
    5
    6
    0
    0
    0
    0
   35
    0
    0
    0
    0
   49
   13
   16
    0
    0
   24
   19
    0
    0
    0
   26
   63
   27
    0
    0
   27
    0
   99
  176
   27
    0
    0
    0
    0
    0
  258
    0
    9
    3
    0
    0
    4
    0
   85
    2
    0
    0
   15
  277
  201
    0
   31
    2
    0
    0
    0
    0
    0
    0
   73
    0
   17
   78
    0
    1
    0
  118
    0
   17
   91
    3
    2
    0
    4
    0
    0
    0
    0
    0
    0
    0
    0
    0
    0
    0
    0
    0
    0
   84
   29
  125
   39
   39
    0
    0
    0
    0
    0
    0
    0
    1
    3
    0
    0
    2
    0
    0
   74
    4
   37
   65
    6
   67
    0
   45
    1
  139
    0
   25
   11
    0
  143
   45
    3
   32
   82
    0
    0
   26
   25
   60
   12
    0
   47
    0
    4
    0
   19
    2
    0
   60
   57
    0
    0
    0
    0
    4
    2
    9
    0
   13
   11
   56
   53
    2
    0
    0
    6
    3
    9
    0
    0
    0
    2
    0
    0
    6
   11
    0
    4
    6
   13
    2
    0
    0
    0
    0
   78
    0
   75
    0
    0
    0
    0
    0
    0
    0
    0
    0
    0
    0
    0
    0
    0
    0
   11
   33
    0
    0
   15
    0
    0
    0
   78
    0
    0
    5
   39
   38
    0
    0
    0
    4
    0
   14
    6
    4
    0
    9
    6
    0
    0
    0
   15
   16
    0
    0
    0
    3
    0
    0
    0
   35
   31
   15
   23
   37
    3
    8
   47
    5
    0
    2
   17
    7
    0
    0
    0
    0
   20
   18
   13
    0
    0
    0
    0
    7
    0
    6
    0
    0
    5
    0
   39
   31
    0
    0
    0
    0
    1
   16
    0
    0
    0
    0
    0
    0
    0
    0
    0
    0
    0
    0
    0
    0
    0
    2
   64
    0
    0
   66
    0
    0
    0
  279
   21
   37
    0
    0
    0
    0
    0
    0
    0
    0
    0
    0
    0
    0
   58
    0
    0
    0
  149
  369
    0
    0
    0
  377
    0
  165
    0
    0
    6
   29
    0
   54
    0
    4
   41
    2
    0
    0
   73
    5
   16
    0
   24
   46
   39
   37
   28
    0
   11
    2
    0
   18
   35
    7
   20
   31
   68
    0
   21
    0
    0
    0
   37
    2
  105
   26
   46
    0
   56
    0
    0
    0
    0
    0
    0
    0
    0
    0
    0
    0
   27
    0
    0
    0
    0
    0
    0
    0
    0
    0
    7
    0
    0
    0
   27
    5
    0
    0
    0
    0
    0
    0
    0
    0
    0
   72
    0
    0
    0
    0
    0
   61
    0
    0
    0
    0
    0
    0
  180
  105
  309
    0
    0
   52
    2
    0
    0
   17
   19
    0
    0
    0
    0
    0
    0
    0
    0
   77
    2
    0
    6
    0
    3
    0
    0
    0
   55
    0
    0
    0
    0
   17
    1
   54
    0
    0
   77
    0
    0
    0
    0
    0
    1
    0
    0
    0
    0
    0
    0
    0
   18
   75
   61
    1
    0
    8
    0
    6
    0
   22
    3
    0
    0
    0
    0
    0
    0
    0
    0
    0
    0
    0
    0
    0
    0
    0
    0
    9
    0
    0
    0
    3
    5
    6
    3
   37
   52
  126
    0
    0
   49
    0
   31
    5
    3
   17
    0
    0
    0
    0
    0
    0
    0
   14
    8
   14
   16
    0
   82
   29
   48
  202
    0
    0
    0
    0
    0
    0
   48
   52
    5
   40
   49
    0
    0
    0
    0
    9
    0
   22
    0
    0
    0
   10
    0
    0
    0
    0
    4
    0
    0
    0
    0
    0
    0
    0
    0
    0
    0
    0
    0
    0
    0
    0
    0
    2
    0
    7
    0
    2
    0
    0
    0
    0
    0
    0
    0
    0
    0
    0
    0
   36
    6
    0
    0
    0
    0
    0
    0
    0
    0
    0
    0
    0
    0
    0
   13
    3
    0
    0
    0
    0
    1
    0
    0
    0
    0
   50
    0
    0
  175
    0
    0
    0
    0
    0
    0
    0
    0
    0
    0
    0
    0
    0
    0
    0
    0
   63
   31
   26
    0
   65
   18
   29
    0
   15
    0
   49
   26
    1
    0
    0
   25
   18
    0
    0
   70
    0
    0
   69
   49
    0
   30
   10
    0
    0
    0
    9
   24
    0
    0
    0
    0
    0
   18
    0
    0
    0
    0
    0
   40
  133
    2
    3
   21
    5
    0
  234
    0
   99
   21
    0
   42
    0
    0
   39
   11
   62
   14
   66
   17
    0
    0
    0
   53
    0
    0
    0
  131
  288
    0
    0
   41
  109
  176
    0
    0
    0
    4
    0
    0
   11
    0
    0
   73
   24
    0
    0
    0
    0
    2
    0
  128
    0
    0
   19
    0
    0
    0
    0
    0
  131
   96
    0
    0
    0
    0
    0
    0
    0
    0
    0
    0
    0
    0
    0
    0
    0
    0
    0
    2
  206
  174
    0
    0
   15
   14
    0
    0
    0
    0
    0
   35
    0
  107
    0
   20
    0
  208
   21
   39
   85
    0
    0
    0
   10
    0
    0
    0
    0
    0
    0
    0
    0
    0
   34
    0
    0
    0
    0
    0
    0
    0
    0
   95
    8
    0
    0
    0
    0
   24
   22
    0
    0
    0
    0
   25
   35
   23
    8
   32
   15
   41
    0
    0
    0
    0
    0
    0
    0
    0
    0
    0
    0
    0
    0
    1
    0
    0
    0
    0
    0
    0
   39
   14
   13
  111
    9
   11
    0
    2
    0
  164
    1
    2
    0
    0
    0
    0
    0
    0
    2
    0
    0
    0
   34
   16
   43
    0
    0
   25
    0
   67
   28
    2
   39
   15
    3
   13
   14
    0
    0
    0
    0
    0
    4
    0
    0
   20
    0
    0
    0
    3
    0
    0
    0
    0
    0
    0
    0
    0
    0
    0
    0
    2
    0
    0
    0
    0
    0
    0
    0
    0
    0
    0
    0
    0
    0
    0
   15
    0
    9
    6
    3
    3
    8
    0
    2
    0
    0
    0
   50
   23
    0
    0
    4
    0
   16
    0
    0
    0
    0
   38
   66
    2
   15
   12
   36
    8
    0
    0
    0
    0
    0
    0
   30
    6
   21
    7
   21
    3
    0
    0
    0
    7
   25
   12
    2
    4
   11
   32
   83
   12
   15
    0
    0
    0
   20
   52
    0
    0
    0
   11
   21
    0
    0
    6
    1
    0
    0
    0
    0
   11
    9
   12
    0
    0
    0
    0
    0
    0
    0
    0
    0
    0
    0
    0
   21
   70
   21
    0
   27
    0
    6
    0
    6
   51
   18
   53
    0
    0
    0
   11
   43
    8
   24
    0
    5
    5
    0
    0
    0
    0
    0
    6
   56
    0
   22
   26
    1
    0
   83
    6
   37
   47
    0
    9
    2
    0
    0
   43
    0
    0
    0
    0
    0
    0
   41
    0
   10
   13
    0
    0
    0
    0
    0
    3
    1
  119
   32
    0
    0
    0
   11
    1
    8
    0
   14
    0
    0
   65
    0
    0
    0
   46
    0
    0
    0
    0
    0
   79
    0
   53
    0
    0
   27
    8
    0
    0
    0
    0
    0
    0
    0
  138
    0
    0
    0
   34
   20
   34
    0
   73
   27
    0
    0
    1
   18
    0
   12
   45
   11
    9
   78
   45
   22
    0
    0
    0
    0
    0
    1
   12
    0
    8
   82
   12
    0
    0
    0
    0
    0
    0
    0
    0
    0
    0
    2
    0
    3
    0
    0
    0
    0
    0
    0
    0
    0
  228
    7
    0
   19
    0
    0
    0
    0
    0
    0
   51
   10
    0
    0
    0
    0
    0
   89
   17
    0
   41
   17
   35
    0
   22
   43
    0
    0
    0
    2
    2
    0
    0
    0
    0
    0
    0
    0
    0
    0
   20
    4
   88
    0
    2
   31
   55
  119
   16
    0
   56
   86
   59
   22
   81
    0
    0
    0
    0
    0
    0
    2
    1
    0
    0
    0
    0
   81
    1
   10
    8
    0
   19
    0
   27
   21
   15
    5
   13
    0
    0
   11
    0
    0
    0
    0
   34
    3
   12
    8
   11
   30
    0
    2
    2
   48
    5
    1
   21
  103
   17
    0
    0
   23
    0
   17
    1
   18
   23
    2
    0
    0
    0
    4
    0
    0
    0
   14
    1
    4
    0
    0
    1
    0
    9
    8
    0
    0
    0
   42
   55
    0
    0
    0
    5
    0
    0
   15
   23
    8
   39
  133
    0
    0
    0
    8
    0
   26
    0
    0
    2
    0
    0
    0
    2
    0
    0
    0
    0
    0
   90
   23
   32
   12
    0
    0
    0
    0
    0
    0
    0
    3
    3
   15
    0
   37
  157
   50
    1
    0
    0
    0
    0
    0
    0
    0
    0
   27
    0
    3
    0
    0
    0
    0
    0
    0
    0
    2
    9
   38
  110
    3
    0
    0
    0
    0
    0
    0
    0
    0
    0
    0
    0
    0
    0
    0
    0
    0
    0
    0
    0
    0
    0
    0
    0
    0
    0
    0
   75
   11
    0
    0
    0
    0
    6
    0
    1
   15
    0
    0
    0
   14
   17
    0
    0
    0
   44
    4
   32
   61
    6
    0
    0
    0
   74
   32
    6
   76
    0
    0
    0
    0
    0
    2
  106
   46
    0
    0
    0
    0
    0
    0
    0
    0
   51
   11
    0
   12
    0
    0
   13
   21
   37
   15
    3
   23
   21
   40
    0
    1
    1
    4
   72
    0
    7
    0
    6
    0
    0
    0
  114
   42
   96
    0
   61
  135
    9
   70
   46
    0
   98
    0
    0
   39
   27
   41
    0
    4
   14
    0
    0
    1
    0
    0
   41
    0
    0
    2
   72
   23
    0
    0
    0
    0
    0
    0
    0
   12
    0
    2
   21
    0
    0
    1
   20
   28
   64
   16
    0
    0
    0
    0
   94
   28
   26
  211
    1
    0
    0
    0
    0
    0
  143
    0
    0
    0
   20
   25
    0
   64
   23
    0
    4
    0
    0
   59
    0
    0
    0
   42
    0
    0
    0
    0
   15
    0
    0
    0
    0
    0
    2
    0
   44
    0
  122
   14
    0
    0
    2
   15
    2
    1
    6
   20
    0
   16
    0
    0
    0
    0
   23
  165
  191
    8
    0
   17
  115
   86
  397
    2
   21
   55
   15
   24
   33
    6
   13
   39
  284
   51
    0
    0
    0
    0
    0
    0
    4
   29
    0
    0
    0
    0
    0
    0
    0
   12
    0
    0
    3
   48
    2
   12
   29
    0
    5
   10
    6
   11
    8
    8
   10
   29
   24
  119
  203
   48
   35
    5
   19
   90
    0
   27
   15
    8
   74
    2
    1
    0
    0
    0
    0
    0
   73
   22
   13
   32
   41
   45
   57
   47
    0
    0
    0
    0
    6
   23
    5
    0
    0
    0
    0
    0
    0
    0
    0
    0
    8
   15
    0
    4
   13
    3
    0
   22
    0
   17
   55
    0
    8
   26
   12
   23
    0
    0
    0
    0
    0
    0
    0
    0
    3
    2
   22
   16
    0
    0
    0
   16
   10
    0
    0
    0
    0
    0
    0
    0
    0
    0
    0
    3
    0
    0
    0
    0
   19
    0
    0
    0
    1
    4
    0
   40
    5
   17
    0
    0
   51
   21
    0
    0
    0
   43
   36
   30
   22
    2
    0
    0
    0
    0
   25
   14
   24
   75
   69
    0
   23
    0
    0
    3
   12
   18
  126
   56
   13
    0
    0
    0
    3
    0
    0
    0
    0
    0
    0
    0
    0
    0
    0
    0
   38
   48
    0
    0
    0
    0
   63
   75
    9
   77
   12
    0
    0
    0
    0
   34
   26
    0
    0
    0
    0
    0
    0
    0
    0
    0
    0
    0
    0
    0
    0
    1
    3
    0
    0
    0
    0
    4
   26
   76
    0
    0
   16
   11
  212
    2
    0
   26
    0
    0
  228
   38
    0
   69
    0
    0
    0
    0
    0
   23
    3
    0
    0
    0
    0
    0
    0
    0
  295
    0
  282
    0
    0
   33
    0
    0
    0
    0
   10
    0
    0
    0
    0
    0
    8
    0
    0
    0
    0
    0
    0
    0
    0
    0
    0
    0
    0
    0
    0
    0
    0
    0
    0
    0
    0
  157
    6
   24
    0
    0
    0
    0
  297
   17
   69
   29
    0
    0
    0
    0
    0
    0
    0
    0
    0
    0
    0
    0
    0
    0
    0
    0
   83
   20
   16
    1
    0
    0
    0
    0
    0
    0
    0
    0
    0
    0
    1
    3
    5
   12
    0
    1
    0
   21
   22
    0
   21
    0
    7
    0
   28
   22
    0
    9
   21
    0
    0
    0
   39
   18
    5
    6
   61
   23
    0
    2
    3
    5
    2
    1
    0
    0
    0
    0
    0
    0
    0
    0
    0
    0
    0
    0
    0
    0
    0
    1
   19
    0
    0
    0
    5
  106
   28
   41
    0
    0
    0
    0
    0
    3
    0
    9
    6
    0
    4
    0
    6
    0
    1
    5
    0
    0
   33
    0
    3
    5
    0
    0
    0
    0
    0
    1
    2
    0
    0
    0
   12
   15
   39
    0
    0
    0
    0
    0
  119
   34
    6
    4
   13
   20
    0
    0
   11
   79
   44
   68
  112
   52
   14
    8
    1
    5
   44
   37
   47
   31
   19
    5
    0
    0
    0
    0
    0
    0
    0
    0
    0
    0
    0
    0
    0
    0
    0
    0
   20
    0
   19
   49
    7
    0
    0
    0
    0
    0
    0
    0
    0
    0
   13
    0
    0
    0
    0
    0
    0
    0
    0
    0
    0
    0
    3
    0
    0
    0
    0
    0
    0
    0
    0
    1
    0
   26
   21
    0
    2
    4
   13
    0
   39
   34
    0
    0
    4
   13
    0
    0
    0
    0
    5
    0
    4
    2
    0
    0
    0
    0
    0
    0
    0
    0
    0
    0
    0
    0
    0
    0
    0
   18
   36
    0
    0
    8
    0
    0
    0
    0
    0
    7
    0
    0
    0
    0
    0
    0
    0
    6
    0
    9
    0
    0
    0
    0
    0
    9
   52
   53
    0
    0
    6
    0
   14
   63
    7
   51
   25
   23
    0
    5
    0
    0
    0
    0
    0
    0
    0
    0
    0
    0
    0
    0
   95
   39
    0
    0
    4
   16
    0
    0
    0
    0
    0
    0
    0
    0
    0
    0
    0
    0
    0
    0
    0
    0
    0
   30
   27
    0
    0
    0
    9
    8
    0
    0
    7
    0
    0
    7
   45
    5
    0
    0
    0
    0
    0
    0
    0
    0
  116
    6
   13
  111
    9
    0
    0
    0
    0
    0
    0
    0
    0
    5
    0
    0
    0
    0
    8
    5
   14
    0
    0
    0
    0
    0
    9
   31
    0
    0
    0
    0
    0
   27
    0
    3
    0
    0
    0
    0
   42
    0
    0
    0
    0
   13
    1
    0
    1
    2
    0
    0
    0
    0
    0
    9
    0
    8
   73
   16
   26
    0
    0
    3
   46
   19
    0
   46
    4
    0
    0
    0
    0
    0
   12
    0
    0
   41
   92
    0
    0
    0
    0
    0
    0
    0
    1
    1
    0
    0
    0
    1
    0
    0
    2
   20
    0
    0
    0
  131
    0
    0
    0
    5
    0
    6
   17
   17
    0
    0
    0
    2
    0
   14
   33
   11
  117
   16
    0
    0
    0
   18
   20
    2
    7
    1
    0
    0
    0
    7
    0
    0
    0
   27
    9
   16
   20
    1
    9
    0
    0
    0
    0
    0
    0
    0
   10
   21
    0
    1
    0
    0
    0
    0
   37
    0
    0
    0
    0
    6
    0
   19
    6
    0
   18
  146
    0
    0
    0
    0
    7
    0
    9
    0
    0
   14
    6
    0
   79
    0
    0
    0
    6
    0
    0
    0
    0
    5
    0
   14
   13
   49
   31
    0
   28
    0
    0
    2
    0
    0
    0
    5
    2
   16
   76
    1
    0
    0
    0
   48
    7
    8
    0
    0
   31
    1
   11
    0
    0
    0
   22
    0
    0
    0
  150
  168
    3
   14
    0
    0
   71
   47
    1
    0
    0
    0
    0
    0
   14
   95
   23
    0
    0
    0
   46
    0
   44
    0
   14
   37
    6
    0
    0
   12
   18
    7
   70
   42
   36
    0
    0
    0
    0
    0
   48
    0
   43
   16
    3
    2
    0
    0
   54
  122
   36
    0
    0
    0
   92
    0
    0
    0
    0
    0
    0
   22
    0
    0
  115
   13
    0
    0
   81
   74
    0
    0
    0
    0
    0
    0
    0
    0
    0
   10
    0
    0
   18
   42
    7
    6
    0
   39
   63
    0
    0
    0
    0
    0
  221
   15
    0
    0
  118
  677
    0
    0
    0
    0
    6
   56
    0
    0
    0
   36
    0
    0
    0
    0
    0
    0
    1
   11
   19
    6
   30
    0
    0
    0
    0
   16
    0
   17
   47
    0
    0
    0
    0
    0
  146
  110
    8
    0
    0
    0
    0
   26
   27
    0
    0
   32
    0
    0
    0
   14
    0
   69
  241
   74
    1
    0
    0
    0
    6
   35
   48
    4
    0
   69
    0
    0
    0
   54
   99
    0
    0
    0
   11
    0
    0
   15
    0
    0
    6
    3
  184
    0
   84
    0
    0
    0
    0
    6
    0
    0
    0
    0
    0
   31
   35
    7
    0
    0
    0
    0
    5
    0
    2
   64
    0
    6
   26
   55
    0
    0
    0
    0
   89
    0
    0
    0
    0
    0
    0
    0
    0
    0
    0
    0
    0
    8
    2
    1
    0
    0
    0
    0
    0
   55
   44
  139
   40
   74
    0
    0
    0
   86
  168
    7
    0
   63
    0
   41
    0
    0
    0
   11
    0
    0
    0
   11
    3
    6
   49
    2
    9
    0
    5
    9
    0
    1
    0
    0
    0
    6
    0
    0
    0
    0
   14
   99
    0
    8
    1
    0
    0
    0
    0
    0
    0
    1
    7
    0
   10
    4
   32
    0
   11
   15
    5
    0
    0
    3
   13
    3
    9
    0
    0
    0
    0
    0
    0
    0
    0
    0
    0
   41
    0
    0
    0
    0
    0
    0
   12
    8
    1
    0
    0
    6
    1
    0
    4
   24
    3
    0
    0
    0
    0
    9
    3
    0
    5
    8
    0
   25
    0
    1
    0
    0
    0
    0
    3
   16
    0
   14
    0
    0
    0
    0
    0
    7
    0
    4
   13
    0
    3
   96
    0
    0
    0
    5
   56
    0
    3
    8
   16
   18
   92
   23
    3
    9
   35
    2
    0
    0
   15
    0
    0
    0
    0
    0
    3
    0
    0
    0
    0
    0
    0
    0
    0
   35
    0
    0
    1
    0
    0
    0
    0
    0
    1
    2
    0
    0
    0
    0
    0
    0
    0
    1
    0
  101
  175
    0
    0
    0
    0
   78
   44
    0
   46
    1
   38
   12
    0
    0
    0
    0
    0
   26
   15
    0
   18
   74
    0
    0
    0
    0
    0
    0
    0
    0
    0
    0
    0
    0
    0
    0
    1
    3
    0
    0
    0
    4
   64
   68
    0
    0
    0
    0
    0
    0
    0
    0
   63
    0
    5
   49
   69
    1
    0
   33
    0
  100
  101
    9
    7
    5
    9
  115
  140
    0
    0
    8
    0
    0
    0
    5
    0
   16
   30
    1
    0
    0
    0
    0
    0
    0
    0
    0
    0
    0
    0
   28
    8
    0
    0
    0
    0
  434
  394
   31
    4
    0
    0
    6
    0
    6
    0
    2
    0
    0
    0
    0
    6
   30
    0
    1
    0
    5
    4
   71
   80
    6
   75
   13
    1
    0
    0
   13
   28
    0
   23
   17
  105
    7
    0
   11
    0
    0
    0
    0
   67
   32
    5
  149
   24
    0
    0
    6
    0
   32
   90
    7
    0
    7
   92
  229
   64
    2
    0
    0
    0
    0
    0
    0
    0
    0
    1
    2
   31
    1
    0
    9
   26
   92
    0
    0
   40
   18
   19
    0
    0
    0
    0
    0
    0
    0
    0
    0
    0
    0
    0
    1
    0
    0
    0
    2
    0
    0
    2
    0
    0
    0
    1
    0
    0
    0
    0
    6
    0
    0
    6
   14
  120
   74
    5
    0
    0
    0
    0
    0
   91
   15
    0
    3
    7
   44
   21
   43
   23
    0
    0
    0
    0
    0
    0
    0
   25
    8
    7
   11
   99
   62
  105
   58
    1
    0
    0
    6
    1
    0
   35
   45
   17
    0
    9
   62
    5
    5
    7
   46
    0
    0
    0
    0
    0
    0
   38
   15
    0
    0
   25
    0
    2
    1
   12
    0
   58
    0
    0
    0
    0
   12
    1
    0
    0
   14
    0
   83
   51
    5
    0
   77
    0
    0
    0
    0
    0
    4
    0
    0
    0
    0
    0
   10
    0
    0
   85
    0
    0
    6
    0
   36
    1
   72
    0
   35
   54
    0
   69
    1
   44
    0
   56
    0
    8
    4
    0
   32
    9
    0
    0
   27
  102
    2
   17
    1
    0
  267
   28
    0
   58
    0
    0
    0
    0
    0
    0
    0
    0
  115
    6
    0
    0
    0
    0
   16
   23
    0
    8
    0
    0
    0
   27
   38
   18
    8
    2
   17
    2
   57
    0
    0
    0
    0
   29
    0
    0
    0
    0
    0
    2
  162
    4
    0
    0
    0
    0
   54
    8
    0
  113
    0
    0
    0
    0
    0
    0
    0
    0
    3
    4
  118
   21
    1
    0
    0
    8
    0
    0
    7
   21
    0
    0
    0
    0
    0
  304
    0
    2
    0
    0
   77
    0
   52
   11
    2
    0
    0
    0
    0
    0
   43
    5
   42
    5
    0
    0
    0
    0
    6
    7
    0
   58
    0
    0
    2
   33
    5
   30
   45
  123
    0
    6
  126
    0
    0
   64
   12
    0
    6
    0
    0
    0
    0
   96
   12
    0
    0
    0
    0
    0
    0
    0
    0
    0
    0
    7
   11
   18
    0
    0
   14
    0
    0
    0
    0
    0
    0
    8
   49
    0
    0
    0
    8
   22
   28
    0
    0
    0
    0
    0
    2
    0
    0
    0
    0
   26
    0
  162
   20
    0
    0
    0
    0
    0
    0
    0
    0
    0
    0
    0
    0
    0
    0
    0
    0
    0
    0
    0
    0
    0
    3
   20
    0
    0
    0
    0
    0
    0
    0
    0
    0
    0
    0
    0
    0
    0
   31
   15
    9
    0
  109
   19
   25
   21
  181
    4
    0
    0
   47
    0
    7
   84
    0
    0
   24
    0
    0
    0
    0
    0
    1
    0
    7
    5
    0
    0
    2
   37
    0
    0
    0
    0
    0
   77
    9
   65
   92
   52
    0
   29
   62
   36
    0
   32
    0
    0
    0
    0
    0
    0
    0
    0
    0
    0
    0
   66
   34
   19
   33
    9
    0
   30
    0
    0
   15
    0
    0
    1
    0
    0
    0
    0
    1
    0
    0
    0
    0
    0
   18
    0
    7
    0
   24
   31
    0
    1
    0
   24
   42
   10
   11
   79
   38
   91
    8
    0
    0
    0
   18
    9
    5
    0
    0
    0
    0
    0
    0
    0
    0
    0
    0
    0
    0
    0
    0
    0
    8
    7
    0
    7
    8
    3
    0
   11
    7
    6
    9
    0
    0
    0
    0
    0
    0
    0
    0
    9
   11
    0
    0
    0
    0
    8
    0
    0
   51
   15
    1
    9
    0
  107
  209
   54
    0
    0
    0
    3
    9
   12
    8
    0
    0
    0
    0
    0
    0
    0
    8
   12
    3
    7
    0
   94
  252
    0
  103
  106
   10
    0
    0
    0
    0
    0
    0
    0
    0
    0
  101
    0
    0
    0
    0
    0
    0
    0
    0
    0
    0
    0
    0
    0
    0
    5
    0
    0
    0
    0
  177
    0
    0
    0
    0
    0
    0
    0
   95
    0
    0
    0
    0
   45
   38
    0
    0
  112
  169
   17
    8
    0
   26
    9
    5
   13
   51
   34
   15
   31
   12
   17
   42
   99
   14
   74
   55
    0
   69
    0
    6
    0
    0
   60
  296
    0
   15
    4
   79
    0
    0
    7
   83
   10
   78
    0
    0
    0
    0
    0
    0
    0
    0
   74
    0
    0
    0
    0
    0
    6
    0
    0
    8
    0
    0
   11
   56
    0
    0
    0
    0
    0
    1
    2
    0
   80
    6
    0
    5
    0
    0
    0
    0
   18
   12
  113
    8
    0
    0
    0
   40
    6
    0
    0
   66
   17
   47
    9
   34
   21
    1
    0
   31
    0
    0
    0
    0
    0
    0
    0
   88
    0
    0
    0
    1
   11
    9
    0
    0
    0
    0
    2
   70
    0
    0
    0
    0
   30
  145
    0
    0
    0
    0
   16
    3
    0
    0
    0
   23
    5
    0
    3
   52
    5
   14
    0
    3
    0
    0
    5
    0
    0
  103
   62
    0
    0
    0
    0
    0
    0
   40
  113
   26
    0
    0
    4
    5
    0
    0
    0
    0
   94
    0
    6
    0
   41
    1
    0
   21
   24
   19
   98
    8
    0
    0
    0
    3
    0
    0
    0
   40
    8
    0
    0
   38
    0
    0
    0
   13
   74
    0
    3
   10
    0
    0
    0
    0
   67
    5
   70
   95
   14
   11
   39
    9
    0
   36
   26
    0
   20
   23
   41
    0
   26
    7
   22
   85
    6
    0
    0
    0
    7
   24
    0
    0
    0
    0
    0
    0
    0
    0
    6
    0
   37
   61
   17
    0
    0
    1
    0
    0
    1
    0
    0
    6
    0
    2
    1
    7
    1
   26
   83
    0
    0
    0
    0
    0
   12
    0
   19
    0
    2
   12
   51
   10
  185
  117
  134
   86
   13
   17
    0
   15
    0
    0
    0
    0
    0
    0
   79
    0
   42
  104
    0
    0
    0
    0
    0
    0
    0
    0
    0
   15
    0
    0
    0
    0
    0
    0
    0
    9
    0
    0
    0
    5
    5
    9
    0
    0
    0
    0
    0
    0
    0
  318
    6
   21
   88
    0
    0
    0
   12
    0
    0
    0
    0
    0
    0
    0
    0
    0
    0
   66
    0
   56
    0
    0
    0
    0
   93
    5
   16
    0
   84
   28
    6
    0
    5
    0
    0
    0
   48
    6
    0
   89
   10
    0
    0
    0
   24
   88
    0
    0
   87
    0
   39
  113
    0
   39
    0
    0
    0
   16
    2
    0
    0
    0
  127
   25
    8
    2
  146
    4
    0
    9
    0
    0
    0
    0
    0
    0
   25
    3
    0
    4
    0
   39
    0
   16
    0
    0
    0
   47
   26
  217
   45
   21
    0
    0
    0
    0
   56
    0
    0
    0
    0
    0
    0
    0
   55
    6
    0
    0
    0
    0
    5
    0
    0
   28
  119
   21
   34
   24
    0
    5
    0
    0
    0
    0
    0
    0
    0
    0
    0
    0
    0
    0
    0
    0
  136
   10
    0
    0
    0
    7
    0
  129
    0
    6
    3
   15
    0
   26
   64
    0
    0
    0
   13
  206
   68
    0
    0
    0
   19
    1
    0
    0
    0
    0
    0
    6
    0
   31
   25
    7
   99
    0
   16
   61
   21
    6
   22
   19
    0
    0
    0
    0
  204
   20
   13
   26
    8
    3
    4
    0
    0
    5
   12
    0
    5
    0
    0
   86
    7
   57
   19
    0
    0
   22
   89
   34
   13
   41
    0
    0
    0
    0
   96
  158
    0
   18
   40
   28
    6
  184
   30
   13
   52
   27
  180
    0
    0
   79
    0
    0
   92
    0
    5
    0
   32
    0
    0
    0
    0
    0
    5
    5
    0
    0
    0
    0
   29
    0
   10
   12
    6
    9
   35
    8
    0
    0
    0
    0
    0
    0
    0
    0
    0
    0
    0
    0
    0
    0
    2
    0
    0
    2
   13
    0
    3
   24
   78
  137
    0
    0
    0
    0
    0
    0
   16
    1
   40
    0
    0
    0
    0
    0
    0
    0
    0
    0
    0
    0
    0
    0
    0
    0
    0
    0
    0
    0
    5
   25
    1
   66
    0
    0
    0
    0
    0
    0
   11
   25
    0
    1
    0
    0
    0
   51
    2
    5
    0
    0
    9
    0
    0
    0
    0
    0
    1
    0
    0
    0
    0
    0
    0
    0
    0
    0
   25
   31
   11
    5
    5
   12
   32
    0
    0
    0
    0
    0
    0
    0
    0
    0
    0
    0
    0
    0
    0
    0
   48
    7
   22
    0
    0
    0
   57
   65
   11
    0
    0
  122
   22
    0
    0
    0
    0
    0
    0
    9
    0
   10
   12
  185
   45
    0
    0
    0
    0
   57
    0
    0
    0
    0
    0
    0
    0
    0
    0
    0
    0
    0
    0
   62
   40
    0
    0
    0
   69
    0
   58
    0
   34
    0
    0
    0
   34
    6
    0
   39
   23
    0
   66
    0
    0
  218
   31
    0
   34
    0
    0
    0
    0
    0
    0
    0
    0
   12
    5
   17
    0
    0
    0
    0
    0
    0
    0
    0
    1
    0
    0
    0
    0
    0
    0
    0
    0
    0
   61
   28
   17
    0
   10
    0
    0
   22
    0
    0
   49
    0
    0
    0
    9
    0
    0
    0
   16
    2
    0
    6
    7
    0
    0
    0
    0
    0
   41
    0
    0
   11
    6
    0
    0
    0
    0
    0
    0
    0
    0
    0
    0
    0
    0
    0
    0
    6
   11
    0
    0
    0
    4
    0
    0
    0
    0
    0
    0
    0
    0
    5
  127
   64
    0
    0
    1
   18
   39
   26
    0
   25
    1
    0
    0
    9
    0
    0
    0
    1
   25
    0
    0
    0
    0
    0
    0
    0
    0
    0
    0
    0
    0
    0
    0
    0
    0
    0
    0
    5
    0
    0
    0
   61
   32
   35
    0
    6
    0
    9
    0
    0
    0
    0
    5
    7
    0
    0
    0
    0
    0
    0
   30
   45
   44
    0
   14
   22
   22
    0
    0
    0
   63
    0
    0
    0
    0
   45
    0
    0
    0
    9
    5
    0
    0
    8
    0
    0
    6
    0
    6
   80
   18
    8
    0
   11
   12
   11
    0
    0
    0
    0
   18
   31
   76
    1
   10
    9
   11
    0
    0
    0
    0
   80
    0
   23
   36
   29
   21
   67
    0
   12
   13
    0
   14
    2
    3
    4
   21
   62
    2
   16
    0
    0
    0
    0
    0
    0
    7
    0
    0
    0
    0
    0
    0
   36
    8
   25
    0
    0
    0
    0
    0
    6
    0
    0
    0
    0
    0
    0
    0
    0
   19
    0
   22
   30
   36
    8
   24
    0
   12
   17
   21
   69
    0
   20
    0
    0
    0
  193
   72
   19
    0
   28
    2
    0
  139
    0
   21
  201
   98
    8
   14
   15
    0
    0
    0
  155
    0
    0
    0
    0
    0
    0
    8
    0
    0
    8
    2
  117
    0
    0
    9
    0
    0
   41
   16
    0
   56
    9
    0
   10
   49
    0
  117
    0
    0
    0
    0
    1
    0
   47
   10
   81
    0
   32
    0
    9
    0
    0
    0
    0
    0
    0
   51
    0
    0
    0
   72
    0
    0
    0
   20
   71
    1
    9
    0
    0
    0
    0
    0
    0
    0
    0
    0
    0
   37
    0
    0
    0
    0
    0
    0
    0
    0
    0
    0
    0
    0
    0
    0
    0
    0
    0
    0
   35
    0
  184
   89
    9
    0
    0
    0
    0
    0
    0
    0
    0
    0
    0
    0
    0
    0
   93
  975
  276
    0
   19
    0
    0
    0
    0
   12
    0
    0
    0
    0
    0
    0
    0
    0
    0
    0
    0
    0
    0
    0
    0
    0
    0
    0
    0
    0
    0
    9
    0
    0
    0
    0
    0
    8
   39
    0
    0
   10
  163
  114
    0
    0
    0
   73
   15
    9
    0
    0
    0
    0
    0
    0
    0
    0
    0
    0
    6
   10
    0
    0
    0
    0
   64
    4
    0
    0
    0
    0
    2
   12
    0
    0
    0
    5
    0
    0
    0
    0
    0
    0
    0
    0
    0
    0
    0
    6
    0
    0
    0
    0
    0
    0
    0
    0
    0
    0
    2
    0
    0
    0
   73
    0
   21
    4
    6
    0
   18
    0
    0
   13
   78
   84
   81
   11
   19
    0
    5
    0
    0
    0
    0
   45
    0
   14
  116
   17
   21
    0
    0
    0
    0
    0
    6
    0
    8
    0
    0
   28
   56
    7
   68
   31
    0
    0
   28
    0
    0
    0
    0
    0
    0
   20
    0
   26
    0
   23
    0
   16
    0
   17
   78
    7
    8
    0
    0
    0
    6
    0
   17
    0
    0
    0
    0
    0
    0
   10
   13
    8
    0
    0
   74
    3
    7
   79
    1
   10
    0
   20
    0
    0
    0
    0
    0
    0
    0
    0
    0
    0
    0
   26
    0
   35
   41
    0
    0
    0
    0
    0
    0
    0
    0
    9
    3
    0
   25
    7
    0
    0
    0
    0
    0
    0
    0
    0
    0
    0
    0
    0
    0
    0
    0
    0
    0
    5
    0
    8
    0
    0
   90
  198
   21
   68
    0
    0
    0
    4
    0
   19
   25
    0
    0
    0
    0
   23
    0
    0
    0
    0
    0
    0
    0
    0
    0
    0
    0
    3
    0
  110
    0
    0
   14
    0
   88
  120
    5
    6
    0
    8
   15
   15
    0
    3
    0
  129
    0
    0
    0
    0
   11
    0
    0
   37
   55
    0
   35
  100
   60
    0
   20
    0
    0
    0
   32
   31
   56
   33
   15
    0
    0
    0
    0
    6
   13
    0
    0
    0
    0
    0
    0
   34
   65
   32
    0
   31
    0
    0
    2
    0
   10
    0
   21
   79
    0
    0
    0
    0
    0
    0
    0
    2
    0
   44
   18
   42
   46
   50
   65
   14
    5
    0
    0
    0
    0
    0
    0
   82
   25
    6
    0
    0
  187
    0
    0
  154
   46
    0
    0
    0
    0
   70
    2
    0
    0
    0
    0
    0
    0
    0
    0
    0
    0
    0
    0
    0
   16
    0
    0
    0
    0
    0
    0
    5
    0
    0
    5
    0
  225
    0
    3
   86
   12
   39
    0
    0
    0
   14
    0
    0
    0
   10
    0
   16
    6
    0
    0
    7
   28
   20
    0
    0
   60
    0
   24
    0
    0
    0
    6
   76
    4
   59
    2
    0
    0
    0
    4
    0
    0
    4
    0
    3
    4
    0
  157
   41
    0
   10
   58
    0
    0
    0
    0
    0
    0
    0
    0
    0
    0
    0
    0
    0
    0
    0
    0
    0
    0
    0
    0
    0
   19
    0
    0
    0
   19
  233
    0
    0
    0
    0
    0
    0
    0
    0
    0
    0
    0
    0
    0
    0
    0
    0
    7
   11
    3
    0
    0
   18
    0
    0
   14
   36
   12
   98
    0
   12
    0
    0
    0
    0
    2
    0
    7
    0
    8
   21
   17
   17
   28
    0
    5
    0
    3
    5
    0
   53
    6
    0
    7
    0
    0
    0
    0
    0
    0
   15
   11
    0
    6
   30
   10
    0
    0
   80
    0
   12
   44
   38
    0
    0
    3
   12
    0
    8
    6
    0
    0
    0
    0
    5
    0
    0
    0
    0
    0
    0
   38
    0
   31
    5
    0
    0
    0
    0
    6
    0
    0
    0
    0
    0
    0
    3
    6
    0
    0
    0
    0
   18
    0
    8
   28
  135
    0
   16
    0
    0
    0
    0
    0
   16
   67
   41
   12
   24
   18
   38
   45
    0
    0
    0
   25
    9
    0
    4
   13
    3
   14
   23
   33
    7
    9
    0
    0
    0
    0
    0
    0
   17
    3
    8
    0
   42
   48
  105
    0
   10
   28
    6
    0
    0
    0
    0
    0
    1
    0
    0
    0
    0
    0
    5
    0
    0
    0
    0
    0
    0
   51
  165
    0
    0
    0
    0
   14
    0
    0
    0
    0
    0
    0
    0
   52
    8
    0
   23
    0
   23
   26
   80
   16
   31
   24
    0
  137
    0
    0
   39
    7
    0
    0
    0
   74
   55
    4
    3
    0
    0
   28
    0
    0
    0
    0
   62
    0
   63
    6
    0
    0
    0
    0
    0
    0
    0
    0
   16
    0
    6
   10
   43
    0
    0
    0
   79
    0
   80
   44
    0
    0
    0
    0
    0
    0
    0
    0
    0
    0
    0
    6
    0
    4
  135
    0
   42
   80
   41
   28
   44
    0
    8
   15
    0
   66
    0
    0
    0
    0
    0
    0
    0
    0
    0
  103
   44
   15
    6
   19
   14
    0
    0
    0
    0
    0
    0
    9
    8
   31
    0
    0
    0
    0
    4
    0
    0
    0
    0
    0
    0
    0
    0
    0
    0
    0
    0
   15
    0
    0
    0
    0
    3
    0
    0
    2
   19
    0
    3
    0
   13
    0
    0
    0
    0
    0
    0
    0
    0
    0
    0
    0
    0
    0
    0
    0
    0
    0
   19
    9
   14
    0
    0
   32
    0
    0
    3
   12
    0
    0
    0
    1
   19
   11
   79
   47
   14
    0
    0
    0
    0
    0
    0
    0
   11
   25
    0
    0
    7
    0
   19
    0
    5
   30
   38
    0
   64
    8
    3
   31
   42
   61
    5
   22
    0
    0
    0
    0
    5
   10
   70
   39
   14
    0
    0
    0
    0
   50
    5
    0
    0
    0
    3
    0
   43
   31
    0
   81
   44
    0
   48
    0
   87
   32
    0
    0
    0
    9
    0
    3
    0
    0
    0
    0
    0
    0
   20
    0
    0
    0
    0
    0
   12
    0
   65
    0
    0
    0
    0
    0
    0
    0
    0
   46
   53
    0
    0
    0
    0
    0
    0
    0
    0
    0
    0
    0
    0
   26
   30
  144
    0
   10
   12
    0
    0
    0
    0
    0
    0
    0
    0
    0
    0
    8
   68
    0
   70
   59
    0
    0
    0
    0
    0
    3
  134
   35
    0
   62
   34
    0
    0
    0
    5
   20
   95
    0
   10
    0
    0
    0
   18
    0
   42
   13
    6
    0
   11
    9
   50
   44
    6
    0
    0
    0
    0
    0
    0
    0
    0
    0
    0
   70
   22
  141
   10
   25
    0
    9
    7
    0
    0
    0
   14
    0
    0
   21
    0
    0
   59
    0
    0
   18
   11
  136
  221
   56
    0
   23
  105
   55
  110
  156
   40
    0
    0
    0
   42
    0
    0
    0
    0
    0
    0
    0
    0
    0
    0
    0
    0
    0
    0
    0
    0
    0
    0
    0
    0
    0
    0
    0
   11
  130
   17
    0
   21
   65
    0
    0
    0
    0
    0
    0
    0
    0
    0
    0
    0
  187
   61
    0
   31
    0
    0
    0
    0
    0
    0
    0
    0
    0
    9
    0
    0
    0
    0
    0
   20
   23
   19
    0
    0
   23
    0
    0
    2
  155
   42
    0
    0
   13
    0
    0
   57
    0
   17
   25
    4
    7
    0
    6
   29
   13
    0
   31
    0
    0
    0
    0
    0
   20
    0
    0
  138
   37
   76
   16
    0
    0
    0
    0
    0
    0
    0
    0
    0
    0
    0
    0
    0
    0
    0
    0
    0
    0
   38
    0
    0
    0
    0
    0
    0
    0
    0
    0
    0
    0
   21
   41
   76
  352
    0
    0
    3
    0
    0
   27
   41
    0
    4
    3
    0
    0
    0
   47
    3
    0
    0
    0
    0
    0
    0
    0
    0
    6
    0
    4
    0
   48
    6
    0
    0
    0
    0
    0
    5
    0
    0
    0
    0
    0
    0
    0
    0
    0
   25
    0
    0
    0
    0
    0
    0
   12
    0
   40
    0
   20
   22
   42
   40
   12
   20
   14
    0
    0
   29
   24
  127
  237
  130
   55
  220
   67
    0
   70
   64
   10
   45
  158
   30
    0
    0
   50
    0
    0
   12
    0
    0
    0
    0
    0
    0
   16
   72
    0
   26
   12
    0
   91
    0
    0
    0
    0
    0
    0
    0
    0
    9
    0
  100
    0
    9
    0
    0
   29
    0
   82
    0
    0
   57
    0
   50
   31
    0
    0
    0
    0
    0
   88
   47
    9
   32
    0
    0
    0
    0
    0
    0
    0
    0
    0
    0
    0
    0
   19
   17
   30
   10
    0
    8
    0
    0
   71
   25
   20
    0
    4
    7
   12
    0
    0
    0
    0
    0
    8
   61
    0
    8
    0
   20
    8
    5
    0
    0
    0
    0
    0
    0
    0
   40
   22
    7
    0
    0
    0
    0
    0
    0
    0
    0
   14
    0
   16
  225
    4
   88
   20
    0
    0
    0
   50
    3
   30
    0
    0
    7
    0
    0
    0
    0
   25
    3
   85
    0
    0
    0
    0
  113
    0
   17
    8
    9
   90
   10
   50
   39
    3
    0
    0
    0
    0
    0
   80
   32
   19
   54
  157
    0
    0
   42
    0
    0
    0
    8
   18
   40
    0
    0
    0
    0
    0
    0
    0
    0
    5
    0
    0
    0
   56
   55
    0
    0
    0
    0
    0
    0
   35
    0
   35
  132
    0
    9
   28
    0
   30
    0
   45
   18
  109
    7
   10
  177
   15
  100
   23
    6
   30
    0
    7
    0
    0
  152
   82
    0
   59
   44
    8
    0
   25
    0
  111
   41
    0
    0
    0
    9
    0
    0
    0
   47
   10
    8
    0
    0
    0
    0
    0
    0
   30
    0
   48
    0
   14
    0
    7
    0
   28
   62
    0
    0
    0
   79
    0
    0
    0
  130
  210
   61
   24
    0
    0
    0
    0
    0
    0
    0
    0
    0
    0
    5
    0
    0
    0
    0
    0
    0
    0
    0
    0
    0
   65
    0
    0
    0
    0
   32
    0
    0
    0
    0
    0
    0
    0
    0
    0
    4
    0
    0
    0
    0
    0
    0
    0
    0
   10
    8
    0
   40
    0
    0
   26
   18
   32
  202
   21
    5
   31
    0
    0
  120
    0
    0
    0
    0
    0
    0
    0
    0
    0
    0
    0
    0
    0
    0
   24
    0
    0
    0
    0
    0
   50
   92
   75
   18
   75
   10
    0
    0
    0
    0
    6
    1
    0
   59
    0
    0
   89
    8
    6
   40
    0
    0
    0
    8
    0
    0
   53
    0
    0
    0
    0
    6
   12
    0
    0
    0
    0
   31
   20
  110
   13
    9
    0
   47
    0
    0
   10
   30
   16
    6
    0
    0
    0
    0
    2
    5
    0
    5
   53
    0
    0
    0
    0
   35
   55
   45
    0
    6
    0
   49
   20
  113
    0
    9
   50
   30
    6
    0
    0
   20
    0
   39
   14
    5
    0
   79
   28
    0
   17
    0
   69
    0
    6
    6
    0
   55
   34
   69
    8
   22
  110
   17
   40
   21
    0
    0
   62
   18
    0
    0
    0
    0
    0
    0
    0
    5
    0
    0
    0
   17
    0
    0
    0
    3
    0
    0
    5
    0
    0
    0
    0
    0
    0
    0
    0
    0
    0
    7
   22
    8
   13
    0
    0
    0
    0
    0
    0
    0
    0
    0
    0
    0
    0
   17
    0
    4
    0
    0
    0
    0
    0
    0
    0
    0
    1
   63
    0
   20
    0
    0
    0
   30
   11
  201
    0
    0
  116
    0
   22
    0
    0
    0
    0
    0
    0
    0
    0
    0
    0
  140
   19
    5
    0
  128
   15
    0
    0
   16
   32
    0
   46
    0
    0
    0
   37
    0
    0
    0
   13
    0
   52
    0
   34
   13
   19
   41
    0
    0
    3
    0
    0
  110
    0
   30
    0
    0
   70
    0
    0
    0
    0
   59
    0
    0
    0
    0
    0
    0
    0
   12
    0
    0
    0
    0
    0
    0
    0
    0
   11
    0
   24
    0
    2
   85
   30
    0
    0
   60
   22
    0
    0
   34
    0
   17
  120
    0
    0
    0
    0
    0
    0
   14
   60
    4
    0
    8
    0
    0
    5
    0
    0
    0
   85
  112
   14
    0
    0
    8
    0
    0
    0
    0
    0
    0
    0
    8
    0
    0
    0
    0
    9
   36
    0
    0
    5
    0
    0
    4
    0
   27
    0
    0
    0
   14
    0
    0
    3
    0
    4
    0
   11
    0
   26
    0
    0
    0
    0
    0
    0
    0
    0
    0
   19
   72
   74
   17
    0
   14
   26
   49
    5
    0
    0
   23
   45
    7
    0
    0
   30
   12
  135
   45
   12
   58
   60
    0
   30
    3
   70
    0
   42
  125
    0
   15
    0
    0
    0
   23
   96
  155
    0
   15
    0
   38
    0
    0
    0
    0
    0
    0
    0
    0
   60
    0
    0
   10
   29
   10
   31
   21
    0
   33
    0
    0
    0
    0
    0
    0
    0
    0
    0
    0
    0
    0
    0
    0
    0
    0
    0
    0
    0
    0
    0
    5
    0
    0
    0
   20
    0
    0
    0
    0
    0
    0
   39
   10
   10
    8
   10
    7
   43
   41
   30
    0
    0
    0
    0
    7
    0
   11
   10
    0
   30
    0
    0
    0
    0
    0
   14
    0
    0
   55
    0
    0
    0
    0
   50
   44
    0
    0
    0
    0
   21
    0
   79
    0
    0
    0
    0
    0
    0
    0
    0
    0
    0
    0
   51
    0
    0
   13
    0
    0
    0
   40
    0
    0
    6
   54
    0
   11
   17
    0
  123
  195
    0
    0
    0
    0
   30
   52
    0
    0
    0
    0
    0
    0
    0
    0
    0
    0
    0
   38
  180
   20
    0
    0
    0
    0
    0
    0
    0
    0
    0
    0
    0
    0
    0
    0
    0
    0
    0
   12
    0
    0
   32
   17
   50
    0
    0
   25
    0
   38
    0
   48
    0
    0
    0
    0
    0
    0
    0
    0
    0
    0
    0
    0
    0
    0
    0
   43
    0
   10
   20
  475
   30
    0
    0
    0
    0
    0
  127
    0
    0
    0
    0
    0
    0
    0
    0
    0
    0
    0
    0
    0
    0
   33
   17
   20
  420
    0
    0
    0
   54
    9
    0
   10
   34
    0
    0
    0
    6
    0
    0
    0
    0
    0
    0
    0
    0
    0
    0
    0
    0
    0
    0
   12
    0
    0
   11
    0
  130
  158
    0
    0
    0
    0
    0
    0
    0
    0
    0
    0
    0
    0
    0
    0
    0
    0
   75
   40
    0
    0
    0
    5
    0
    0
    0
    0
    0
    0
   18
    0
    0
    5
    6
    0
    6
    0
    0
    0
  100
   71
   27
   29
   13
    0
   10
    0
    9
   10
    0
    0
    0
    0
    0
    0
    0
    0
    0
    0
    0
    0
    0
   21
  115
    0
  157
   12
   37
    0
    0
  164
   40
   24
    0
    0
    0
    0
    0
    0
    0
    0
    0
    0
    0
    0
  105
   40
    6
    0
   44
   82
    8
    0
    0
    0
    0
    0
    0
    0
    4
   15
    0
    0
   10
    0
    0
   35
   42
    6
   47
   45
    8
    0
    0
   94
    0
  137
    0
    5
    0
    0
    0
    0
    0
    0
    0
    0
    0
    0
    6
   32
    0
    0
    1
   27
    0
   18
    0
    0
    0
    0
    0
    0
    0
    0
    0
    0
    3
   14
    9
   21
   10
    0
    0
    0
    0
    0
    0
    5
    0
    0
    0
    0
    0
    0
    0
   20
    0
    0
   65
   22
  110
    0
    0
   17
    0
    0
    0
    0
    0
    0
    0
   37
   20
   89
   17
    0
    0
    0
    0
   29
    0
    0
   28
   33
    0
    0
    0
    0
    0
    0
    0
    0
    0
    0
    0
   15
    0
    0
    0
    6
    0
    9
    0
    0
    0
    0
    0
   65
    0
    0
    0
    0
    0
    0
   26
   53
    0
    0
   50
    0
    0
   45
    0
    0
    0
    9
    0
   57
   20
   13
    0
   27
    0
    0
    0
    0
    0
    0
    0
    0
    0
    0
    0
    0
   26
    7
    0
    0
    0
    0
    6
    0
    0
    0
    0
    0
    0
    0
    0
    0
    0
    0
    0
    0
    0
    0
    0
   86
   20
    2
    0
    0
   75
  147
  100
  437
    0
    0
    0
    0
    0
    0
    0
    0
    0
   42
    0
   28
   60
    0
    0
    0
   35
    0
   60
   33
    0
    0
   33
    0
   25
    0
    0
    0
   32
   20
    0
    0
    0
    0
    0
   20
    0
    0
    0
    0
    0
    0
    0
    0
    0
    0
    0
    0
    0
    0
    0
    0
    0
    0
    0
   42
    0
    0
    0
    8
   20
    0
   12
    0
    0
    0
   66
    0
   32
    0
   57
   30
    5
    0
    0
    0
    0
    0
    0
    0
   11
  200
   43
   45
   19
   39
   13
   20
    0
    8
   45
   58
    0
    0
    0
    0
    0
    0
   21
    0
   12
    0
   32
    0
    0
   15
    0
    0
    0
    0
   23
   43
   18
    0
    0
   47
    0
    0
    0
    0
    0
    0
    0
    0
    0
    0
    0
    0
    0
   10
    0
    0
    0
    0
    0
    0
    0
    0
    0
   26
   18
   41
    0
    0
    0
   21
   17
    0
   15
    0
    0
    0
    0
   11
   43
    0
   20
    0
    5
  372
    8
   30
   27
    0
   25
   58
    0
   11
    0
    0
    0
   60
    0
    0
    0
    0
   52
    0
    0
    0
    0
    0
   36
   92
   43
    0
    0
    0
    0
    0
    0
    9
   10
    8
    5
    0
    0
    0
   10
    0
    0
   52
    0
   12
    0
   98
   13
    0
    0
    0
    0
    0
    5
    0
    0
    7
    0
    0
    0
    0
    0
    0
    0
   10
    0
    0
    0
    0
    0
    0
    0
    0
    0
    0
    0
    0
    0
    0
    0
    0
    0
    4
   10
   13
   50
    0
    5
   40
   16
   70
    0
    0
    0
    0
    0
    0
   13
    0
    0
    0
    0
    0
    0
    0
   21
    0
    0
    5
    0
    0
    0
    0
    0
    0
    0
    0
    0
   91
    0
    0
    0
  167
   48
   59
    0
    0
   16
    0
    0
    0
    0
    0
    0
    0
   60
   12
    0
    0
    0
    0
    0
   12
    0
    0
    0
    0
    0
    0
    8
   15
    0
    0
   82
    0
    0
    0
    0
    0
    5
    0
    0
    0
   22
    0
    8
    0
    4
    0
    0
    3
    0
    4
   38
   13
    0
    0
    0
   26
   69
    0
    8
    0
    0
    0
    0
    0
   40
    0
   24
    0
    0
    0
    0
    0
    0
    0
    0
    6
    0
    0
    0
    0
    0
    5
    6
    0
    5
    5
    0
    0
    7
  228
   24
   30
    0
    0
   24
    0
   10
    4
   15
   65
  165
    0
    3
    0
    0
    0
    0
    0
    0
    0
    0
    0
    0
    0
    0
    5
   26
    0
    0
    5
    4
    0
    0
    0
    0
    0
   60
    9
   32
    0
    0
    0
    0
    0
   12
  140
    0
    0
    0
    0
   11
   13
    0
   10
    8
    0
    0
    0
    0
   26
   30
   13
    0
   38
    0
    0
    0
    0
    0
    0
    0
    0
    8
    0
    0
    0
    0
    0
    0
    0
    0
    3
    0
    0
    0
    0
    0
    0
    0
    0
   85
    0
    0
    0
    0
    0
   27
    0
    0
    0
    0
    0
    0
    0
   21
   13
    6
    0
    0
    0
    0
    0
    0
    0
    0
    0
    9
    0
    0
    0
    0
   43
    0
    0
    0
    0
   12
    0
    3
    0
    0
    0
    0
    0
    0
    0
    0
    7
   46
    8
    0
   64
   68
    3
    5
    0
   78
    0
   12
    0
    0
    0
    0
    0
    0
    0
    0
   10
   19
    0
    0
    0
    0
    0
    0
    0
    0
    0
    0
   17
    0
    6
    0
   11
    0
    0
    0
    0
    0
    0
    0
    0
   43
    9
  184
    0
   59
   81
    7
    8
    0
  104
    0
    0
    4
    0
    0
    0
    0
    0
    8
  121
   14
    0
    0
   11
    0
    0
   12
    5
   41
    0
    0
    0
   71
   80
    0
    0
    0
    0
    0
    0
   12
    0
    0
    6
    0
    0
    0
    0
    8
    0
  106
   28
    0
    0
    0
   16
    2
    9
   31
   10
   19
    0
    0
    0
   10
    0
   29
   58
    0
    0
    0
    0
    0
    0
    0
    0
    8
    0
    0
    0
   69
    0
    0
    0
   29
   13
   35
  155
   17
    0
    0
    0
    0
   11
   20
   52
   34
    0
  144
   92
    0
   14
   51
    0
    0
    0
   69
   11
   20
    0
    0
    0
    0
    0
    0
    0
    0
    0
    8
   13
    0
   41
   19
   15
    0
    0
    0
    0
   11
    0
    0
   30
   26
    8
   11
    0
    0
   51
    0
    0
    0
    0
   13
   10
   52
   21
   56
    0
    0
    0
    0
    0
    0
    0
    0
    0
    0
    0
    0
    0
    0
    0
    0
    0
    0
    0
    0
    0
    0
  292
    0
    0
    0
    0
  112
    0
    0
   58
    0
    0
    0
    0
    0
    0
   35
    0
    0
    0
    0
    0
    0
    0
    0
    0
    0
    0
    0
    0
    0
   45
   49
  232
   78
    0
    0
    0
   76
   14
    0
   60
   33
    0
    0
  130
    0
    0
    0
  192
   47
    0
    0
   75
    0
   16
    0
    0
    0
    0
    0
    0
    9
    0
    0
    0
    0
    0
    0
    0
    0
    6
   27
   25
    0
    0
   15
    0
    0
   96
    0
    0
   18
   60
    0
   31
    0
    0
   30
    0
  235
   23
    9
    0
   24
   57
    0
   28
    0
    0
    0
    0
    0
    0
   50
    0
    0
    0
    0
    0
    0
    0
    0
   24
   27
    0
    0
    0
    0
    0
    0
    0
    0
    0
   31
   42
    0
    9
    0
    0
    0
    5
    0
    0
    0
   10
    0
    0
    0
    0
    0
    0
  151
   40
   40
  112
   70
   21
   33
   39
    0
    0
    0
   12
    0
    0
    0
    0
    0
    0
    0
    8
   41
    0
    9
    5
   30
    0
    5
    8
   35
    0
   71
   23
   25
   21
   31
   25
   13
   10
    0
    0
    0
   26
    0
   69
    0
    0
    9
    0
    0
    6
  152
   10
   66
    0
    0
    0
    0
    0
   14
   70
   28
    0
    0
    0
    0
    0
    0
    0
    0
    0
    0
    0
    0
    0
    0
   46
  116
   25
    1
    0
    0
   71
  125
    0
    0
    0
    0
    0
    0
    0
   19
    0
  109
    0
   20
   33
   21
    8
    0
    0
    0
    0
    0
    0
    0
    0
   17
   51
    0
    0
    0
    0
    0
    0
    0
    0
    0
   70
    6
    0
   20
   44
   17
    6
   10
    9
    8
    0
    0
    0
    0
    0
    4
    0
   25
   21
    0
    0
    0
    0
    0
    0
    0
    5
    0
    7
   23
   11
    0
    0
    0
   32
    0
    0
    9
    0
   10
    0
    0
    0
    0
    0
    0
    0
    0
    6
   34
    7
    0
    0
    0
    0
    0
    0
    0
    0
    0
    0
  113
   34
    0
    0
    0
    0
    0
    0
    0
    0
    0
    0
    0
    0
   84
    0
    0
   14
    0
    7
    0
    0
    0
    0
    0
    3
    0
    0
    0
    0
    0
    0
    0
  505
   16
    4
    0
    0
  163
   50
   35
    0
  210
    0
    0
  133
   81
    0
    0
   16
    0
    0
    0
   70
  130
  100
    0
   11
    0
   35
    0
   28
   25
    0
    0
    0
   10
    4
    0
    5
   70
    0
    0
    0
    0
    0
    0
    0
  280
    0
    0
    0
    0
   52
    0
   10
   13
   37
   88
   74
    0
   31
  120
    0
   54
    0
   45
    0
   31
    0
  163
   95
    2
    0
   92
    0
    0
    0
    0
   10
    0
    0
    0
   44
   52
    0
    0
    0
    0
    4
    0
    0
    0
    0
    0
    0
   68
    0
    0
    0
    0
    0
    9
    0
   21
   55
    0
   32
  130
   14
   18
    0
    0
   41
    0
    0
  260
   59
  100
    0
    5
   14
    0
    0
    0
    0
   15
    0
    0
    0
    0
    0
    0
    0
    0
    0
    0
   11
    0
    0
    0
    0
    0
   10
    0
   28
    0
    0
    0
   14
    8
    0
    0
    0
    0
    9
    0
   10
   63
    0
    0
    0
    0
    0
    0
    0
    0
    0
    0
    0
    0
    0
   33
   48
   12
    0
    0
   10
    0
    0
  135
   25
    0
    0
    0
   15
   13
    5
   78
    0
    0
    0
    0
    0
   16
    0
    0
    0
   39
    0
    0
    0
    0
   23
   56
   20
   54
    2
   54
   64
    9
   12
    0
    0
    0
   51
   62
  124
   15
   17
    5
  190
   74
    0
    0
   35
    3
   33
    0
   73
  115
    0
   11
    0
    0
    0
    0
    0
    9
   48
   10
    0
    0
    0
    0
    0
    0
    0
    0
    0
   40
    0
   52
   69
   59
    5
   10
   18
    0
    5
    0
    0
    0
    0
    0
    5
   24
    5
   17
   10
    8
    0
    0
    0
    0
    0
    0
    0
    0
    4
   67
    5
   50
    0
    0
    0
   16
    0
   27
   75
    0
   17
    0
   38
    0
    0
    0
    0
   71
   50
   51
  218
   18
   14
   32
   45
   12
    0
   47
   34
    0
   95
   13
    0
    0
    0
    0
    0
    8
    0
    4
   53
    0
    0
    0
    0
    0
   59
  175
  417
   45
    0
    0
    0
   24
    0
    0
    0
    0
    0
    0
    0
    0
    0
    0
    0
    0
   27
    0
    0
    0
   38
   50
    0
    0
    0
    0
    0
    0
    0
    0
    0
   25
   11
    0
   59
  339
   20
    8
    0
  112
   96
   36
   60
    6
    0
    0
    0
    0
    0
   75
    0
    6
   73
    0
    0
    0
    0
    0
    0
    0
    0
    0
    0
   23
    0
    0
    0
    0
    0
    0
    0
    0
    0
    0
    0
    0
  100
    0
    0
    0
    0
  183
    0
    0
  264
    0
    0
    0
    0
    0
    0
    0
    9
    0
    0
    0
    0
    0
    0
    0
    0
    0
    0
    0
    0
    0
    0
    0
    0
  210
    0
    0
    0
    0
    0
   18
    0
    0
   88
  488
   65
  156
    0
    0
    0
  110
  184
   29
    0
    0
    0
   70
   29
   67
    0
    0
   84
    0
    0
   38
    0
   17
    0
    0
   38
  174
   21
  176
    0
  102
    0
    9
    0
   44
    0
    0
    0
   49
    0
    0
    0
    0
    0
    0
    0
    0
    0
    0
    0
    0
    0
    0
   75
    0
   22
    0
    0
    0
    0
    0
    0
    0
    0
    0
    0
    0
    0
    0
    0
    0
    0
   10
   11
    0
    0
    0
    0
    0
   87
   36
   26
    0
    0
    0
    0
    0
    0
    6
    0
    0
    0
    0
    0
    5
  118
    0
    0
   98
    0
   28
    0
    0
    0
    0
    0
   37
   30
    0
    0
    0
    0
    0
    0
    4
    0
    0
    0
    0
   29
    0
   78
    0
   92
   39
    0
    0
   14
    0
    0
    0
    0
   23
    0
    0
    0
    0
   10
    7
   36
   14
    0
   20
   14
   13
    0
    0
    0
    0
    5
    0
   77
    0
    5
   10
    0
    6
    5
    0
    0
   60
   18
   35
   34
   16
    0
    0
   12
   29
   71
    0
   63
   11
    0
   18
   20
    0
   24
    0
    0
    0
  124
    0
   19
    0
    0
   35
    0
   35
    0
    0
    9
   51
    0
    7
    0
    0
    5
   27
    0
   24
    0
    0
    0
    0
    0
    0
    0
    0
    0
    4
    0
    0
    0
    0
    0
   18
   11
   10
    0
    0
    4
    0
    0
    0
    0
   22
   20
   29
   66
   35
    0
   76
   65
    0
    0
    4
    0
    6
   31
    0
   24
  110
   45
   13
    0
    0
   11
    0
  156
   67
  111
    0
    0
    0
    0
    0
   34
   44
    0
    0
    0
    0
    0
    0
    0
    0
    0
    0
    0
    0
   48
    0
    0
   46
   78
    0
    0
   14
   20
  100
    0
    0
    0
    0
    0
    0
    0
    0
    0
    0
   18
   49
   23
  220
   87
    0
    0
    0
    0
   26
    0
    5
    0
   36
   40
   58
    0
    8
    0
   37
    0
    0
    0
   27
    9
    7
   29
    0
    0
    0
    0
    0
    0
    0
  178
    0
    0
    0
    0
    0
    0
    0
    0
    0
   52
    0
   60
    0
   45
    8
    0
    0
    0
    0
   71
    0
    0
    0
    0
    0
    0
    0
    0
    0
    0
    0
    0
    0
    0
    0
    0
    0
    0
    0
    0
    0
  174
    0
    0
    0
    0
    0
    0
    0
    0
    0
    0
   40
   55
    0
    0
   12
    0
    0
  292
   95
    0
   26
    9
    0
    0
   12
   42
    0
    0
    0
    0
  154
    0
    0
    0
    0
    0
  156
   23
    0
    0
    0
    0
    0
  152
   96
    0
   36
   34
   11
    0
    0
    0
    0
    0
    0
    0
    0
    0
    0
    0
    0
    0
    0
    0
    0
   10
    0
    0
    0
    0
    0
    0
    0
    0
    8
    0
    0
    0
   11
   42
   87
   68
   10
    0
  130
   12
   16
    9
    0
    0
    0
    0
    0
   45
   12
    0
    0
   66
    0
    0
    0
    0
    0
    0
    0
    0
    7
    0
    0
    0
    0
    0
    0
    3
    0
    0
    0
    0
    0
   30
    0
    0
    0
    0
    0
    0
   23
    5
   52
    0
   85
   98
    8
    0
    0
    0
    0
    0
    0
    0
    0
    3
    4
    0
    0
    0
    0
    0
    0
    0
    0
    0
    0
    0
    0
    0
    0
    0
    0
    0
    0
    0
    0
    0
    0
   28
    0
    0
    0
    0
    0
    0
    5
    4
    5
    0
    0
    0
    0
    0
    0
    0
   26
   21
    0
   78
   16
   20
   22
    0
    8
    7
    0
    0
    0
    0
    0
    0
    0
    0
    0
    0
    0
    0
    0
   44
    0
    0
    0
    0
    0
    0
    0
    0
    0
    0
    0
    0
    0
    0
    0
    0
   47
    0
    0
    0
    0
    0
   11
   34
    0
    0
    0
   25
    0
    0
    0
    0
    0
    0
    0
   90
    0
    0
    0
    0
    0
    0
    0
    0
    0
    0
    0
    0
  105
    0
    0
    0
    3
    0
    0
    0
   58
    0
    0
    0
   15
   73
   44
   40
    0
    0
    0
    0
    0
   49
   14
   30
  108
   90
    0
    0
    9
    0
   12
   20
    0
   25
    0
    0
    0
    0
    0
   41
    0
    0
    0
    0
    0
    0
    0
    0
   33
   13
    0
    0
    0
    0
    0
    0
    0
    0
    0
    0
    0
    0
    0
    0
    0
    0
   44
   41
   15
    0
    0
    0
  156
   80
   64
  255
    0
    0
   84
    0
    0
    0
    0
    0
    0
   17
    0
    0
    0
    0
   24
   68
   15
    0
    0
    4
  177
   39
    0
    0
    0
    0
    0
    0
    0
    8
   50
    0
    0
   38
   14
   60
   10
   11
   40
    0
    0
    0
    0
    0
    0
    0
  155
    0
    0
    0
   63
    0
    0
    0
    0
    0
    0
    0
   23
   21
    0
    0
    0
    0
    0
   23
   87
   20
    0
    0
    8
    0
    0
    0
   35
    0
    0
    0
   29
    0
   31
   45
   21
    0
   61
    5
    0
   10
   22
    0
    0
    0
    0
    0
    0
    0
    0
    0
    0
   70
   19
    0
    0
   21
  100
    0
    0
    0
    0
    0
   35
    0
    0
   20
   54
    0
   13
    0
    0
    0
    0
  108
    0
    0
    0
    0
    6
   68
    0
   10
    5
    0
   66
   21
   15
    0
    0
    0
    8
    7
   71
   40
    0
   67
   31
   19
   16
    0
    0
    0
    0
    0
    0
    0
    0
    0
    0
   34
    0
   18
    0
    0
   53
  112
    0
    0
    0
    0
    0
    2
    0
    0
    0
   12
    0
    0
   -9
   -9
   -9
   -9
   -9
   -9
   -9
   -9
   -9
   -9
   -9
   -9
   -9
   -9
   -9
   -9
   -9
   -9
   -9
   -9
   -9
   -9
   -9
   -9
   -9
   -9
   -9
   -9
   -9
   -9
   -9
   -9
   -9
   -9
   -9
   -9
   -9
   -9
   -9
   -9
   -9
   -9
   -9
   -9
   -9
   -9
   -9
   -9
   -9
   -9
   -9
   -9
   -9
   -9
   -9
   -9
   -9
   -9
   -9
   -9
   -9
   -9
   -9
   -9
   -9
   -9
   -9
   -9
   -9
   -9
   -9
   -9
   -9
   -9
   -9
   -9
   -9
   -9
   -9
   -9
   -9
   -9
   -9
   -9
   -9
   -9
   -9
   -9
   -9
   -9
   -9
   -9
   -9
   -9
   -9
   -9
   -9
   -9
   -9
   -9
   -9
   -9
   -9
   -9
   -9
   -9
   -9
   -9
   -9
   -9
   -9
   -9
   -9
   -9
   -9
   -9
   -9
   -9
   -9
   -9
   -9
   -9
   -9
   -9
   -9
   -9
   -9
   -9
   -9
   -9
   -9
   -9
   -9
   -9
   -9
   -9
   -9
   -9
   -9
   -9
   -9
   -9
   -9
   -9
   -9
   -9
   -9
   -9
   -9
   -9
   -9
   -9
   -9
   -9
   -9
   -9
   -9
   -9
   -9
   -9
   -9
   -9
   -9
   -9
   -9
   -9
   -9
   -9
   -9
   -9
   -9
   -9
   -9
   -9
   -9
   -9
   -9
   -9
   -9
   -9
   -9
    0
    0
    0
   58
    0
    0
    0
    0
    0
    0
    0
    0
    0
    0
   19
   30
   59
  105
   39
  216
   64
    0
   84
    0
   32
   17
    0
    0
   15
   14
   22
   37
    0
    0
    0
    0
    0
    0
    0
  138
    0
    0
    0
    0
    0
   28
    0
    0
    0
    0
    0
    0
    7
    0
    0
  355
   79
    0
  105
   52
    0
    0
    0
    0
    0
    0
   51
    0
    0
    5
    0
    0
    0
   58
   29
    0
    0
    0
    0
    0
    0
    0
    0
    0
    0
    0
    0
    0
    0
    0
   20
    6
   23
   10
    0
    0
    0
    0
    0
   45
   38
   68
   62
    0
   43
   20
   35
    0
    0
    0
    0
    1
    0
    0
    5
   17
   21
    2
    0
    0
    0
    0
    0
    0
    0
    0
    0
    0
   28
    0
    0
    0
    0
    0
    0
    0
    0
  108
    0
    0
    0
    0
    0
    8
    0
    0
    0
    0
    0
    0
   12
    0
    0
   52
   50
  102
    0
    0
   78
    8
    0
    0
   65
   58
   24
   45
    0
    0
    0
    0
    0
   37
   40
    0
    0
    0
   85
   23
    0
    8
   18
   20
    0
    0
    0
    0
   20
    0
   22
   20
   32
   25
    0
    0
    0
    0
    0
    0
    0
   74
    0
    0
   83
   30
    0
    0
   15
    0
    0
    0
    0
   12
    0
   10
    0
    0
   25
    0
    0
    0
    0
    0
    0
    0
    0
    0
    0
    0
    0
    0
   41
    0
    0
    0
    0
    0
   19
    0
   15
    3
    0
    0
   52
    0
   15
  125
   33
   15
  113
   15
  100
    0
    0
    0
    0
    0
    0
   55
   36
   15
    0
   15
    0
    0
    8
    0
    0
    0
    0
    0
    0
    0
    0
    0
   32
   65
   52
    0
    0
    6
   21
   69
   43
    0
   54
    0
    0
    0
    0
    0
    0
    0
    0
    0
   71
    0
    0
    0
   10
    4
    0
    0
   10
    0
    0
    8
    0
    0
    6
   16
    0
    0
    0
    0
    0
    0
    0
    0
    0
    0
    0
    0
    0
   21
   28
    0
    0
    0
   31
    0
    0
    0
   25
   35
    0
   32
   65
    0
    0
    0
    0
   63
    0
    0
   27
   15
  167
    0
    0
    0
   81
   26
    0
    0
    0
   18
    6
   64
   18
   37
    0
    0
    0
    0
   74
    0
    0
    8
   36
    0
    0
    6
   86
   48
    4
   35
   35
   40
    0
    0
    0
    5
    0
    0
    0
   20
    0
   34
    3
    0
    0
   61
   10
   58
   15
    0
    3
    4
    0
   34
    0
    0
    0
    0
    0
    0
    0
    0
    0
    0
    0
    0
    0
    0
    0
    0
   72
   36
   70
   10
    3
  220
   30
   10
    6
    3
   22
    0
    0
   55
    0
  143
   44
    0
    0
   29
    0
   34
  129
    0
  212
   88
  158
   80
   13
    0
    0
    0
    0
    0
    0
    0
    0
    0
    0
    0
    0
   70
   13
    5
    0
    0
    0
   98
   19
    0
   35
   40
   35
   18
   35
    0
    0
   30
    3
    0
    0
    0
    0
   93
   45
   13
   21
   34
  225
   45
   15
  145
  108
   38
    0
    8
    6
   35
    0
   38
   63
   13
    3
    0
    9
   56
    0
    8
    0
    0
    0
    0
    0
    0
    5
    0
    0
    0
    0
    0
    0
    0
    0
    0
    0
   12
   40
   10
   20
    0
    0
    0
    0
   20
   10
   35
   41
    0
    0
   35
    0
    0
    0
   10
    0
    0
    3
    0
    0
    0
    0
    0
    0
    0
    0
   31
   22
    0
    0
    3
   40
    0
    0
   10
    0
   12
    6
   10
    0
    0
    0
    0
    0
   14
    8
    0
    0
   18
   39
   32
    0
    0
    0
   13
    5
    5
   52
    8
   61
   10
   48
   42
    0
    0
    0
    0
    0
    0
    4
   40
   10
    0
   83
    0
   63
   52
   20
   15
   20
    5
    0
    5
   20
   98
    7
    0
   25
    0
    0
    0
    3
   22
    0
    0
    0
    0
    0
    0
    0
    0
    0
    0
    7
    5
   25
    0
    0
    0
  135
    0
    0
    0
    0
    0
    0
    0
   48
    0
   65
    3
    0
    0
    0
   12
    0
   50
   12
    0
   34
   25
    0
    0
    0
   25
    0
    0
    0
   12
    0
    8
    0
    0
    0
    0
    0
    0
    0
    0
    0
    2
   52
    0
   62
   68
   51
   12
   41
    0
    5
    0
    0
    0
   33
   35
   12
    0
    0
    0
    0
    0
   78
    0
    2
   10
    5
   71
    3
    8
   15
    0
    0
   61
    0
   40
   55
    0
    0
    0
    0
    0
  198
   80
    0
   72
   22
    3
    0
    5
    0
    0
    0
    0
    0
    3
    0
    0
    0
   36
  112
   71
   13
    0
    0
    0
    0
    0
   69
  178
   10
    0
    0
    0
    0
    5
    0
   20
    0
    0
    0
    0
    0
    0
    0
    0
    0
    0
    0
    0
    0
    0
    0
    0
   30
   42
   48
    0
    0
    0
  100
    0
    4
   12
   51
    0
    0
    0
    0
    0
    0
    0
   26
    3
    0
    0
    2
   38
    0
    0
    0
    0
    0
   22
    0
    0
    0
    0
    0
    0
    0
    0
    0
    0
    0
    0
    0
   43
    0
    0
    0
    0
    0
   10
    0
    0
   41
   10
   28
    0
    6
    0
    8
    6
   18
   17
   60
    0
   22
    0
    0
    0
    0
    0
    0
    0
    0
    0
    0
    0
    6
    5
    4
   11
    0
    0
    0
    5
    5
   17
   74
    0
    0
    0
    0
   50
  100
  174
   38
    0
    0
    5
   15
    0
    0
   10
   48
   20
    9
    6
    0
    0
    0
    3
    0
    0
    0
    0
    0
   12
    0
   10
    0
    8
   35
   32
    0
    0
    0
    4
   15
    8
   10
    0
    8
    0
    0
    5
    0
    0
    0
   15
   10
    8
  152
   40
    3
   17
    0
    0
   20
    0
    0
   68
    0
    5
    0
    3
    0
    0
    0
    0
    0
    0
    0
   29
   36
   37
    6
   58
   12
   32
    0
    0
    0
    0
    0
    5
  142
   20
   18
   10
   31
    0
   21
    0
    0
    0
   42
    0
   19
    0
   25
   42
    8
    5
    7
    0
   29
   12
    5
    0
   38
    0
  138
   52
    0
    0
   12
    0
    6
   26
    3
    0
    0
    0
    9
   90
   27
   45
   56
   10
   13
  115
   32
  138
   15
    0
    0
    0
    0
    0
    0
   36
    5
   10
    8
   77
    0
   18
    5
    0
    0
    0
    6
    0
    0
    0
    5
    6
    0
    0
   23
    0
    3
   45
    0
    0
    5
    0
    0
    0
    0
    0
    3
    0
    0
    0
    0
    0
    0
  315
    0
    0
    0
    0
    0
    0
   30
    5
   29
    0
    0
    0
    0
    0
    0
   11
    2
   14
   48
   25
    2
    0
    0
   12
    0
    5
    0
   16
    0
    0
    0
    0
   72
    0
    0
    0
   18
    0
    0
    0
  122
    0
    0
    0
   10
    0
    0
    0
    0
    0
    0
    0
    0
    8
    3
    0
    0
    0
    0
    0
    0
    0
    0
   10
  113
    0
   38
    0
    0
    5
    0
    0
    6
   14
    0
    0
    0
    0
   10
    0
   30
   70
    0
   12
    0
    0
    6
    8
   15
    0
    0
    0
   45
    0
    0
    0
   30
    7
    0
    0
   25
    0
    0
    0
    0
    8
    0
   45
    0
   75
  155
   20
    0
    0
    0
    0
    0
   10
   42
    0
    0
    0
   36
    4
  103
    0
    0
   20
    0
    0
    0
    0
    0
   32
   95
    0
   75
   70
    0
    0
    0
    0
    0
    0
    0
    0
    0
    0
    5
    0
    0
    0
  100
    0
    0
    0
   20
   15
   73
    0
   20
   15
   12
    0
    0
    0
    0
    0
    0
    0
    0
    0
    0
    0
    0
    0
    0
    0
   25
   10
    0
    0
    0
    0
    0
   28
    0
    0
    3
    0
    0
    0
    0
    0
    0
    0
   86
    0
    0
   25
    0
   16
    0
   26
    0
    0
    0
    0
    0
    0
   20
    0
    0
    0
    0
    0
    0
    0
    0
    0
   10
    0
   12
   30
   48
    0
   41
   34
    5
    0
    0
    0
    0
    0
    0
    0
   26
   28
   30
    0
    0
    0
    0
    0
   30
    0
    3
    0
   50
    0
    0
    0
    0
    0
    0
    0
    0
    0
    0
    0
    0
    0
    0
    0
    0
   45
   20
   52
   10
    0
   20
    0
    5
    0
    0
   20
    0
   35
   58
    3
    0
    0
    0
    0
    0
    0
    0
    0
    0
    0
   11
    0
    0
    0
    0
    5
   88
   15
    0
    0
   18
    0
    0
    5
    0
   13
   78
    0
    0
    0
   35
    6
   25
    0
   88
   10
    0
    0
    0
   78
   40
   28
    0
   15
    0
  100
   95
  115
    0
    0
    0
   20
   10
    0
    0
    0
   10
   29
    1
   48
    0
    0
    0
  115
    0
   15
   12
    0
   92
   15
    0
   10
    0
    0
    5
    0
    0
    0
   48
   10
    0
   12
    0
    0
    0
    0
    0
    0
  100
   22
    8
    0
    0
    0
    0
    0
    0
    0
    0
    8
   43
    8
    0
    0
    0
    0
    0
    0
    0
    0
    0
   18
    0
    0
   40
    8
   40
   68
   58
    0
    0
   25
   10
   25
   36
   15
    0
    0
    0
    8
    2
    0
    0
    0
    0
    5
   50
    0
    0
    0
    0
   15
   15
    0
   78
    0
    0
    0
    0
    0
    0
  282
  163
  165
    0
    0
    0
   30
   34
  233
   18
    0
    0
    0
    0
    0
    0
    0
    0
    0
    0
    0
    0
    0
    0
   11
    0
    6
   10
   20
   16
   56
    0
    0
   24
    0
    0
    0
   24
    0
    0
   26
    0
    0
   65
   26
    5
    0
    0
    0
    0
    0
   43
    0
    0
    0
    0
    0
   45
   53
    0
    0
    0
  190
   68
  198
  118
   90
   30
   80
   40
   23
    0
    0
    0
   48
   10
    0
    0
    0
  127
    0
    0
  161
    8
    0
   13
   43
    0
   38
    0
    0
    0
   35
    5
    0
    0
    0
    0
    0
    0
    0
    0
    0
    0
    0
    0
   50
   10
    0
   25
    0
    0
   16
   11
    0
    0
    0
   30
    0
    0
    2
    2
    0
   20
  156
   10
    0
    0
   42
    0
    0
    0
    0
    0
    7
    3
    0
    0
   60
    0
   10
   10
   15
   46
    0
   23
    0
    0
    0
    0
   65
   74
   42
   15
    0
    0
    5
   28
    0
    0
    0
    5
   10
   10
    5
   33
    0
   40
   40
   12
    5
    0
    8
   12
   25
   15
   20
   15
    0
    0
    0
    0
    0
    5
    0
    0
    0
    0
    5
   14
    0
    0
    0
    0
    0
    5
    0
   68
    5
    0
    0
    0
   15
   15
   88
   50
    0
    0
    0
    0
    0
    0
    0
    0
    0
    0
   30
  105
   13
    5
   28
    0
    0
    0
    0
    0
    0
   35
   30
    0
   21
   11
   10
   98
   20
   26
    0
   12
    0
    0
    0
    0
   30
   51
    0
    0
    0
    0
    0
   82
   44
    0
    0
    0
    0
   10
   33
   23
   10
    0
    5
    0
    0
    0
    0
    0
    0
    0
    0
    0
    0
    0
    0
    0
    0
    0
    0
    0
    0
    0
    0
  123
  112
    0
   21
    0
    0
    0
    0
    0
    0
    0
    0
   75
   32
    5
   15
    0
   48
    0
    8
   60
   21
    0
    0
    0
    0
    0
   13
    0
    0
    0
    0
    0
    0
    4
   48
    0
    0
    0
  134
    0
    0
    0
   15
   30
    0
    0
    0
    0
    0
    0
    0
    0
   60
   55
   84
    0
    0
    0
   11
   35
    8
   30
    0
    0
    0
    0
   70
   31
    0
    0
    0
    0
    0
    8
    0
    0
    0
   20
    7
    0
    0
    0
    0
    0
    0
    0
  160
    0
    0
    0
    0
    0
   78
  382
   10
   15
    0
    0
    0
   12
   25
    0
   15
    0
    0
    0
    0
    0
    0
    0
    0
  142
    0
    0
  124
   31
    0
   25
  442
  462
   10
    0
    0
    0
    0
    0
    0
    0
    0
    0
    0
    0
    0
    0
    0
    0
    0
    0
    0
    0
    0
    0
    0
    0
    0
    0
    0
    0
   75
    0
    0
    0
   16
    0
   13
    8
    0
    0
    0
    0
   60
   41
    0
   10
  111
    0
    0
    0
    0
    0
    0
    0
    6
   92
   10
    5
   12
    0
    0
    0
    0
    0
    0
   22
   34
   22
   31
    0
   30
   27
   82
    0
    0
   33
   78
   45
   45
   12
    0
    0
   90
   48
   97
    0
    0
    0
   22
  102
   33
   16
   38
    0
    0
    8
   15
   15
    0
   12
   90
    0
    0
  110
    0
    0
   13
    0
    0
   12
  181
  142
    0
    0
    0
    5
    0
    0
    0
    0
    0
    0
    0
    0
    0
    0
    0
   42
   20
    0
    0
    0
    0
  126
    0
    0
    0
   25
    0
    0
  142
  212
    0
