Station: Steutz , scaling_factor: 10.0, latitude:  51.8756, longitude:  12.0791, altitude:  70, nodata_value: -9
start: ..1969-01-01  end: ..1997-08-31
  165
   30
    0
    1
    0
    0
    0
    0
    0
    0
    0
   11
    0
    0
    0
    0
    0
    8
    0
    0
   12
   70
   10
   20
   60
    1
   10
    8
    3
    0
   32
    5
   18
    5
    0
    0
    0
    0
    2
    4
    5
    1
    0
   21
    0
  170
   40
   10
    0
    0
   22
    0
    0
    0
    0
   40
    0
    0
    0
    0
    0
    0
    0
    0
    0
    0
    0
    0
    0
   25
   24
   80
   10
   20
    1
    0
    0
    0
    0
    0
    0
   15
    0
    0
    0
    3
    3
    0
    6
   95
    0
    0
    0
    0
    0
    0
    0
    0
    0
    0
   68
   30
    5
    4
   72
   41
   30
    0
    8
    0
    2
  100
   28
   28
    4
   14
   25
   14
   21
   10
   10
    0
  110
   86
    0
   48
   40
    0
    0
   18
   13
    0
    0
    0
    0
   48
    0
   60
   30
   90
   10
    0
    0
    0
    0
   78
    0
    0
    0
   23
   10
    0
    3
   35
   40
   14
   60
    0
    0
    0
    0
    0
    0
    0
   60
   20
    0
    0
    0
    0
    1
    0
    0
    0
  101
   10
    8
   40
   30
   72
    0
    0
    0
    0
    0
    0
    0
    0
   22
   18
   12
   65
    1
    0
    0
    0
    0
    1
    0
    0
    0
    0
    0
    0
    0
    0
    0
    0
    0
    0
    0
    0
    0
    0
    0
    0
    0
   10
    0
    0
    0
    0
    0
    0
   37
   26
  103
   84
    0
    0
    0
   62
   31
   17
    0
    0
   80
   15
    0
    0
  194
   40
    0
    0
    0
    0
    0
    0
    0
    0
    0
    6
    3
    0
    0
    0
    0
    0
   67
    0
    0
    0
    0
    1
   10
    0
    0
    0
    0
    4
    0
    0
    0
    4
   86
   10
    0
    0
    0
    0
    0
    0
    0
    0
    0
    0
    0
    0
    0
    0
    0
    0
    0
    0
    0
  110
   20
   10
    1
    0
    0
   18
   20
   16
    0
    0
    0
    0
    0
    0
   80
   40
   34
   10
    0
    0
   61
    1
    0
    0
    0
   34
   10
   11
    0
   14
   24
   78
    0
    0
    1
    0
   34
    0
    0
   20
   98
   10
    2
    8
   11
    0
    0
    0
    0
    0
    0
    0
   55
    0
    0
   60
    7
    8
    0
    0
    0
   15
    0
    0
    0
    0
    0
    0
   17
    6
   50
   40
   18
   76
    0
    0
    0
    0
    3
    0
    0
    0
    0
    0
   20
    0
    0
    0
    0
    0
    0
    0
    0
    0
   46
  123
    1
    0
    0
    0
    0
  136
   31
    0
   28
   10
    0
    1
   20
   21
   22
   14
   30
   15
    0
   12
    0
   31
    0
   15
   34
  228
   60
   25
    0
   15
   16
    0
   60
   40
    0
   70
  114
    3
    0
    0
    0
    0
    0
    0
    4
    0
    0
    3
    4
   21
    3
   23
    0
    4
    0
   30
    5
    0
    0
   48
    1
    2
   30
    6
    4
    2
    0
   13
    2
    0
    0
  165
    1
    0
    0
   20
    0
    8
   90
    1
    0
   20
   15
   36
    4
    0
    1
   30
    1
    5
    0
   55
   78
   31
   10
    0
    0
    0
    0
    0
    0
    0
    0
   20
   78
    0
    0
    0
    0
    0
    0
    0
   21
   10
    7
    0
    0
   21
   42
   97
   27
   20
   65
   11
    0
    0
    0
    6
   61
    0
    0
    0
    0
  672
   60
    0
    0
    0
    0
    0
    0
    0
    0
    0
    0
  130
   10
    7
    0
    0
    0
   92
   78
    0
  141
   31
   17
    7
    0
    0
    0
    0
    0
    0
    0
    0
    0
   70
   30
   16
    3
    0
   31
   38
    0
    0
    0
   20
  118
   20
    0
    0
  104
    0
   30
   70
    0
   50
    0
    0
    0
    0
   10
    4
   17
    0
    0
    0
   24
    0
  115
    0
    0
    0
  142
  335
  333
    0
    0
   15
    0
   35
    0
    0
    0
    0
   20
    0
    0
   12
    0
   22
    0
  110
    0
   51
   98
    5
   10
    0
   25
    0
    0
    0
    0
    0
    1
    0
    0
    1
    0
    0
    0
    0
    0
  150
   54
   40
   80
   66
    0
    0
    0
    0
    0
    0
    0
    0
    0
    0
    0
    0
    0
    0
   30
   10
   30
   51
   10
   75
   54
   12
   15
    2
    1
   72
  150
    0
  161
   40
    1
   82
   53
    0
    9
   20
   10
   40
   27
    0
   51
    1
    0
   42
   63
    0
    1
   50
   47
    0
    0
    0
    5
   12
   20
   40
    0
   12
   40
   42
    0
    1
    0
    1
    2
    3
    6
    0
    0
   13
    0
    0
    0
    1
    0
    8
    3
    4
   10
   13
    3
    0
    0
    0
   70
    0
   31
    0
   18
    0
    0
    0
    0
    0
    0
    0
    0
    0
    0
    0
    0
    0
   35
   25
    0
    0
   12
    0
    0
    0
   80
    1
    0
   11
   20
   30
    0
    0
    0
    1
    2
   20
   10
    2
    1
    1
    0
    0
    0
    0
   40
   10
    0
    0
    0
    1
    0
    0
    0
   53
   32
    3
   40
    0
   15
   10
   20
    0
    0
    0
   10
    0
    0
    0
    0
    0
    0
   10
    0
   20
    0
    0
    0
    1
    0
   20
    0
    0
    0
    0
   30
   12
    0
    0
    0
    0
   10
   40
    0
    0
    0
    0
    0
    0
    0
    0
    0
    0
    0
    0
    0
    0
   10
    0
    0
    0
    0
    0
    0
    0
    0
  180
   32
   40
   35
    0
    0
    0
    0
    0
    0
    0
    0
    0
    0
    0
   50
    0
    0
    0
  122
   65
   22
    0
    0
  260
    0
   30
    0
    0
  100
   13
    0
   56
    0
    0
    5
    2
    0
    0
    0
    0
    0
    0
   22
    0
    0
   31
   59
    0
   20
   10
   15
   60
   15
    8
   30
   31
   26
    2
   60
    0
    0
    0
   52
    0
  192
   20
   15
    5
    0
    0
    0
    0
    0
    0
    0
    0
    0
    0
    0
    0
   35
    0
    0
    0
    0
    0
    0
    0
    0
    0
    0
    0
    0
    0
  240
   10
    0
    0
    0
   11
    0
    0
    0
    0
   14
    0
    0
    0
    0
    0
    0
   11
    0
    0
    0
    0
    0
    0
  152
  320
   15
    0
    0
   31
   61
    0
    0
   20
    1
    0
    0
    0
    0
    0
    0
    0
    0
  100
    0
    0
    0
    0
   19
    1
    0
   10
   65
    0
    0
    0
    0
    0
   10
  102
    0
    0
    0
   52
    0
    0
    0
    0
    0
    0
    0
    0
    0
    0
    0
    0
    0
   55
   42
    0
    0
    0
    0
   31
   63
   20
    0
    0
    0
    0
    0
    0
    0
    0
    0
    0
    0
    0
    0
    0
    0
    0
    0
   28
    0
    5
    0
    0
    0
   12
    5
   67
   61
   31
    0
    0
   45
    0
   10
   40
    5
   20
    0
    0
    0
    0
    0
    0
    0
    0
    0
    1
    1
   60
  111
   40
   44
  106
   11
    0
    0
    0
    0
    0
   52
   33
    0
   48
   30
    0
    0
    0
    0
    0
    8
   18
    0
    0
    0
   18
    0
    0
    0
    0
    0
    0
    0
    0
    0
    0
    0
    0
    0
    0
    0
    0
    0
    0
    0
    0
    0
    0
    0
    1
    0
    0
    1
    0
    0
    0
    0
    0
    0
    0
    0
    0
    0
   20
    0
    0
    0
    0
    0
    0
    0
    0
    0
    0
    0
    0
    0
    0
    5
   20
    0
    0
    0
    0
    0
    0
    0
    0
    0
   34
    0
    5
  275
    0
    0
    0
    0
    0
    0
    0
    0
    0
    0
    0
    0
    0
    0
    0
   21
   31
    0
   15
    0
  244
    0
   40
    2
   10
   10
   33
   23
    0
    0
    0
   13
    1
    0
    0
    0
    0
    0
   55
   56
    0
   25
    0
    0
    0
    6
    4
   26
    3
    2
    0
    0
    0
   15
   10
    0
    0
    0
    0
   12
   63
    0
    0
   45
    0
    0
  217
    0
   32
   28
    0
   35
    0
    0
    0
   40
    3
   23
   60
    7
    2
    0
   12
    0
    0
    0
    0
  312
   60
    0
    0
    0
   18
  180
    0
    0
    0
    0
    0
    0
    0
    0
    0
   85
    0
    0
    0
    0
    0
    0
    0
   71
    0
    0
   17
    0
    0
    0
    0
    0
   55
  105
    0
    0
    0
    0
    0
    0
   58
   21
    0
    0
    0
    0
   23
    0
    0
    0
    0
    0
  340
  233
    1
    0
    0
    0
    0
    0
    0
    0
    0
  101
    0
   58
    0
   57
    3
  130
    1
   84
   45
    0
    0
   16
   20
    0
    4
    0
   10
    0
    0
    0
    0
    0
    5
    0
    0
    0
    0
    0
    0
    0
    0
   80
    0
    0
    0
   32
    0
   38
  110
   10
    0
    0
    0
   32
   19
   31
   11
   29
   46
   48
    0
    0
    0
    0
    0
    0
    0
    0
    0
    0
    0
    0
    0
    0
    0
    0
    0
    0
    0
    0
   13
   27
    0
  144
   18
    0
    0
   15
    0
  180
    0
    0
    0
    0
    0
    0
    6
    5
   24
    0
    1
    0
   54
   51
   53
   32
    0
    0
   15
   38
    1
    8
    9
   11
    1
    1
    1
    0
    0
    0
    0
    0
    0
    0
    0
   28
    0
    0
    0
   18
    0
    0
    7
    0
    0
    0
    0
    0
    0
    0
    0
    0
    0
    0
    0
    0
    0
    0
    0
    0
    0
    0
    0
    0
    0
    0
    0
    0
    5
   10
   20
    3
    4
    1
    1
    0
    0
    0
   70
   19
    0
    0
    5
    0
   19
    0
    0
    0
    0
   32
   48
   19
    5
   10
   51
    5
    4
    0
    0
    0
    0
    5
    6
   10
   15
   10
   45
    0
    0
    0
    0
    0
   30
    0
    2
    1
   50
   54
   51
   10
    5
    0
    0
    0
   21
   52
    1
    2
    0
   19
   31
    0
    0
    8
    0
    0
    0
    0
    0
   11
    1
    1
    0
    0
    0
    0
    0
    0
    0
    0
    0
    0
    0
    0
    7
   50
   17
    0
    0
    7
    0
    0
    1
    1
   30
   11
    0
    0
    4
   15
   30
   25
   16
    0
    0
   48
    0
    0
    0
    0
    0
   27
   57
    6
   17
   91
    1
    0
   84
    2
    5
    0
    0
    0
    0
    0
    0
   84
    0
    0
    0
    0
    0
    0
   10
    0
   73
   52
    3
    0
    0
    0
    0
    2
   32
    6
   80
    0
    0
    0
    0
    0
    0
    0
   17
    0
    0
    0
    0
    0
    0
    0
    0
    0
    0
    0
    0
  145
    3
    0
    0
    0
   25
   95
    0
    0
    0
    0
    0
    0
    0
    0
    0
    0
    0
   11
    0
   12
    0
   80
    3
    2
   10
    0
   14
    0
    0
   13
   42
   28
   25
  112
   28
    0
    0
    0
    0
    5
    0
    0
    0
    2
   28
   70
    0
    0
    0
    0
    0
    0
    0
    0
    0
   27
    2
    0
    0
    0
    0
    0
    0
    0
    0
    0
    0
   34
   17
    0
   42
    5
    0
    0
    0
    0
    0
    0
    0
    0
    0
    0
    0
    0
   10
    0
    0
   40
   16
   32
    0
   19
   70
   15
    0
    0
   38
    0
    0
    0
    0
    0
    0
    0
    0
    0
    0
   18
    4
   65
    0
    0
    9
   52
   90
    0
    1
   95
   83
   67
   45
   52
    0
    0
    0
    0
    0
    0
   25
    0
    0
    0
    0
    0
   63
    0
   12
    2
    1
   31
    0
   14
   55
   12
   19
   28
    0
    0
   20
    0
    0
    0
    0
    7
    4
   35
    5
   11
   27
    0
    9
   11
   25
   26
    8
    7
   90
   18
    0
    0
   10
    0
   78
    0
   15
    2
    0
    0
    0
    0
   20
    0
    0
    1
    3
    1
    1
    1
    0
    0
    0
    1
    0
    0
    0
    0
   50
   72
    0
    0
    0
   20
    1
    0
   37
   10
   51
   30
   68
    1
    0
    0
    1
    2
   12
    0
    0
    0
   11
    4
    0
    1
    0
    0
    0
    0
   45
  171
   20
   25
    6
    0
    0
    0
    0
    0
    0
    0
    0
    0
    0
    0
   39
  103
   61
    0
    0
    0
    0
    0
    0
    0
   10
    0
   20
    0
    0
    0
    0
    0
    0
    0
    0
    0
    0
   35
   50
   47
   18
    0
    0
    0
    0
    0
    0
    0
    0
    0
    0
    0
    0
    0
    0
    0
    0
    0
    0
    0
    0
    0
    0
    0
    0
    0
    0
   55
    5
    0
    0
    0
    0
    1
    0
    2
   24
    0
    0
    0
   12
    1
    5
    0
    0
    0
   31
   38
   58
   18
    0
    0
    0
   58
   18
   15
   34
    0
    0
    0
    0
    0
    8
   89
   18
    3
    3
    0
    0
    0
   29
    2
    0
   18
    6
    0
   20
    0
    0
    9
   14
  131
   32
    0
   41
   10
    4
    0
    0
   21
   16
   47
    0
    0
    0
   11
   34
   14
    0
  141
   44
   31
    0
   30
  172
    0
  132
   22
    5
   20
    0
    2
   53
   30
   38
    0
   11
   10
    0
    0
    9
    0
    0
   36
    0
    0
    0
   60
   30
    0
    0
    0
    0
    0
    0
    0
  104
    0
    4
   25
    0
    0
    0
    8
   14
   20
    0
    0
    0
    0
    0
   85
   13
   52
  164
    0
    0
    0
    0
    0
   21
   18
    0
    0
    0
    0
   40
    0
   58
    8
    0
   35
    0
    0
   25
    0
    0
    0
    6
    0
    0
    0
    0
   15
    0
    0
    0
    0
    0
   30
    8
   36
    0
   75
    6
    0
    0
    6
   21
    0
    2
    1
   11
    1
   35
   14
    1
   21
    2
    3
   20
  116
    5
    0
   26
   36
  101
  294
    2
   11
   60
   11
   22
   35
    1
   11
   27
  141
   25
    0
    0
    0
    0
    0
    0
   20
    7
    0
    0
    0
    0
    0
   28
    0
   15
    0
    0
   11
   30
    0
   34
   11
    3
   25
   12
   27
    9
   14
    8
    2
   47
   45
  120
   71
   50
   11
    2
   26
   62
    0
   10
    0
   35
   34
    2
    0
    0
    0
    0
    0
    0
   80
   17
   12
   21
   22
   13
   34
    0
    1
    0
    0
    0
   30
   52
    2
    1
    9
    0
    0
    0
    0
    0
    0
    0
   21
    7
    2
    0
   26
    0
    0
   23
    0
   34
   46
    2
   12
   20
    2
    4
    0
    0
    0
    0
    0
    0
    0
    0
   10
    5
   18
   23
    0
    0
    0
    7
    0
    0
    0
    0
    0
    0
    0
    0
    0
    0
    0
    0
    0
    0
    0
    0
   27
    0
    0
   28
    5
   12
    0
   57
   40
    5
    0
    0
   11
    0
    0
    0
    0
   42
   58
   52
   60
    4
    0
    0
    0
    0
   23
   35
   15
   44
   55
    1
    9
    0
    0
   23
   18
   15
  135
   11
   18
    2
    0
    0
   12
    0
    0
    2
    0
    8
    0
   10
    0
    0
    0
    0
   45
   30
    0
    0
    0
    0
  184
  197
    7
  185
   25
    0
    0
    0
    0
    0
    5
    0
    0
    0
    0
    0
    0
    0
    0
    0
    0
    0
    0
    0
    0
    0
    0
   24
    0
    0
    0
    0
   42
   72
    0
    0
    0
   28
   31
    0
    0
    0
    0
    0
  203
   80
    0
  132
    0
    0
    0
    0
    0
    0
    0
    0
    0
    0
    0
    0
    0
    0
   26
    0
   22
    0
    0
   12
    0
    0
    0
    0
    8
    0
    9
    7
    0
   24
    0
    0
    0
    0
    0
    0
    0
    0
    0
    0
    0
    0
    0
    0
    0
    0
    0
    0
    0
    0
    0
    0
    0
    6
    0
    0
    3
    0
  265
   12
   46
    1
    0
    0
    0
    0
    0
    0
    0
    0
    0
    0
    1
    0
    0
    0
    0
    0
   30
   63
   34
    5
    0
    0
    0
   15
    0
    0
    0
    0
    0
    0
    0
   31
   12
   30
   10
    0
    0
   30
    0
   10
   60
    0
   16
    7
    0
    0
    0
   10
   30
    0
    0
    0
   31
   11
   23
   21
   50
   11
    0
    0
    0
    0
   20
    0
    0
    0
    0
    0
    0
    0
    5
    0
    0
    0
    0
    0
    0
    0
    0
    0
   51
    0
    0
    0
    0
  105
   45
   38
    0
    0
    0
    0
    0
   21
    5
   12
    3
    0
    5
    6
    0
    0
    0
   21
    0
    0
   26
    0
    0
    0
   13
    0
    1
    0
    0
    0
   10
    0
    0
    0
   11
   25
   18
    0
    0
    0
    5
    8
   82
   93
    7
    3
   10
   28
    0
    0
   56
   79
   21
   50
  102
   60
    3
   10
    6
    3
   28
   71
   86
   40
    1
   28
    0
    0
    0
    0
    2
    0
    0
    0
    0
    0
    0
    0
    0
    0
    0
    0
   18
    6
   28
   61
    2
    0
    0
    0
    0
    0
    0
    0
    0
    0
   24
    0
    0
    0
    0
    0
    0
    0
    0
    0
    0
    4
    2
    5
    1
    0
    0
    0
    0
    0
    0
   28
    5
   30
    0
    0
   10
    3
    0
   25
   31
   10
    0
    1
    0
   30
    0
    0
    0
    0
    0
    8
    0
   19
    0
    0
    0
    0
    0
    0
    0
    0
    0
    0
    0
    0
    0
    0
    0
    0
   20
    0
    0
   17
    0
    0
    0
    0
    0
   10
   15
    0
    0
    0
    0
    0
    0
   30
    0
    7
    0
    0
    0
    0
    0
   17
   38
   35
    0
    0
   31
    0
   22
   52
   23
   70
   20
   15
    0
    0
    0
    5
    0
    0
    0
    0
    0
    0
    0
    0
    0
    0
   87
   18
    0
    0
   28
   12
    0
    0
    0
    0
    0
    0
    0
    0
    0
    0
    0
    0
    0
    0
    0
    0
    0
   25
  120
    0
    0
    0
    0
   18
    2
    0
   17
    0
    0
    0
   65
    0
    0
    0
   24
    0
    0
    0
    0
    0
  123
    0
   30
   37
   12
    0
    0
    0
    0
    0
    0
    0
    0
    0
   20
    0
    0
   40
    0
    0
    0
    0
    0
    0
    0
    0
    0
   40
   78
    0
    0
    0
    0
   36
    0
    2
    0
    0
    0
    0
   75
    0
    0
    0
    0
   10
    7
   13
    0
    2
    0
    0
    0
    0
    0
   41
    0
    0
   31
    6
    0
    0
    0
    0
   46
   21
    2
   31
    0
    0
    0
    0
    0
    0
    0
    0
    0
   40
   98
    0
    0
    0
    0
    0
    0
    0
    0
    0
    0
    0
    0
    0
    0
    0
   17
   40
    0
    0
    0
   80
    0
    0
   10
   11
    0
    5
   35
    0
    0
    0
    0
    0
    0
   18
    0
    4
   85
   10
    2
    0
    0
   12
   11
    0
   15
    0
    0
    0
    0
    8
    3
    0
    0
   30
    5
    4
   26
    2
   32
    0
    0
    0
    0
    0
    0
    0
    3
    2
    8
    2
    0
    0
    0
    0
   33
    0
    0
    0
    0
    0
   20
   15
   16
    0
   21
  135
    0
    0
    0
    0
    0
    0
    0
    1
    0
   28
   13
    0
   20
    0
   25
    0
    0
    0
    0
    0
    0
    1
    0
   23
   16
   18
   57
    0
   21
    1
    0
    7
    0
    0
    0
   23
   10
    4
   57
    0
    0
    0
    0
   45
   11
   16
    0
    0
   34
    6
   34
    0
    0
   10
   17
    0
    0
    0
  151
  223
   10
    7
    0
    0
   25
   11
    7
    0
    0
    0
    0
    0
   15
   95
   22
    0
    0
    0
   37
    0
   24
    0
   42
   11
    4
    0
    0
   21
   10
   15
   42
   23
    0
    0
    0
    0
    0
    0
   70
    8
   22
   25
    1
    1
   10
    0
    0
   98
   59
    0
    0
    0
   78
    0
    0
    0
    0
    0
   13
   25
    0
    0
    0
   37
    0
    0
  240
   60
    5
    0
    0
    0
    0
    0
    0
    0
    0
    0
    0
    0
   21
   40
   12
    6
    0
    0
   60
    0
   12
    0
    0
    0
   73
    1
    0
    0
    0
  380
    0
    0
    0
    0
    0
   14
   30
    0
    0
   49
    0
    0
    0
    0
    0
    0
   12
   31
   26
   81
   30
    0
    0
    0
    0
  112
    0
   10
  141
   11
    0
    0
    0
   20
  151
  120
    0
  101
   11
    0
    0
   20
   16
    0
    0
   25
    0
   20
  300
   34
   55
   41
  164
   10
    0
    0
   13
   12
   20
   31
  130
   65
   12
    0
    0
    0
    0
  190
   34
    0
    0
    0
  110
    0
    0
    0
    0
    0
   12
    0
  176
    6
   87
    5
    0
    0
    0
    0
    0
    5
    0
    0
    0
   38
   36
   12
    0
    0
    0
    0
    0
    0
    0
   24
   11
    6
   36
   57
    0
    0
    0
    0
   91
    0
    0
    0
    0
    0
    0
    0
    0
    0
    0
    7
    0
    0
    0
    0
    0
    0
    0
    0
    0
  101
   10
  160
    4
   30
    0
    0
    0
   74
  101
   20
    0
   38
    0
   34
    0
    0
   26
   15
    0
    0
    4
   67
   20
   11
    6
   12
    2
    0
    4
    5
    0
    2
    0
    0
    0
    2
    0
    0
    0
    0
   30
  141
    0
   11
   12
    0
    0
    0
    0
    0
    0
    0
   20
    4
   14
    8
   80
   12
   22
   18
   12
    1
    0
    3
   21
   30
    0
    0
    0
   12
    0
    0
    0
    0
    0
    0
    0
   40
    6
    0
    0
    0
    0
    0
   20
    0
    4
    0
    8
   15
    3
    0
    3
   20
   15
    0
    0
    0
    0
   15
   10
    0
    8
    0
    0
   33
    0
    0
    0
    0
    0
    0
    0
   11
   17
    0
    0
   12
    0
    0
    0
    0
    0
   22
   11
   10
    8
  121
    0
    0
    0
   28
   31
    4
    8
    3
    2
   11
   87
    0
    0
    7
   65
    0
   15
    2
   35
    0
   12
    0
    0
    3
    7
   27
   45
    0
    0
    0
    0
    0
   10
    7
    0
    8
    0
    0
    0
    0
    0
    0
   18
    7
    2
    0
    0
    0
    0
    0
    0
    9
    3
   75
  106
    0
    0
    0
    0
   18
    0
    0
   41
   10
   30
    0
    0
    0
    0
   96
   10
   13
   13
    0
  172
   32
    0
   13
    0
    0
    0
    0
    0
    0
    0
    0
    6
    0
   40
    0
    6
    0
   55
    7
    0
   16
   26
   70
    0
    0
    0
    0
    0
    0
    0
   15
   18
    0
   40
   36
    0
    0
    0
  104
    0
   68
   11
    0
   10
   12
   30
   95
  170
    4
    0
    0
    0
    0
    0
    2
    0
   58
   11
    5
    0
    0
    0
    0
    0
    0
    0
    0
    0
    0
    0
   42
    0
    2
    0
    0
    0
  202
  260
    0
    0
    0
    0
    0
    0
   10
    0
   35
    0
    0
    0
    0
   20
    0
    0
    0
    7
    0
   18
  112
   40
   16
   18
    8
    0
    0
    0
   62
  142
    0
   46
   21
  108
    2
   10
    2
    3
    0
    0
    0
   84
   78
   11
  171
   36
    0
   11
    4
    0
   20
   31
    5
    0
    0
   28
   81
   60
    0
    0
    0
    0
    0
    0
    0
    0
    0
    0
   36
    0
    0
    0
   11
   42
   90
    0
   27
   61
   12
    5
    2
    0
    0
    0
    0
    0
    0
    0
    0
    0
    0
    0
    0
    0
    0
    0
   20
    0
    0
    1
    0
    0
    0
    0
    0
    0
    0
    0
   11
    0
    0
    0
    0
   81
   78
    1
    0
    0
    0
    0
    0
   81
   18
    0
    6
   17
   23
   45
   52
   53
    0
    0
    0
    7
    0
    0
    0
   35
   20
   15
   62
   93
   62
  106
   20
    0
    0
    0
    0
    0
    0
   31
   47
   30
    0
   23
   85
    5
    0
    0
   42
    0
    0
    0
    0
    0
    0
   58
   11
    0
    0
   10
   15
    0
    0
   25
   35
   25
    5
    4
    0
    0
   17
    0
    0
    0
    0
   31
   81
   50
   11
    0
   90
    0
    0
    0
    0
    0
    0
    0
    0
    0
    0
    0
    2
    0
    0
   62
    0
    0
    0
    2
   13
    0
   78
    3
    0
   32
   11
   63
    0
   71
    0
   60
    0
    0
    0
    0
  131
   18
    0
    0
   25
   85
    0
    3
    8
   30
  251
   50
    1
   40
    0
    0
    0
    0
    0
    0
    0
    0
   67
   10
    0
    0
    1
    2
  188
   40
    0
   42
    0
    0
    0
   34
   40
   14
    0
    2
    4
    2
   41
    0
    0
    0
    0
   40
    0
    0
    0
    0
    0
   13
   34
    0
    0
    0
    8
    0
   30
   35
    3
   74
    0
    0
    0
    0
    0
    0
  134
    0
   14
    0
   92
  140
   10
    0
    4
  274
   31
   20
   32
   70
    0
    0
    0
    0
    0
   30
    0
    0
    0
    0
    0
    0
   38
   35
    0
    0
    0
    0
    0
    0
   30
   23
   10
    0
    0
    0
    0
    0
   20
    0
    0
   60
   17
    0
    5
    1
   12
   30
   61
   38
    4
    0
  435
   45
    0
    0
   26
    0
  151
    0
    0
    0
   20
   91
   50
    0
    0
    0
    0
    0
    0
    0
    0
    0
    0
   13
    0
    4
   14
    0
    0
    0
   11
    0
    0
    0
    0
   38
   61
    0
    0
    0
    0
   13
  160
    0
    0
    0
    0
    0
    0
    0
    0
    0
    0
   43
    0
   50
   27
    0
    0
    0
    0
    0
    0
    0
    0
    0
    0
    0
    2
    0
    0
    0
    0
    0
    0
    0
    0
    0
   35
   13
    0
   20
    0
    0
    0
    0
    0
    0
    0
    0
    0
    0
    2
    0
   35
    5
   12
    0
  221
    5
   45
   56
  170
    0
    0
    0
    5
    0
   15
  112
    0
    0
   14
    0
    0
    5
    0
    0
    4
    0
   14
    6
    0
    0
   20
   21
    0
    0
    0
    8
    0
  135
    7
   67
  102
  134
    0
   35
   60
   80
   11
   13
    8
    0
    0
    0
    0
    0
    3
    0
    0
    0
    0
   40
   87
   25
   10
   14
    0
   23
    0
    6
    2
    0
    0
    0
    0
    0
    0
    0
    0
    0
    0
    0
    0
    0
    0
    0
   20
    0
   40
   45
    0
    0
    0
    3
   50
    1
   20
   98
   41
   90
   41
   11
    0
    0
    0
   14
    8
    0
    0
    2
    3
    0
    0
    0
    0
    0
    0
    0
    0
    0
    0
    0
    4
    2
    0
    3
   11
    0
    0
   16
    4
   10
    8
    0
    0
    0
    0
    0
    0
    0
    0
    0
    0
    0
    0
    0
    0
    0
    0
    3
   46
   35
   11
   15
    0
  101
  130
   43
    0
    0
    0
   20
    1
   12
    5
    0
    0
    0
    0
    0
    0
    0
    0
    1
    0
    0
    0
   61
  202
    3
  120
  140
    2
    0
    0
    0
    0
    0
    0
    0
    0
    0
  112
    0
    0
    0
    0
    0
    0
    0
    0
    0
    0
    0
    0
    0
    0
    0
    0
    0
    0
    0
    0
    0
    0
    0
    0
    0
    0
    0
   23
    0
    0
    0
    0
   31
   51
    0
    0
  162
   25
    2
  192
   26
   51
   30
    0
   55
   10
    0
   71
   75
   15
   20
   38
   75
   20
   30
    3
    0
   99
    0
   12
   11
    0
   29
  303
    0
   58
   34
   18
   11
    0
   18
   51
   15
  112
    0
    0
    0
    0
    0
   18
    0
    0
    5
   30
    0
    0
    3
    0
   40
    0
    0
    0
    0
    0
    0
   34
    0
    0
    0
    0
    0
    0
   58
    2
   63
    0
    0
    0
    0
    0
    0
    0
   41
   14
  106
    0
    0
    0
    0
   21
   70
    0
    0
   23
   53
   25
    0
    0
   24
    0
    0
   38
    0
    0
    0
    0
    0
    0
    0
   35
    0
    0
    0
    2
   24
    6
    0
    0
    0
    0
   11
   45
    0
    0
    0
    0
    2
  213
    2
    0
    2
    3
    0
   32
    0
    0
    0
   37
    3
    0
   25
   53
    0
   11
    0
    0
    0
    0
    0
    0
    0
  102
   68
    0
    0
    0
    0
    0
    0
   36
   81
   26
    0
    5
   12
    2
    0
   15
    0
    0
   38
    0
    3
    0
    2
   22
    0
   15
   31
   42
  111
   11
    0
    0
    0
    0
    0
    0
   12
   30
    0
    0
    0
   55
    0
    0
    5
   13
   88
    0
   24
   18
    0
    0
    0
    0
   80
    5
   52
   46
   13
   28
   30
    2
    1
    1
   15
    0
   16
    0
   24
    1
   18
   16
    9
   68
    0
    0
    0
    0
    0
   10
    0
    0
    0
    0
    0
    0
    0
    0
    7
    2
   15
   42
   21
    1
    0
   15
   10
    0
    0
    0
    4
    2
    6
    2
    3
    5
    0
   36
   54
    2
    0
    0
    0
    0
   18
   40
   52
    0
    0
    1
   45
   20
   70
  120
  105
   80
   12
   20
    0
  104
   20
    5
    0
    0
    0
    0
   91
    0
   81
   85
    0
    0
    0
    0
    0
    0
    0
    0
    0
   26
    0
    0
    0
    0
    0
    0
    5
   15
    0
    0
    0
    4
    0
   40
    0
   10
   18
    0
    0
    0
    0
  195
    3
   50
   87
    0
    1
    0
    0
    4
    0
    0
    0
    0
    0
    0
    0
    0
   80
  120
    0
   28
   20
    0
    0
    0
   70
    0
   21
    0
   61
   65
    0
    8
    0
    0
    0
    0
  191
    2
    0
   64
    0
   11
   12
    0
    0
   24
    0
    0
   24
    0
    0
  131
    0
   28
    0
    0
    0
   18
   10
    0
    0
    0
  140
   30
    0
   11
   61
    0
    0
    0
    0
    0
    0
    0
    0
    0
    4
    2
    0
   11
    0
   12
    0
   16
   20
   10
    0
   20
   65
  214
   16
   12
    0
    0
    0
  120
    0
    0
    0
    0
    0
    0
    0
    0
  110
   56
    0
    0
    0
    0
   15
    0
    0
    0
  191
   82
   50
    0
    0
   10
    3
    0
    0
    0
    0
    0
    0
    0
    0
    0
    0
    0
    0
    0
    8
   51
    0
    0
    0
    0
   30
  145
    0
   11
    0
   12
   30
   50
   68
    0
    0
    0
    3
  252
   16
    0
    1
   12
    0
    0
    0
    8
   13
    0
   12
   11
    0
   31
   58
   10
   27
    0
   23
   80
   52
    0
    0
    4
   10
    0
    0
    0
  160
   13
   46
   27
    6
   12
    0
    3
    2
   46
    5
    0
    0
    0
    6
  112
   21
   41
   13
    0
    0
    0
   21
   24
   23
   30
    0
   14
    8
    0
   86
  122
    7
    5
   18
   15
   28
  182
   61
    8
   65
   20
  131
    2
    0
   65
    0
    0
   60
    0
    5
    0
   35
   13
    0
    0
    6
    0
   15
    0
    0
    0
    0
    0
   30
   35
   11
   30
    5
   20
   90
   20
    0
    0
    0
    0
    0
    0
    0
    0
    0
    0
    0
    0
    0
    0
    0
    0
    0
    0
   31
    1
    0
   12
   80
   32
    0
    0
    0
    0
    0
    0
   11
    2
   18
    0
    0
    0
    0
    0
    0
    0
    0
    0
    0
    0
    0
    0
    0
    0
    0
    0
    0
    0
   10
   37
    2
  112
    0
    0
    0
    0
    0
    0
    0
   15
    0
   11
    0
    0
    0
   87
    0
   45
    0
    0
   21
    0
    0
    0
    0
    0
    0
    0
    0
    0
    0
    0
    0
    0
    0
    1
   12
    0
   28
   20
   11
   14
   15
    0
    0
    0
    0
    0
    0
    0
    0
    0
    0
    0
    0
    0
    0
    1
   30
    0
   16
    0
    0
    0
   13
   26
   50
    0
    0
   76
   81
    0
    0
    0
    0
    0
   13
    6
    0
   16
    0
   60
   40
   23
    0
    0
    0
   40
    0
    0
    0
    0
    0
    0
    0
    0
    0
    0
    0
    0
    0
   37
    8
   30
    0
    0
   90
    0
   32
   20
    0
    0
   12
   29
   88
    5
    0
   11
    0
   57
   11
    0
    0
  101
    0
    0
   23
    0
    0
    0
    0
    0
    0
    0
    0
   10
    0
    0
    0
    0
    0
    0
    0
    0
    0
    0
    0
    0
    0
    0
    0
    0
    0
    0
    0
    0
   92
  291
  104
    0
   20
    0
    0
    0
    0
    0
   35
    0
   56
    3
    4
    0
    0
    0
    0
    0
    5
   15
   10
    0
    0
    0
   38
    0
   35
    0
    0
    5
  134
    0
    0
    0
    0
    0
    0
    0
    0
    0
    0
    0
    0
    0
    0
    8
    0
    0
    0
    0
    0
    0
    0
    0
    0
    0
    0
    0
    0
    3
  132
   88
    0
    0
    0
   30
   38
   64
    1
    7
    1
    2
    0
    0
    0
    0
    0
   45
   10
    0
    0
    0
    0
    0
    0
    0
    0
    0
    2
    0
    0
    0
    0
    0
    0
    0
    0
    0
    0
    0
    0
   63
   48
   40
   20
    0
    0
   35
    0
    0
    0
    0
   11
    3
    0
    0
    0
    0
    0
    0
   38
   29
   48
    0
    0
   27
   20
    0
    0
    0
   25
   10
    0
    0
   17
   51
    0
    7
    0
   20
    0
    6
   17
    5
    0
    0
    0
    7
    0
   30
   14
    0
   16
    4
   22
   25
    0
    0
    0
    0
   28
   50
   38
    6
   16
    0
   18
    0
    0
    0
    0
   36
    0
   27
   56
   13
   30
   42
   12
   12
    0
    0
    9
    0
    0
    2
    1
   55
    2
    1
    0
    0
    0
    0
    0
    0
   10
    0
    0
    0
    0
    0
    0
   29
    9
   29
    0
    0
    0
    0
    0
    0
    0
    0
    0
    0
   12
    0
    0
    2
    0
    0
   40
   26
   37
   46
    3
   26
    0
    2
   30
   41
    0
   50
    3
    4
    0
  121
   76
    7
   12
   31
    3
    2
  101
   27
   50
  110
   48
   31
   34
   12
    0
    0
    0
  210
    0
    0
    0
    0
    0
    0
   13
    0
    0
   20
    0
  171
    0
    0
   11
    0
    0
   43
    0
    0
   67
    0
   15
   21
   96
    0
  144
   43
    0
    0
    0
   14
   15
   60
    6
   45
    0
   36
    0
    5
    0
    0
    0
    0
    0
    8
  142
    0
    0
    0
    0
    0
    0
    0
   46
   61
    0
    0
    0
    0
    0
    0
    0
    0
    0
    0
    0
    0
   18
    8
    0
    0
    0
    0
    0
    0
    0
    0
    0
    0
    0
    0
    0
    0
    0
    0
    0
    0
    0
  132
  147
    0
    0
    0
    0
   69
    0
    0
    0
    0
    0
    0
    0
   18
    0
    6
  733
  292
   16
    0
    0
   25
    0
    0
   18
    0
    0
    0
    0
    0
    0
    0
    0
    0
    0
   16
    0
    0
    0
    0
    0
    0
    0
    0
    0
    0
   19
    0
    0
    0
    0
   11
   40
   52
    0
    0
    0
  101
   67
    0
    0
    0
   52
   13
    0
   30
    0
    0
    0
    0
    0
    0
    0
    0
    0
   14
    8
    0
    0
   21
    0
   23
   23
   25
   41
    0
    0
    0
   22
    0
    0
    0
    0
    0
    0
    0
    0
    0
    0
    0
    0
    0
    0
    0
   12
    4
    0
    0
    0
    0
    0
    0
    0
    0
    0
    0
    0
    0
    0
   81
   25
    2
    6
    0
    2
    2
    1
    2
   20
   84
  140
   50
   15
    4
    0
    0
    0
    0
    0
    0
   40
    0
   76
  105
   20
    0
    0
    0
    0
    0
    0
    0
    0
   23
    0
    0
   34
   12
   13
    5
   11
    0
    0
    6
    0
    0
    0
    0
    0
    2
   17
    0
    0
    0
   26
   76
   21
   13
   14
   86
   15
    0
    0
    0
    0
    0
    0
    0
   11
   24
    0
    0
   11
   35
   36
    0
   17
    7
    5
   80
    0
    5
   70
    6
   11
    7
   28
    0
    0
    0
    0
    0
    0
    0
    0
    0
    0
    0
   32
    0
   20
   32
    0
    0
    0
    0
    0
   20
    0
    0
    0
    0
    0
    8
    5
    0
    0
    0
    0
    0
    0
    0
    0
    0
    0
    0
    0
    0
    0
    0
    2
    0
   11
    0
   12
    0
   13
   35
  185
   20
   70
    0
    0
    0
   13
    0
   34
    0
    0
    0
    0
    0
   45
    0
    0
    0
    0
    0
    0
    0
    0
    0
    0
    0
    0
    0
   65
    0
    0
   32
    0
    0
   70
   38
   48
    0
    4
   13
    8
    0
    0
    0
   28
    8
    0
    0
    0
   16
    0
    0
   38
   22
    0
   38
   24
  182
    0
   62
    0
    0
    0
   60
   30
   43
   32
    0
    0
    0
    0
    0
   42
   62
    0
    0
    0
    6
    0
    0
    0
  120
    2
    0
   58
    0
    0
    0
    0
   40
    0
   21
   82
    0
    0
    0
    0
    0
    5
    0
    0
    0
   15
    8
  164
   41
   45
  101
   21
    0
    0
    0
    0
    0
    0
    0
    0
   23
    0
    0
    0
  134
    0
    0
    0
   31
    0
    0
    0
   21
   18
    0
    0
    0
    0
    0
    0
    0
    0
    0
    0
    0
    0
    0
    0
   71
    0
    0
    0
    0
    0
    0
   17
    0
    0
   11
   10
  285
    0
   76
   80
   23
    0
    0
    0
    0
  120
    0
    0
    0
    0
    0
    0
   20
    0
    0
   30
   19
   80
    0
    0
   65
    0
   22
    0
    0
   12
   11
   41
   13
   64
    0
    0
   21
    0
    0
    0
    0
    0
    0
    0
   18
    0
  120
   20
    0
    5
   50
   15
    0
    0
    0
    0
    0
    0
    0
    0
    0
    0
    0
    0
    0
    0
    0
    0
    0
    0
    0
    0
   12
    0
    0
    0
    6
  165
   17
    0
    0
    0
    0
    0
    0
    0
    0
    0
    0
    0
    0
    0
    0
    0
   24
   15
    2
    0
    0
   26
    0
    0
   60
   48
    0
  103
   14
   26
    0
    0
    0
    0
    0
    0
    2
    1
    0
   50
   20
   12
   10
    0
    0
    0
    0
    0
    0
   65
    0
    0
   25
    0
    0
    0
    0
    0
    0
   24
    0
    0
   26
    0
    0
    0
    0
   61
   11
    4
   41
    0
    0
    0
   11
    0
    0
    0
   10
    0
    0
    0
    0
   11
    0
    0
    0
    0
    0
    0
    0
   26
   40
    6
    0
    0
    0
    0
   11
    0
    0
    0
    0
    0
    0
    0
    0
    0
    0
    0
    0
    0
    0
   30
    0
   46
    0
   30
    0
    0
    0
    0
    0
   12
   15
   21
   37
   35
   41
   45
   21
    0
    0
    0
   80
   26
    1
    0
   21
   12
   11
   42
   26
    0
    8
    0
    0
    0
    0
    0
    0
    6
   16
    0
    0
   41
   44
   72
    0
    0
   71
    0
    0
    0
    0
    0
    7
   21
    0
    0
    0
    0
    0
    0
    0
    0
    0
    0
    0
    0
   21
   30
    0
    0
    0
    0
   91
    0
    0
    0
    0
    0
    0
    0
    0
   30
    0
    0
    0
   31
    3
  112
   21
   25
    0
   13
   67
    7
    0
   52
    0
   13
    0
    4
   70
   51
    4
   21
    0
   96
   21
    0
    0
    0
    0
    0
    0
   40
   30
    0
    0
    0
    0
    0
   58
    0
    0
    0
   20
   22
   25
   51
    0
    0
    0
   52
    0
    0
   26
    0
   70
   20
    0
    0
    0
    0
    0
    0
    0
    0
    0
    0
   34
    5
   11
   23
   51
   20
   12
   50
    0
    0
  132
    0
   90
    0
    0
    0
    0
    0
    0
    0
    0
    0
   46
    0
   45
   12
    6
    3
    0
    0
    0
    0
    0
    0
    6
   20
   18
    0
    0
    3
    0
    0
    0
    0
    0
    0
    0
    0
    0
    0
    0
    0
    0
    0
   11
    0
    0
   18
    8
   10
    3
    0
    2
   15
    0
    0
    0
    5
    0
    0
    0
    0
    0
    0
    0
    0
    0
    0
    0
    0
    0
    0
    3
    0
    0
   20
    5
   25
    0
    0
   14
    0
    0
    0
    1
    0
    0
    0
    0
   26
   18
   38
   50
   13
    0
    0
    0
    2
    0
    0
    0
    0
    0
    0
    0
   31
    0
   16
   13
    6
   36
   15
    6
   51
   12
   11
   20
   71
   43
   15
    5
    0
    0
    0
    0
    0
   23
   81
   40
   12
    0
    0
    0
   18
   25
    8
    0
    0
   15
    7
    0
   50
    0
    0
   65
   40
   16
   15
    0
   60
   23
    0
    0
    7
    0
    0
    2
    0
    2
    0
    0
    0
    0
   45
    0
    0
    0
    0
    2
    0
    5
   30
    0
    0
    0
    0
    0
    0
    0
    0
    0
   55
    0
    5
    2
    0
    0
    0
    0
    0
    0
    0
    0
    0
   31
    8
  132
    0
   21
   32
    0
    0
    0
    0
    0
    0
    0
    0
    0
    0
    0
   41
    0
   82
   50
    0
    0
    0
    0
    0
   45
  100
    0
    0
   15
   70
    0
    3
    0
    2
    1
   60
    1
   13
    0
    0
    0
   20
    0
    0
   21
    0
    0
   23
   35
    0
    0
   45
    0
    0
    0
    0
    0
    0
    0
   11
    0
    0
  143
    0
   24
   12
   60
    0
   26
   31
    0
    0
    0
   21
    0
    0
  110
    0
    0
   72
    0
    0
   13
   11
   74
  120
   14
    0
   24
  110
  111
  120
  170
   90
    0
    0
    0
   40
    0
    0
    0
    0
    0
    0
    0
    0
    0
    0
    0
    0
    0
    0
    0
    0
    0
    0
    0
    0
    0
    0
    0
   40
   52
    2
    0
    5
   62
    0
    0
    0
    0
    0
    0
    0
    0
    0
    0
    0
   42
   60
   12
    3
    0
    0
    0
    0
    0
    0
    0
    0
    0
    0
    6
    0
    0
    0
    0
    0
    0
   36
    0
    0
   75
    0
    0
    0
  320
   12
    2
    0
   21
    0
    0
   40
    0
    0
    2
   80
    0
    0
    3
   23
    6
    0
   22
    0
    0
    0
    0
    0
    0
   12
   31
  431
   13
   30
   15
    0
    0
    0
    0
    0
    0
    0
    0
    0
    0
    0
    0
    0
    0
    0
    0
    0
    0
    0
    0
    0
    0
    0
    0
    0
    0
    0
    0
    0
    0
   30
   42
   81
  170
   28
    0
    0
    0
    0
    0
   16
    0
   21
   20
    0
    0
   22
   43
   14
    0
    0
    0
    0
    0
    0
    0
    0
    6
    0
    8
    0
   13
   15
    0
    4
    0
    0
    0
    0
    0
    0
    0
    0
    0
    0
    0
    0
    0
    8
    0
    3
    0
    0
    0
    0
    8
    0
   78
    0
   30
   65
   50
   26
    0
   32
   31
    0
   30
   50
   21
   80
  185
  110
   80
  190
   40
    0
    0
   70
    0
    0
  102
   20
    0
    0
   30
    0
    0
   11
    0
    0
    0
    0
    0
    0
   25
   30
    0
    3
    2
    0
    0
    0
    0
    0
    0
    0
    0
    0
    0
   28
    2
  100
    1
   60
    0
    0
    2
   40
   63
    0
    0
   58
    0
    0
   75
    0
    0
    0
    0
    0
  100
   40
    0
   16
    0
    0
    0
    0
    0
    0
    0
    0
    0
    0
    0
    0
   41
   12
   31
   20
   50
   21
    0
    0
    2
   13
   63
    2
   10
    0
    0
    0
    0
    0
    0
    0
   21
   75
    0
    0
    0
    0
    0
   20
    0
    0
    0
    0
    0
    0
    0
   35
   36
   12
    0
    0
    0
    0
    0
    0
    0
    0
   16
   20
    0
  312
    6
    0
    0
    0
    0
    0
   85
    0
  132
    0
    0
    0
   12
    0
    0
    0
   20
    0
   32
    0
    0
    0
    0
  285
    0
    0
   11
   22
   60
   15
   76
  185
   20
    0
    5
    0
    0
   15
   20
   41
  206
   80
  180
    0
    0
   40
    0
    0
    0
    0
   26
   56
    6
    0
    0
    0
    0
    0
    0
    0
    0
    0
    0
    0
    0
    0
    0
    0
   26
    0
    0
    0
    0
  110
   35
   90
    0
    0
    0
    0
  235
   26
   31
    4
   70
    0
    0
   20
   40
    0
   51
   14
    6
   12
    7
    0
    0
   23
   14
    8
   70
   38
    5
   40
   30
    0
   28
    3
    0
    0
    0
    0
    0
    0
    6
    0
   61
   42
    0
    0
    0
    0
    0
    0
   35
    0
   13
    0
    0
   21
   10
    0
  150
   13
    0
    4
    0
    0
   40
    0
    0
  145
  134
   30
   11
    0
    0
    0
    3
    0
    0
    0
    0
    0
    0
    0
    0
    0
    0
    0
    0
   11
    0
    0
   13
   20
   31
    0
    0
    0
   25
   51
   40
    0
    0
    0
    0
    0
    0
    0
    0
   20
    0
    0
    0
    0
   16
    0
    0
    0
    0
   40
   13
   43
    0
    0
   53
   21
   73
  145
   40
   24
   21
    0
    0
    0
    0
    0
    0
    0
    0
    0
    0
    0
    0
    0
    0
    0
    0
    0
   18
    0
    0
    0
    0
    0
   75
  120
   71
   27
   80
   20
   13
    0
    0
    0
   18
   15
   12
    0
    0
    0
   42
   13
   24
    0
   12
    0
   23
   15
    0
    0
   62
    0
    0
    0
   31
   45
   16
    0
    0
    0
    0
   40
   11
   56
   22
   16
    0
   63
   12
    6
    0
   -9
   -9
   -9
   -9
   -9
   -9
   -9
   -9
   -9
   -9
   -9
   -9
   -9
   -9
   -9
   -9
   -9
   -9
   -9
   -9
   -9
   -9
   -9
   -9
   -9
   -9
   -9
   -9
   -9
   35
    0
    0
   30
    0
   32
   26
   13
    0
   90
   36
   18
   40
    0
   38
   31
    0
   16
    0
   80
   60
   86
   12
   40
   58
   20
   26
   22
    0
    0
   76
   21
    0
    0
    6
    0
    0
    0
    5
    0
    0
    0
    0
    2
    0
    0
    0
    5
    0
    0
   15
    0
    0
    0
    0
    0
    0
    0
    0
    0
    0
    0
    0
    0
    0
    0
    0
    0
    0
    0
    0
    0
    0
    0
    0
    0
    0
    0
    0
    0
    0
    0
    0
    0
    0
    0
    0
    0
    2
   30
    4
    5
    0
    0
    0
  135
    0
  221
   21
   23
  180
    0
   11
    0
    0
    0
    0
    0
    0
    0
    0
    0
    0
   52
   12
    8
    0
    0
    0
    0
    0
    0
   80
    0
   46
    0
   18
    0
   13
   40
    6
    0
   50
    0
   25
    0
    0
   23
   38
   25
    0
    0
   13
    0
    0
   44
    0
    0
    0
    0
    0
    0
    0
    0
   21
   91
    0
    0
    0
    0
    0
    0
    0
    0
    0
    0
    0
    0
    0
    0
    0
    0
   21
    0
    0
    0
   23
   41
   40
    0
    0
   72
   21
    0
   12
    0
    0
   10
   95
    0
    0
    0
    0
    0
    0
    8
   68
    0
    0
    0
    0
    0
    0
    0
    0
    0
   20
  130
   11
    0
    0
   20
    0
    0
   -9
   -9
   -9
   -9
   -9
   -9
   -9
   -9
   -9
   -9
   -9
   -9
   -9
   -9
   -9
   -9
   -9
   -9
   -9
   -9
   -9
   -9
   -9
   -9
   -9
   -9
   -9
   -9
   -9
   -9
   -9
   20
    0
    0
    0
    0
    0
    5
    0
    0
    0
    0
    0
   31
   63
   32
    0
   12
   36
   81
    0
    0
    0
   22
   15
    0
    0
    0
   25
    0
   25
   80
    0
   21
   18
    0
   20
    0
   75
   15
   30
   30
    0
    0
    0
    0
    0
   40
   92
   26
    0
    2
    0
    0
    6
    0
    0
    5
    0
    0
    0
    0
   25
    0
    0
   20
   15
    2
   40
    8
    0
   12
    0
    0
    0
    0
    0
    0
    0
    0
    0
    0
    0
    0
    0
    0
    0
    0
    0
    0
    0
    0
    0
    5
    5
    0
   10
   15
    0
    0
    0
    0
    0
    0
   35
   15
   15
   28
   15
    0
   60
   91
   18
    0
    0
    0
    0
   22
    6
    4
    5
    3
   12
    0
    0
    0
    0
    0
   13
    0
    0
   13
    0
    0
    0
    0
   50
   15
    0
    0
    0
   12
   15
    0
   51
    0
    0
    0
    0
    0
    0
    0
    0
    0
    0
    0
   82
    0
    0
    0
    0
    0
    0
    0
   25
   21
    0
    0
    0
    0
   81
    0
    5
   50
    0
    0
    0
    0
   60
    0
    0
    0
    0
    0
    0
    0
    0
    0
    0
    0
    0
    0
    0
   31
    0
    0
    0
    0
    0
    0
    0
    0
    0
    0
    0
    0
    0
    0
    0
    0
    0
   81
    0
    0
   41
   38
    0
    0
    0
   15
    0
    0
    0
  132
    0
    0
    0
    0
    0
    0
    0
    0
    0
    0
    0
    0
    0
    0
    0
   61
    0
    0
    0
  145
  180
    0
    0
    0
    0
    0
    0
   50
    0
    0
    0
    0
    0
    0
    0
    0
    0
    0
    0
    0
    0
    0
    0
    0
  140
    0
    0
    0
    0
    0
    0
    0
    2
    0
    0
    0
   50
   15
    0
    0
    0
    0
    0
    0
    0
    0
    0
    0
    0
    0
    0
   45
    0
    0
    0
    0
  131
  180
    0
    0
    0
    0
    0
    0
    0
    0
    0
    0
    0
    0
    0
    0
    0
   30
   31
   21
   30
    0
    0
    0
    0
    0
    0
    0
    0
    0
   55
    0
    0
    2
   63
    0
    0
    0
    0
    0
   41
   56
   12
   13
   11
    0
   32
    0
    0
    0
    0
    0
    0
    0
   40
    0
    0
    0
    0
    0
    0
    0
    0
   10
  161
   10
  170
    0
   20
    0
    0
  110
   31
   33
    0
    0
    0
    0
    0
    0
    0
    0
    0
    0
    0
    0
    0
   30
    0
   30
   31
   52
    0
    0
    0
    0
    0
    0
    0
    0
    0
    0
    0
    0
    0
    0
    0
   35
  101
    0
   70
    0
    0
    0
    0
   60
    0
  160
    0
   16
    0
    0
    0
    0
    0
    0
    0
    0
    0
    0
    0
    8
    0
    0
    0
   21
    0
    0
    0
    0
    0
    0
   21
   12
    0
   11
    1
    3
    0
    0
    0
   45
   21
    0
    0
    0
    0
    0
    5
    0
    0
    0
    0
    0
    0
   21
    0
   48
    0
    0
   70
   60
   60
    0
    0
   18
    0
    0
    0
    0
    0
    0
   40
   30
   30
  100
   20
   20
   21
    0
    0
    0
    0
    0
   50
   30
    0
    0
    0
    0
    0
    0
    0
    0
    0
    0
    0
   30
    0
    0
    0
    0
    0
    0
    0
    0
    0
    0
    0
   15
    0
    0
    0
    0
    0
    0
   40
   50
    0
    0
   50
   11
    0
   15
    5
   52
   20
    0
    0
   45
   36
   14
    0
   13
    0
    0
    0
    0
    0
    0
    0
    0
    0
    0
   30
    0
    0
   26
   15
    0
    0
    0
    0
    0
    0
    0
    0
    0
    0
    0
    0
    0
    0
    0
    0
    0
    0
    0
    0
   60
   72
    4
    0
    0
   65
   91
  152
  241
    0
    0
    0
    0
    0
    0
    0
   51
    0
    0
    0
   21
   50
    0
    0
    0
    0
   50
  141
   40
    0
    0
   46
   61
    0
    0
    0
    0
   20
   15
    0
    0
    0
    0
    0
    0
   13
    0
    0
    0
    0
    0
    0
    0
    0
    0
    0
    0
    0
    0
    0
    0
    0
    0
    0
    0
    0
    0
    0
   52
    0
    0
    0
    0
    2
   12
   20
    5
  132
    0
   40
   60
    0
    0
    0
    0
    0
    0
    0
    0
   15
  190
   30
   41
   26
  122
    0
   16
    0
    0
   25
  100
   43
    0
    0
    0
    0
    0
   20
    0
   15
    0
   61
    0
    0
   65
    0
   22
    0
    0
   45
    0
    0
    0
    0
   36
    0
    0
    0
    0
    0
    0
    0
    0
    0
    0
    0
    0
    0
    0
    0
    0
    0
    0
    0
    0
    0
    0
    0
   56
   30
   40
    0
    0
    0
    0
    0
    0
    0
    0
    0
    0
    0
    0
   21
    0
   30
    0
   13
  251
   15
   21
   18
    0
    0
   40
    0
   15
    0
    6
    0
   70
    0
    2
   41
   11
   45
    0
    0
    0
    0
    0
  145
   60
   40
    0
   15
    0
    3
    0
    0
    3
   52
    0
   21
    0
    0
    0
    0
   15
    0
  103
    0
    0
    5
   58
   30
    5
   20
    0
    0
    0
    0
    0
    0
    0
    0
    0
    0
    0
    0
    0
    0
   30
    5
    0
    1
    2
    0
    0
    0
    0
    0
    0
    0
    0
    0
    0
    0
    0
    0
    0
   10
   45
   45
    1
    6
   10
   10
   64
    0
    0
    0
    0
    0
    0
   11
    5
    0
    0
    0
    0
    0
    0
    0
    0
    0
    0
    2
    0
    0
    0
    0
    0
    0
    0
    0
   13
    0
    0
    0
  168
   28
  202
    0
    0
    0
    0
    0
    0
    0
    0
    0
    0
   82
   12
    0
   23
    0
    0
    3
   20
    0
    0
    0
    0
    0
    0
    0
    2
   30
    0
   56
    4
    0
   13
    0
    0
    0
   35
    0
    3
    0
   42
   15
   13
    0
    0
    0
   82
    0
    0
    0
   22
   31
    0
    0
   40
   80
   51
    0
    0
    0
    0
    0
    0
   42
   12
   21
    2
    0
    0
    0
    0
    0
    0
    0
   20
   32
    0
    0
    0
   41
    0
   51
   25
   40
   21
    0
   11
    0
  201
   40
    8
    0
    0
   30
   38
   40
    0
   20
  121
  215
    0
    0
    0
    0
    0
    0
    0
    0
    0
    0
    0
    0
    0
    0
   15
   71
    0
    0
    0
    0
    0
    0
    0
    0
    0
  171
    5
    0
    0
    0
    0
    0
    0
  155
   81
    0
    0
    0
    0
   13
    0
    0
    0
   25
    0
    0
    0
    0
    0
   12
    2
    0
   21
    0
    0
   18
    0
    0
    0
    0
    0
    2
    0
    0
    0
    0
    0
    0
    0
    0
   12
    2
    0
    0
    7
    0
    0
    0
    4
   30
    0
    0
    0
    0
    0
   65
    0
    0
    0
    6
   70
    0
    0
   12
   10
   15
    0
    0
    0
    0
    0
    0
    0
    0
    0
   20
   10
    0
    0
    0
   34
    0
    0
    0
    0
   14
    0
   22
    0
    0
    0
    0
    0
    0
    0
    0
    5
   25
    0
    1
   60
  131
  152
    0
    0
   86
    0
    0
    0
    2
    0
    0
    0
   13
    0
    0
   31
   40
    0
    0
    0
    0
    0
    0
    0
    0
    0
    0
    2
    0
   10
    0
    1
    0
    0
    0
    0
    0
    0
    0
    0
   90
   60
   91
    0
   36
   91
   20
    0
    0
   71
   12
    0
    7
    0
    0
    0
    0
    8
    0
  135
   50
    0
   15
    3
    0
    0
    0
    0
   20
    0
    0
    0
   21
  153
    0
    0
    0
    0
    0
    0
    0
    0
    0
   11
    0
    8
    2
    0
    5
    2
   81
    6
    0
    0
    0
   20
   15
   14
   43
   22
   20
    0
    0
    0
   16
    0
   10
   60
    0
    0
    0
    0
    0
    0
    0
    0
    4
    0
    0
    0
   90
    0
    0
    0
   15
   10
  134
  142
   31
   11
    0
    0
    0
   11
   10
   81
   41
    0
   21
   82
    0
    0
    0
    1
    0
    0
   72
    0
   67
    0
    0
    6
    0
    0
    0
    0
    0
    0
    0
    6
   13
   30
   26
   21
    0
    0
    0
    0
    0
    0
    0
    1
    0
   17
    0
    0
    0
   14
    0
    0
    0
    0
   11
   20
   60
  101
   52
    0
    0
    0
    0
    0
    0
    0
    0
    0
    0
    0
    0
    0
    0
    0
    0
    0
    0
    0
    0
    0
    0
  242
    0
    0
    0
    2
   40
    0
    0
  112
    0
    0
    0
    0
    0
    0
   23
    0
    0
    0
    0
    0
    0
    0
    0
    0
    0
    0
    0
    0
   31
    0
   71
  135
   31
    0
    0
    0
   30
    0
    0
   71
    0
    0
    0
   61
    0
    0
    0
  261
    0
    0
    0
  186
    0
   16
    0
    0
    0
    0
    0
    0
    0
    0
    0
    0
    0
    0
    0
    0
    0
    0
   72
   60
    0
    0
   15
    0
    0
  122
    0
    0
   32
   14
    0
   51
    2
   35
    0
    0
  362
    0
   46
    0
    6
   13
    0
   41
    0
    0
    0
    0
    0
    0
   21
    0
    0
    0
    0
    0
    0
    0
    0
    0
   23
    0
    0
    0
    0
    0
    0
    0
    0
    0
   32
  157
   37
   13
    0
   17
    0
    2
    0
    0
   15
    2
    0
    0
    0
    0
    0
    0
   45
   30
    6
  163
   72
   40
   35
   12
    0
    0
    0
   32
    0
   10
   21
    0
    5
    0
    0
    3
   35
   11
   30
    8
    5
    5
    5
   10
   10
   14
   48
   28
   15
   30
   21
    0
   15
   20
    0
    0
    0
   21
    0
   91
    0
    0
   71
    0
    0
    0
  181
   21
   60
    0
    0
    0
    0
    0
   61
   68
   44
    0
    0
    0
    0
    0
    0
    0
    0
    0
    0
    0
    0
    0
    0
   13
   40
   15
    0
    0
    0
   56
  123
    8
    0
    0
    0
    0
    0
    1
    6
    0
   51
    0
   64
    5
   13
    0
    0
    0
    0
    0
    0
    0
    0
    0
   21
   54
    0
    9
    8
    0
    0
    0
    0
    0
   10
   50
    0
    0
   14
   36
   11
    3
    2
    0
    0
    0
    1
    0
    0
    0
    1
    0
   21
   15
    0
    0
    0
    0
    0
    0
    0
   20
    0
   13
    0
    4
    0
    0
    0
   17
    4
    0
   18
    0
    6
    0
    0
    0
    0
    0
    0
    0
    0
   15
   12
   14
    0
    0
    0
    0
    0
    0
    0
    0
    0
    0
   71
   13
    0
    0
    0
    0
    0
    0
    0
    0
    0
    0
    0
    0
   91
    0
    0
    0
    0
   20
    0
    0
    0
    0
    0
   12
    0
   10
    0
    0
    0
    0
    0
  372
   11
    0
    0
    0
  261
   41
   36
    0
   21
   20
    0
   68
  101
    0
    0
    0
    0
    0
    0
   21
  157
   43
   21
    0
    0
   40
    0
   25
   15
    0
    0
   46
    0
    6
    0
   15
   10
    0
    0
    0
    0
    0
    0
    0
  242
    0
    0
    0
    0
   26
    0
    0
    0
   52
   31
   83
    0
    0
   93
    0
    4
   31
   36
    0
    0
   28
   91
   17
    0
   34
   92
    0
    0
    0
    0
  111
    0
    0
   20
   61
   31
    0
    0
    0
    0
    0
    0
    0
    0
    0
    0
    1
   34
    0
    0
    0
    0
    0
    0
    0
   64
    5
    0
   31
   30
   51
   35
    0
    0
   35
    0
   20
    8
   23
  151
    0
   45
   72
   11
    0
    0
    0
  173
    4
    0
    0
    0
    0
    0
    0
    0
    0
    0
    4
   14
    0
    0
    3
    0
   19
    0
   20
    0
    8
    5
   84
   21
    0
    0
    0
    0
   20
    0
    0
   60
    0
    0
    0
    1
    0
    0
    0
    0
    0
    0
    0
    1
    0
   42
   34
   15
    8
    0
    2
    0
    0
   74
   16
   23
    0
    0
    0
    0
    0
   61
    0
    0
    0
    0
    0
   15
    0
    0
    0
   45
    0
    0
    0
    0
   11
   60
    4
   28
    3
   51
   75
    4
    0
    0
    6
    0
   50
   41
  100
    1
    7
   12
  117
   31
    0
    0
   57
   24
   41
    0
  121
   81
    0
   10
    0
    6
    0
    0
    0
   21
   82
   23
    0
    0
    0
    0
    0
   18
    6
    0
    0
   42
    0
  102
   24
   71
   18
   14
   15
   21
    0
    0
    0
    0
    0
    0
    0
    0
    0
   18
   24
    3
    0
    0
    0
    0
    0
    0
    0
    0
    6
   45
    6
    5
    0
    0
    0
   51
   61
   32
   51
    0
   31
   42
   21
    0
    0
    0
   21
   96
   61
   31
  176
   56
   71
   63
   42
   53
   20
   31
   42
    0
   60
   27
    1
    0
    4
    0
   23
    0
    2
    0
  102
    0
    0
    0
    0
    0
  104
  126
  267
   57
    6
    0
    0
    0
    0
    0
    0
    0
    0
    0
    0
    0
    0
    0
    0
    0
    0
    0
    0
    0
   31
  181
    0
    0
    0
    0
    0
    0
    0
    0
    0
    6
   76
    0
  314
  345
   31
   33
   21
  124
   40
    3
   31
    0
    0
    0
    0
    0
    0
   91
    0
    8
   94
    0
    0
   16
   12
   13
    0
    0
    0
    0
    0
   52
    0
    0
    0
    0
    0
    0
    0
    0
    0
    0
    0
    0
  161
    0
    0
    0
    0
  152
    0
    0
  161
   16
    0
    0
    0
    0
    0
   71
    0
    0
    0
    0
    0
    0
    0
    0
    0
    0
    0
    0
    0
    0
    0
    0
    0
   98
    0
    0
    0
   40
    0
   11
    0
    0
   50
  240
   41
  210
    6
    2
    0
   84
  163
    0
    0
    0
    0
   15
   25
   91
    0
   64
   36
    0
    0
   14
    0
    0
    0
    0
   64
   88
   14
  204
    0
   58
    0
   30
    0
   45
  160
    0
    0
   21
   15
    0
    0
    0
    0
    0
    0
    0
    0
    0
    0
    0
    0
   20
   70
    0
   20
    0
    0
    4
   12
    0
    0
    0
    0
    0
    0
    0
    0
    0
    0
    0
    0
   56
    3
    0
    0
    0
   36
    0
   82
   41
    0
    0
    0
    0
    0
    0
   10
   23
    0
    0
    0
    0
    0
   20
   40
    0
   20
  110
    0
   31
    0
    0
    0
    0
   21
   20
   31
   13
    0
    0
    0
    0
    0
   31
    1
    2
    0
    0
   51
    1
  110
    0
   51
   40
    0
    0
   18
    0
    0
    0
    0
    0
    0
    0
    0
    0
   31
   56
   14
    6
    3
    2
   20
   11
    0
    0
    0
    0
    2
   15
   60
    1
   22
    3
    0
    0
   15
    0
    0
   20
   26
   15
    4
   51
   13
    3
   31
   43
   51
    0
   61
    2
    0
   30
    0
    0
   20
    0
    0
   51
   62
    0
   40
   21
    0
   41
    0
   43
    5
    0
    8
   30
    0
   51
    0
    0
   10
    5
    0
   16
    0
    0
   21
    0
    0
    4
    0
    3
    0
    2
    0
    0
    0
    0
    0
    4
    3
  101
   12
   20
   21
    1
    0
    0
    0
   10
   52
   47
   40
   10
    0
   76
   35
    0
    0
    4
    0
    0
   23
    0
   23
  100
   31
   20
    0
    0
   18
   30
   63
   46
   98
    0
    0
    0
    0
    0
    8
   10
    0
    0
    0
    0
    0
    0
    0
    0
    0
    0
    0
   21
   40
   42
    0
   12
    0
    0
    0
    0
   70
  151
    0
    0
    0
    0
    0
    0
    0
    0
    0
    0
    6
   91
   70
  151
  153
    0
    0
    0
    0
   71
    0
    0
    0
   41
    4
   51
    0
    0
    5
   40
    7
    0
    0
   50
   40
    0
   34
    0
    0
    0
    0
    0
    0
    0
   30
    0
    0
    0
    0
    0
    0
    0
    0
    0
   41
    0
   96
   34
  106
   30
   28
    0
    0
    0
    0
    0
    0
    0
    0
   21
   24
    0
    0
    0
    0
    0
    0
    0
    0
    0
    0
    0
    0
    0
    0
    0
   60
    0
    0
    0
    0
    0
    0
   72
    0
    0
    0
    0
   61
   20
   60
   30
    0
    0
  152
  102
    0
    0
   35
    0
    0
   12
   38
    0
    0
   35
    4
    0
    0
    0
    0
    0
    0
  201
   52
    0
    0
    0
    0
    0
   90
  110
    0
   30
   30
   28
    0
    0
    0
   15
    0
    0
    0
    0
    0
    0
    0
    0
    0
    0
    0
    2
    0
    0
    0
    0
    0
    0
    0
   14
    0
   21
    0
    0
    0
    6
   48
   75
   51
    3
    0
   63
   14
   32
    2
    0
    0
    0
    0
    0
   42
    3
    0
   26
   55
    0
    0
    3
    0
    0
    0
    0
    0
    3
    1
    0
    0
    0
    0
    0
    2
   23
    8
    0
    0
    0
   23
    2
    0
    0
    0
    0
    0
    5
    2
   50
    0
  132
   50
    0
    0
    2
    0
    0
    0
    0
    0
    6
    8
    2
    0
    0
    0
    0
    0
    0
    0
    0
    0
    0
    0
    0
    0
    0
    0
    0
    0
    0
    0
    0
    0
    0
   52
   33
    0
    0
    0
    0
    0
    4
    9
    7
    6
    0
    0
    0
    0
    0
    5
   35
    5
    0
   65
   15
    8
   33
   30
   10
    5
    5
    0
    0
    0
    0
    0
    0
    0
    0
    0
    4
    0
    0
   25
    0
    0
    0
    0
    1
    0
    0
    0
    0
    0
    0
    0
    0
    0
    0
    0
   56
    0
    0
    0
    0
    0
   26
   45
    0
    0
    0
    0
    0
    0
    0
    0
    0
    0
    0
   75
   15
    0
    0
    0
    0
    0
    0
    0
    0
    0
    0
   36
   35
    0
    0
    0
    0
   30
    0
    0
   20
    0
    0
    0
    0
   26
  151
   80
   15
    0
   14
    0
    0
    0
    0
   23
   20
   36
    0
    0
   10
   51
    0
   70
   15
    0
    0
    0
    0
    0
   81
   31
    0
    0
    0
    0
    0
    0
   31
    0
    0
    0
    0
    0
    0
    0
    0
   10
    0
    0
    0
    0
    0
    0
    0
    0
    0
    0
   13
   70
   11
   15
   11
   71
   63
   16
   27
  276
    0
    0
   61
    0
    0
    0
    0
    0
    0
    0
    0
    0
    0
    0
    0
  181
   51
    0
    0
    0
  104
  172
    0
    0
    0
    0
    0
    0
    0
  190
    0
    0
    0
   25
   10
  242
   31
   30
   20
    0
    0
    0
    0
    0
    0
    0
    0
   15
    0
    0
   14
    0
    0
    0
    0
    0
    0
    6
   15
   20
   14
    0
   13
   16
    5
   35
   21
   10
    7
    0
    0
    0
    0
    0
   61
    0
    0
    0
   31
    0
   30
   13
   30
    0
  120
    5
    0
    0
    0
    0
    0
    0
    8
    0
    0
    0
    0
    0
    0
   91
   32
    0
    0
   21
   92
    0
   15
    0
    0
    0
   56
    0
    0
    0
   30
   42
   31
    0
    0
    0
    0
   70
    0
    8
   20
    0
   21
   30
    0
   12
   24
    0
  111
   42
    0
    0
    0
   20
    0
   32
   36
   26
   24
   71
    0
   12
   34
   64
    0
    0
    0
    0
    0
    0
    0
    0
    0
    2
    0
    0
    0
    0
   41
   51
    0
    0
    0
    0
    0
    0
    0
    0
    0
   15
    2
    0
    0
    0
    0
    0
    0
    2
    0
    0
    0
    1
    0
    0
    0
    0
    0
    0
    0
    0
   41
    5
    0
    8
    0
   20
   25
    0
    2
    0
    0
    0
    0
    0
    0
    0
   40
    0
    0
    0
    0
    0
    0
   60
   71
   11
    0
   15
    0
   32
  103
   40
    0
   60
    0
    0
    2
   70
   53
    0
    0
    0
    0
    0
    0
    0
    0
    0
    0
    0
    0
    0
    0
    0
    5
   28
   55
    0
   20
   64
   11
    0
    0
   21
    0
    0
   11
   13
   48
    3
    0
    0
    0
    0
   34
    2
  110
    0
    0
    0
    0
    0
    8
    0
   14
    2
    0
    0
    0
    5
    0
    0
    0
    0
    0
    0
    0
    0
    0
   24
   60
    2
    0
    0
    1
    0
   20
   79
    0
    0
   23
    0
    0
    0
    0
   20
    0
    0
    0
    0
   15
   17
   31
   30
    0
    0
    0
   37
    0
    4
    0
    0
    0
    0
    0
    0
    0
    0
    0
    0
    0
    0
    0
    0
   98
   20
  141
    0
    0
    0
    0
    0
   12
   70
    0
   31
   51
   15
   20
    0
    0
    0
   50
    0
    0
    0
   21
    0
    0
    0
    0
    0
    0
    0
    0
    0
    0
   91
   70
    0
  153
  105
  273
  256
   31
    0
    0
   53
    0
    0
    0
    0
   20
   56
    1
    0
    0
    0
    0
    0
    0
    0
    0
    0
    0
    0
    0
    0
   24
    0
    0
    0
    0
    0
    0
    0
    0
    0
    0
   50
    0
  192
    0
    0
    0
