Station: Tiefensee, Kreis Delitzsch , scaling_factor: 10.0, latitude:  51.5834, longitude:  12.5301, altitude:  90, nodata_value: -9
start: ..1969-01-01  end: ..2002-12-31
  175
   67
    0
    0
    0
    0
    0
    0
    0
    0
    0
    0
    0
    0
    0
    0
    1
   11
    0
    0
    8
  135
    8
   33
   63
    8
    4
   21
    0
    0
    0
    0
    8
    0
    1
    0
    0
   24
    0
    5
    6
    0
    6
   16
    2
  258
    2
    0
    0
    0
   12
    0
    0
    0
    2
   37
    0
    0
    0
    0
    0
    0
    0
    0
    0
    0
    0
    0
    0
   47
   32
  195
    0
   58
    0
    0
    0
    0
    0
    0
    0
    2
    1
    1
    1
    0
    5
    0
   18
   89
   12
    5
    0
    0
    0
    0
    0
    0
    0
    0
   63
   49
    3
    2
  101
   55
   37
   23
    0
    0
    2
  116
   28
   54
    0
    0
   36
   37
   61
   18
    2
    0
  195
   74
    0
    0
   19
    0
    0
    2
    0
    0
    0
    0
   10
    5
    0
   17
    5
  119
   77
    1
    0
    0
  113
    0
    0
    0
    0
   80
    0
  126
    0
   58
    0
   38
   43
    0
    0
    0
    0
    0
    0
    0
    1
    0
    2
    0
    3
   21
   19
    0
    0
    0
   64
    5
   21
    6
   46
   59
    0
    0
    0
    0
   12
    0
    0
    0
   15
   18
    5
   47
    0
    0
    0
    0
    0
    0
    0
    0
    0
    0
    0
    0
    0
    0
    0
    0
    0
    0
    0
    0
    0
    0
    0
    0
    0
   29
    0
    0
    0
    0
    0
    0
   78
   61
   45
   13
  147
    0
    0
  137
    3
    1
    1
    0
   17
    4
   43
    0
  203
  151
    0
    0
    0
    0
    0
    0
    0
    0
    0
    0
    0
    0
    0
    0
    0
    0
    7
    0
    0
    0
    0
    3
   16
    0
    0
    0
    0
   12
    0
    0
    0
    0
   84
   14
    0
    0
    0
    0
    0
    0
    0
    0
    0
    0
    0
    0
    0
    0
    0
    0
    0
    0
    0
   90
    6
   10
    0
    0
    0
   26
   22
   27
    0
    0
    0
   35
    2
    0
   39
   22
   17
    0
    0
   13
    0
   12
    0
    0
    0
    9
   42
   28
    0
    0
    9
   16
    0
   62
   17
    1
   24
    0
    0
   16
   87
    0
    0
    0
    2
    7
    0
    0
    0
    0
    0
    2
   41
    4
    2
   41
    5
    1
    0
    0
   29
    0
    0
    0
    0
    1
   26
    1
   18
   16
   52
   47
   18
   97
    0
    1
    1
    2
    0
    0
    0
    0
    0
    0
   29
    0
    0
    0
    0
    0
    0
    0
    0
    0
   29
   65
   14
    0
    0
    0
    0
  143
   10
   22
    1
    0
    0
   12
   54
   14
    0
    2
    3
    0
    0
    9
    8
    4
   33
    9
   36
  161
   73
   21
    0
   27
   46
    2
   89
   74
    2
   80
  171
    1
    0
    0
    0
    0
    0
    0
    0
    0
   11
    0
   35
   13
    7
   35
    0
    0
    0
    3
    6
    0
    2
   40
    2
    0
    9
   12
    5
    3
    0
    1
    5
    3
    0
  152
    0
    0
    0
   11
    0
    3
   71
    0
    0
   27
   25
    2
    1
    1
   13
   14
   30
    1
    0
   35
   88
  112
    2
    0
    0
    0
    0
    0
    0
    0
    0
   49
  111
    0
    0
    0
    0
    0
    0
   31
    0
   45
    7
    0
    0
    9
   82
  234
   68
    9
  119
   31
    0
    0
    0
   27
    7
    0
    0
    0
    0
  102
   21
    0
    0
    0
    0
    0
    0
    0
    0
    0
    0
   64
    6
    7
    0
    0
    0
   41
   86
    0
   64
   11
   13
    0
    0
    0
    0
    0
    0
    0
    0
    0
    0
   47
   23
   21
    3
    0
   59
   56
    1
    0
    0
   18
   84
   31
    1
    0
   17
    0
   85
  233
    0
   31
    0
    0
    0
    0
  206
    1
   34
    0
    0
    0
   13
    0
  111
    6
    0
    0
    0
  253
  235
    1
   91
    2
    0
    0
    0
    0
    0
    0
   51
    0
   42
   23
    1
   24
    1
  102
    0
   26
   82
    0
   11
    1
    2
    0
    0
    0
    0
    0
    2
    0
    0
    2
   11
    0
    0
    0
    0
  103
   23
  126
   57
   44
    2
    0
    0
    0
    0
    0
    0
    0
    0
    0
    0
    0
    0
    0
   66
   12
   49
   46
    2
   71
    2
   42
    7
  156
    1
   39
    1
    1
  174
   55
    2
   29
   78
    1
    0
   52
    5
   42
   15
    1
   51
    0
    5
    6
   16
    0
    0
   61
   25
    0
    0
    0
    0
    5
    0
   51
    1
   15
   55
   55
   58
    9
    0
   15
    0
    4
   12
    0
    0
    0
    0
    0
    0
   11
    0
    0
    6
   16
    7
    0
    0
    0
    1
    1
   79
    0
   71
    1
   -9
   -9
   -9
   -9
   -9
   -9
   -9
   -9
   -9
   -9
   -9
   -9
   -9
   -9
   -9
   -9
   -9
   -9
   -9
   -9
   -9
   -9
   -9
   -9
   -9
   -9
   -9
   -9
   -9
   -9
   -9
    1
    0
   16
    6
    3
    5
    3
    6
    2
    0
    0
   16
    9
    0
    0
    0
    2
    1
    0
    0
   33
   42
   11
   24
    3
    3
   16
   30
    9
    0
    0
   32
    1
    0
    0
    0
   32
   14
    0
   21
    0
    0
    0
    0
    2
    0
    0
    0
    0
    3
    0
   21
   33
    0
    0
    0
    0
    1
   18
    0
    0
    0
    0
    0
    0
    0
    0
    0
    0
    0
    0
    0
    0
    0
    0
   73
    0
    0
   32
    0
    0
    0
  191
   19
   31
    2
    0
    0
    0
    0
    0
    0
    0
    0
    0
    0
    0
   24
    0
    0
    0
  363
  154
    0
    0
    0
  302
    0
  352
    0
    0
   13
   12
    0
   61
    0
    2
    0
    3
    0
    0
    4
    0
  147
    0
   19
   64
   40
   41
   23
    2
    0
    3
    0
   38
   31
    6
   32
   28
   61
    1
   29
    0
    0
    0
   68
    1
  145
   25
   26
    0
   95
    0
    0
    0
    0
    0
    0
    0
    0
    0
    0
    0
   51
    0
    0
    0
    0
    0
    0
    0
    0
    0
   12
    0
    0
    0
    0
    7
    0
    0
    0
    0
    0
    0
    0
    0
    2
   26
    0
    0
    0
    0
    0
   74
    0
    0
    0
    0
    0
    0
  233
  284
   19
    0
    0
    0
    0
    0
    0
   19
   13
    0
    0
    0
    0
    0
    0
    0
    0
   91
    0
    0
    4
    0
    3
    2
    0
    0
   71
    0
    0
    0
    0
   18
    2
   71
    0
    0
   87
    2
    0
    0
    0
    0
    0
    0
    0
    0
    0
    0
    0
    0
    7
   82
   48
    7
    0
    3
    0
    0
   15
    8
    2
    0
    0
    0
    0
    0
    0
    0
    0
    0
    0
    0
    0
    0
    0
    0
    0
    0
    0
   12
    0
    2
    3
    3
   13
   23
   72
  122
    0
    0
   47
    0
   30
    4
    0
    0
    0
    0
    0
    0
    0
    0
    0
   32
   11
    9
   24
    2
   73
   42
   84
  166
    2
    0
    0
    0
    0
    0
   42
   57
   23
   48
   39
    0
    0
    0
    0
   12
    0
   22
    0
    0
    0
    3
    0
    0
    0
    0
    0
    0
    0
    0
    0
    0
    0
    0
    0
    0
    0
    0
    0
    1
    0
    0
    0
    0
    0
    5
    0
    0
    1
    0
    0
    0
    0
    0
    0
    0
    0
    0
    0
   39
    0
    0
    0
    0
    0
    0
    0
    0
    0
    0
    0
    0
    0
    0
   22
    0
    0
    0
    0
    0
    0
    0
    0
    0
    0
   72
    0
    0
  252
    0
    0
    0
    0
    0
    0
    0
    0
    0
    0
    0
    0
    0
    0
    0
    5
   51
   23
   18
    2
  108
    0
   39
    0
   18
    0
   61
   35
   17
    0
    0
   32
   11
    0
    0
   11
    0
    2
   60
   51
    0
   41
    0
    0
    0
    0
   11
   11
    4
    0
    0
    0
    0
   23
    0
    0
    0
    0
    0
   41
  104
    0
    3
   19
    0
    0
  188
    0
   51
    6
    0
   12
    0
    0
   35
   33
   70
   24
   59
   21
    0
    0
   -9
   -9
   -9
   -9
   -9
   -9
   -9
   -9
   -9
   -9
   -9
   -9
   -9
   -9
   -9
   -9
   -9
   -9
   -9
   -9
   -9
   -9
   -9
   -9
   -9
   -9
   -9
   -9
   -9
   -9
    0
    0
   13
    0
    0
    0
    0
    0
  161
   82
    0
    0
    0
    0
    0
    0
    0
    0
    0
    0
    0
   12
   20
    0
    0
    0
    0
   81
  291
  293
    0
    0
    0
   10
    0
    0
    0
    0
    0
   25
    0
   86
    0
   46
    0
  355
   32
   47
   65
    0
    0
    0
    6
    0
    0
    2
    0
    0
    0
    0
    0
    0
   14
    0
    0
    0
    0
    0
    0
    0
    0
   81
    3
    0
    0
    0
    0
   31
   39
    0
    0
    0
    0
   41
   19
   51
   15
   37
   11
   30
    0
    0
    0
    0
    0
    0
    0
    0
    0
    0
    0
    0
    0
    0
    0
    0
    0
    0
    0
    0
   34
   31
    4
  100
   15
    3
    0
    4
    0
  175
    3
    0
    0
    0
    0
    0
    0
    2
    6
    0
    0
    0
   38
   20
   44
    0
    0
    4
    0
   72
   12
    2
   38
    3
   13
   12
   21
    0
    0
    0
    0
    0
    2
    0
    0
   21
    0
    0
    0
    2
    0
    0
    0
    0
    0
    0
    0
    0
    0
    0
    4
    0
    0
    0
    0
    0
    0
    0
    0
    0
    0
    0
    0
    0
    0
    1
   13
    0
    5
    1
    2
    3
    0
    1
    0
    0
    0
    0
   49
   21
    0
    0
    2
    0
   14
    0
    0
    0
    0
   52
   56
    2
   32
   10
   36
    8
    0
    0
    0
    0
    0
    2
   21
   16
   11
   13
   31
    1
    0
    0
    0
    0
   52
    0
    1
    7
   33
   37
   41
    0
   10
    0
   21
    0
   20
   53
    2
    0
    0
    5
   24
    0
    0
    1
    3
    0
    0
    0
    0
   14
   12
   19
    0
    0
    0
    0
    0
    0
    0
    0
    0
    0
    0
    0
   48
   52
   15
    0
   13
    0
   13
    0
    9
   53
   18
   58
    0
    0
    0
   17
   27
    5
    2
    2
    0
    6
    0
    0
    0
    0
    0
    0
   49
    0
   25
   30
    0
    0
   87
    4
   19
   61
    2
    5
    0
    0
    0
   41
    0
    0
    0
    0
    0
    0
   74
    0
    8
   20
    6
    0
    0
    0
    0
    0
   21
  202
   32
    0
    0
    0
    0
    0
   21
    0
    3
    0
    0
   62
    0
    0
    0
   25
    0
    0
    0
    0
    0
   75
    0
    0
    0
    0
   15
    1
    0
    0
    0
    0
    0
    0
    0
   29
    0
    0
    0
   35
   26
   43
    0
   54
    0
    0
    7
    0
   15
    0
   28
   29
   21
   50
   79
   95
   65
    0
    0
    0
    0
    0
   37
    4
    0
   15
   84
   14
    0
    0
    0
    0
    0
    0
    0
    0
    0
    0
    2
   15
    0
    0
    0
    0
    0
    0
    0
    0
    0
    5
  201
   10
   14
    0
    0
    0
    0
    0
    0
   40
    0
    0
    0
    0
    0
    0
    0
    0
    0
   28
   36
   40
    0
    9
   49
    0
    0
    0
   16
    0
    1
    0
    0
    0
    0
    0
    0
    0
    0
   22
    0
   79
    0
    0
   35
   46
  129
   10
    0
  104
   99
   64
   49
   50
    0
    0
    0
    0
    0
    0
    0
    1
    0
    0
    0
    0
   75
    6
   11
    0
    0
   32
    5
   38
   30
   31
   10
   27
    0
    0
    4
    2
    0
    0
    2
   36
   23
    3
   12
   30
   42
    0
    0
    0
   62
   14
    4
   15
  135
   11
    0
    0
   44
    0
   10
    0
   25
   31
    0
    0
    0
    0
    6
    0
    0
    0
   12
    0
   10
    2
    0
    0
    0
    0
    0
    0
    0
    0
   48
   65
    0
    0
    0
    3
    0
    0
   22
   11
    9
   40
  139
    0
    0
    0
    0
    0
   22
    0
    0
    1
    0
    0
    0
    0
    0
    0
    0
    0
    4
   90
   18
   38
   14
    0
    0
    0
    0
    0
    0
    0
    0
    0
   34
    0
   23
  148
   38
    0
    0
    0
    0
    0
    0
    0
    0
    0
   23
    0
    3
    0
    0
    0
    0
    0
    0
    0
    0
   11
   32
   94
    3
    0
    0
    0
    0
    0
    0
    0
    0
    0
    0
    0
    0
    0
    0
    0
    0
    0
    0
    0
    0
    0
    0
    0
    0
    0
    0
   66
    0
    0
    0
    0
    0
    0
    0
    0
   13
    0
    0
    0
   28
    0
    0
    0
    0
    4
   26
   34
   57
    6
    0
    0
    0
   64
   30
    4
   63
    0
    0
    0
    0
    0
    8
  112
   26
    0
    0
    0
    0
    0
    0
    0
    0
   68
    0
    4
    4
    0
    0
    0
   91
   42
   24
    3
   30
   36
   52
    2
    0
    9
    0
  153
    0
    0
    0
   46
    6
    0
    0
   70
   29
   83
    0
   26
  151
    8
   73
   46
    3
   56
    0
    0
   58
   21
   37
    0
    3
   11
    0
    0
    0
    0
    0
   32
    0
    0
    0
   65
   57
    0
   12
    0
    0
    0
    0
    0
    0
    0
    0
   18
    0
    0
   31
   21
   18
  232
   20
    0
    0
    0
    0
   91
   23
    8
  252
    0
    0
    0
    0
    0
    0
  169
    0
    0
    0
    0
   25
    0
   62
   31
    0
    7
    0
    0
   25
    0
    0
    0
   21
    0
    0
    0
    0
   12
    0
    0
    0
    0
    0
    0
    4
    7
    6
  123
    2
    0
    0
    0
    0
   19
    3
    9
   12
    0
   28
    0
    0
    0
    0
   24
  135
  164
    7
    0
   30
  131
  110
  359
    4
   22
   58
   23
   51
   57
    3
    5
   35
  302
   52
    0
    0
    2
    0
    0
    0
    7
   32
    0
    0
    0
    0
    0
    0
    0
   16
    0
    0
    4
   41
    0
   13
   31
    4
   17
   13
   13
   24
    9
   16
    2
   41
   29
  143
  205
   65
   26
    0
   25
   66
    0
   13
   27
    3
   35
   31
    0
    0
    0
    0
    0
    1
  129
    1
   15
   40
   28
   73
   77
   46
    0
    0
    0
    0
    9
   31
    7
    5
    0
    0
    0
    0
    0
    0
    0
    0
    0
   18
    0
   20
    7
    3
    0
   31
    0
   15
   53
    0
    0
    0
   36
   34
    0
    0
    0
    0
    0
    0
    0
    0
    0
   14
   17
   14
    0
    0
    0
   11
   10
    0
    0
    0
    0
    0
    0
    0
    0
    0
    0
    3
    0
    0
    0
    0
   18
    0
    0
    0
    0
    7
    0
   47
   14
    4
    0
    0
   77
    9
    0
    0
    0
   43
   36
   42
   27
    0
    0
    3
    0
    0
   26
   12
   22
   62
   84
    0
   15
    0
    0
    4
   20
   12
  151
   48
   10
    0
    0
    0
    4
    0
    0
    0
    0
    0
    0
    0
    0
    0
    0
    0
   33
   35
    0
    0
    0
    0
  104
   73
    0
   56
   18
    0
    0
    0
    0
   14
   30
    0
    0
    0
    0
    0
    0
    0
    0
    0
    0
    0
    0
    0
    0
    0
    0
    0
    0
    0
    0
    4
   16
   53
    0
    0
   11
   13
  201
    0
    2
   36
    0
    0
  189
   28
    0
    0
    0
    0
    0
    0
    8
    0
    0
    0
    0
    0
    0
    0
    0
    0
  392
    0
   35
    0
    0
  144
    0
    0
    0
    0
   66
    0
    0
    0
    0
    0
  108
    0
    0
    0
    0
    0
   44
    0
    0
    0
    0
    0
    0
    0
    0
    0
    0
    0
    0
    0
    0
   72
    0
   30
    0
    0
    0
    0
  263
   17
    0
   42
   63
    0
    0
    0
    0
    0
    0
    0
    0
    0
    0
    0
    0
    0
    0
    0
   90
   31
   16
    0
    0
    0
    0
    0
    0
    0
    0
    0
    0
    0
    0
    0
   16
   25
    0
    6
    0
   21
   26
    6
   30
    0
   13
    8
   44
   20
    0
   11
   30
    0
    0
    0
   37
   20
    9
    7
   57
    1
    0
    0
    0
    0
    0
    0
   11
    0
    0
    0
    0
    0
    0
    0
    0
    0
    0
    0
    0
    0
    0
   11
   32
    0
    0
    0
    0
  127
   32
   56
    0
    0
    0
    0
    0
    0
   19
   11
    0
    0
    2
    0
    9
    2
    0
    0
    0
   21
   28
    0
    0
    2
    0
    0
    0
    0
    0
    0
   10
    0
    0
    0
   26
   25
   47
    0
    0
    0
    0
    0
  150
   56
    5
    2
   19
   21
    0
    0
   45
  107
   45
  108
  112
   41
    9
    6
    5
   10
   70
   53
   50
   31
   12
    0
    0
    0
    0
    0
    0
    0
    0
    0
    0
    0
    0
    0
    0
    0
    0
    0
   21
    5
   22
   42
    9
    0
    0
    0
    0
    0
    0
    0
    0
    0
   11
    0
    0
    0
    0
    0
    0
    0
    0
    0
    0
    0
    0
    0
    0
    4
    0
    0
    0
    0
    0
    4
    0
   22
    5
    0
    0
   14
    0
    0
   50
   49
    0
    0
    0
   15
    0
    0
    0
    0
   11
    0
    4
    0
    0
    0
    0
    0
    0
    0
    0
    0
    0
    0
    0
    0
    0
    0
    0
    0
   36
    0
    0
    0
    0
    0
    0
    0
    0
    0
    0
    0
    0
    0
    0
    0
    0
    3
    0
    6
    0
    0
    0
    0
    0
    9
   58
   61
    0
    0
   11
    0
    0
   41
   70
   60
   62
   42
    0
    0
    0
   10
    0
    0
    0
    0
    0
    0
    0
    0
    0
    0
   99
  133
    0
    0
    7
   36
    0
    0
    0
    0
    0
    0
    0
    0
    0
    0
    0
    0
    0
    0
    0
    0
    0
   48
   76
    0
    0
    0
   40
    8
    0
    0
   26
    0
    0
    9
   19
    0
    0
    0
    0
    0
    0
   15
    0
    0
  121
   27
   30
   72
   11
    0
    0
    0
    0
    0
    0
    0
    0
    6
    0
    0
    0
    0
    0
    0
    7
    0
    0
    0
    0
    0
    9
   32
    8
    0
    0
    0
    0
   25
    0
    0
    0
    0
    0
    0
   42
    0
    0
    0
    0
   18
    0
    0
    0
   20
    0
    0
    0
    0
    0
   16
    0
   22
   61
    9
    3
    0
    0
    3
   62
   18
    0
   36
    0
    0
    0
    0
    0
    0
   33
    0
    0
   50
   87
    0
    0
    0
    0
    0
    0
    0
    0
    0
    0
    0
    0
    5
    0
    0
    5
   12
    0
    0
    0
  137
    0
    0
    0
    5
    0
    0
   21
   13
    3
    0
    0
    0
    0
   36
    2
   16
  107
   23
    0
    0
    0
   12
   17
    2
    0
    8
    0
    0
    7
    0
   17
    0
    0
   32
   10
   17
   27
   10
   14
    0
    0
    0
    0
    0
    0
    0
   12
   21
    0
    0
    0
    0
    0
    0
   38
   18
    0
    0
    0
    4
    3
   26
    3
    0
   57
   78
    0
    0
    0
    4
    0
    0
   15
    0
    0
   18
   15
    0
   85
    0
    0
    0
    0
    0
    0
    0
    0
   11
    0
    4
   32
   39
   37
    0
   42
    0
    0
    0
    0
    0
    0
    0
    9
   16
   56
    0
    0
    0
    0
   45
   10
    0
    0
   45
   34
    0
   39
    0
    0
    8
   15
    0
    0
    0
  191
   43
   34
    0
    0
    0
  105
   23
   53
    0
    0
    0
    0
    0
   21
   94
    8
    0
    0
    0
   45
    0
   48
    0
   18
   27
    6
    0
    0
   16
   11
   27
   21
   27
   42
    0
    0
    0
    0
    0
   59
    0
   51
   21
    0
    0
    0
    0
   72
  112
   12
    0
    0
    0
  131
    0
    0
    0
    0
    0
    0
   16
    0
    0
   12
    0
    0
    0
   83
   13
    0
    0
    0
    0
    0
    0
    0
    0
    0
    4
    0
    0
   18
   40
    0
    8
    0
   26
   64
    0
    0
    0
    0
    0
  328
   12
    0
    0
    0
  368
    0
    0
    0
    0
    0
   29
    0
    0
    0
   36
    0
    0
    0
    0
    0
    0
   19
   11
   27
   30
    0
    0
    0
    0
    0
   34
    0
   11
   60
    0
    0
    0
    0
    0
  154
  123
    4
    0
    0
    0
    0
   58
   17
    0
    0
   27
    0
    0
    0
   12
    0
   71
  238
   60
    4
   10
    0
    0
    6
    0
   99
    7
    0
   47
    0
    0
    0
   45
   23
    0
    0
    0
    0
   18
    0
   80
    0
    0
    4
    0
  200
    0
   71
    0
    0
    0
    0
    0
    4
    0
    0
    0
    0
   51
   39
    0
    0
    0
    0
    0
    4
    0
    7
   57
    0
    3
   25
   52
    0
    0
    0
    0
  104
    0
    0
    0
    0
    0
    0
    0
    0
    0
    0
    0
    0
    0
    3
    0
    0
    0
    0
    0
    0
   58
   40
  155
   38
   67
    0
    0
    0
   87
  165
   13
    0
   80
    0
   48
    0
    0
    7
   20
    0
    0
    0
   16
    3
   25
   10
    0
   13
    0
    3
   13
    0
    0
    0
    0
    0
    4
    0
    0
    0
    0
   16
   97
    0
    5
    0
    0
    0
    0
    0
    0
    0
    0
    9
    5
   19
    3
   46
    0
   37
    9
    0
    0
    0
    0
    8
    5
   11
    0
    0
    6
    0
    0
    0
    0
    0
    0
    0
   27
    7
    0
    0
    0
    0
    0
   12
    4
    0
    0
    0
   10
    0
    0
    0
   28
    3
    0
    0
    0
    0
    0
    9
    0
   15
    0
    0
   23
    0
    0
    0
    0
    0
    0
    0
    7
    0
   16
    0
    0
    0
    0
    0
    7
    5
    0
    0
    0
   10
  134
    0
    0
    0
   58
   41
    0
    0
    7
    0
   18
  121
   26
   11
    0
   50
    6
   15
    0
   12
    0
    0
    0
    0
    0
    0
    0
    0
    0
    0
    0
    0
    0
    0
   21
    0
    0
    0
    0
    0
    0
    0
    0
    0
    4
    0
    0
    0
    0
    0
    0
    0
    0
    0
  104
  201
    0
    0
    0
    0
   81
   32
   27
    0
    0
    0
   15
   41
   30
   15
   57
    0
    0
   38
    0
   23
    0
   50
    0
    0
    0
    0
    0
    0
    0
    0
    0
    0
    0
    0
    0
    0
    0
    0
    0
    0
    0
   18
   83
    0
    0
    0
    0
    0
    0
    0
    0
    0
   55
    0
   10
   50
   29
    0
   28
    0
  115
   84
    7
   27
   51
    0
  135
  159
    0
    0
    0
    0
    0
    0
    5
    0
   22
    0
    3
    0
    0
    0
    0
    0
    0
    0
    0
    0
    0
    0
    6
    0
    0
    0
    0
    0
  433
  501
   39
    0
    0
    0
   25
    0
    3
    0
    3
    0
    0
    0
    0
    5
   24
    0
    0
    0
    0
    0
   63
   79
   15
   20
   11
    4
    0
    0
   22
   20
    0
   25
   25
  134
    0
    0
    9
    0
    0
    0
    0
   99
   37
   19
  148
   41
    0
    0
    4
    0
   38
   66
    8
    0
    0
  152
  181
   70
    0
    0
    0
    0
    0
    0
    0
    0
    0
    0
    0
   53
    0
    0
    0
   29
   89
    0
    5
   48
    0
   10
    0
    0
    0
    0
    0
    0
    0
    0
    0
    0
    0
    0
    0
    0
    0
    0
    0
    0
    0
   13
    0
    0
    0
    0
    0
    0
    0
    0
    8
    0
    0
    5
   17
   86
   68
    4
    0
    0
    0
    0
    0
   63
   24
    0
    0
   10
   19
   25
   43
    0
    0
    0
    0
    0
    0
    0
   13
   18
   13
   11
   10
  118
   61
  141
   35
    3
    3
    0
    4
    0
    0
   27
   43
    0
    0
   30
   62
    0
   11
    9
   47
    0
    0
    0
    0
    0
    0
   30
   10
    0
    0
   22
    0
    0
    0
   24
   22
    0
    0
    0
    0
    0
   20
    0
    0
    0
    0
   33
   94
   33
    0
    0
   72
    0
    0
    0
    0
    0
    9
    0
    0
    0
    0
    0
   13
    0
    0
   73
    0
    0
    7
    0
   17
    0
   52
    6
    4
   32
    0
   27
    0
   57
    0
   43
    0
   11
   15
    0
   40
    0
    0
    0
   27
  107
    0
   17
    0
    0
  276
    0
    0
   81
    0
    0
    0
    0
    0
    0
    0
    0
  153
    5
    0
    0
    0
    0
   11
   27
    0
   23
    0
    0
    0
   32
   43
   20
    6
    0
    0
    0
   26
    0
    0
    0
    0
   25
    0
    0
    0
    0
    0
    0
  147
    0
    0
    0
    0
    0
    0
   25
    0
  133
    0
    0
    0
    0
    0
    0
    0
    0
   13
  151
   69
    8
    0
    0
    0
    4
    0
    0
    9
   25
    0
    0
    0
    0
    0
    0
    7
    3
    0
    0
   65
    0
   48
    5
    0
    0
    0
    0
    0
    0
   15
   13
    0
   18
    0
    0
    0
    0
   15
    0
    0
   53
    0
    0
    0
   16
   13
   35
   32
   80
    0
    0
  129
    0
    0
   59
    5
    6
    6
    0
    0
    0
    0
   83
    8
    0
    0
    0
    0
    0
    0
    0
    0
    0
    0
    5
    6
    8
    0
    0
   11
    0
    0
    0
    0
    0
    0
   12
   45
    0
    0
    0
    0
   11
   46
    0
    0
    0
    0
    0
    3
    0
    0
   23
    0
   20
    0
  135
   25
    0
    0
    0
    0
    0
    0
    0
    0
    0
    0
    0
    0
    0
    0
    0
    0
    0
    0
    0
    0
    0
    3
   15
    0
    0
    3
    0
    0
    0
    0
    0
    0
    0
    0
    0
    0
    0
   30
   13
   30
    0
  120
   30
   28
   22
  161
    0
    0
    0
   38
    0
    5
   84
    0
    0
   27
    0
    0
    0
    0
    0
    0
    0
    4
    0
    4
    0
    6
   36
    0
    0
    0
    0
    0
   76
    0
   71
  111
   67
    0
   54
   53
   30
   11
   21
    0
    0
    0
    0
    0
    0
    0
    0
    0
    0
    4
   76
   56
   10
   25
    8
    0
   33
    0
    0
   15
    0
    0
    0
    0
    0
    0
    0
    0
    0
    0
    0
    0
    0
   27
    0
    4
    0
   20
   31
    0
    0
    0
   40
   45
    5
   13
   67
   42
   84
   15
    0
    0
    0
    0
    9
   29
    0
    0
    0
    4
    0
    0
    0
    0
    0
    0
    0
    0
    0
    0
    0
   10
    8
    0
   18
    5
    6
    9
    0
    0
    0
   12
    0
    0
    0
    0
    0
    0
    0
    0
    0
    5
    0
    0
    0
    0
    0
    0
    0
   31
   10
   21
    0
    0
  141
  294
   51
    0
    0
    0
    5
    2
    8
   15
    0
    0
    0
    0
    0
    0
    0
   11
    8
    9
   10
    0
  162
  252
    0
  120
   82
    0
    0
    0
    0
    0
    0
    0
    0
    0
    0
   95
    0
    0
    0
    0
    0
    0
    0
    0
    0
    0
    0
    0
    0
    0
    1
    0
    0
    0
    0
    6
    0
   10
    0
    0
    0
    0
    0
  108
    0
   41
    0
    0
   70
   90
    0
    0
   62
   17
    0
   52
   12
   21
    0
    0
   45
   62
   24
    4
   20
    0
    0
   39
  133
   12
   45
   44
    0
   48
    0
    0
    5
    0
   32
  201
    0
   12
   10
   89
    0
    0
   13
  194
   20
  122
    0
    0
    0
    0
    0
    0
    0
    0
  113
    0
    0
    0
    0
    0
    5
    0
    0
    0
    0
    0
   20
  106
    0
    0
    0
    0
    0
    0
   15
    0
   79
    6
   13
    0
    0
    0
    0
    0
    5
   25
   98
    0
    0
    0
    0
   33
    0
    0
    0
   62
   23
   55
    9
   50
   39
    0
    0
   34
    0
    0
    0
    0
    0
    0
    0
   97
    0
    0
    0
    0
   31
   12
    0
    0
    0
    4
    5
   74
    0
    0
    0
    0
   29
  170
    0
    0
    0
    0
   20
   30
    0
    0
    0
   28
    4
    0
    8
   52
   21
    0
    0
    0
    0
    0
   19
    0
    0
  100
   60
    0
    0
    0
    0
    0
    0
   51
  131
   30
    0
    0
    8
    0
    0
    0
    0
    0
   97
    0
    0
   21
   22
    0
    0
   35
   28
   18
   19
   13
    0
    0
    0
    5
    0
    0
    0
   57
    0
    0
    0
    0
    0
    0
    0
   42
   87
    0
    7
    0
    0
    0
    0
    0
   68
   17
   81
   83
   22
   22
   27
   12
    0
   30
   21
    0
   25
    0
   40
    0
   21
    5
    6
  116
    5
    0
    0
    0
    0
    5
    0
    0
    0
    0
    0
    0
    0
    0
   21
   22
   20
   60
   19
    0
    0
    0
    0
    0
    8
    0
    0
    0
    0
    0
    6
    0
    0
   37
   74
    0
    0
    0
    0
    0
    1
    0
   15
    0
    0
   16
   65
   13
  136
  122
  150
  102
   12
   41
    0
   21
    0
    0
    0
    0
    0
    0
  107
    0
   41
  114
    0
    0
    0
    0
    0
    0
    0
    0
    0
    8
    0
    0
    0
    0
    0
    0
    0
   45
    0
    0
    0
   12
    0
    0
    0
    0
    6
    4
    0
    0
    0
  322
    5
   30
  110
    0
    0
    0
    4
    0
    0
    0
    0
    0
    0
    0
    0
    0
    0
   40
   17
   20
    0
    0
    0
    0
   68
    6
   80
    1
   40
    5
   15
   11
    0
    0
    0
    0
   30
    4
    0
   51
   30
    0
    0
    0
    0
   80
    0
    0
   51
  132
    4
   30
   84
    0
   43
    2
    0
    0
   13
    0
    0
    0
  143
    0
   41
    0
    3
  124
    0
    0
   33
    0
    0
    0
    0
    0
    0
   41
   71
    0
    0
    0
   32
    0
   14
   13
    0
    0
   79
   27
  233
   33
   14
    0
    0
    0
   62
    0
    0
    0
    0
    0
    0
    0
    0
   51
    0
    0
    0
    0
    0
    6
    0
    8
  143
   23
   28
   71
   11
    0
    6
    0
    0
    0
    0
    0
    0
    0
    0
    0
    0
    0
    0
    0
   15
   17
    0
    0
    0
    0
   25
  152
    0
    0
  102
   20
   15
   34
   56
    0
    0
    0
   51
  180
  114
    0
    0
    0
    0
   15
    0
    0
    0
    0
   40
   15
    0
   30
   30
   41
    7
    0
   12
   16
   15
   20
    0
    0
   22
    0
    0
    0
  220
    5
   12
   18
   54
    0
    4
    9
    5
    3
   30
   16
    3
    0
    0
   91
   30
   12
   71
    0
    0
    0
   30
   63
   23
   22
   50
    0
   10
    0
   99
  171
    0
    0
   21
   32
    5
   78
   19
   35
   58
   18
  173
   28
    0
   81
    0
    0
  112
    0
    0
    0
   33
   27
    0
    0
    0
    0
    0
    4
   12
    0
    0
    0
   38
    0
   34
   12
   19
    6
   73
   16
    0
    0
    0
    0
    3
    0
    0
    0
    0
    0
    0
    0
    0
    0
    0
    0
    0
    6
   14
    5
    3
   31
   91
  144
    0
    0
    0
    0
    0
    0
    9
    0
   54
    0
    0
    0
    0
    0
    0
    0
    0
    0
    0
    0
    0
    0
    0
    0
    0
    0
    0
    0
   19
   20
   41
   97
    0
    0
    0
    0
    0
    0
   18
   30
    0
    0
    0
    0
    0
   34
   11
   20
    0
    0
    3
    0
    0
    0
    0
    0
   23
    0
    0
    0
    0
    0
    8
    0
    0
    0
    0
   16
   51
   22
    9
    6
   13
   39
    0
    0
    0
    0
    0
    0
    0
    6
    0
    0
    0
    0
    0
    0
   50
   11
   11
   30
    0
    3
   73
  100
   15
    0
    0
  116
   25
    0
    0
    0
    0
    0
    0
   18
    0
    0
    0
   23
   93
   44
   43
    0
    0
   49
    0
    0
    0
    0
    0
    0
    0
    0
    0
    0
    0
    0
    0
   75
   78
    0
   20
    0
   90
    0
   59
    0
   40
    0
    0
    3
   13
    8
    4
  128
    0
    0
   20
   50
    0
  250
   21
    6
   21
    0
    0
    0
    0
    0
    0
    0
    0
    0
    7
    9
    0
    0
    0
    0
    0
    0
    0
    0
    4
    0
    0
    0
    0
    0
    0
    0
    0
    0
    0
   23
   51
   15
   19
    0
    0
    9
    0
    0
    0
   49
    0
    0
    9
    0
    0
    0
    7
    8
    0
   23
    0
    0
    0
    0
    0
    0
   20
    0
    0
   16
    0
    0
    0
    0
    0
    0
    0
    0
    0
    0
    0
    0
    0
    0
    0
   18
    6
    0
    0
    0
    5
    0
    0
    0
    0
    0
    0
    0
    0
    6
  135
   67
    0
    0
    0
   22
   39
   34
   10
   30
    0
    5
    0
    9
    0
    0
    0
    5
   25
    0
    0
    0
    0
    0
    0
    0
    0
    0
    0
    0
    0
    0
    0
    0
    0
    0
    0
    0
    5
    0
    0
   70
   43
   14
    0
   21
    0
   14
    0
    0
    0
    0
    5
    8
    0
    0
    0
    0
    0
    0
   42
   32
   45
    5
    0
   12
   65
    4
    0
    0
   96
    0
    0
    0
    0
   42
    0
    0
    0
    5
    0
   22
    9
   12
    0
    0
    0
    0
    2
  100
   13
   25
   11
    4
   10
   13
    0
    8
    0
    0
   20
   28
   82
   19
   20
   12
    8
   11
    0
    0
    0
   50
    0
   22
   34
   52
   35
   23
   30
   10
   23
    0
   10
    5
    0
    4
    3
   73
    9
   20
    0
    0
    0
    0
    0
    0
    8
    0
    0
    0
    0
    0
    0
   69
    4
   30
    0
    0
    0
    0
    0
   24
    1
    0
    0
    0
    5
    0
    0
    0
   19
    0
    0
   20
   21
   31
   12
   20
   20
   15
   19
   65
    0
   25
    4
   10
    0
  160
   68
   20
   11
   38
   11
    0
  141
    0
   33
  110
  120
    3
   14
   24
    0
    0
    0
  160
    0
    0
    0
    0
    0
    0
   14
    7
    4
    0
    7
  108
    0
    0
    4
    0
    0
   50
   39
    0
   50
   18
    8
   10
   42
    0
  111
    0
    0
    0
    0
    9
    3
   81
   42
   67
    0
   33
    0
    0
    0
    0
    0
    0
    0
    0
   43
    0
    0
    0
   50
    0
    0
    0
   18
   58
    0
    0
    0
    0
    0
    0
    0
    0
    0
    0
    0
    0
   31
    0
    3
    0
    0
    0
    0
    0
    0
    0
    0
    0
    0
    0
    0
    0
    0
    0
    0
    6
    0
  234
   91
    9
    0
    0
    0
    0
    0
    0
    0
    0
    0
    0
    0
   15
    5
  129
  892
  292
    0
   13
   10
    0
    0
    0
   12
    0
    0
    0
    0
    0
    0
    0
    0
    0
    0
    0
    0
    0
    0
    0
    0
    0
    0
    0
    5
    0
   12
    0
    0
    0
    0
    0
   36
   13
    0
    0
   16
  147
  129
    6
    0
    0
   64
   28
   10
    0
    0
    2
    0
    0
    0
    0
    0
    0
    0
    5
   11
    0
    0
   22
    0
   95
    3
    7
    6
    0
    0
    0
   21
    0
    0
    0
    4
    0
    0
    0
    0
    0
    0
    0
    0
    0
    0
    0
   19
    0
    0
    0
    0
    0
    0
    0
    0
    0
    0
    2
    0
    0
    0
   70
   11
    4
    3
    0
   10
    6
    9
    6
   22
  119
   85
   78
    4
   21
    7
    0
    0
    0
    0
    0
   44
    0
   24
  122
   31
   27
    0
    0
    0
    0
    0
    5
    0
    7
    0
    0
   29
   42
   15
   41
   32
    3
    0
    3
    0
    0
    0
    0
    0
    0
   24
    0
   35
    7
   12
    0
   30
    0
   13
   86
    8
   10
    0
    0
    0
    0
    0
   18
   10
    5
    0
    0
    0
    3
   25
   23
   14
    0
    0
   85
    5
   10
   80
    3
   13
    0
   16
    0
    0
    0
    0
    0
    0
    0
    0
    0
    0
    0
   23
    0
   33
   29
    0
    0
    0
    0
    0
   13
    0
    0
    0
    4
    0
   25
    7
    0
    0
    0
    0
    0
    0
    0
    0
    0
    0
    0
    0
    0
    0
    0
    0
    6
    2
    0
    8
    0
    0
   70
  188
   11
   62
    0
    0
    0
    6
   20
   15
   64
    0
    0
    0
    0
   25
    0
    0
    0
    0
    0
    0
    0
    0
    0
    0
    0
    7
    0
   98
   28
    0
   24
    0
   15
   50
    5
   10
    0
    0
    0
   20
    0
    0
    0
   30
    8
    0
    3
    0
    9
    0
    5
   32
   54
    0
   11
    8
  103
    0
   54
    0
    0
    2
  122
   41
   43
    2
   18
    0
    0
    0
    0
    5
   16
    0
    0
    0
    0
    0
    0
    8
   88
   35
    8
   44
    0
    0
    0
    3
   20
    0
   31
   50
    0
    4
    0
    0
    0
    0
    0
    5
    0
   40
   25
   51
   55
   42
   91
   21
    3
    0
    0
    0
    0
    0
    0
   41
   19
    0
    0
    0
  142
    0
    0
  118
   68
    0
    0
    0
   10
   81
    3
    0
    0
    0
    0
    0
    0
    0
    0
    0
    0
    0
    0
    0
   50
    0
    0
    0
    0
    0
    0
    3
    0
    0
    4
    0
  216
    3
    5
  105
   11
   53
   11
    0
   19
    8
    0
    0
    0
    0
    0
   15
    5
    0
    5
    5
   32
   11
    0
    0
   42
    0
   52
    0
    0
   15
    8
   78
    7
   60
    0
    0
    2
    0
   12
    0
    0
    0
    0
    0
   11
    0
  181
   19
    0
   18
   51
    0
    0
    0
    0
    0
    0
    0
    9
    0
    0
    0
    0
    0
    0
    0
    0
    0
    0
    0
    0
    0
   28
    0
    0
    0
   24
  234
   10
    0
    3
    4
    0
    0
    0
    0
    0
    0
    0
    0
    0
    0
    0
    0
   13
   30
    3
    0
    0
   13
    0
    0
   17
   47
   17
  102
    3
   15
    0
    0
    0
    0
    7
    0
    6
    0
   15
   13
   17
   23
   16
   11
    0
    0
    0
   15
    5
   60
   10
    3
    0
    0
    0
    0
    0
    0
    0
   12
   13
    0
   11
   30
    0
    0
    0
   90
    0
    3
   52
   13
    0
    0
    5
   33
    0
    8
   13
    0
    0
    0
    0
    2
    0
    0
    0
    0
    0
    0
   50
    0
   40
    8
    0
    0
    0
    0
    1
    0
    0
    0
    0
    0
    0
    2
    7
    0
    0
    0
    0
   24
    0
    6
   99
  122
    0
   14
    0
    0
    0
    2
    0
   15
   70
   15
   42
   50
   42
   36
   43
    0
    0
    0
   23
    3
    0
   11
    0
    9
   13
   23
   40
    9
    7
    0
    0
    0
    0
    0
    0
   12
   10
   12
    0
   51
   45
  105
    8
   22
   41
   29
    0
    0
    0
    0
    0
    0
    0
    2
    0
    0
    3
    0
    0
    0
    0
    0
    0
    0
   61
   43
    0
    0
    0
    0
    9
   12
    0
    0
    0
    0
    0
    0
   56
  125
    0
   11
    0
   25
   25
   93
   28
   31
   37
    0
   81
    0
    0
   39
   15
    0
   25
    0
  115
   60
    8
    0
    0
    0
   19
    0
    0
    0
    0
   20
    0
   69
  104
    0
    0
    0
    0
    0
    1
    0
    0
    0
    1
    8
    3
   56
    0
    0
    0
   78
    0
  131
   53
    0
    0
    0
    1
    0
    0
    0
    0
    0
    0
    0
    2
    0
   18
   33
    0
   27
   93
   93
   45
   35
    0
    0
   35
    0
   69
    0
    0
    0
    0
    0
    0
    0
    0
    0
   90
    8
   20
   20
    6
    3
    0
    0
    0
    0
    0
    0
    2
   25
    5
    0
    0
    0
    0
    0
    0
    0
    0
    0
    0
    0
    0
    0
    0
    0
    0
    0
    0
    6
    0
    0
    0
    0
    0
    0
   14
   31
   14
   22
    0
    0
    0
    0
    0
    0
    0
    0
    0
    0
    0
    0
    0
    0
    0
    0
    0
    0
    0
    0
   26
    6
    1
    1
   41
    0
    0
    2
    1
    0
    0
    0
    2
   30
   12
  103
   40
   21
    4
   22
    1
    0
   11
    0
    0
    0
   38
    0
    0
   23
    0
    0
    0
    0
   21
   21
    2
   50
    8
   16
   63
   47
   49
   61
   17
    2
    0
    0
    0
    2
    1
   81
   61
   14
    2
    0
    0
    0
   32
    9
    2
    1
    1
    2
    0
   41
   30
   10
   64
   86
   18
   62
    1
  112
   27
    0
    0
    1
    0
    1
   11
    8
    0
    0
    0
    0
    0
   21
    1
    0
    0
    0
    0
    5
    0
   60
    2
    0
    0
    0
    0
    0
    0
    0
   24
   42
   31
    6
    0
    0
    0
    0
    0
    0
    0
    0
    0
    0
   19
   40
  107
    0
   20
   19
    9
    0
    0
    0
    0
    0
    0
    0
    0
    0
    0
   81
    0
  108
   66
    0
    0
    0
    0
    0
    0
  120
    2
    0
   63
   36
    0
    0
    2
    3
   11
  102
   13
   23
    0
    0
    0
    4
   14
    2
   61
    1
    0
    9
   18
   17
   36
   11
    0
    0
    0
    0
    0
    0
    0
    0
    0
    0
  100
   12
   52
    2
    2
    1
   12
    0
    0
    0
    1
    1
    0
    0
    0
    0
    0
   81
    0
    0
   16
    1
  200
  158
  154
    1
   63
  162
   48
  102
  164
   52
    0
    0
    0
   30
    0
    0
    0
    0
    0
    0
    0
    0
    0
    0
    0
    0
    0
    0
    0
    0
    0
    0
    0
    0
    0
    0
    0
    0
  194
   43
    0
   11
   51
    3
    0
    0
    0
    0
    0
    0
    0
    0
    0
    0
  313
   72
   16
   31
    0
    0
    0
    0
    0
    0
    0
    0
    0
    0
    0
    0
    0
    0
    0
   67
    3
   19
    0
    0
   22
    0
    0
    0
  123
   41
    0
    0
   45
    0
    0
   67
    0
    0
   21
   13
    2
   23
    4
   30
    8
    0
    4
    0
    0
    0
    0
    0
   16
    2
    2
  154
   41
   88
    1
    0
    0
    0
    0
    0
    0
    0
    0
    0
    0
    0
    0
    0
    0
    0
    0
    0
    1
   33
    0
    0
    0
    0
    0
    0
    0
    0
    0
    0
    0
   22
   51
  109
  283
    2
    0
    0
    0
    0
   12
   34
    0
    0
    0
    0
    0
   13
   46
   13
    0
    4
    0
    0
    0
    0
    0
    0
   16
    0
    0
    0
   61
    0
    0
    0
    1
    0
    0
    1
    0
    0
    0
    0
    0
    0
    0
    0
    0
    7
    0
    0
    0
    0
    0
    0
    4
    0
   48
    0
   32
   29
   58
   32
   19
   21
   10
    1
    0
   31
   48
  138
  256
  121
   51
  217
   47
    0
   62
   34
   46
   12
  156
   16
    4
   18
   16
    0
    0
    1
    2
    0
    1
    0
    1
    0
   41
   22
    0
   31
    2
    0
   49
    1
    0
    0
    0
    0
    0
    0
    0
   22
    4
   88
    0
    4
    0
    0
   32
    2
   84
    1
    0
   58
    0
   54
   23
    6
    0
    0
    0
    0
  114
   64
    0
   14
    1
    0
    0
    0
    0
    0
    0
    0
    0
    0
    0
    0
   22
   17
   52
    0
    5
    9
    0
    9
   53
   27
   28
    8
    2
   12
    9
    6
    0
    0
    0
    0
   16
   70
    1
    2
    1
   40
   43
    8
    0
    0
    0
    0
    7
    0
    0
   47
   16
   11
    0
    0
    0
    0
    0
    0
    0
    0
   14
    0
   15
  167
    0
   38
   57
    0
    0
    0
   38
    8
   39
   39
    1
    9
    0
    0
    0
    0
   30
    2
   67
    0
    0
    0
    0
   61
    0
  152
   98
   11
   60
  121
   43
    0
    0
    0
    0
    8
    0
    9
   65
   44
   22
   47
  137
   15
    0
   48
    0
    0
    0
    7
   36
   40
   28
    2
    0
    0
    0
    0
    0
    0
    0
    0
    0
    0
    0
   81
    0
    4
    0
    0
    0
    0
    5
    0
   62
  100
    0
    5
   51
    0
   18
   40
   44
    1
   63
    7
   10
   98
   48
   66
   38
   16
   22
   17
   16
    0
    0
  112
   44
    2
   54
   41
    4
   19
   21
    2
  110
   30
    0
    0
    0
   19
    0
    0
   17
   28
   22
   33
    0
    0
    0
    0
    0
    0
   18
    5
   40
    0
   10
    0
    0
    0
    9
   51
    0
    2
    1
   68
    4
    0
    0
  178
  214
   40
    9
    0
    0
    0
    0
    0
    0
    0
    0
    0
    0
    7
    0
    0
    0
    0
    0
    0
    0
    0
    0
    3
   50
    0
    0
    0
    0
   22
    0
    3
    0
    0
    0
    0
    0
    0
    0
   11
    0
    0
    0
    0
    0
    0
    0
    0
   10
   21
    6
   37
    0
    0
   23
   21
   43
  196
   44
   18
   23
    0
    0
  193
    0
    3
    0
    0
    1
    0
    0
    0
    0
    0
    0
    9
    0
    1
   21
    0
    0
    0
    0
    0
   73
   81
   90
   48
   79
   44
   16
    0
    6
    8
   23
    6
   17
   70
    0
    1
   81
   20
    0
   57
    0
    0
    0
    5
    0
    0
   43
    0
    0
    0
    0
    0
   13
    0
    0
    0
    0
   27
   31
  108
   17
   11
   31
   26
    1
    2
    6
   34
   17
    4
   12
    0
    0
    0
   11
   20
    2
    0
   64
    6
    0
    0
    0
   32
   66
   51
    0
    0
    0
   50
   13
   79
    0
   20
   77
   23
   17
    4
    0
   28
   20
   42
   35
    0
    0
   76
   31
    0
   22
    0
   66
    0
    2
   20
    0
   50
   31
   21
   20
   22
   94
   35
    8
   18
    1
    0
   47
   10
    2
    0
    0
    0
    0
    0
    2
    6
    1
    0
    0
   20
    0
    0
    0
    2
    0
    0
    7
    2
    0
    2
    0
    0
    0
    0
    0
    0
    0
    2
   16
   13
   25
    0
    0
    0
    0
    0
    0
    0
    0
    0
    0
    0
    0
   15
    4
    2
    0
    1
    0
    0
    0
    0
    0
    0
    5
   43
    3
    0
    2
    1
    0
   88
    7
  215
    0
    3
   90
    1
    6
    0
    0
    0
    0
    0
    0
    0
    0
    0
    0
  171
   11
    0
    8
  162
   27
    0
  121
    7
  124
    0
   45
    0
    0
    0
    2
    6
    0
    0
   20
    0
   53
    3
   50
   39
    1
   34
    1
    0
    0
    0
    0
  102
    8
   31
    0
    0
   63
    0
    0
    0
    1
   70
    0
    0
    0
    0
    0
    0
    0
    4
    0
    0
    0
    0
    0
    0
    0
    0
    9
    0
    0
    0
    0
   10
   18
    0
    0
  108
    1
    1
    0
   46
   26
    0
   93
    0
    0
    0
    0
    0
    5
   14
    0
    0
    0
    0
   20
    0
    0
    0
    0
    0
   67
  172
   11
    0
    0
   12
    0
    0
    0
    0
    0
    0
    2
   17
    0
    0
   30
    0
    8
   31
    7
    2
    3
    0
    0
   15
    0
   22
    0
    0
    0
   13
    4
    0
    7
    0
    1
    0
   17
    5
   45
    0
    0
    0
    0
    0
    0
    0
    0
    0
   21
   62
   47
   15
    0
   15
   25
   20
    0
    0
    0
   25
   44
    0
    0
    0
   31
   65
  125
   20
   24
   40
   64
    0
   42
    0
   78
   16
   30
   82
    7
    9
    0
    0
    0
   22
   50
  109
    0
    0
    0
   29
   12
    6
    0
    2
    4
    0
    0
   31
   20
    2
    0
    9
   22
    0
   59
   40
    0
   23
    0
    0
    0
    0
    0
    0
    0
    0
    0
    0
    0
    0
    0
    0
    0
    0
    0
    0
    0
    0
    0
    8
    0
    0
    0
   33
    0
    0
    0
    0
    0
    0
   32
   24
   31
   12
    8
    9
   57
   55
   35
    0
    1
    2
    1
   17
    3
   23
   12
    0
   23
   10
   17
    0
    0
    0
    9
    0
    0
   37
    0
    0
    0
    3
   57
   34
    0
    0
    0
    1
   20
    0
   80
    0
    0
    0
    0
    0
    0
    2
    0
    0
    0
    0
   35
    0
    0
   20
    0
    0
    0
    2
    0
    0
    0
   44
    0
    4
   20
   12
  123
  134
    0
    0
    0
    0
   20
   46
    0
    0
    0
    0
    0
    0
    0
    0
    0
    0
    0
   26
  143
   25
    0
    0
    0
    0
    0
    0
    0
    0
    0
    0
    0
    0
    0
    0
    0
    0
    0
    9
    0
    0
   36
   40
   61
    4
    0
   12
    0
    0
    2
   60
    0
    0
    0
    0
    0
    0
    0
    0
    0
    0
    0
    0
    0
    0
    0
   60
    0
    3
   20
  507
    0
    0
    0
    0
    0
    0
    0
   34
    0
    0
    0
   14
    0
    0
    0
   19
   30
    0
    0
    0
    0
   35
    0
   13
   40
    3
    0
    0
   55
   27
    1
    7
    9
    0
    0
    0
    9
    0
    0
    0
    0
    0
    6
    0
    0
    0
    0
    0
    0
    0
    0
   16
    0
    0
   19
    0
  131
  166
   26
    0
    0
    0
    0
    0
    0
    0
    0
    0
    0
    0
    0
    0
    0
    3
   83
   21
   11
    0
    0
    4
    0
    0
    0
    0
    0
    0
   18
    0
    0
    5
    3
    0
   12
    0
    0
    0
   99
   54
   20
   20
   20
    9
    5
   22
    2
    1
    0
    0
    0
    0
   13
    0
    0
    0
    0
    0
    0
    0
    0
    8
  123
    6
  146
    0
   37
    3
    6
  180
   51
   32
    0
    0
    0
    0
    0
    0
    0
    0
    0
    0
    0
    0
   43
   71
   11
    0
   99
   60
    9
    0
    0
    0
    0
    0
    0
    0
    0
   17
    0
   15
    0
    0
    3
   37
   30
   10
   54
   32
    5
    3
    6
   94
    1
  145
    0
    0
    0
    0
    0
    0
    0
    0
    0
    0
    0
    0
    1
   40
    0
    0
    0
   19
    0
   26
    0
    0
    0
    7
    0
   15
    0
    0
    0
    5
    0
   24
   17
   32
    5
    0
    0
    0
    0
    0
    0
    5
    0
    0
    0
    0
    0
    0
    0
   41
    0
    0
   70
   41
   88
    0
    0
   17
    0
    0
    0
    0
    0
    0
    0
   36
   21
  119
    2
   13
    5
    0
    2
   37
    0
    0
   26
   45
    0
    0
    0
    0
    0
    0
    0
    0
    0
    3
    0
   20
    0
    0
    0
    2
    0
    0
    8
    0
    0
    0
    0
   49
    0
    0
    0
    0
    0
    0
   36
   20
    0
    0
   20
   32
    0
   41
    0
    0
    0
    3
    0
   40
   32
   30
    1
    3
    0
    0
    0
    0
    0
    0
    0
    0
    0
    0
    0
   19
   10
   43
    0
    0
    0
    0
    2
    0
    0
    0
    0
    0
    0
    0
    0
    0
    0
    0
    0
    3
    0
    0
    0
   88
   26
    6
    0
    0
   33
  204
  265
  308
    0
    0
    0
    0
    0
    0
    0
    0
    0
   74
    8
   24
   10
    0
    0
    0
   30
    0
   82
   49
    0
    0
   43
    0
   20
   10
    0
    0
   27
   26
    2
    0
    0
    0
    0
    0
    0
    0
    0
    0
    0
    0
    0
    0
    0
    0
    0
    0
    0
    0
    0
    0
    0
    0
    0
   58
    0
    0
    0
   17
   20
    0
   78
    0
    0
    0
   81
    8
   36
    0
   51
   60
    7
    0
    0
    0
    0
    0
    0
    0
   33
  185
   48
   54
    3
   32
    3
    0
    0
   47
   66
   45
    0
    0
    3
    0
    0
    0
   92
    3
   17
    0
   31
    0
    0
   21
    0
    7
    0
    2
   22
   67
    1
    0
    0
   55
    0
    0
    0
    7
    0
    0
    0
    0
    0
    0
    0
    0
    0
   50
    0
    0
    0
    0
    0
    0
    0
    0
    0
   26
   19
   50
    1
    0
    1
    9
   15
    0
   14
    5
    0
    0
    0
   16
   40
    7
   19
    5
    6
  349
    9
    4
   58
    0
    0
   77
    0
    0
   11
    0
    0
   61
    4
    1
    0
   11
   50
    0
    0
    0
    0
    0
   74
   72
   42
    0
    0
    0
   10
    0
    0
    7
   20
    0
    0
    7
    0
    0
   15
   15
    0
   50
    0
   10
   44
   83
    0
    8
    0
    0
    0
    0
    3
   14
    0
    0
    0
    0
    0
    0
    0
    0
    0
   22
   12
    0
    3
    1
    0
    0
    0
    0
    0
    0
    0
    0
    0
    0
    0
    0
    4
    0
   17
   41
   64
    0
    0
    3
   11
   59
    0
    0
    0
    0
    0
    0
   16
    5
    0
    0
    0
    0
    0
    0
   23
    0
    0
    0
    0
    0
    0
    0
    0
    0
    0
    0
    0
   98
    0
    0
    0
  198
   85
   62
    3
    0
   17
    0
    0
    0
    0
    0
    0
    0
   80
    1
    1
    1
    0
    0
    1
   11
    0
    0
    0
    0
    0
    0
    0
   12
   31
    1
   49
    7
    0
    2
    0
    0
   10
    0
    0
    0
    4
    0
    1
    4
    0
    0
    0
   46
    0
   27
   24
   17
    1
    0
   14
   25
   92
    6
    2
    0
    0
    0
    1
   26
    1
    3
   45
    4
    1
    0
    0
    0
    0
    0
    0
   10
    6
    0
    0
    0
    5
    1
    7
    1
    3
    5
    0
    1
    6
  221
   22
   14
    6
    1
    6
    6
   24
   13
   23
   96
  116
    0
    4
    0
    0
    0
    0
    0
    0
    0
   36
    0
    0
    0
    0
   14
   36
    0
    0
    2
    9
    0
    3
    1
    1
    0
   39
   91
   31
    0
    0
    0
    0
    0
   78
  108
    0
    0
    0
    0
   12
   35
   10
    6
    4
    0
    0
    0
    0
    8
   95
    1
    2
   25
    0
    0
    3
    0
    0
    0
    0
    0
    3
    0
    0
    0
    0
    0
    0
    0
    0
    0
    0
    0
    0
    0
    0
    0
    0
    0
   51
    0
    0
    0
    0
    0
   21
    0
    0
    0
    1
    0
    0
    1
   28
   19
   39
    0
    0
    0
    0
    0
    0
    0
    0
    0
   11
    0
    0
    0
    1
   41
    3
    0
    0
    0
   29
    0
   26
    0
    0
    0
    0
    0
    0
    0
    0
    8
   39
    2
   12
   24
  131
   75
    6
    0
   86
    1
   16
    1
    1
    0
    1
    0
    0
    0
    1
    9
   21
    0
    0
    0
    1
    1
    1
    0
    0
    0
    2
    1
    9
    2
    0
    0
    0
    0
    0
    0
    0
    0
    0
    0
   70
   21
  185
    1
   55
   95
   22
   25
   30
   84
    0
    0
    7
    0
    0
    0
    0
    0
    9
  105
   27
    0
    5
    0
    0
    0
   15
   21
   38
    0
   11
    0
   46
   96
    0
    0
    0
    0
    0
    0
    6
    0
    0
    5
    0
    0
    3
    0
   11
    5
   89
   19
    3
    0
    0
   22
    9
    7
   38
   13
   41
    2
    2
    1
   19
    0
   14
   42
    2
    0
    0
    0
    0
    0
    0
    0
    9
    3
    0
    0
   81
    0
    0
    0
   24
   11
   93
  168
   30
    4
    0
    0
    0
    5
   22
   64
   30
    0
  142
   60
    1
   49
   15
    1
    0
    0
   82
   10
   26
    1
    0
    2
    0
    0
    0
    0
    0
    0
    2
   21
    0
   35
    5
   21
    0
    0
    0
    0
    4
    0
    0
   63
   16
    0
    1
    0
    0
   42
    0
    0
    5
    1
   10
   11
   46
   22
   68
    1
    0
    0
    0
    0
    0
    0
    0
    0
    0
    0
    0
    0
    0
    0
    0
    0
    0
    0
    0
    0
    0
  365
    8
    3
    7
    0
  175
    0
   11
  140
    0
    0
    0
    0
    0
    0
   12
    9
    0
    0
    0
    0
    0
    0
    0
    0
    0
    0
    0
    0
    0
    6
   35
  287
   65
    0
    0
    0
   16
   15
   51
   58
   14
    0
    0
  151
    0
    0
    0
  227
  107
    0
    0
  227
    0
   31
    0
    0
    0
    0
    0
    0
   22
    0
    0
    0
    0
    0
    0
    1
    0
    1
   49
   14
    0
    0
   40
    0
    0
  134
    0
    0
   63
   99
    1
    0
    8
    0
   32
    0
  158
    6
   13
    6
   27
   57
    1
    1
    0
    0
    0
    0
    0
    1
    1
    3
    0
    0
    0
    2
    0
    0
    0
   11
   42
    0
    0
    0
    0
    0
    0
    0
    0
    0
   40
   16
    9
    0
    0
    1
    0
    0
    0
    0
    0
    6
    0
    0
    0
    0
    0
    0
  134
   50
   20
  136
   44
   28
   30
   25
    0
    0
    0
   21
    0
   12
    7
    0
    6
    0
    1
    2
   43
    0
   33
   11
   36
    0
   10
   13
   14
   17
   41
   18
   20
   29
   39
   12
   21
    1
    1
    1
    0
   28
    0
   74
    0
    0
   18
    0
    4
    8
  119
   16
   69
    0
    0
    0
    0
    0
   16
   72
   18
    1
    3
    0
    0
    0
    0
    0
    0
    0
    0
    0
    0
    0
    0
   22
  190
   27
    6
    8
    4
  131
   62
    0
    0
    0
    0
    0
    0
    0
   22
    0
   99
    6
   20
   14
   48
    8
    0
    0
    0
    0
    0
    0
    0
    0
   23
   39
    4
    1
    0
    0
    0
    0
    1
    0
    5
   60
   16
    5
   17
   40
    7
   25
    6
    5
    8
    0
    1
    0
    0
    0
    1
    2
   30
   13
    2
    0
    0
    0
    0
    0
    0
    6
    0
   20
    6
   16
    0
    0
    0
   21
    6
    2
    3
    3
    0
    0
    0
    0
    0
    0
    0
    0
    1
   13
    5
   11
    1
    0
    0
    0
    0
    0
    0
    0
    0
    0
   63
   71
    0
    0
    0
    0
    0
    0
    0
    0
    0
    0
    0
    0
   22
    0
    0
   19
    1
    2
    0
    0
    0
    0
    0
   16
    0
    1
    0
    0
    0
    0
    0
  229
  136
    1
    0
    0
  172
   59
   23
    1
   68
    3
    0
  114
   51
    0
    0
   13
    0
    0
    0
    8
  172
   77
    0
   14
    2
   47
   24
   12
    6
    0
    0
    0
   39
    2
    2
    2
    2
   52
    0
    0
    0
    0
    0
    0
  308
    1
    1
    0
    0
   29
   18
   13
   27
   14
  102
   74
   41
   25
   54
    0
   35
   11
   41
   28
   23
    1
  172
  103
    1
    0
  102
    0
    0
    0
    0
    8
    0
    0
    7
   48
    1
    5
    0
    0
    0
    0
    0
    0
    0
    0
    4
    0
   84
    0
    0
    0
    1
    0
    0
    0
   28
   18
    0
   60
   36
   81
   38
    1
    0
   84
    1
    0
  135
   35
  103
    0
    5
   28
    0
    0
    0
    0
   23
    8
    0
    0
    0
    0
    0
    0
    0
    0
    0
    1
    0
    1
    0
    1
    1
    9
    8
   38
    9
    1
    1
   21
    0
    0
    0
    0
    0
    0
    0
   14
   29
    1
    1
    0
    0
    0
    0
    0
    0
    0
    0
    0
    0
    0
   28
   39
    2
   12
    3
   12
    3
   29
   92
   30
    8
    0
    0
   38
   57
    6
   14
    0
    0
    0
    0
    0
   30
    0
    0
    0
   25
   21
    1
    0
    0
   21
   59
   25
   31
   12
   51
   81
   10
    0
    0
    5
    4
   30
   61
  101
   10
   22
    0
  226
   61
    0
    0
   42
    3
   18
    0
  112
  103
    8
   62
    1
    1
    0
    2
    1
    1
   51
    2
    0
    1
    7
    0
    0
    0
    0
    6
    8
    9
    1
  122
   56
   41
    1
    1
   21
    0
    0
    0
    0
    0
    0
    0
    0
   30
    5
   20
    6
    5
    0
    0
    0
    0
    0
    0
    0
    0
    5
   93
    1
   20
    0
    0
    3
    0
   14
    2
   81
    0
   25
    0
   53
    2
    0
    1
    2
   62
   51
   46
  212
    4
   61
   36
   67
    2
    2
   44
   89
   23
  102
    2
    0
    8
    2
    9
    9
    1
    8
    2
   62
    2
    0
    0
    0
    8
   42
  171
  426
   64
    2
    0
    0
   11
    0
    0
    0
    0
    0
    0
    0
    0
    0
    0
    0
    0
   21
    0
    0
    0
   85
   13
    0
    0
    0
    0
    0
    0
    0
    0
    1
   22
   11
    1
   58
  141
    0
   34
   13
   66
   80
    9
   62
   21
   16
    0
    0
    0
    0
   96
    0
   22
   58
    0
    0
    5
    1
    1
    3
    0
    0
    0
    0
   56
    0
    0
    0
    0
    0
    0
    0
    0
    0
    0
    0
    0
   83
    0
    0
    0
    0
  121
    0
   21
  161
    1
    0
    0
    0
    0
    0
    0
    0
    0
    0
    0
    0
    0
    0
    0
    0
    0
    0
    1
    0
    1
    0
    0
    0
  218
    0
    0
    0
   11
    0
    0
    0
    0
  135
  218
  132
   98
   31
    0
    0
   97
  113
    1
    0
    0
    0
   62
   49
   82
    1
   41
   55
    0
    1
   43
    0
   31
    2
    0
   51
  191
    0
  221
    3
  128
   15
   15
    0
   41
   28
    0
    0
   84
    2
    0
    0
    0
    0
    0
    0
    0
    0
    0
    0
    0
    2
    2
   79
    4
    3
    0
    0
    0
   15
    0
    0
    0
    0
    0
    0
    0
    0
    0
    0
    0
    0
    1
    1
    0
    0
    0
    0
    0
   80
   35
   32
    0
    0
    0
    0
    0
    3
    1
    1
    0
    0
    0
    0
   11
  106
    5
    4
  102
    5
   24
    0
    0
    3
    6
    0
   34
   33
    1
    0
    1
    1
    0
    0
   12
    0
   10
    0
    0
   34
    1
   88
    3
   75
   72
    3
    0
   38
    0
    0
    0
    0
    0
    0
    0
    0
    0
   18
   23
   58
   16
    2
   18
   28
   26
    8
    0
    0
    0
    6
   21
   83
    2
   16
    4
    1
    2
    0
    0
    0
   65
   22
   41
   41
   16
    7
    1
   16
    8
   46
    1
   98
    4
    1
    2
   29
    0
   36
    0
    8
    3
   88
    0
   29
   10
    0
   41
   11
   11
    0
   16
    8
   65
    1
   15
    0
    1
    1
   26
    0
   23
    0
    0
    0
    0
    0
    0
    0
    0
    0
    0
    0
    0
    0
    2
    2
    3
   16
    8
    8
    8
   10
    3
    0
    0
    0
    6
   21
   36
   36
   86
    0
   72
   53
    0
    0
   13
    4
    2
   34
    1
   33
   78
   36
    4
    7
    0
   63
    4
  121
   59
  125
    1
    0
    0
    0
    0
    1
   36
    3
    0
    0
    1
    0
    0
    0
    0
    0
    0
    0
    1
   65
    6
    0
   41
  112
    0
    0
    6
   18
   94
    0
    0
    0
    0
    0
    0
    0
    0
    0
    0
   91
   80
   32
  212
  103
    0
    0
    0
    3
   25
    1
    1
    1
   31
   44
   45
    1
    1
    4
   25
    0
    0
    0
   37
    1
    0
    0
    0
    0
    0
    0
    0
    0
    0
   34
    0
    0
    0
    0
    0
    0
    0
    0
    0
   22
    0
  169
   14
   36
  111
    6
    0
    0
    0
   67
    0
    0
    0
    0
    0
    0
    0
    0
    0
    0
    0
    0
    0
    0
    0
    0
    0
    0
    0
    0
    0
  136
   15
    0
    3
    0
    0
    0
    0
    0
    0
    8
    2
   56
    7
    1
   30
    2
    3
  352
   72
    9
   78
   17
    0
    0
   14
   33
    0
    0
    1
   12
   18
    0
    0
    0
    0
    0
  156
   33
    0
    4
    0
    0
    0
  120
   80
   18
   22
   51
   20
    0
    0
    0
    1
    1
    0
    0
    0
    0
    1
    0
    0
    0
    0
    0
    1
    8
    0
    1
    0
    0
    0
    4
    4
    0
    1
    2
    1
   18
   52
   31
   41
   95
   93
    0
  107
   28
   14
    1
    0
    0
    0
    0
    0
   48
   19
    0
   41
   68
    0
    0
    0
    0
    0
    0
    0
    0
    1
    1
    0
    0
    0
    0
   51
    0
    1
    8
    0
    0
    1
   12
    8
    0
    0
    0
    0
    0
    1
    3
    4
    0
   89
  116
    7
    1
    0
    0
    0
    0
    0
    0
    0
    1
    4
    0
    0
    0
    0
    0
    0
    0
    0
    0
    0
    0
    0
    0
    0
    0
    0
    0
    0
    0
    0
    0
    0
   50
    2
    0
    0
    0
    0
    0
    5
    7
    0
    0
    0
    0
    0
    0
    0
    0
   30
    6
    0
   33
   63
   26
   40
    0
    6
   10
    3
    0
    0
    0
    0
    0
    0
    1
    0
    1
    1
    0
    0
   30
    2
    0
    0
    0
    0
    0
    0
    0
    0
    0
    0
    0
    0
    0
    0
    0
    1
    1
    0
    1
    0
   27
    2
    3
   58
    0
    4
   28
    0
    0
    0
    0
    0
    0
    0
   86
    6
    1
    0
    0
    0
    0
    0
    0
    0
    0
    0
   17
   86
    0
    0
    0
    6
    0
    0
    0
   56
    1
    0
    1
   87
   80
   28
  104
    0
    1
    4
    0
    0
   52
   17
   21
   69
  106
    0
    3
    7
   58
    8
   26
   22
   37
    0
    0
    0
    0
   27
   41
    1
    0
    0
    0
    0
    0
   48
    1
   39
    0
    0
    0
    0
    0
    0
    0
    0
    0
    0
    0
    0
    0
    0
    0
    0
    1
   61
   48
    8
   11
    2
    0
   78
   63
  121
  152
    0
    0
   61
   14
    1
    0
    0
    1
    0
   58
    0
    0
    0
    0
   78
  122
    6
    1
    0
    6
  223
    1
    1
    0
    0
    0
    0
    0
    0
   32
    1
    0
    0
   68
   33
    8
   33
   82
    5
    2
    0
    0
    0
    0
    0
    0
    8
    0
    0
    0
  216
    0
    0
    6
    0
    0
    0
    1
   78
    0
    0
    0
   31
   12
   13
   16
  113
   64
    1
    2
    6
    1
    0
   21
   32
    0
    0
   28
   21
    0
   51
    8
   27
    1
   70
    2
    0
    5
   30
    0
    0
    0
    0
    0
    0
    0
    0
    0
    0
   80
   15
    0
    0
   10
   81
    0
    0
    0
    0
    0
   35
    0
    3
    6
   31
    0
   36
    8
    0
    0
    0
   81
    1
    0
    1
    0
   21
   42
    0
    2
   12
    2
   68
   18
   16
    2
    0
    0
    0
    4
   78
   31
   18
   76
    7
   20
   23
    2
    0
    0
    0
    0
    0
    0
    0
    0
    0
   13
    0
   17
    0
    0
   46
  100
    0
    0
    0
    0
    0
    0
    0
    0
    0
   19
    0
    0
    0
    0
    0
   11
    0
    0
    0
    0
    0
    2
    0
    0
    0
    0
    0
    0
    0
    0
   30
    5
    0
   15
    5
   11
   28
    0
    2
    1
    5
    5
    0
    0
    0
    0
   21
   76
    0
    0
    0
    0
    0
   69
   43
   52
    5
    2
    0
    4
   88
   11
    0
    1
    0
    0
   21
    9
   28
    0
    0
    0
    0
    0
    0
    0
    0
    0
    0
    0
    0
    0
    0
    0
    8
   30
   59
    1
   18
   59
   20
    4
   13
   25
    0
    0
   14
   10
   41
   16
    0
    0
    0
    0
   28
    8
   84
    4
    0
    0
    0
    0
   28
    4
   13
   16
    0
    0
    0
    8
    0
    0
    0
    0
    0
    0
    8
    0
    1
   10
   68
    4
    0
    0
    1
   31
   70
    1
    1
    0
    2
    4
    1
    0
    0
  162
    0
    0
    0
    0
    0
   44
   44
   84
    5
    0
    0
    2
   54
   25
    0
    0
    1
    0
    0
    0
    0
    0
    0
    0
    0
    0
    0
    0
    0
   11
  116
    1
    0
    0
    1
    0
    8
   81
    1
   61
   15
    1
   31
    0
    0
    0
   51
    0
    2
    2
   48
    1
    0
    0
    0
    0
    8
    0
    0
    0
    0
   20
   54
   68
  104
   24
  356
   59
    0
  100
    0
   86
    8
    0
    0
    7
    8
   19
   78
    0
    0
    0
    0
    0
    0
    0
    0
    0
    0
    0
    0
    0
    0
    0
    0
   51
    0
    0
    0
    0
    0
    0
    0
  397
    0
   86
   47
    0
    0
    0
    1
    4
    0
   63
    4
    0
    0
    0
    0
    0
   61
   25
    0
    0
    0
    0
    0
    0
    0
    0
    0
    0
    0
    0
    0
    0
    0
   21
    7
   29
   15
    0
    0
    0
    0
    0
   61
   52
   76
   98
    4
   24
   38
   55
    0
    0
    0
    0
    3
    0
    0
    1
   22
   29
    0
    0
    0
    0
    0
    0
    0
    0
    1
    0
    1
   24
    8
   18
    1
    0
    0
    0
    0
    0
  120
    2
    0
    0
    0
    0
    3
    0
    0
    0
    0
    0
    0
    2
    1
    0
   41
   62
  133
    0
    0
   74
   22
    2
   24
   73
   24
   66
   62
    0
    0
    0
    0
    0
   21
   40
    5
    2
    0
   99
   20
    1
   11
   21
   24
    0
    0
    0
    2
   22
    0
   28
   42
   36
   39
    0
    0
    0
    0
    0
    0
    0
   71
    0
    0
  122
   58
    8
    0
   15
    3
    0
    0
    0
   31
    0
   27
    0
    0
   31
    0
    0
    0
    0
    4
    0
    0
    0
    0
    0
    0
    0
    0
   61
    0
    0
    0
    0
    1
   38
    2
   19
    3
    0
    0
   48
    6
   26
  106
   25
   11
  125
   25
   96
    8
    0
    0
   12
    0
    0
   62
   93
   16
    7
   12
    0
    0
   21
    0
    0
    0
    0
   11
    0
    0
    0
    0
   42
   93
   38
    0
    0
    3
   41
   39
   38
    0
   41
    5
    0
    0
    3
    0
    0
    0
    1
    0
   81
    0
    0
    0
   16
    0
    1
    0
    0
    0
    0
  190
    0
    0
    4
   10
    0
    0
    0
    0
    0
    0
    0
    0
    0
    0
    0
    0
    0
   17
   42
    0
    0
    3
   26
    0
    3
    0
    8
    4
    0
   34
   60
    0
    0
    0
    0
   37
    0
    0
   11
    2
  181
    0
    0
    5
   73
   32
    1
    0
    0
   30
   17
   44
   20
    8
    0
    0
    1
    0
   66
    0
    0
   18
   37
    3
    1
   18
  122
   53
    8
   26
   30
   42
    1
    0
   41
    0
    0
    0
    0
   78
    1
   42
    3
    1
    3
  148
   34
   17
   75
    0
    0
    3
    1
   40
    0
    0
    0
    0
    0
    0
    0
    0
    0
    0
    0
    0
    0
    0
    0
    0
   87
   78
   81
   13
    2
  208
   21
   42
   39
    2
   32
    0
    0
   66
   15
  118
    5
    0
    0
   27
   31
   19
  132
    0
  189
  103
  198
   23
    3
    0
    0
    0
    0
    0
    0
    0
    0
    0
    0
    0
    0
   30
   11
    1
    0
    0
    0
   86
    1
    3
   38
   27
   41
    3
   26
    3
    1
   41
    8
    1
    0
    0
    0
   85
   38
    8
   20
   27
  278
   23
   51
   72
  198
   37
    0
   18
    7
    0
    0
   60
   68
   27
    1
    0
   10
   55
    1
    7
    1
    0
    1
    0
    0
    0
    0
    0
    0
    0
    0
    0
    0
    0
    0
    0
    0
   34
   42
   31
    1
    0
    0
    0
    0
   92
   24
   37
   41
    1
    0
   21
    0
    0
    0
    3
    2
    1
    0
    0
    0
    0
    2
    0
    0
    0
    2
   36
   28
    0
    0
   31
    7
    4
    0
   26
    1
    3
    0
   12
   21
    0
    0
    0
    0
    6
    1
    0
    0
   20
   20
   19
   10
    1
    0
   18
    2
    6
   56
    6
   57
    7
   55
   28
    1
    0
    0
    0
    0
    0
    5
   48
   11
    1
   98
    0
   57
   44
   17
   19
    7
    0
    0
   28
   89
   99
    8
    0
    3
    1
    0
    2
    0
   24
    0
    0
    0
    0
    0
    0
    0
    0
    1
    8
    1
    1
   33
    0
    0
    0
  171
    1
    0
    0
    0
    0
    0
    0
   12
    2
   61
    1
    1
    0
    0
   11
    2
   41
   17
    8
   30
   42
    0
    0
    0
   21
    0
    0
    0
   11
    1
    0
    0
    0
    0
    0
    0
    0
    0
    0
    0
    0
   97
    0
   44
   86
  146
   22
   41
    0
    0
    0
    0
    0
   38
   16
    0
    0
    0
    0
    0
    0
   52
    0
    0
    0
    0
   68
    9
    3
    9
    0
    0
   48
    0
   21
   89
    0
    0
    0
    0
    0
  178
  120
    0
   72
    0
    3
    0
    0
    0
    0
    1
    5
    0
    1
    0
    0
    0
   51
  102
   62
    1
    3
    0
    0
    0
    0
   66
  240
    1
    0
    0
    0
    0
   24
    3
    8
    2
    1
    0
    0
    0
    0
    0
    0
    0
    0
    0
    0
    0
    0
    0
    0
    1
   51
   88
    0
    1
    0
  112
    8
    0
   18
  100
    0
    0
    0
    0
    0
    0
    0
   23
    0
    1
    0
    0
   16
    0
    0
    0
    0
    1
   53
    0
    0
    0
    0
    0
    0
    0
    0
    0
    0
    0
    0
    0
   41
    0
    0
    0
    0
    0
   10
    0
    0
   58
   18
   23
    0
    8
    0
   11
    8
    4
   41
  113
    0
   22
    0
    0
    2
    0
    0
    0
    0
    0
    0
    0
    0
    8
    1
    3
   12
    0
    0
    0
    2
    5
   22
   82
    0
    0
    0
    1
   50
   84
  131
   52
    0
    0
   11
   18
    0
    0
    9
   46
   19
   12
    8
    1
    0
    0
    3
    0
    0
    0
    0
    0
   26
    0
    4
    1
    3
   52
   42
    0
    0
    0
   14
   26
    1
   21
    2
    1
    0
    0
   10
    2
    0
    0
   22
   18
   11
  153
   61
    6
   23
    0
    0
   19
    0
   11
   81
    0
   11
    2
    7
    0
    0
    0
    0
    0
    0
    4
   32
   51
   33
    0
   58
   32
   44
    0
    1
    0
    2
    0
    9
  168
   32
   31
   18
   82
    0
   32
    0
    0
    1
   63
   11
   52
    0
   58
   39
   11
    9
    8
   18
   28
   14
   21
    8
   38
    2
  153
   78
    0
    0
   21
    0
    8
   54
    2
    0
    8
    0
   22
  182
   46
   72
   37
   15
   12
  171
   73
  138
    6
    0
    0
    1
    0
    0
    0
   28
   18
    4
   12
   82
    3
   21
    2
    0
    0
    0
    8
    0
    0
    0
    4
    3
    0
    0
   38
    1
    1
   31
    0
    0
    2
    0
    0
    0
    0
    0
    0
    0
    0
    0
    0
    0
    0
   38
    0
    0
    0
    0
    0
    0
  158
   11
    0
    0
    0
    0
    0
    0
    0
    1
    0
    6
   58
   27
    1
    0
    0
    8
    0
   11
    2
   39
   29
   11
    0
    0
   81
    8
    0
    0
   26
    0
    0
    0
  223
    0
    0
   37
    3
    0
    0
    0
    0
    0
    0
   52
    1
   21
    0
    0
    1
    0
    0
    0
    1
    0
    0
    1
  106
    0
   33
    4
    0
    7
    0
    0
   21
   11
    0
    0
    0
    0
   26
    1
   28
   82
    0
    0
    1
    7
    9
   25
   38
    0
    0
    0
   71
    0
    0
    0
   58
    4
    0
    0
   24
    0
    0
    0
    0
   11
    0
  112
    3
  104
  232
   51
    0
    0
    0
    0
    0
   11
  124
    0
    0
    0
  123
   28
  172
    0
   32
   62
   22
    0
    0
    0
    0
   57
  141
    1
   36
  112
    0
    0
    0
    0
    1
    0
    0
    0
    1
    0
    2
    0
    0
    0
  152
    0
    0
    0
   38
   53
   94
   24
   13
   18
   21
    1
    1
    0
    0
    0
    0
    0
    0
    0
    0
    0
    1
    0
    0
    1
   22
   26
    6
    1
    3
    0
    0
   28
    0
    0
    1
    0
    0
    0
    0
    0
    1
    2
   88
    0
    0
   42
    0
   21
    1
   44
    0
    0
    0
    0
    1
    0
   32
    0
    0
    0
    0
    0
    0
    0
    0
    1
   22
    0
   54
   34
   52
    0
   76
   84
   11
    0
    0
    0
    0
    0
    0
    0
   36
   52
   20
    0
    0
    0
    1
    0
   53
    0
    4
    3
   51
    0
    0
    0
    1
    0
    0
    0
    0
    0
    0
    0
    0
    1
    0
    0
    0
   41
   23
   80
   18
    0
   38
    4
    2
    1
    1
   52
    5
   48
   69
    1
   16
    0
    0
    1
    1
    0
    0
    0
    0
    0
    1
    1
    0
    0
   11
   14
   86
   54
    0
    1
   36
    0
    0
   18
    0
   21
  102
    2
    0
    0
   38
   11
   28
    0
   95
   22
    0
    0
    0
   86
   59
   39
    0
   11
    0
  128
  112
  151
    2
    0
    0
   17
   11
    0
    0
    0
   12
   24
   11
   68
    2
    0
    0
   52
    3
    2
   41
    9
  104
    3
    1
    2
    1
    2
    1
    1
    0
    0
   78
   18
    6
   22
    0
    0
    0
    0
    3
    2
   85
   26
    3
    0
    0
    0
    0
    0
    0
    5
    2
    9
   78
   14
    0
    0
    0
    0
    0
    0
    0
    0
    0
   38
    0
    0
  121
   12
   59
  207
   84
    0
    0
    6
   72
   18
   62
   21
    0
    0
    1
    2
    0
    0
    2
    0
    0
    0
   56
    0
    0
    0
    0
    0
   16
    0
  119
    0
    0
    0
    0
    0
    0
  318
  208
  114
    0
    0
   26
   11
   14
  141
   59
    0
    0
    4
    0
    0
    0
    0
    0
    0
    0
    0
    0
    1
    0
   22
    0
    3
   15
  150
   21
   56
    1
    0
   23
    0
    0
    0
   18
    0
    0
    1
    0
    0
   83
   18
    9
    0
    0
    0
    3
    0
   62
    0
    0
    0
    0
    6
   36
   74
    2
    0
    0
  195
   91
  232
   71
  108
   74
   81
   42
   31
   11
    1
    0
   52
   39
    6
    0
    0
   56
   12
    0
  131
    2
    0
   14
   78
    1
   48
    2
    0
    0
   42
    3
    1
    0
    0
    0
    0
    0
    0
    0
    0
    0
    0
    0
   84
   11
    0
   12
    0
    0
   24
    0
    6
    0
    2
   21
    8
    0
    0
    0
    0
   21
  152
    3
    0
    0
   56
    0
    0
    0
    0
    8
   12
    1
    0
   18
   63
    0
    1
    3
    8
   52
    1
   11
    0
    1
    1
    0
   83
   91
   36
   21
    0
    0
   11
   26
   15
    0
    1
    1
   12
   18
    1
   34
    0
   78
   51
    0
   61
    2
   14
   43
   46
   16
   46
    8
    0
    1
    0
    0
    0
    1
    0
    0
    0
    0
   11
   28
    0
    0
    0
    0
    0
    8
    0
  102
   11
    0
    0
    8
   11
   21
  104
   32
    0
    0
    0
    0
    0
    0
    0
    6
    0
    2
   41
  152
   38
   42
  122
    0
    0
    0
    0
    0
    1
   86
   11
    0
  102
   38
   18
  127
   57
   21
    0
    9
    0
    0
    0
    0
   27
   38
    0
    1
    0
    0
    0
  112
   63
   11
    2
    0
    7
    8
   58
   21
    0
    9
   10
    0
    0
    0
    0
    0
    0
    0
    0
    0
    0
    0
    0
    0
    0
    0
    0
    0
    0
    0
   18
  158
  148
    4
    7
    0
    0
    0
    0
    0
    0
    1
    0
   94
   30
    4
   22
    0
   48
    0
    1
  111
   48
    8
    0
    0
    0
    0
   38
    0
    0
    0
    0
    0
    0
    1
   45
    0
    0
    0
  142
    1
    5
    0
    4
    0
    0
    0
    0
    0
    0
    0
    0
    0
  121
   86
  112
    0
    0
    0
    0
   61
   36
   28
    1
    0
    0
    0
   41
   38
    0
    4
    0
    0
    0
    1
    0
    0
    0
   19
    0
    0
    0
    0
    0
    0
    0
    0
  234
   24
    0
    4
    0
    0
   94
  300
   17
   26
    0
    0
    0
   14
   26
    0
   11
    0
    0
    0
    0
    0
   33
    0
    0
  166
    0
    0
   34
   23
    0
   16
  213
  528
   18
    0
    0
   66
    0
    0
    0
    0
    0
    0
    0
    0
    0
    0
   11
    0
    0
    0
    0
    0
    0
    0
    0
    0
    0
    0
    0
    0
    0
    0
    0
    0
    1
    0
   53
   18
    0
    0
    0
    0
   42
   31
    0
   48
   63
    0
    0
    0
    0
    0
    0
    1
    1
  133
   26
   18
    8
    0
    0
    0
    0
    0
    0
   34
   58
   21
   62
   32
    2
  122
   46
   18
    0
   78
   72
   82
   52
   21
    0
    0
   72
   56
  142
   11
    0
    0
   23
  162
   52
   38
   18
    0
    0
    2
   33
   42
    0
   48
   62
    0
    0
  132
    0
    0
   34
    3
    0
    8
  182
  152
    3
    1
    0
    0
    1
    0
    0
    0
    0
    0
    0
    0
    0
    0
    8
   58
   21
    0
    0
    0
    0
  152
    0
    2
    0
   31
    8
   11
  132
  172
    0
