Station: Triebischtal-Munzig , scaling_factor: 10.0, latitude:  51.0813, longitude:  13.4114, altitude:  200, nodata_value: -9
start: ..1969-01-01  end: ..2006-12-31
   73
  131
    0
    0
    0
    0
    0
    0
    0
    0
    0
    0
    7
    0
    0
    0
   25
    0
    0
    0
    0
   81
   40
   25
   41
    0
    0
    0
   13
   15
   11
    0
   15
   10
   10
    0
    0
   15
    0
   10
    5
    0
    0
   19
    0
  240
   31
    0
    0
    0
    0
    0
    0
    0
    0
   11
    0
    0
    0
    0
    0
    0
    0
    0
    0
    0
    0
    0
    0
   35
  113
  115
    0
   70
   15
    0
    0
    0
    0
    0
    0
    0
    0
   19
   12
   23
   10
    0
   56
   80
   32
    0
    0
    0
    0
    0
    0
    0
    0
    0
  103
  112
    5
    0
   30
   12
   40
   16
    5
    0
    0
   80
   18
   10
   20
    0
  190
   20
   22
  166
    5
    0
   55
    0
    0
    0
    5
    0
   20
    0
    0
    0
    0
    0
    0
    5
    0
    5
    2
   43
    0
    0
    0
    0
   10
   80
    0
   15
    0
   56
    0
   20
   10
   65
    1
   74
   71
    0
    0
    0
    0
    0
    0
    0
   45
   85
   11
    0
    0
  450
   22
    0
    0
    0
  162
    0
   30
    5
   15
  132
    0
    0
    0
    0
    0
    0
    5
    0
   20
   20
   10
   21
   10
   15
    0
    0
    0
    0
    0
    0
    0
   11
    0
    0
    0
    0
    0
    0
    0
    0
    0
    0
    0
    0
    0
    0
    0
    0
    0
    0
    0
    0
    0
    0
   51
  110
    6
   11
   12
    0
    0
   20
   15
    0
    0
    0
    0
    6
    0
    4
  131
  123
    0
    0
    0
    0
    0
    0
    0
    0
    0
    0
    0
    0
    0
    0
    0
    0
   11
   13
    0
    0
    0
    0
   42
    0
    0
    0
    0
   35
    0
    0
    0
    0
   63
    9
    0
    0
    0
    0
    0
    0
    0
    0
    0
    0
    0
    0
    0
    0
    0
    0
    0
    0
    0
   21
    9
   11
   23
    0
    0
    0
   50
   52
    0
    0
    0
   81
    0
    0
   18
   15
    4
    0
    0
    0
    0
   10
    0
    0
    0
   18
   10
    7
    0
    0
    0
   35
    5
  121
    5
    0
    2
    0
    0
    1
   52
    0
    0
    2
   10
    0
    0
    0
    0
    0
    0
    0
   47
    0
    1
   64
    0
    0
    0
    0
    0
   15
    0
    0
    0
    0
   40
    0
   41
   18
   15
   12
    3
   96
    0
   12
    0
    0
    0
    0
    0
    0
    0
    0
   15
    1
    0
    0
    0
    0
    0
    0
    2
    0
   10
   73
   10
    0
    0
   16
    0
  153
   21
   20
   10
   27
    3
   32
   15
   18
   24
    1
   20
    0
    0
    0
    0
   10
   20
   40
    0
  180
   40
   11
   10
   20
   51
   35
   18
   60
    0
  190
  212
   21
    0
    0
    0
    0
    0
    0
    0
    0
    5
   41
   26
   21
   23
   28
    3
    5
    0
    0
   18
    0
   13
   95
   12
    0
    9
    5
    0
    0
   21
   18
    0
   16
    0
  204
  106
   25
   31
  145
    0
    0
   52
    0
   12
   15
   84
    0
   23
   18
   11
   12
   48
   13
   18
   26
   82
  108
   39
    0
    0
    0
    0
    0
    0
    0
    0
   32
   26
   31
    9
    0
    0
    0
    0
    0
   31
   31
   34
    0
    0
    0
   93
   55
   86
   38
  182
  102
   23
   21
    0
   81
    0
    0
    0
    0
    0
   78
    0
    0
    0
    0
    0
    0
    0
    0
    0
    0
    0
   20
    5
    5
   31
    0
    0
   52
   23
    0
   20
   10
    0
    0
    0
    0
    0
    0
   20
    1
    0
    0
    0
   81
   11
   21
    0
    0
   20
   45
   40
    0
    0
    0
   10
   21
   15
    0
   12
    0
    0
  481
    0
    0
    0
    0
    0
   20
  135
    0
   11
    0
    0
    0
   75
    0
    1
   10
    0
    0
   33
  130
  152
   15
   42
    0
    0
    0
    0
    0
    0
    0
   14
    0
    0
   21
   20
   23
    0
    0
    0
    0
   20
    0
   11
    0
    0
    0
    0
    0
    0
    0
   23
    0
    0
    0
   30
    0
    0
    0
    0
   42
   51
  147
  126
  112
   23
    0
    0
    0
    0
    0
    0
    0
    3
    0
    0
    2
    0
    0
   18
    0
   81
   76
   52
   61
   11
   32
   41
   50
   56
   11
   31
    0
  162
   21
   13
   51
  112
    0
    3
   11
   32
   41
   23
   48
   16
    0
    0
    0
   21
   15
    0
    0
   92
    0
    0
    0
   12
    8
    0
    0
   10
   21
   15
   60
   60
    5
    3
    5
    0
    5
    3
    0
    0
    0
    5
   10
    0
    8
   15
    0
   15
   21
    5
   15
   22
   25
    5
    0
   25
    8
  121
    0
    0
    0
    0
    0
    0
    0
    0
    0
    0
    0
    0
    0
    0
    0
    0
    0
    0
    0
    4
    5
    0
    0
   35
   14
    0
   16
    4
    5
    9
    0
    0
   11
    0
    0
    0
   30
   11
    0
    0
    0
    0
    0
    0
   11
   42
    0
    0
    0
    0
   45
   21
    0
    0
    0
    0
   21
   81
  105
   51
   23
    0
    6
   12
   10
    0
    5
    0
    5
   20
   16
    9
    0
    0
    0
   32
    0
    0
    5
    0
    0
   19
    0
    0
    5
    5
    0
    0
    1
    0
   30
    0
    0
    0
    0
   60
    7
    0
    0
    0
    0
    0
    0
    0
    0
    0
    0
  102
    0
    0
   51
    0
    0
    0
  133
   65
   51
    9
    5
   11
    0
    0
    0
    0
    0
    0
    0
    0
    0
   31
    0
    0
    0
    0
    0
    0
    0
    0
    0
   43
   31
    0
    5
    7
    0
    0
  114
    0
    0
   15
   21
    0
   11
    6
    0
    9
   10
   21
   11
    8
  107
   78
    0
   53
   42
    0
   61
   11
   15
   20
   41
   32
   11
   56
    0
    0
    0
   10
   27
   51
  212
  123
    0
   43
    0
    0
    0
    0
    0
    0
    0
    0
    0
    0
    0
   20
    0
    0
    0
    0
    0
    0
    0
    0
    0
    0
    0
    0
    0
    1
   11
    0
    0
    0
    0
    0
    0
    0
    0
    0
    0
    0
    0
    0
    0
    0
   51
    0
    0
    0
    0
    0
    0
    0
  115
   75
    0
   15
   21
   25
    0
    0
   11
   79
    0
    0
    0
    0
    0
    0
    0
    0
  105
   71
    0
   40
    0
   38
   25
    0
    0
   80
    0
    0
    0
    0
   51
   45
   21
    0
    0
  130
    0
    0
    0
    0
    0
    8
    7
    0
    0
    0
    0
    0
    0
    0
   50
  161
   10
    0
    0
    0
    0
   24
   24
    0
    0
    0
    0
    0
    0
    0
    0
    0
    0
    0
    0
    9
    0
    0
    0
    0
    0
   10
   92
    0
    0
    0
   39
   27
   50
   51
  212
   10
    0
   11
    0
   60
   20
    1
    0
    0
    0
    0
    0
    2
    3
    0
   30
   16
   12
   30
   11
   31
   75
   45
   36
    1
    0
    0
    0
    0
    0
   21
   82
    5
   45
   21
    0
    0
    0
    0
   15
   19
    5
    0
    0
    0
    0
    0
   32
    0
    0
    9
   12
    0
    0
    0
    0
    0
    0
    0
    0
    0
    0
    0
   25
   19
    0
    0
    0
    8
   15
    0
   12
   21
   21
    0
    0
    0
    0
    0
    0
    0
    0
    0
   20
    6
    0
    0
    0
    0
    0
    0
    0
    0
    0
    9
    0
    0
    0
    0
    0
    0
    0
    0
    0
    0
    0
    0
    0
    0
    0
    0
    0
  113
    0
    0
    0
    0
    0
    0
    0
    0
    0
    0
    0
    0
    0
    0
    0
   23
   11
   32
   17
    0
   71
   43
   25
   13
   51
    0
   31
   18
    0
    0
    0
    9
    0
    0
    0
    0
    0
    0
   21
   35
    0
   29
    4
    0
   21
    0
   13
   14
   19
    0
    0
    0
    0
   12
    0
    0
    0
   19
   62
   12
   81
   92
   15
   26
    9
   43
   47
   31
   28
   82
  107
   75
    0
   20
   45
   12
    7
   17
   35
   24
   12
    0
    0
    0
    0
    0
    0
    0
    0
    0
    0
   45
    5
  230
    0
    0
    0
    0
    0
    0
    0
    0
    0
    0
   50
    9
    0
    0
    0
  271
    2
   10
    0
    0
   21
    0
    0
    0
    0
    0
   10
  115
    0
    0
    0
    0
    0
    0
    0
    0
    0
    0
    0
  132
    0
    0
  128
    0
    0
    0
   81
   51
   80
    0
   71
   49
    0
   11
    0
    0
    0
   21
    0
  121
    0
    0
    0
  281
   20
    0
   85
    0
    0
   16
    0
    0
    0
    0
   11
    0
    0
    0
    0
    0
   97
    0
    0
    0
    0
    0
    0
    0
    0
  121
    0
    0
   21
   14
    0
    0
   23
    0
    0
    0
    0
   65
   35
    0
   21
   19
   22
   41
    0
   11
    0
    0
    0
    0
    0
    0
    0
    0
    0
    0
    0
    0
    0
    0
    0
    0
    0
    0
   43
   55
   51
   90
   30
    9
    0
    0
    0
   95
   14
    0
    0
    0
    0
    0
    0
    0
    0
    0
    0
    0
   25
   65
   55
    6
    0
    0
    0
  109
   31
    0
   24
   11
    0
   13
   15
    9
    0
    0
    0
    0
    0
    0
    0
    0
    0
    0
    0
   12
   26
    0
    0
    0
    0
    0
    0
    0
    0
    0
   10
   11
    0
    0
    0
    0
    0
    0
    0
    0
    0
    0
    0
    0
    0
    0
    0
    0
    0
   12
    5
    8
    4
    2
    2
    0
    0
    0
   12
    9
    0
    0
    0
    0
    0
    0
    0
    0
    0
   31
  131
   30
   21
    9
   11
   30
    0
    0
    0
    0
    2
    0
    0
    2
    5
   20
    5
    0
    0
    0
    6
   19
   53
    0
   25
   55
   15
   26
   31
   22
   26
   27
    0
    0
   50
   69
    0
    0
    0
   21
   32
    0
    0
   11
    9
    0
    0
    0
    0
   10
   50
    2
    0
    0
    0
    0
    0
    0
    0
    0
    0
    0
    0
    0
   21
   42
   51
    0
    5
    4
    1
    5
   42
  286
   15
   92
    0
    0
    0
   18
   24
   29
   21
   18
   82
   31
    0
    0
    0
    0
   12
   13
   21
    0
   21
  341
   34
   44
   61
   21
   20
   12
    0
    9
    0
    0
    0
   75
    0
    0
    0
    0
    0
    0
  206
    0
    0
   39
   25
    0
    0
    0
    0
   79
    0
  180
    0
    0
    0
    0
   20
   10
  360
   51
   30
    0
    0
   23
    0
    0
    0
    0
    0
    0
    0
    0
    0
   37
    0
    0
    0
    0
    0
    0
    0
    0
    0
    0
    0
    0
    0
   35
    0
    0
    0
    5
    0
    0
    0
   80
    7
   31
   43
   27
   31
    0
   24
   71
   61
   11
  221
   42
  128
    0
    0
    0
    0
    0
  355
   19
    0
    0
   21
   15
    0
    0
    0
    0
    0
    0
    0
    0
    0
  105
   55
    7
    0
    0
    0
    0
    0
    0
    0
    0
    0
   55
    0
    0
   51
    0
    0
    0
    0
    0
    0
   50
   12
    0
    0
    0
    0
    0
   61
   19
    0
    0
    0
    0
    0
    0
    0
    0
    0
    0
    0
   16
    0
    0
    0
    0
    0
    0
    0
    0
    0
    0
    2
  118
    0
    0
   12
   53
   61
   10
    0
   70
   82
  115
    8
   64
    0
    0
    0
    0
    0
    0
    6
    0
    0
    0
    0
    0
   22
    2
    6
   22
    0
    7
    0
    0
  102
   65
   27
   60
   31
    0
   30
    2
    0
    0
    0
   15
    3
   35
   11
   13
   14
    9
   10
    0
    7
   42
    0
   23
   41
   32
   22
    0
   16
    5
   34
   16
   20
   24
   12
    0
    0
    0
    0
    0
    0
    0
    0
    0
    0
    0
    0
    0
    0
   14
    0
    0
    0
    0
   65
   94
    0
    0
    0
    0
    0
    0
    4
   15
   13
   18
  170
   12
    0
    0
    8
    0
   32
    0
    0
   31
    0
    0
    0
    0
    0
    0
    0
    4
    0
   24
   37
   39
   20
    0
    0
    0
    0
   11
    0
    0
    8
    5
  112
    0
    6
   82
  121
   62
   21
    0
    0
    0
    0
    0
    0
    0
    0
    5
    0
    4
    0
    0
    0
    0
    0
    0
    0
    6
   17
   52
   59
    0
    0
    0
    0
    0
    0
    0
    0
    0
   27
    0
   23
    0
    0
    0
    0
    0
    0
    0
    0
    0
    0
    0
    0
    0
    0
   34
   89
   24
    0
    0
    0
    9
    0
    3
    9
    0
    0
    0
   26
    0
    0
    0
    0
    0
   56
  142
   86
   46
    0
    0
    0
   55
   92
   10
  193
    0
   29
   19
    0
    0
    9
   60
  126
    0
    0
    7
    0
    0
    4
    0
    0
   19
   10
   21
    0
    0
    0
    0
    0
   19
   24
   29
   21
  123
  141
   65
    0
   23
    0
   41
    0
   15
    0
   12
  121
    0
    0
    8
   21
   24
   18
   54
  126
   10
   14
   10
    0
   89
   21
    0
  122
    0
   21
    0
    0
   31
    0
    0
    0
   79
    7
   56
    0
    0
    0
  141
   35
    0
    0
    0
    0
    0
    0
   12
    0
   32
   51
   32
    0
    0
    0
    0
    4
    6
    0
    0
    0
    0
    0
    0
  286
   51
   63
    9
    0
    0
    0
    0
    0
    9
    0
    0
    0
    0
    0
   17
   53
   43
    0
  127
    0
    0
   85
    0
    0
    0
    0
    0
    0
    0
    0
   32
    0
    0
    0
    0
    0
    0
    0
  109
    0
  100
   42
    0
   21
    0
   28
    0
    0
    4
    0
    9
   10
   21
    0
    0
    6
   13
   16
  295
   19
    0
    5
  185
  182
  410
  102
   41
   49
   45
   31
   39
   12
   24
   32
  220
  110
    0
    0
    0
    0
    0
    0
    8
    7
    0
    0
    0
    0
    0
    0
    0
    0
   49
    0
    0
   71
    0
    0
   34
   14
   47
   40
   45
   20
   27
    0
    8
   10
   71
  160
  191
  152
   39
   41
   35
   11
   40
   45
   21
   42
   61
   59
   37
   35
    0
    0
    0
    0
   35
   24
    9
   71
   37
  190
   75
   31
    5
    2
    3
    2
    7
   65
    5
    0
    0
    0
    0
    5
    0
    0
    0
    0
    0
    0
    0
   10
   41
   18
    0
   24
    0
   41
   43
   31
   19
    0
   13
   37
    0
    0
    0
    0
   21
    0
    0
    0
    0
    0
    0
    4
   11
    0
    0
   14
   65
    5
    0
    0
    0
    0
    0
    0
    0
    0
    0
    0
    0
    0
    0
    0
    0
    0
    0
    0
   13
   30
    9
   22
   25
   12
    0
    0
   14
   18
    0
    0
    0
   25
   46
   38
   67
   15
    0
    0
    0
    0
    8
    9
   30
    0
   15
    0
    0
    0
    9
    5
   30
   12
   69
  140
   61
    0
    0
    0
    7
    0
    0
    0
    0
    0
    0
    0
    0
    0
    0
    0
    0
  125
    0
    0
    0
    0
  101
   11
   12
  160
   21
    0
    0
   81
    0
    0
    0
    6
    0
    0
    0
    0
    0
    0
    0
    0
    0
    8
    7
    0
    0
    0
    0
    0
    0
    0
    0
    0
  157
   24
    0
    0
    0
    0
    0
    0
    0
  201
   11
   30
  177
  125
   56
    0
    0
    0
    0
   21
    0
   11
   85
   55
    0
    0
    0
    0
    0
    0
    0
    0
    0
    0
    0
    0
    0
    0
    0
   59
    9
   21
    0
    0
    0
   19
    0
    0
    0
    0
    0
    0
    0
    0
    0
    0
    0
    0
    0
    0
    0
    0
    0
    0
    0
    0
    0
    0
    0
   32
  199
    0
    0
    0
    0
   55
   92
  173
    0
    0
    0
    0
    0
    0
    0
    0
    0
    0
    0
    0
    0
    0
    0
    0
  587
   31
    0
    0
    0
    0
    0
    0
    0
    0
    0
    0
    0
    0
    0
    0
    0
    0
   34
    0
    0
    0
    0
   41
   40
    0
   19
   21
   35
   37
    0
    0
    0
    0
    0
    0
   25
   25
   65
   21
   82
   45
    0
    0
    0
    0
    0
    0
    0
    0
    0
    0
    0
    0
    0
    0
    0
    0
    0
   19
    0
    9
    0
    0
   55
   10
    0
    0
   98
   34
   51
   89
   12
    0
    0
    0
    0
    0
    0
   55
   21
    7
   15
    9
    8
   11
    7
    9
    0
    0
   10
    0
    0
   10
    0
    0
    0
   10
    0
    0
    2
    5
    0
    0
   19
    8
   67
    0
    0
    0
    0
   21
   83
   42
   10
    7
   27
   12
    0
    0
   32
  129
   82
  101
  136
   96
   38
   15
    0
   60
   11
   71
  137
  139
   41
   30
    0
    0
    1
    5
    5
    0
    0
    0
    0
    0
    0
    0
    0
    0
    0
    0
   51
    9
    0
   22
   30
    8
    0
    0
    0
    0
    0
    0
    0
    0
    0
    0
    0
    0
    0
    0
    5
    0
    0
    0
    0
    9
   10
    0
    0
    3
    0
    0
    6
    0
    0
    0
    0
   15
   72
    7
   10
   15
    0
    0
    8
   16
    4
    0
    0
   10
    0
    0
    0
    0
   20
   15
    0
   15
   10
    0
    0
    0
    0
    0
    0
   30
   12
    0
    0
    0
    0
    4
    0
   66
   31
   51
    0
   10
    2
    7
    0
    0
    0
   41
    0
    0
    0
    0
    0
    0
    0
    0
   15
    0
    0
    0
    0
    0
    0
    0
  165
   60
   21
    0
    0
    0
    0
    0
   19
   30
   25
   60
    0
   30
   27
    5
    0
    0
    0
    0
    0
    0
    0
    0
   10
    0
  115
   15
    0
    0
    0
   31
    0
    0
    0
    0
    0
    0
    0
    0
    0
    0
    0
    0
    0
    0
    0
    0
    0
    9
   94
    0
    0
    0
    0
   51
    0
    0
    0
    0
    0
    0
    9
    0
    0
    0
   15
    0
    0
    0
    0
    0
    0
   50
   15
  161
   24
    5
   10
    0
    0
    0
    0
    0
    0
    0
    0
    0
    0
    0
   92
    5
    0
    0
    0
    0
    0
    0
    0
    0
    0
    0
    0
   14
    0
    0
   18
   17
    0
    0
    0
    0
   21
    0
    0
    0
    0
  150
    0
    0
    0
   15
    3
    0
    0
    0
    0
    0
    0
    0
    0
   12
   20
    4
    0
    0
   37
    0
   54
    0
    0
    0
    0
    0
    0
    0
    0
    0
    0
    9
  193
    0
    0
    0
    0
    0
    0
    0
    0
    0
    0
    0
    0
    0
   41
    0
    0
    0
    0
    0
    0
  148
    0
    0
    0
    0
    0
   21
   52
   66
   12
    9
   11
    8
    9
    0
   41
   86
   79
    0
    0
    8
    0
    0
   17
    8
   10
   10
    0
    0
    0
    0
    0
    0
   12
   78
  138
   34
   60
    9
    0
    0
    0
    0
    0
    0
    0
    0
    3
   20
    9
    0
   25
    0
    0
    0
    0
    0
    0
    0
    0
    5
    5
   45
    6
    0
    0
    0
    0
    0
    0
    4
    3
    0
   14
    0
    0
    0
    0
    0
   11
    0
   10
    0
   81
    0
    0
    0
    0
    0
    0
   21
    0
    0
  112
    0
   22
    0
    0
    0
    0
    0
    0
    0
   11
   55
   21
    0
    0
    0
    0
    0
   51
   30
    2
    0
   20
   55
   11
    5
    0
    0
   21
    0
    0
    0
   55
   31
    0
    0
    0
    0
   41
   52
   56
   21
    0
    0
    8
    0
    0
   41
   28
   18
   24
   35
    0
    0
   19
    0
   17
   15
   10
    7
   22
   21
    0
   41
   47
   39
   51
   31
    0
    0
   34
    0
    0
   11
   24
   31
    0
    0
   28
    0
   36
   21
   25
    0
    0
    0
  271
    0
    0
    0
   12
    0
    0
  101
    0
    0
    0
    0
    0
    0
   50
   55
   61
    0
    0
    0
    0
    0
    0
    0
    0
    0
    0
    0
    0
   45
   21
   26
    0
    0
   21
   20
   18
   40
    0
    0
   14
    4
   51
    0
    0
  490
   11
    0
    0
    0
    0
    0
   81
    0
    0
  111
    0
    0
    0
    0
    0
    0
  335
    0
   31
   20
   35
    0
    0
   23
   55
   20
    0
   20
    0
    0
    0
    0
    0
    0
  220
   69
   81
    0
    0
    0
    0
   82
   13
    0
    0
   51
    0
    0
    0
   51
   12
  281
  225
   90
   11
    0
    0
    0
    0
   34
   93
    0
    0
  192
    0
    0
    0
   11
   87
    0
    0
    0
   21
   23
    0
  205
    0
    0
    0
    0
  161
   41
   45
   11
    0
    0
    0
   19
    0
    0
    0
    0
    7
   38
   45
    0
    0
    0
    0
    0
    0
   19
    0
   35
   28
    0
    9
   18
    0
    0
    0
    0
   68
    0
    0
    0
    0
    0
    0
    0
    0
    0
    0
    0
    0
    0
    0
   41
    0
    0
    0
   45
    0
    0
   24
   31
  253
   30
    0
    0
    0
    0
  155
   51
    0
  110
    0
   39
    0
   19
   17
   24
   27
    0
    0
   29
    7
    0
   17
   18
   62
   29
    0
   27
    5
   25
    0
    0
    0
    0
    0
    0
    0
    0
    0
   53
   28
   37
    0
    0
    0
    0
    0
    0
    0
    0
   15
   11
   28
   12
   15
    0
   52
   31
   35
    0
    0
    0
   47
    0
    7
    0
    0
    0
    0
    0
    0
    0
    0
    0
    0
    0
    0
    0
    0
    0
    0
    0
   56
   37
   48
   11
    6
    0
   10
    0
    0
    4
   21
    0
    0
    4
    6
    5
   14
    0
   40
    5
    0
    0
    5
    0
    0
    0
    0
    0
   10
    0
    0
    0
    0
    0
    0
    0
    0
    0
    0
    0
   11
   16
    0
   62
    9
   20
    0
    0
   61
    0
    0
   25
   31
   43
   64
   73
   15
   13
   15
    0
   25
   31
    0
    0
    0
    0
    0
    0
   41
   53
   49
    0
    0
    0
    0
    0
    0
   35
    8
    0
    0
    0
    0
    0
    0
    0
    0
    0
    0
    0
   12
    0
    0
    0
    0
    0
    0
   92
    0
    0
    0
    0
   85
  403
  231
   32
    0
    0
   50
    1
    0
    4
    0
    0
    0
   31
   73
    0
    0
  284
    0
    0
    0
    0
    0
    0
    0
    0
    0
    0
    0
    0
    0
  245
   47
    0
    0
    0
    0
    0
   14
   12
   18
    0
    0
    0
    0
    0
    0
    0
    0
    0
    0
    7
   12
    0
    0
    0
    0
   92
   21
   14
   18
   45
   42
   45
   73
    0
    0
   19
    0
    0
    0
    0
    0
   21
   39
   65
   12
    0
    0
    0
    0
    0
    0
    0
    0
    0
    0
    0
    0
    0
    0
    0
    0
  400
 1044
   89
  101
    0
    0
    8
    0
    5
   15
   40
    1
    0
    0
    0
    0
    0
    0
    0
   11
   20
   15
   38
   31
   69
   65
   91
    8
    0
    0
   21
    0
    0
   15
    7
  171
   32
    0
    0
    0
    0
    0
    0
   90
   80
   16
  182
   78
    0
    0
   32
   21
   17
   45
    0
    0
   31
   84
  212
   34
    0
    0
    0
    0
    0
    0
    0
    0
    0
    0
   19
   21
    0
    0
    0
   20
   71
    0
    0
   70
    0
   21
    0
    0
    0
    0
    0
    0
    0
    0
    0
    0
    0
    0
    0
    0
    0
    0
    0
    0
    0
    0
    0
    0
    0
    0
    5
    0
    0
    0
   49
    0
    0
    7
   21
  341
   -9
   -9
   -9
   -9
   -9
   -9
   -9
   -9
   -9
   -9
   -9
   -9
   -9
   -9
   -9
   -9
   -9
   -9
   -9
   -9
   -9
   -9
   -9
   -9
   -9
   -9
   -9
   -9
   -9
   -9
   -9
   15
   13
   49
    0
    0
    0
    0
    7
   40
    0
    5
   65
   11
   16
   31
   20
    0
    0
    0
    0
    0
    0
   20
    0
    0
    0
   60
    8
    0
    5
   39
   -9
   -9
   -9
   -9
   -9
   -9
   -9
   -9
   -9
   -9
   -9
   -9
   -9
   -9
   -9
   -9
   -9
   -9
   -9
   -9
   -9
   -9
   -9
   -9
   -9
   -9
   -9
   -9
    0
    0
    0
   71
    0
    0
    0
    0
   23
   37
   55
   32
   73
   43
    0
   42
   12
    0
   36
   37
    0
    0
    0
    0
    8
    0
    0
    0
  137
  243
   17
   -9
   -9
   -9
   -9
   -9
   -9
   -9
   -9
   -9
   -9
   -9
   -9
   -9
   -9
   -9
   -9
   -9
   -9
   -9
   -9
   -9
   -9
   -9
   -9
   -9
   -9
   -9
   -9
   -9
   -9
    0
    0
    0
   41
   15
   23
    0
    0
    0
    0
    4
   11
    0
    0
    0
    0
   18
    4
    0
    0
   51
    0
    0
    8
    0
    0
  112
    0
    0
    0
    0
    0
   25
    0
    0
   11
   91
   95
   21
    0
    0
    0
  161
    0
    0
  215
   75
    8
    0
    0
    0
    0
    0
    0
   35
    0
    0
  160
    9
    0
   11
    0
    0
    0
    0
    0
    0
  105
   51
   76
    0
    0
    0
    0
   13
    4
   17
   14
    2
   24
   13
    3
    0
    0
    5
   47
   58
    0
    0
  181
    0
    0
   41
    0
    0
    0
    9
    0
    0
  105
  135
    0
    0
    0
    0
    0
    0
    0
    0
    0
    0
   31
   21
    6
   68
    0
    0
    0
   16
    0
    0
    0
    0
    0
   34
  115
   11
    0
    0
    0
    0
   45
    0
    0
    0
    0
    0
    0
    0
    0
    0
    0
  151
  271
  314
  136
   27
    0
    0
   12
    0
    0
    0
    0
    0
    0
    0
    0
    0
    0
    0
    0
    0
    0
    0
    0
    0
    0
    0
   28
   17
    0
    0
    0
    0
    0
    0
    0
    0
    0
    0
    0
    0
    0
   32
   57
    0
   21
   69
   72
   44
  131
    0
    0
    0
    0
   31
   14
   67
    0
   21
   74
   36
   41
   44
    0
    0
   15
    0
    0
   14
   17
    0
    0
    0
    0
    0
    0
    0
    1
   52
    4
   53
  161
   96
    0
    0
   20
   45
   51
    0
    0
    0
  182
    0
    8
    0
    0
    0
    0
    0
    0
   40
   11
   30
   34
   28
    0
   41
   13
    9
   41
    0
    0
    6
    0
    0
    0
    0
    0
    0
    0
    0
    0
    0
    0
    2
    3
    0
   31
   72
    0
    0
    0
   13
   65
   24
   34
   65
   63
  102
   31
    4
    0
    0
   21
   34
   21
    0
    0
    0
    7
   29
    0
    0
    0
    0
    0
    0
    0
    0
    0
    0
   21
   10
    3
   33
   20
   10
    0
    0
    0
   93
   98
   29
    0
    0
    0
    0
    0
    0
    0
   13
  121
    0
    0
    0
    0
    3
    0
    0
    0
    0
   31
   42
    0
   51
   91
  162
    1
    0
   19
    0
   61
   34
   39
   19
    0
    0
    0
    0
    0
    0
    0
   55
   19
   21
   69
  385
  300
    7
   71
   29
    0
    0
    0
    0
    5
    0
    0
    0
    0
    0
   35
    0
    0
    0
    0
    0
    0
    0
    0
    0
    0
    0
    0
    0
    0
    0
    0
    0
    0
    0
    0
   22
    0
    0
    0
    0
   78
   19
    0
    0
    0
   91
    0
    0
   75
    0
    0
    0
    0
   49
   71
  205
    0
   15
   42
    0
    0
    0
    0
    0
    0
   41
   78
   41
   47
   21
  452
    0
   32
    9
  171
  102
   38
   15
   14
   11
   35
   11
   72
   23
    9
    0
    4
    0
  509
   90
    0
    0
    0
    0
    0
  111
    0
   23
   34
    0
    0
    0
    0
   28
    0
    0
    0
    0
    0
    0
  151
    0
    0
    0
    0
    0
    0
    0
   25
  115
   42
   11
   39
    0
    0
    0
    0
    0
   68
  312
   69
    0
    0
    0
  212
   10
    0
    0
   49
    8
   70
   18
   21
   61
    0
    0
   21
    0
    0
    0
    0
    0
    0
    0
   82
    0
    0
    0
    5
   41
    0
    0
    0
    0
    0
    0
   59
    8
    0
    0
    0
  395
  314
   19
    0
    0
    0
   85
   17
    0
    0
    0
   35
   31
    0
    0
   32
    0
    0
   19
    9
    0
    0
    8
   19
    0
   62
   67
    0
    0
    0
    0
   14
    0
    0
   41
   14
    0
    0
    0
   15
    0
    0
    0
    0
   65
    3
    0
    7
   49
   34
    0
   41
   19
   15
   18
   81
    0
    0
    0
    0
   11
    0
   51
   69
    0
    0
    0
   11
   15
    0
    0
    2
   41
    0
    3
    9
    7
    0
    0
    0
    0
   31
    6
  223
   51
   18
   82
   11
    0
   22
   31
    0
    0
    0
   13
   67
    0
   36
   18
   15
   92
   51
    0
    0
    0
    9
    0
    0
    0
    0
    0
    0
    0
    0
    5
   11
   14
   29
   31
    3
    0
   20
   23
    0
    0
   17
    7
    0
    0
    5
    7
   14
    8
   15
   13
    0
    0
    0
    0
    0
   11
    0
   12
   39
    7
    0
   40
   11
  142
  173
  122
  187
   21
    7
    0
    0
    0
    0
    0
    0
    0
    0
   97
    0
    0
   84
    0
    0
    0
    0
    0
    0
    0
    0
    3
    9
    0
    0
    0
    0
    0
    0
    0
    0
    0
    0
    0
   11
    5
    4
    0
    0
   31
   11
    0
    0
    0
  121
  233
   44
  238
   16
   12
    0
    0
    0
    0
    0
    0
    0
    0
    0
    0
   15
   29
    9
    4
  165
    0
    0
    0
    0
  140
   55
   46
   71
   76
   11
    0
    0
    0
    0
    0
    0
    0
    0
    0
    0
    0
   11
    0
    0
    0
   29
    0
   20
   72
    0
   41
  179
   20
   80
   31
   12
    0
   18
   13
    0
    0
    0
    9
    0
    0
    0
  185
    0
    0
    0
    0
    0
    0
    0
    0
   76
   13
   31
   10
   43
   34
  321
  498
   54
   91
   63
  189
   91
  126
  157
  109
   23
   34
    0
    0
    0
   18
    0
    0
    0
    0
    0
    0
  151
  282
   17
    0
    0
    0
    0
   28
    0
    0
    0
   73
   15
   71
   29
    0
   12
   14
   21
    0
    0
    0
    0
    0
    0
    0
    0
    0
    0
    0
    0
    0
    0
    0
    0
    0
    0
    0
  123
    0
    0
   25
    0
    0
    0
   89
    0
    0
    0
  115
  106
   31
    0
    0
    0
    0
    0
    0
    0
    0
    0
   31
   69
   32
   34
   42
    0
   47
   31
    0
  198
    0
    0
  141
  127
   24
    0
    0
    0
  145
   74
   29
   15
   17
   35
    0
    0
   39
   61
    4
   16
   52
   58
    0
   14
   31
   85
   55
   19
    9
    0
   51
   39
   21
  109
    0
    0
    0
    0
   84
   76
    7
   11
   44
   74
   41
   81
   75
   41
   14
   48
  138
   13
    0
  109
   11
    0
   52
   25
   28
    0
   30
   21
    0
    0
    0
   11
    0
    7
    0
    0
    0
    0
    9
    0
    0
    0
    9
    5
   31
  109
    5
    0
    9
    0
    0
    0
    0
    0
    0
    0
    0
    0
    0
    0
    0
    2
    0
    0
    0
    0
    0
   12
  165
  135
    0
    0
    0
    0
    0
    0
   16
    0
   59
    0
    0
    0
    0
    0
    0
    0
    0
    0
    0
    0
    0
    0
    9
    0
    0
    0
    0
    0
    0
    4
   12
    8
   16
   18
    0
    0
    0
    0
    0
   41
    0
    0
    0
    0
    0
    0
  100
  144
    0
    0
    0
    0
    0
    0
    0
    0
    4
    0
    0
    0
    0
    0
    0
    0
    0
    0
    0
  148
   24
   46
   14
   26
   58
    0
    0
    0
    0
    0
    0
    0
    0
    0
    0
    0
    0
    0
    0
    0
   11
   27
   35
   18
    0
    0
   81
  212
    5
    0
    0
    2
  353
    0
    0
    0
    0
    0
  211
    5
   12
   14
    0
    0
   25
    0
    0
    0
    0
    0
    0
    0
    0
    0
    0
    0
    0
    0
    0
    0
    0
    0
    0
   39
   31
   18
    0
    0
  151
    0
   42
   18
    0
   26
    0
   56
   23
    0
   62
   42
    9
   31
   61
   11
    0
    0
  101
    9
   51
    0
    0
    0
    0
    0
    0
    0
    0
    0
   19
    1
    0
   18
    0
    0
    0
    0
    0
  165
   10
    0
    0
    0
    0
    0
    0
    0
    0
    0
   34
  175
   18
    0
    0
    0
    0
    0
    0
    0
    0
    0
   10
    0
    0
    0
    0
    0
    0
    0
    0
    0
    0
    0
    0
    0
    0
    0
    0
    0
    0
    0
    5
   34
    0
    0
    0
    0
    0
    0
    0
    0
    0
    0
    0
   41
    0
    0
   21
    0
    0
    0
    0
    5
    0
    0
    0
    0
    0
    0
    0
    0
   28
   81
    0
    0
   23
   11
   38
   41
   11
   27
    0
   12
    0
   11
    0
    0
    0
    0
    0
    0
    0
    0
    0
    0
    0
    0
    0
    0
    0
   18
    0
    0
    0
    0
    0
    0
    0
    0
   11
    0
    0
    0
   61
   12
    0
    0
    0
    0
   36
   31
    0
    0
    0
   21
   28
    0
    0
    0
    0
    0
    0
   62
   41
   61
    0
    0
   78
    8
    0
    0
   68
   17
   20
   38
    0
   14
    0
    0
    0
    0
   23
    0
   28
   31
    0
    0
    0
    0
   21
   68
   37
   49
    0
   21
   13
   15
   13
   16
    0
   11
   34
   95
   36
   68
   34
   23
   26
   13
   34
    0
    0
   61
   58
   21
   51
   18
   16
  131
   34
   63
   31
    0
   24
   26
   11
    9
   20
   82
   74
   81
    0
    0
    0
    0
    0
    0
   15
    9
    0
    0
    0
    0
    0
    6
    0
    9
    0
    0
    0
    0
   18
   18
    2
    0
    0
    0
    0
    0
    0
    0
    0
    0
    0
  102
   67
   56
   39
    0
    0
   90
    5
    6
    0
    0
    0
    4
    0
  207
   29
    9
    0
   11
   23
    7
   61
    0
   42
  121
   84
   17
    5
  148
    0
    0
    0
   76
    0
    0
    0
    0
    0
    0
    0
    0
    0
    0
    0
    8
    0
   24
   31
    0
    0
   40
   41
   14
  106
   23
    0
   13
   15
   11
    0
    0
    0
   43
    0
    0
    0
    3
  130
   21
    0
   44
    5
   71
    0
    0
    0
    0
    0
    0
   44
    0
    0
    0
   35
    0
    0
    0
   39
  115
   58
    0
    0
    0
    0
    0
    0
    0
    0
    0
    0
    0
    3
    4
    0
    0
    0
    0
    0
    0
    0
    0
    0
    0
    0
    0
    0
    0
    0
    0
    0
   45
    0
    8
    0
  113
    0
    0
    0
    0
    0
    0
    0
    0
    0
    0
    0
  131
  150
  407
  572
  465
    5
    0
    0
   59
    0
    0
   12
    0
    0
    0
   11
    0
    0
    0
    0
    0
    0
    0
    0
    0
    0
    0
    0
    0
    0
    0
    0
    0
    0
    0
    0
    0
    0
    0
    0
  141
    0
    0
    0
   41
   52
    0
    0
    0
    0
  134
    0
    0
    0
   85
    0
    0
    0
    0
    0
    0
    0
    0
   21
    0
    0
    0
    0
    0
   41
    0
    0
    0
    0
    0
    0
    0
    0
    0
    3
    0
    0
    0
    0
    0
    0
    0
    0
    0
    0
    0
   10
    1
    0
    0
    0
    0
    0
    0
    0
    0
    0
    0
    0
    0
    0
   41
   31
    5
    5
    8
    2
    3
    0
   21
    0
   31
  105
   74
   34
   18
   15
   11
    0
    0
    0
    0
   21
   25
    0
   27
   11
   23
    0
    0
    0
    0
    0
    0
    0
    0
    0
    0
   31
   87
    5
  100
   82
    0
   11
    9
    0
    0
    0
   11
    0
   53
   12
    0
   14
    9
   34
    0
    0
   28
   51
   79
    0
   51
    0
    0
    0
    0
    0
   21
   62
    0
   26
    0
    0
    0
    0
   61
    0
    0
    7
   31
   28
   19
  209
   21
   31
   42
   46
    7
    0
    0
    0
    0
    0
    0
    0
    0
    0
    0
    0
   11
   85
   15
    0
    0
    0
    0
    0
    0
    0
    7
    3
    4
    0
   24
    0
    0
    0
    0
    0
    0
    0
    0
    0
    0
    0
    0
    0
    0
    0
    0
    0
    2
    7
    0
    6
    0
    0
  132
  191
   45
   41
    0
   29
    0
    0
   21
   17
   35
   45
    0
    0
    0
  117
    0
    0
    0
    0
    0
    0
    0
    0
    0
    0
    0
   13
    0
   78
    0
    0
    0
   45
    0
   21
   11
    0
    0
   16
   39
    9
   56
   81
    0
   31
    0
    0
    0
   11
   81
    0
   36
   49
   36
   32
   31
    9
    0
    0
    0
    0
    0
    0
   42
  175
   62
    7
   19
    0
    0
    0
    0
    0
   21
    0
   38
    0
    0
    0
    0
   41
    0
   78
    6
   15
    0
    0
   35
    0
   66
   18
   21
   65
   68
   16
    0
    0
    0
    0
    0
    0
    0
   29
    0
   67
   59
   92
   44
   11
    0
    0
    0
    0
    0
    0
    0
  125
   30
   61
    0
    0
   75
    0
    0
    0
  138
    0
    0
    0
  228
  226
  575
    0
    0
    0
    0
   78
    0
    0
    0
    0
    0
    0
    0
    0
    0
    0
    0
    0
    0
    0
    0
    9
    0
    0
    0
   48
   56
   41
   29
   49
    0
   44
   63
    0
    0
    6
    5
    0
    0
    0
   10
    5
   18
   24
    0
   21
   25
  110
    0
    0
    0
    0
   96
    0
    0
    0
   31
   78
    0
   35
   14
    0
    0
    0
    6
    0
    0
    0
    0
    0
    0
    0
    9
    6
    0
    7
    4
    0
    0
    0
    0
    0
    0
    0
    0
    0
    0
    0
    0
    0
    0
    0
    0
    0
    0
    0
    0
    5
    9
   10
    0
    0
   17
  236
   11
    0
    0
   23
    6
    0
    0
    0
    0
    0
    0
    0
    0
    0
    0
    0
    4
   31
   15
    0
    0
    5
   20
    5
   20
   31
    0
   56
   18
    0
    0
    0
    0
    0
   15
   12
    0
   19
   21
    0
   28
   31
   33
   16
    0
    0
    0
    8
   11
   13
   58
   45
   21
    0
    0
    0
    0
    0
    0
    0
    0
   14
   11
    0
   41
   38
    0
    0
    0
   66
  161
   55
    0
    0
   15
   10
    0
   28
   13
    0
    0
    0
    0
    2
    0
    4
    0
    2
    0
    0
   92
    0
   44
   20
    0
    0
    0
    0
    0
    0
    0
    0
    0
    0
    0
    0
   11
    8
    0
    0
    0
    6
    8
    0
   41
  378
    0
    0
    0
    0
    0
    0
    0
    0
   31
   24
   10
    6
   14
   32
   40
    0
    0
    0
    0
    0
    0
    0
    0
    9
    0
   70
   23
   19
   31
    0
    0
    0
    0
    0
    0
   56
    0
   14
   12
   21
   26
  151
   96
   78
   81
   34
    0
    0
    0
   18
   21
    0
    0
    0
    0
    0
  186
   28
    0
    0
    0
    0
    0
    0
   94
   22
    0
    0
    0
    0
    0
   23
    0
    0
   28
    0
    0
    0
    0
   24
   31
    0
    0
   21
   49
   51
   64
   23
   87
   38
   86
    0
    0
    8
   74
   34
   67
    6
    0
    8
    0
   11
    0
    0
   42
    0
    0
    0
    0
  141
   56
   62
   61
   52
    0
    0
    0
    0
    3
   92
    0
    0
   14
    9
   17
   22
    0
    0
    0
   45
    0
   41
   39
    0
   32
   11
    0
    0
    5
    0
    0
   11
    0
    0
   51
    0
   58
    0
    0
  213
  323
   25
    0
   48
    0
    0
   36
    0
   34
   20
    0
    0
    0
    0
    0
    0
    0
    0
   51
    0
   21
   28
   11
   56
    0
    0
    0
    0
    0
    0
   35
   20
   25
    0
    0
    0
    0
   21
    0
    0
    0
    0
    0
    0
    0
    0
    0
    9
    0
    0
    0
    0
    0
    3
    0
    0
    0
    0
    0
   41
    0
   11
   12
   35
    0
    0
    0
    0
    0
    0
    0
    0
    0
    0
    0
    0
    0
    0
    0
    0
    0
   21
   41
   32
    0
   35
   27
    0
    0
   12
    8
    0
    0
    0
   19
   23
   18
   78
   31
    4
    3
   18
    0
    0
   25
    0
    0
    0
    0
    0
    0
    0
    6
    1
    0
    0
   11
   51
    0
   17
  113
   21
   24
   72
   68
  109
   98
    5
    0
    0
    0
   18
    0
   21
   49
   71
   26
    0
    0
    0
   20
   35
   16
    0
    7
    9
    0
    0
   41
   21
   84
   64
  131
  104
   18
  125
   36
   14
    7
   18
    0
    0
   11
   22
    0
    0
    0
    0
    0
    8
    0
    0
    0
    0
    5
   31
    0
   65
    2
    0
    0
    0
    0
    0
    0
    0
   36
   46
    3
    0
    0
    0
    0
    3
    0
    0
    0
    0
    0
    0
    0
   21
   83
   46
    0
    0
    5
    0
    0
    0
    0
    0
    0
    0
    0
    0
    0
  130
    0
   87
    0
   21
    8
   13
    0
    0
    6
   80
    0
   36
  132
   24
    0
    0
    0
    7
    5
   91
  118
   15
   10
    0
    0
   41
  142
   35
    9
    0
    0
    0
    0
  102
    0
   15
    0
    0
    0
    0
    0
    0
    0
    0
    0
    0
    0
   51
   11
    0
   94
    0
    8
   71
   16
    0
   26
   47
   16
    0
    0
    0
    0
   11
    0
    0
  132
   65
  256
  234
   75
    0
   11
  105
   34
  104
   21
   19
    0
    0
    0
   96
   60
    8
    0
    0
    0
    0
    0
    0
    0
    0
    0
    0
    0
    0
    0
    0
    0
    0
    0
    0
    0
    0
    0
    0
   11
   47
   61
   30
   41
   25
    0
    0
    0
    0
    0
    0
    0
    0
    0
    0
    0
   95
   40
    7
   30
    0
    0
    0
    0
   20
   91
    0
    0
   34
  115
    0
    0
    0
    0
    0
    0
  376
    0
    0
    0
    0
    0
  112
  121
   51
    0
   14
   83
   61
    0
   41
    0
    8
   25
   31
   34
    0
    1
  102
   16
    0
   37
    0
    0
    0
    0
    0
  135
   18
    0
   12
   72
  106
   24
    0
    0
    0
    0
    5
    0
    0
    0
    0
    0
    0
    0
    0
    0
    0
    0
    0
    0
   41
    0
    0
    0
    0
    0
    0
    0
    0
    0
    0
    0
    4
   11
   59
  374
   84
    0
    0
    0
    3
    0
  107
    0
    0
    5
    2
    0
    2
   20
    6
    0
    0
    0
    0
    0
    0
    0
    0
    0
   10
    9
    0
   24
    9
    0
    8
   12
    0
    0
    0
    0
    0
    0
    0
    0
    0
    0
    0
    0
   20
    0
    0
    0
    9
    0
    0
    8
    3
    0
    3
   43
   48
  102
   52
   78
   74
   85
   35
    0
   71
   62
  181
  286
  271
   55
  197
  209
    0
   28
  101
   18
    8
  132
   30
    0
   25
  150
    0
    0
    0
    0
    0
    0
    0
    0
    0
   30
  184
    0
    0
   61
    0
  166
   68
    0
    0
    0
    0
    0
    0
    0
   14
    0
  101
    0
    9
    0
    0
   21
   45
   94
    0
    0
   81
   18
  105
    0
    1
    0
    0
    0
    0
   41
   22
   15
   31
    0
    0
    0
    7
   26
    0
    0
    0
    0
    0
    0
    0
   10
   32
   21
   10
   10
    8
    0
    4
   66
    2
   11
   18
   13
    0
    0
    5
    0
    0
    2
    0
    0
   88
   11
    0
    0
  148
  165
   12
    0
    0
    0
    0
   18
    0
    0
    0
   26
   44
   21
    0
    0
    0
    0
    0
    0
    0
    0
    0
   45
  210
   80
   12
    0
    0
    0
    0
   79
    0
    0
    0
    0
   20
    0
    0
    0
    0
   11
   21
  125
   20
    0
    0
    0
    0
    3
   12
   14
   17
   72
   61
   39
   18
    8
    4
   13
   14
    0
    0
   11
  103
  152
   21
   61
   24
   18
   25
    0
   11
  168
    0
   46
   42
    0
   55
    0
    2
    0
    0
    0
    0
   18
    0
    0
    0
    0
  112
    0
    0
    0
   15
    0
    0
    0
   81
   52
  345
   43
   59
    0
   11
   67
    0
   16
   32
   25
   36
   21
  348
    8
   31
  165
   91
   52
   55
   21
    0
    0
   98
   48
    5
   98
    0
   41
   12
   65
    0
   98
    0
   11
    0
    0
   12
   57
    0
    0
    0
   29
    8
    0
    0
    0
    1
    0
    0
   51
    0
   46
    9
    0
    0
    0
    0
    0
   52
    0
    0
   81
    0
    0
    0
    0
   14
   89
   42
    0
    5
    0
    0
    0
    0
    0
    0
    0
    0
    0
   11
    0
    0
    0
    0
    0
    8
    0
    0
    6
    0
  208
    0
    0
    0
    0
   36
    5
    0
    0
    0
    0
    0
    0
    0
    0
   54
   30
    0
    0
    0
    3
    0
    0
    0
    0
   15
    0
    0
    0
    3
   34
   31
   58
  158
  140
    5
   14
    0
    4
   18
    2
   41
    0
    0
    0
    2
    0
    0
    0
    0
    0
   19
    0
    0
    0
    0
    0
    0
    0
    0
   80
   55
  153
   44
   91
   42
   53
    0
    0
    0
    9
    0
    2
   11
   37
    0
   42
    0
    0
   27
    5
    0
    0
    0
    0
    0
   78
    0
    0
    0
    0
    0
   42
    0
    0
    0
    0
    0
  107
   21
    8
    0
    9
   31
    4
    0
   16
    5
    4
    8
    0
    0
    0
    0
    3
   25
   16
   46
   81
    4
    0
    0
    0
   68
   43
   68
   24
    8
    6
   72
   48
  176
    6
    6
   82
   32
   -9
   -9
   -9
   -9
   -9
   -9
   -9
   -9
   -9
   -9
   -9
   -9
   -9
   -9
   -9
   -9
   -9
   -9
   -9
   -9
   -9
   -9
   -9
   -9
   -9
   -9
   -9
   -9
   -9
   -9
   -9
   51
    0
    0
    0
   19
    0
    0
   11
    0
    0
    0
    0
   14
    0
    0
    0
    0
   54
    0
   21
    0
    0
    0
    0
    0
    0
    0
    0
    0
    0
    0
   48
   91
   21
    0
    0
    0
    0
    0
    0
    0
    0
    0
    0
    0
    0
   11
   36
    0
   37
    0
    0
    0
    0
    0
   19
   21
    0
   71
   29
   20
    0
    0
    0
   12
   64
  212
    5
   13
   14
    0
   45
    0
    0
    0
    0
    0
    0
    0
    0
    0
    0
   20
    6
    7
   10
   54
   67
    6
   39
    5
    0
    0
   29
    4
   36
    0
   39
    0
    2
    0
    0
    9
   10
   11
   80
   31
   17
   15
    9
    0
    0
    0
    0
  115
    0
    0
   55
    0
   21
    0
    0
    0
    0
  131
    0
    0
    0
    0
    0
    0
    0
    0
    0
    0
    0
    0
    0
    0
    0
   36
    0
    0
    0
    0
   43
  122
   21
    0
    0
   39
    0
    0
    0
  131
    0
    4
  142
    0
    0
    0
    0
    0
   36
    0
    0
    0
    0
   15
   10
    0
    0
    0
    0
    0
   55
   41
   38
    0
    0
    0
   16
    0
    0
    0
    0
    0
    0
   26
    0
    0
   12
    2
   11
   30
   20
    0
    9
    0
    0
    0
    0
   25
    3
    0
    0
    2
   41
    0
    0
    0
    0
   19
    8
   13
   56
    4
    0
    0
    0
   18
    0
    0
    0
    0
    0
  141
   91
   58
   21
    0
   46
   42
   34
    6
    3
    5
   50
   28
   15
    8
   45
   21
  115
   56
   22
   41
  118
   21
   52
   28
  124
    8
   27
   82
   71
   28
    7
   17
    0
   21
   72
  432
   52
    3
    2
   95
   10
    5
    0
    9
    0
    0
    4
    0
   39
    0
    0
    0
   36
   40
   75
   19
    0
   43
    0
   11
    0
    4
    0
    0
    4
    0
    0
    0
    0
    0
    0
    0
    0
    0
    0
    0
    0
    0
    2
    0
    0
    0
    0
   32
    0
    0
    0
    0
    0
    0
   71
   19
   28
   26
    0
    0
   21
   56
   43
    0
    2
   10
    2
   29
    8
    6
   12
    0
   21
    6
   18
    0
    0
    0
   26
    1
    0
   85
    3
    1
    0
   14
   11
    7
    0
    0
    0
    5
   25
   12
  114
    0
    0
    0
    0
    0
    0
    0
    1
    0
    0
    0
   60
    0
    0
   28
    7
    0
    0
    0
    0
    0
    3
   25
    0
    0
    0
    0
  161
   59
    0
    0
    0
   32
  116
  142
    0
    0
    0
    0
    0
    0
   11
   12
    0
    0
    0
  124
   24
    6
    0
    0
    0
    0
    0
    0
    0
    0
    0
    0
    0
    0
    0
    0
    0
    0
    0
  143
    0
    0
   36
   42
   15
   51
    0
    8
    0
    2
    0
   14
    0
    0
    0
    0
    0
    0
    0
    0
    0
    0
    0
   29
    0
    0
    0
   56
    0
    0
   26
   48
   78
   14
    8
    0
    0
    0
    0
  221
    0
    0
    0
    0
   63
    0
    0
   14
   38
    0
    0
    0
    0
  114
   21
    0
   20
  232
    0
    0
   21
   14
   38
   19
   42
    0
    0
    0
   62
    0
    0
    0
    0
   45
    0
    0
    0
    0
    0
    0
    0
    0
    0
    0
    0
    0
   42
    0
   36
  102
   54
    0
    0
    0
    0
  112
    8
    0
    0
    0
    0
    0
    0
    0
    0
    0
   82
  110
  104
    0
    0
   15
   21
    0
    0
    0
    0
    0
   42
    0
    4
    0
    8
    0
   18
    0
    0
    0
   35
   31
    0
    0
   29
   21
   18
    0
   39
   10
    0
    0
    0
    0
   10
    0
    0
    0
    0
    0
    0
    0
    0
   10
  144
   10
  324
    0
   10
   56
    0
  234
  186
   17
    0
    0
    0
    0
    0
    0
    0
    0
    0
    0
    0
    0
   35
   90
   10
   10
   30
   79
   25
    0
    0
    0
    0
    0
    0
    0
    0
    1
    0
   16
   37
    0
    0
   35
   46
   21
   95
   31
    0
    0
    0
   45
    0
  102
    0
    0
    0
    0
    0
    0
    0
    0
    0
    0
    0
    0
    0
   17
    0
    0
    0
    4
    1
    5
    5
    0
    0
    0
    0
    6
    0
    0
    0
   12
    0
   14
   18
   52
    0
    0
    0
    0
    0
    0
    0
    1
   30
    0
    0
    0
    0
    0
    0
    9
   11
    0
   68
   51
  181
    0
    0
    5
    0
    0
    0
    0
    0
    0
    0
   16
   32
   53
   68
   12
   31
    0
   11
   29
    0
    0
   35
   58
    0
    0
    0
    0
    0
    0
    0
    0
    0
    0
    0
   39
    0
   11
    0
    0
    0
   14
   16
    0
    0
    0
    0
   67
   21
    0
    0
    0
    0
    0
   10
   21
    0
    0
   34
    0
    0
    0
    0
    0
    0
   55
    0
   88
   84
  171
    0
   21
    0
    0
    0
    0
    0
    0
    0
    0
    0
    0
   11
    1
  113
   11
    0
    0
    0
    0
   15
    0
    0
    0
    0
    0
    0
   11
    0
    0
    0
    0
    0
   10
    0
    0
    0
  135
   16
   31
    0
    0
    0
   45
   41
  281
   27
    0
    0
    0
    0
    0
    0
    6
    0
  156
   30
    9
   28
    0
    0
    0
    0
   71
    0
   30
   45
    0
  115
    0
    6
   34
    0
    0
   21
   48
    0
    0
    0
    0
    0
   19
    5
    0
    0
    0
    0
    0
    0
    0
    0
    0
    0
    0
    0
    0
    0
    0
    0
    0
    0
    9
   40
    0
    0
    0
    8
    0
    7
    3
    0
    0
   31
   30
   10
    0
   37
   43
  112
   10
    0
    0
    0
    0
    0
    0
   40
   11
   45
   32
   11
    8
   71
   11
    8
   46
  141
   91
   32
    3
    0
    0
    0
    0
   28
   11
    0
    0
   30
   15
    0
   30
   14
    0
    1
    0
    6
   30
    0
    0
    0
   30
    0
    0
    0
   11
    0
    0
    0
    0
    0
    0
    0
    0
    0
   28
    0
   11
    0
    0
    0
    0
    0
    0
    0
   25
   66
   85
   39
   11
   20
   25
   41
   32
   11
    6
    0
    0
    4
    0
    6
    0
    3
   10
    0
  265
   58
   51
   49
    5
   40
   40
    0
   10
   78
    0
    0
   81
    0
    0
    0
   19
   78
   10
    0
    0
    0
    0
   30
   42
  103
   18
    8
   11
    9
    0
    0
    0
    6
   31
    0
    2
    0
    0
    0
   45
    0
   32
   16
    0
    0
   51
   33
   61
    0
    0
    0
    0
   14
   11
   14
   20
    0
    0
    0
    0
    0
    0
    0
    0
   18
    0
    0
   11
    0
    8
    0
    4
    5
    4
    0
   -9
   -9
   -9
   -9
   -9
   -9
   -9
   -9
   -9
   -9
   -9
   -9
   -9
   -9
   -9
   -9
   -9
   -9
   -9
   -9
   -9
   -9
   -9
   -9
   -9
   -9
   -9
   -9
   -9
   -9
   -9
   -9
   -9
   -9
   -9
   -9
   -9
   -9
   -9
   -9
   -9
   -9
   -9
   -9
   -9
   -9
   -9
   -9
   -9
   -9
   -9
   -9
   -9
   -9
   -9
   -9
   -9
   -9
   -9
   -9
   -9
   -9
   -9
   -9
   -9
   -9
   -9
   -9
   -9
   -9
   -9
   -9
   -9
   -9
   -9
   -9
   -9
   -9
   -9
   -9
   -9
   -9
   -9
   -9
   -9
   -9
   -9
   -9
   -9
    1
    0
    0
    0
    0
   11
    0
    0
    0
    0
  198
   45
    0
   76
   48
    0
    0
    0
    2
    0
    0
    0
    0
   35
   47
   42
    0
    0
    0
    0
    0
    0
    0
    0
    0
    0
   31
   20
   48
   25
    8
   49
   11
   10
    0
   11
   12
  391
    6
    0
   25
    0
    3
    0
   20
    9
   11
   10
  199
    0
    0
    0
    0
    0
    0
    0
    0
    0
    0
  191
    0
    0
    0
   28
   91
    0
    0
    0
    3
    0
    0
    0
    0
    0
   61
    0
   94
    0
    0
    0
    0
    0
   28
  301
    4
    0
    0
    0
    0
    6
   13
    0
    0
   38
    0
    0
    0
    0
   29
    0
    0
   28
    0
    0
    0
    4
    0
    0
    0
    0
   19
    0
    0
    0
    0
    0
    0
    3
    0
    0
   39
    0
    0
    0
    0
    0
    0
    0
   48
    7
    0
    0
    0
    0
   41
    0
    0
    0
    6
    0
    0
    0
   21
   10
   48
    0
    0
    0
    0
    0
    0
    0
    0
    0
    8
    0
    0
    0
    5
    8
    0
    0
    0
    0
   19
    0
   68
    0
    0
    0
    0
    0
    0
    0
    0
    5
   88
   19
   20
   19
   84
   21
   15
    0
   36
    4
   10
    5
    0
   59
   52
    0
    0
   19
    0
    5
    0
    0
    0
    0
    5
    4
    2
    0
    0
    0
    0
   15
    6
   22
   14
   11
    0
    0
    0
    0
    0
    0
    0
    0
   35
   43
  112
    3
   58
   83
   23
   41
   20
  171
   23
    0
    8
    0
    0
    0
    0
    0
   45
  126
   22
    0
    2
   21
    0
    0
   14
    5
   41
    8
    2
    0
  112
  108
    0
    0
    0
    0
    0
    0
    5
   14
    0
    4
    2
    0
    0
    3
   11
    8
  117
   28
    0
    0
    0
    9
    0
    0
   78
   16
    8
    6
    8
   11
   32
   21
   38
   35
    4
    0
    0
    0
    0
    0
    0
    0
   26
    3
    0
    0
  148
    2
    0
    0
   39
    1
   61
  196
   61
   14
   12
    3
    0
   10
   22
   34
   45
    0
  181
   11
   45
   86
   43
    5
    0
    0
    5
    0
   66
    0
    0
    0
    0
    0
    0
    0
    0
    0
    9
    3
    0
   19
    3
   29
    0
    0
    0
    0
    0
    0
    0
    8
   59
  186
   18
    0
   29
    5
    0
    0
    0
    0
    0
   84
   41
    2
   45
    0
    0
    0
    0
    0
    0
    0
    0
    0
    0
    0
    0
    0
    0
    0
    0
    0
    0
    0
    0
    0
    0
    4
    0
   26
   48
   46
   45
  156
   31
    6
    0
    0
    0
    0
   24
    0
   30
    0
    0
   21
    0
    0
    0
    0
    0
    0
    0
    0
    0
    0
   31
    0
  192
  944
  102
   31
    0
    0
   14
   78
    5
    0
   29
    0
    0
    0
    0
    0
    0
  212
    8
    0
    0
   61
    0
   19
    0
    0
    0
    6
    0
    0
    2
    0
    0
    0
    0
    0
    0
   12
    3
    0
    8
    2
    0
    0
   15
   18
   49
   86
    0
    0
   61
   14
    0
    0
    0
    0
   68
   46
  176
   57
   21
   11
   29
  161
    2
    3
    0
    0
    0
   41
    0
    0
   71
    0
    0
    0
    0
    0
    0
    0
    0
   76
   81
    0
    0
    0
    0
    0
    0
    0
    0
    0
   34
   18
    8
   17
    0
   29
    0
   12
    0
    0
    0
   18
    0
    0
    9
    0
    0
    0
   51
    6
   34
   98
   85
   26
   52
    3
    0
    0
    0
   31
    7
    5
    5
    0
   24
    0
    0
   21
   46
    8
   28
   34
   12
    0
   23
    9
   21
    0
   53
   19
   31
    0
   46
   15
   12
    5
    0
    0
    0
   19
    0
    0
    0
    0
    0
    0
   16
    6
  108
   39
   61
    0
    0
    0
    0
    0
    3
   68
    2
    0
    0
    0
    0
    0
    0
    0
    0
    0
    0
    0
    0
    0
    0
    4
   51
   34
    2
    5
    0
   89
   45
    8
    0
    0
    0
    0
   34
    0
   21
   26
  102
    8
   28
   24
   87
    5
    0
    0
    0
    0
    0
    0
    0
    0
   39
   41
    0
    0
    0
    0
    0
    0
    0
    0
    0
   33
   29
    8
   43
   81
   31
   29
   20
  132
   21
    0
    5
    0
    0
    0
   17
    3
    6
    5
    0
    0
    0
    6
    0
    0
    0
    5
    5
   12
   15
    5
    0
    0
    0
   48
   18
    0
   13
   46
    5
    0
   21
    0
    0
    0
    0
    0
    0
   14
   21
   86
   23
    0
    0
    0
    0
    0
    0
    0
    0
    3
   76
   52
    0
    0
    0
    0
    0
    0
    0
    0
    0
    0
    0
    0
    3
    0
    0
    9
    0
    0
   32
    0
    0
    0
    0
    0
   28
    5
    0
    0
    0
    0
    0
  162
   72
   23
    0
    0
  176
   26
   48
    0
   26
   19
    0
   44
  103
    2
    0
   32
    0
    0
    0
   11
  158
   29
    4
   18
   14
   27
   18
    8
    9
    0
    0
    0
    3
    9
   19
    8
   68
   28
    0
    0
    0
    0
    0
    0
  709
    4
    0
    0
    0
  272
  153
   54
    8
   26
   88
   85
   48
   19
   26
    0
    0
    9
   48
    0
   16
   23
   62
   48
    0
    0
   72
    0
    0
  103
    9
   38
    0
    0
    4
   18
   83
    0
    0
    0
    0
    0
  112
    0
    0
    0
    0
    0
   38
    0
    0
    0
    0
    0
   42
    0
   71
   55
   36
   57
  106
   89
   35
    0
    0
    9
    0
   10
   83
   26
    3
   10
   74
    8
    0
    0
    0
    0
    0
    0
    0
    0
    0
    0
    0
    0
    0
    0
    0
    5
    0
    0
    0
   19
    0
   79
    0
   39
    0
    0
    0
    2
   17
    0
    0
    0
    0
    0
    0
  156
   68
  164
    0
    0
    0
    0
    0
    0
    0
    0
    0
    0
    5
    2
   58
   43
   26
   22
    0
    8
    2
    0
   78
  102
    3
    4
    0
   31
   11
    5
   86
    0
    0
    0
    0
    0
   38
    0
    0
    0
   19
    0
    6
    0
    0
   26
   41
    5
  193
   11
   28
   99
   36
    0
   18
    0
    4
   21
  123
  178
   19
   13
    0
   39
    4
    0
    0
   42
    4
   69
    0
   39
   71
    0
   24
    0
    0
    4
    0
    3
    4
   35
   21
    6
    5
    7
    4
    0
    0
    3
    0
    2
   76
    0
   58
   38
   41
   36
    9
   41
    4
    3
    4
    0
    0
    0
    3
   29
   69
   13
   41
   17
   14
    0
    0
    0
    0
    0
    0
    0
    0
   16
   56
   38
   39
    2
    0
    0
   16
   19
   11
   98
    0
   14
    0
   44
    2
    0
    0
    0
   36
   48
  184
  422
   62
   18
   63
   59
   78
    0
   14
   27
  125
   69
   31
    0
    0
   54
    4
    3
    3
    4
    3
   24
    0
    0
    0
    0
    0
   38
  111
  353
   49
   47
    0
   22
  104
    0
    0
    0
    0
    0
    0
    0
    0
    0
    0
    0
    0
   19
    0
    0
    0
   35
    0
    0
    0
    0
    0
    0
    0
    0
    0
    4
    0
    0
    0
   16
  384
   18
   51
   10
   21
   38
   16
  119
   88
   11
    0
    0
    0
    0
   98
    4
    0
   86
    0
    6
    5
    0
    0
    0
    0
    6
    0
    0
   91
    0
    0
    0
    0
    0
    0
    0
    0
    0
    0
    0
    0
    5
    0
    0
    0
    0
   22
   14
    0
  141
    3
    0
    0
    0
    0
    0
   59
    0
    0
   14
   22
   24
    0
    0
    0
    0
    0
    0
   19
    0
    0
    0
    0
    0
    0
   33
    0
    0
    0
    0
    6
   89
    0
  242
  188
  109
    0
    0
    0
    0
   38
  175
    5
    0
    0
    0
   13
  318
  155
    0
   11
    0
    0
    0
  191
   16
   67
    0
    0
   70
    5
    6
  146
    0
   75
    0
    0
   33
    0
   12
    3
    0
    4
    0
    0
    5
    0
    0
    0
    0
    0
    3
    0
    0
    0
   28
    5
  158
    3
   67
    0
    3
    0
    0
    0
    0
    0
    0
    0
    0
    5
    3
    0
    0
    0
    0
    0
   24
    0
    2
    0
    0
    0
   51
   32
   57
    0
    0
    0
    0
    0
    0
    0
    5
    0
    0
    0
    0
    7
   76
   43
    7
  136
   10
   35
    2
    0
    0
    0
    9
   76
   41
    7
    9
    3
   15
    0
    0
   11
   16
   19
    3
    0
   44
   26
   71
    0
   61
  145
    2
    0
   10
    0
    0
    0
   19
    3
    1
    0
    0
    0
   24
   86
   21
   20
   39
    4
   36
   31
   15
    3
    0
    0
    3
    0
   56
   22
   70
   14
    3
    8
    0
    3
    0
   10
   48
   20
    7
   35
    9
    0
   27
    8
   61
   20
   31
   54
    0
    2
   47
    0
   41
    3
    0
    0
  125
    0
   15
   23
    0
   11
    2
   18
    4
    3
    0
   16
    0
   51
    0
    0
   36
   20
    4
    6
    0
    0
    2
    0
    0
    0
   10
    3
    0
    0
    0
    0
    0
   10
    3
    4
    3
   26
    4
    6
   12
    0
   10
    0
    0
   50
   22
  115
   67
   24
    2
   55
   66
    0
    0
   29
    3
    3
    9
    7
   31
  124
   52
    9
    5
    4
   91
   82
  161
   33
   32
    3
    0
    0
    0
    0
   37
   54
    4
    0
    0
   21
    0
    0
    0
    0
    0
    0
    0
   12
   56
    0
    0
   31
  568
    0
    0
    4
   26
   68
    0
    0
    0
    0
    0
    0
    0
    0
    0
    0
   17
  553
   32
  394
   84
    0
   15
   39
  145
    6
  124
   15
   31
   78
  167
  138
   77
   23
    9
   36
    5
    0
    0
  185
   34
    9
   36
    3
    0
    0
    0
    0
    0
    0
   55
   32
   21
    0
    0
    0
    0
    0
    0
    0
    0
   42
    0
    0
   25
    0
    4
    0
    0
    0
  287
    0
    0
    0
    0
    0
   20
    0
    0
    0
    0
    0
   65
    0
    0
    0
    0
    0
    0
    0
    0
    0
  113
  158
  104
    0
    0
    0
   35
   55
    0
    0
    0
    0
    6
   41
  121
  191
   14
    4
  612
  194
   19
   34
    0
    0
    5
    9
    3
    0
    0
    2
    0
   15
    3
    0
    4
    0
    0
   78
  221
   18
    0
    3
    0
    0
  106
   69
   17
   39
  111
   17
    0
    0
    0
    0
    0
    0
    0
    0
    0
    0
    0
    0
    0
    0
    0
    0
    3
    0
   21
    0
    0
    0
    0
    2
    0
   21
  149
   22
    2
    4
  102
   66
  106
   52
    0
  221
   41
   38
    9
    0
    0
    0
    0
    9
   59
   72
   74
   49
  146
    0
    0
    0
    0
    0
    0
    0
    0
    9
    2
    0
    0
    3
    0
   21
   16
   15
    8
    0
    0
    0
   71
   24
    0
    0
    0
    0
    0
   19
   28
   81
    3
   79
   91
   31
    3
    1
    0
    0
    0
    1
    0
    0
    0
    7
    0
    0
    0
    5
    7
    0
    0
    0
    0
    0
    0
    0
    0
    0
    0
    0
    0
    0
    0
    0
    0
    0
    6
    0
    0
    0
    0
    0
    0
   15
   12
    4
    8
    0
    0
    0
    0
    0
    0
    0
   44
   24
   26
   41
   59
   71
    0
   13
   15
    7
    0
    0
    0
    0
    0
    0
    0
   18
   24
   12
    4
    5
   11
    0
    0
    0
    5
   21
    4
    5
    0
    0
    0
    0
    0
    0
    0
    0
    3
   21
   23
    0
   82
    0
    0
   13
   12
   21
   57
   11
   82
    7
    4
    0
    0
    0
    0
    2
   87
    9
   17
    0
    0
    0
    0
    0
    0
    0
    0
    0
   10
   33
    0
    0
    0
   22
   28
    6
    0
  100
   75
   86
    3
    0
    0
   25
   96
    3
    4
   12
    2
    4
    3
   29
    3
  218
  142
    0
    6
   26
    8
    0
   41
    5
   91
    0
    0
    0
    0
   16
  104
   28
    0
    0
    0
    0
   19
   11
    0
    5
   82
    0
    0
    0
    0
    0
   17
    0
   27
   15
   71
    4
    3
    0
    0
    0
    0
   43
   20
   49
    5
    0
    4
   77
   61
   69
  462
   16
    0
   79
   28
    0
    0
    0
    0
    0
   36
    0
    0
    0
    0
   29
   75
   47
    0
    0
    8
    0
  181
    0
    0
    0
    0
    0
    0
    0
    0
    0
    0
    0
  125
   28
  237
    8
   78
  292
    0
   15
    0
    0
    0
    0
    0
  288
   19
    3
    0
   16
    0
    0
    5
    0
    0
    0
    0
   43
  201
   13
    9
   11
   25
    4
   12
   62
   11
   44
    2
   27
    0
    0
    8
   21
    4
    6
   91
   78
    3
    6
   18
   36
    0
   34
    5
    0
    3
   64
    0
    0
    0
    0
   21
    0
    0
    0
    0
    3
  276
   61
    3
    0
    4
   67
   14
    0
    0
    0
    0
   24
    3
   39
    3
   18
   21
    6
   14
    0
    6
    0
  121
   21
    0
    7
    0
    0
   69
    9
   25
    8
    0
   16
    0
    9
    5
    0
    0
    4
   18
   11
   12
   11
   63
   36
   38
   12
    0
    0
    0
    0
    0
    0
    0
    0
    0
    0
   98
    5
   23
    0
   12
   23
  143
   38
    0
    0
    0
    0
    6
    3
    0
    0
    0
    0
    0
    0
    3
    0
   29
    0
    0
    0
    0
    0
    5
    0
    0
    0
    0
    0
    0
    0
   14
   48
   14
    3
   11
    7
   22
    0
    0
    0
   12
   11
    9
   11
    0
    0
    0
   12
   51
    0
    8
    0
    0
    3
   29
   91
   61
    0
   26
    0
    0
   69
   41
    4
   16
    0
    0
    0
   61
   47
   11
    0
    0
    8
    0
    0
    0
    9
    0
    0
    0
    0
    0
    0
    0
    7
   31
   75
    3
   37
   77
    7
    4
   17
    4
    0
    0
    8
    7
   41
   52
   19
    0
    0
    0
   53
   23
   76
   14
    0
    0
    0
    0
   16
   18
   19
   41
   58
    7
    0
   87
    2
    0
    0
    0
    0
    0
   21
   29
   26
   38
  136
    7
    0
    0
    0
   16
   31
   61
    4
    0
    9
    0
    0
   51
    0
    0
    0
    0
    0
    0
    0
   59
    6
   22
   61
   36
    9
   12
  178
    5
    7
   11
    2
    0
    0
    0
    0
    0
    0
    0
    0
    0
    0
    0
    0
    9
  141
    0
    0
    0
    3
    0
   61
   59
    0
   31
    9
    0
    8
   29
    8
    0
   41
    0
    0
    0
   39
    5
    4
    0
    0
    0
    0
    0
    0
    0
    0
    9
   26
   91
  136
   98
  361
   99
    0
   11
    0
  271
   11
    0
    0
    4
    0
  201
    8
    0
    0
    0
    0
    0
    0
    0
    0
    0
    0
    0
    0
    0
   31
    0
    0
    0
    6
    0
    0
    0
    0
    0
    0
    0
    0
   98
   69
    0
    0
    0
    0
   46
   27
   39
    4
    0
    0
    7
    0
    0
  128
   22
    0
    0
    0
    0
    0
    0
    0
    0
    0
    5
    0
    0
    0
    0
    0
   14
    5
   48
   16
    4
    0
    0
    0
   18
   16
  184
   21
  122
   42
   23
   76
   42
    0
    0
    0
    0
    5
    0
    0
    8
    7
   39
    4
    0
    0
    0
    0
    0
    0
    3
    5
    0
    0
    7
    3
   34
    3
    0
    0
    0
    1
    0
  162
    6
    1
    0
    0
    0
    2
    0
    0
    0
    0
    0
    0
   12
    2
    0
    7
  104
   68
   14
    0
   65
   45
    1
    5
   41
   32
   67
   86
   55
   16
    0
    0
    0
    5
   38
    0
    1
    0
   44
   29
    0
   12
   23
   10
    0
    0
    0
    0
   42
    8
   27
   37
   18
    0
    0
    0
    0
    0
    0
    0
    6
   48
    3
    0
   46
   14
   56
   26
    0
   39
    0
    0
    0
   38
   27
   35
    0
    0
   19
    4
    0
    0
    0
    3
    0
    0
    0
    0
    0
    0
    0
    0
   49
    0
    0
    0
    0
    2
   43
    0
   81
   15
    0
    0
   41
    8
   24
   46
   76
   19
  151
   26
   73
   16
    0
    0
   13
    5
    1
   18
  207
   79
    7
   12
    0
    0
   43
    0
    0
    0
    0
    0
    0
    0
    0
    0
    6
    5
    0
    0
    0
    0
   17
   63
   42
    0
   44
   27
    0
    0
    0
    0
   12
    0
    0
    0
   33
    0
    0
    7
    3
    0
    0
    0
    4
    0
    0
   47
   28
   12
    5
    0
    0
    0
    0
    0
    0
    0
    0
    0
    0
   14
    0
    0
    0
    0
   54
    9
    2
    2
  101
    0
    2
    0
    0
    0
    0
    0
   49
   11
    0
    0
    0
   18
    0
    0
   28
   66
  301
    0
    0
    0
  108
   81
    0
    0
    0
  142
   71
   46
   39
    0
    0
    0
    0
    0
   21
   37
    0
   21
   47
   75
    3
    4
  107
   69
   11
   55
   16
    6
    0
    5
   66
    0
    5
    0
    0
   34
    2
   45
    0
    2
    0
  188
   71
   12
   15
    0
    0
  154
    2
    2
    0
    0
    0
    0
    0
    0
    0
  186
   33
    0
    0
    0
    0
    0
    0
    0
   36
   78
   33
   18
    4
  132
   24
   43
   17
   11
   44
    0
    1
   41
    1
   76
    9
    0
   46
    3
  117
    7
  194
    4
   93
  156
   65
   43
    1
    0
    0
    0
    0
    0
    0
    0
    0
    3
    0
    0
    0
  115
   16
   12
    0
    0
    0
   28
   27
    0
   14
   22
   96
   58
   18
    1
    0
   27
    0
    0
   26
   16
    0
   18
   69
   28
   12
   27
  132
   11
   40
   79
  189
   33
    2
   45
    1
    9
    0
   26
   48
   51
   36
    0
    0
   37
    8
   29
   16
    4
    6
   24
    0
    0
    0
    0
    0
    0
    3
    1
    3
    4
    0
    0
    0
   11
   53
   47
   12
    0
    0
    0
    0
   36
   25
   58
   31
    1
    2
    0
   15
   16
    6
   13
    0
    3
    1
    6
    0
    3
    0
    0
    0
    0
    9
   47
    2
    0
    0
   13
   41
   18
    1
   75
    8
   30
   11
    3
    0
    0
    0
    0
    0
   12
    2
    1
    1
   19
    0
   53
   50
   24
   26
   11
    7
    6
  104
   25
   57
   26
   57
    8
    2
    0
    0
    0
   23
    4
    3
   91
   20
   14
   94
    3
   51
   28
   48
   28
    7
   13
    6
    0
   36
   57
    0
    0
   30
    0
    0
    0
   26
   74
    0
    0
    3
    0
    0
    0
    0
    0
    1
   40
    2
    5
   21
    0
    0
    0
   29
    5
    0
    0
    0
    0
    0
    0
    0
    0
   36
   38
   12
    0
    0
   14
    0
   34
    4
   20
  128
   39
    5
    0
    0
    1
    0
    0
    0
    5
    2
   48
    1
    0
    0
    0
    0
    0
    0
    0
    0
    0
  224
    0
   23
   56
   58
   25
  113
    7
    0
    0
    0
    0
   51
   79
   11
    0
    0
    0
    0
    0
    9
    0
  103
    0
    0
  106
   11
    2
   11
    7
    0
   48
    0
   36
    8
   19
    0
    0
    0
    0
   86
  461
    2
   30
    1
    0
    0
   39
    0
    0
   63
    2
    0
   42
    0
    0
    0
   22
  171
  319
   88
   31
    8
    0
    0
   13
    0
  354
   51
    0
    0
    0
    0
  112
   35
    0
   13
    0
    0
    0
    0
    0
    0
    0
    0
    0
    0
    0
    0
    0
    0
    0
    0
    0
   67
   35
    0
    0
   13
    2
  121
   49
   45
    0
   18
    0
    0
    0
    0
    0
    0
    0
   17
    0
    0
   38
   26
   15
    0
    0
    0
    0
    3
    0
    0
    0
    0
    0
    0
    0
    0
    0
  167
    0
    0
   27
    0
    5
    0
    0
   23
   32
    0
    9
   16
   13
   12
    0
   33
    0
    0
    0
   14
    5
   95
    6
   27
    0
    0
   10
    1
    5
    0
    0
    0
    0
    0
    0
   21
    0
   86
   21
    0
    3
    4
    2
   12
    1
  111
    0
    0
    0
   10
   18
   35
  118
  174
   12
    0
   11
   48
    0
    0
    1
   25
   34
    2
    6
    1
    0
    0
    1
    0
    0
    0
    0
    0
   48
   29
   11
   13
   18
    1
   34
    0
    0
    0
   27
    4
   31
   17
    3
    0
    9
    0
   13
    3
    0
    0
    4
    6
   23
   52
   58
    7
   26
   10
    2
   27
    0
    0
   14
    0
    2
    0
    3
   23
    2
    0
    0
    0
    1
    0
   25
   50
   32
    4
   81
    6
   37
    0
    4
    1
    3
    0
    2
  124
   23
   68
   21
   17
    9
    3
    2
    0
    6
   49
   17
   34
    0
    6
   48
   13
   46
   23
    3
    8
   81
   13
    2
   14
    5
   77
   78
    0
    0
   39
    8
   39
   47
   21
   56
   16
    0
   43
  151
  119
   41
   62
   15
   14
  103
   60
  121
    2
    0
    0
    2
    0
    0
    0
   23
    0
   55
  103
    3
   21
   48
   34
    0
    0
    0
   14
    0
    0
   13
    0
    0
    0
    3
   23
    0
   21
  102
    0
   54
   10
    0
    0
    0
    0
    0
    2
    0
    0
    0
    0
    0
    0
    0
    0
    0
    0
    0
    0
    0
   36
    0
    0
    0
    0
    0
    0
    0
    0
  152
    0
   28
   25
   44
   22
    0
    0
    0
    0
    9
    3
    8
   61
   16
    0
    0
    0
    0
   20
    2
   18
    0
    0
    0
   69
    0
  154
    0
   36
    0
    0
    0
    0
    0
   16
    0
    5
   56
   17
    2
    3
    0
    0
    0
    2
    7
    0
   98
   74
    0
  311
   22
    5
   20
    2
    0
    3
   53
    2
    7
   13
    0
   12
    1
    0
    0
    0
    0
    3
   23
    4
   19
   61
    0
    0
    0
    0
    0
    0
    0
   30
   32
    3
    0
   22
    2
    0
    0
    0
   28
    0
    2
    0
    0
  215
  199
    1
    0
    0
    0
    0
    0
   46
    0
   23
    0
  233
   32
  172
    4
    2
   48
    5
    0
    0
    0
    0
    0
   12
    0
    0
   35
   15
    0
    0
    0
   61
    0
    0
    0
    0
    0
   28
    0
    0
    0
  109
    5
    2
    0
    0
   74
  161
    9
    5
    0
   16
    5
    0
    0
    0
    0
    9
   10
    0
    0
    0
    0
    0
    6
    0
    7
    8
    7
    0
    0
    4
    1
    0
   61
    1
    0
    4
    0
    0
    0
    0
    0
    0
    3
   67
    0
    9
   28
    0
    2
    5
    8
    0
    0
   13
   28
   16
    2
   10
    0
    0
    0
    0
    0
    0
    0
    0
    1
   23
    1
   22
   31
    3
    0
   14
   76
    8
    0
    0
    0
    0
    0
    0
    0
   22
   19
    2
    0
    8
    3
   21
    0
   17
    0
    1
    2
   48
    0
    0
    0
    2
   10
    0
    0
    0
    0
    0
    0
    0
    8
    0
    0
    0
   18
    9
   54
   28
    1
    4
    0
   14
   18
    5
   42
   22
   55
   62
   16
    0
    0
    0
   10
    0
    0
   11
    0
    0
    0
    0
    4
    5
   11
    4
   11
  113
   57
    2
    2
    5
    0
    0
   10
    0
   85
   53
    0
    0
    0
   81
    1
   53
    2
   89
    8
    2
   18
    1
  128
   52
   64
    5
   84
   16
  119
   98
  121
    3
    0
    0
    0
   17
    0
    0
    0
    0
   24
    1
   36
   24
   18
    3
   17
    0
    8
   19
   34
   95
   22
   18
    4
    0
   16
   28
    8
    0
    0
   46
    0
   10
    8
    6
    0
    0
    0
    3
  103
  168
   22
    8
    1
    0
    0
    0
    0
    0
    0
    9
    0
   22
   15
    0
    0
    0
    0
    0
    0
    0
    0
    2
   58
    0
    0
   59
   16
   31
   96
   80
    0
    0
    9
    6
    0
   34
   20
    0
    0
    0
   31
   21
   24
  648
    0
    0
   54
  112
    2
    0
    0
    0
    0
    3
    0
   43
    0
    0
    0
    0
    0
    0
  367
   65
   79
    3
   40
    4
    2
    0
  159
   63
   45
    0
    0
   26
    0
    0
    0
    0
    0
    0
    0
    0
   37
    0
   45
    0
    0
   11
   33
   32
   22
    0
    0
   34
    4
    0
    0
   16
    0
    0
    0
   74
    0
   16
   25
    8
    0
    0
    0
    0
    0
   23
    0
    0
    0
   21
   56
    3
   27
   56
    3
   12
  114
   42
  149
  119
   35
   49
   38
    1
    5
   22
    0
   10
   31
   28
    2
    0
    8
   98
   42
    9
   10
   18
    0
   47
   31
    0
   89
   21
    0
    0
    4
    1
    0
    0
    0
    0
    0
    0
    0
    0
    0
    0
    0
    0
   27
   37
    3
   16
    3
    0
    9
   38
    4
    0
   28
   10
   14
    0
    0
    0
    9
  126
  219
    3
    0
    0
   58
    0
    0
    1
    0
    0
    8
   18
    0
   11
   71
    0
    0
   18
   48
   21
   13
   43
    0
    0
    0
    0
   47
  128
   79
    2
    0
    0
   18
   44
   37
    7
    0
    9
   14
   15
    6
   90
    7
   58
   24
    2
    3
    2
    1
   36
   23
   95
   24
   16
   20
    6
    0
    0
    5
   26
    6
    1
    0
    0
    5
   29
    0
    0
    0
    0
    0
    0
    2
   41
   11
    0
    4
    0
   23
   12
   69
   15
    0
    0
    0
    0
    0
    0
    0
    2
    0
    8
    7
   58
   22
   35
   81
    2
    0
    0
    0
    0
    1
   78
   50
    3
   90
   49
   26
   68
   83
   28
    0
    6
    2
    6
    0
    0
    8
   14
    0
    2
    0
    0
    0
   12
   51
    1
    0
    0
   23
    8
   46
   24
   29
   28
   18
    0
    0
    0
    0
    0
    0
    0
    0
    0
    0
    0
    0
    0
    0
    0
    0
    0
    0
    0
    9
  208
   66
    0
    0
    0
   18
    0
    0
    0
    0
    0
    0
   41
   28
    1
    3
    0
   25
    0
    1
   21
  119
    7
    0
    0
    0
    2
   31
   48
    0
    0
    0
    0
    0
    0
   23
    0
    0
    0
   26
    0
   61
   20
   26
   42
    7
    0
    0
    0
    0
    0
    0
    5
    2
   98
   92
    3
  101
    3
    0
   39
    8
  141
    3
    0
    0
    0
  209
    0
    0
    0
    0
    0
    0
   28
    0
    0
    0
    0
   21
    7
    2
    0
   19
    0
    0
    0
  130
    5
    0
   65
    0
    0
  102
   66
    2
    0
    0
    0
    0
   11
   19
    0
    6
    0
    0
    0
    0
    0
  171
    0
    0
   79
   58
    7
  238
   15
    2
    0
  113
 1825
   48
    4
    0
    0
    0
   22
    0
    0
    0
    6
    0
    0
    0
    0
    0
    0
    0
    0
    0
    0
    0
    0
    0
   82
    0
    0
    0
    0
  369
    0
    0
    0
   58
   42
    7
    1
    0
    0
    0
    6
   28
   29
    0
    2
  168
    5
    0
    0
    0
    0
    0
    6
   11
   55
   53
   48
   23
    0
    0
    0
    2
    3
    1
   34
   43
   21
   69
   10
    0
   84
   41
    0
    6
   47
    4
   51
   49
   12
    0
    9
   47
   49
  107
    4
    0
    0
   13
  183
   55
   32
   44
    0
    0
    0
    2
    0
    0
  125
  239
    0
    0
  160
    6
    0
    4
    0
    0
    0
   59
  248
    0
    0
    3
    0
    1
    0
    0
    0
    0
    0
    0
    0
    0
    0
    8
   21
   30
   11
    0
    0
    2
  168
    1
    9
    0
    2
    0
    3
  158
  310
    2
   61
   91
  116
    3
    6
   29
    3
    0
    8
    6
   10
    5
   23
    1
    0
    0
    0
    0
    2
    0
    0
    0
   91
   11
   22
    1
   72
   26
   62
   11
   10
    0
   12
   26
    0
    0
    7
   37
    9
    0
    0
    0
    0
    0
    0
   13
    2
    0
    0
    0
    0
    0
    0
    0
    0
    0
    0
    0
    1
    0
    6
    4
    0
    0
   41
   21
   10
    7
    0
  131
   82
    0
    0
    0
    0
    0
    0
    0
    0
    0
    0
    0
    0
    0
    0
   86
    0
    0
    0
    0
   37
   19
    5
    0
    0
    6
    8
    0
    0
    0
    0
    0
    0
    0
    0
    0
    0
   81
   92
    0
    0
    0
    0
    0
    0
   13
    6
    0
    0
    0
    0
    0
    0
    0
    0
    0
    0
  138
   55
    3
    0
   31
    4
    8
   27
    0
   11
   52
   38
    1
    0
    0
    0
    0
   19
   25
    0
    0
    0
    0
   18
    0
    0
    0
    0
    3
    0
    0
    9
    0
    0
    0
   57
    0
    8
    0
    0
    0
   28
   37
   12
    0
    0
   10
    0
    0
    0
    0
    0
   35
   63
   78
    7
   57
   26
   10
    4
    0
    0
    0
    0
    0
    0
    0
    0
    0
   15
   73
    0
    0
    0
   37
    0
   70
   91
    0
    0
  171
   15
    0
    0
    3
    0
    0
    0
    0
    0
    0
    0
    0
    0
    0
    0
    0
    0
    0
    0
    0
    0
   92
   24
    0
    0
    0
    0
    0
    0
    0
    0
    0
   69
    4
    8
   41
   18
    2
    0
    0
    0
    0
    0
    0
   46
   66
    8
   32
    0
    0
    0
    0
    0
    0
    0
    0
    0
    6
    0
    0
    0
    0
   24
    1
    0
    1
    8
   23
   39
   12
   13
   62
  129
    6
    2
    0
    0
    0
    0
    6
    0
    0
    0
    0
    0
   68
   13
    0
    1
    0
   31
    0
    0
  112
    6
    0
    0
    2
   20
    0
    0
    0
    0
    0
    0
    0
    0
    0
    0
    1
    1
   81
   16
    0
    0
    0
    0
    0
    0
    0
    4
   17
    3
   73
   25
    0
    0
    0
    2
    0
   13
    8
    0
    0
    0
    0
   26
    3
  215
   77
   56
    8
    2
    0
    0
    7
   44
   16
    0
    2
    0
    0
    0
    0
    0
    0
    2
    0
    3
    6
   42
    2
   98
    0
    7
   38
   46
   63
   49
   27
   48
   45
    2
   13
   16
   92
   14
   17
    5
    0
   18
   26
    0
    3
    0
   71
   16
   25
   10
   92
   12
    0
    2
    9
   30
   86
   46
   59
    6
    4
   13
    1
    0
    0
    8
    2
    5
    0
    0
    0
    1
    2
    4
   29
    0
    0
    5
   56
   21
   16
    0
    0
    9
    0
    0
   66
   12
    0
    0
   28
    0
    0
    0
    0
    0
   22
   54
    0
   10
   11
   71
    2
    3
    0
    0
    0
    0
    0
    0
    0
    0
    9
    4
   19
    1
   18
    0
   31
    0
    0
    0
    0
    0
    0
    0
    8
   15
    0
    0
    0
   21
   32
    0
   16
    0
    0
    0
    0
   29
   13
   15
   10
  124
  168
    3
    0
   73
  391
   36
    7
   22
    0
   86
    0
    0
    0
    0
    0
   24
   64
   97
    1
    6
    1
    0
    0
    0
    0
    0
   25
    2
    0
   71
   21
    0
    0
    0
    0
   10
   97
   68
    6
   11
    0
    0
  116
   17
   12
    0
    0
    0
   13
    0
    0
    0
   30
    0
    4
    0
   28
    0
  104
    7
   59
    0
    0
  160
    0
   11
    0
   49
    7
    9
    3
    0
    0
   23
   20
  171
    0
  164
    8
    0
   14
   84
    2
    0
    0
    0
    0
    0
    0
    0
    0
    0
    0
    0
    0
    0
    0
    0
   89
    3
    5
    0
    0
    8
    0
   37
    8
    0
    0
    0
   28
    2
  154
   36
   17
    0
   48
    2
    0
    0
    0
    0
    0
    0
    0
    0
    0
    0
  131
   18
    0
    0
    0
    0
    0
    0
    0
    0
   62
   21
   67
   51
   13
    5
    8
    4
  156
    0
    0
   14
    0
    0
    0
   80
    0
   22
    0
    0
    0
    0
    0
    0
   86
   24
    2
    6
    0
   53
    0
    0
    0
    0
    0
  107
    8
    1
   19
   35
    0
    0
    0
    0
    8
    3
   41
   35
   87
  182
    0
    0
   46
   16
    0
    8
   38
   22
  263
   58
    5
   28
   96
   25
    0
    0
    2
   29
    5
    8
    0
   14
    3
    0
    0
    0
    0
    0
    0
    0
    0
    0
    3
    0
    0
    0
    7
   62
   31
    0
    0
    0
    6
    2
    8
    0
  167
   41
   21
    0
    0
   18
    8
    7
   53
    2
   41
    1
    0
    0
    0
    0
    1
    2
    6
    0
    0
    0
    0
   22
    8
  156
   61
   22
   78
   81
   24
    3
   29
    2
    0
   23
  132
    0
   63
    0
    0
    0
    0
    0
    0
    2
   33
   61
  107
   50
    5
   13
   61
    3
    0
    2
    0
   13
   62
    0
   13
   11
   54
    8
   17
    0
    0
    0
    0
    8
   21
    0
    3
   23
    0
   91
   58
    6
    0
    0
    0
    6
   68
    3
    0
    0
    0
    2
    0
   38
    0
    0
    0
    0
    0
    0
    0
    0
    0
    0
    4
    3
   31
   13
   47
    0
    0
    0
    0
    0
    0
    0
    0
    0
    0
    0
    0
    0
    0
    0
   31
    8
   55
    0
    0
    0
    0
    0
   21
  206
   23
   32
  138
   21
    0
    8
   23
    0
    8
   51
   10
   66
   22
    7
    0
    0
    9
   34
   73
    0
    0
    0
    0
    0
    0
    4
    0
    0
    5
   13
    0
    8
   46
   86
   17
    0
   47
    0
    0
    0
  306
    0
    0
    6
    0
    0
    0
   40
    0
    0
    8
  239
    0
    0
    0
    0
   11
   78
    0
    0
   49
  188
    0
   26
  109
   10
    0
    0
    0
    0
    0
   34
    0
    0
    8
   58
   68
  103
   26
    2
    8
    3
    4
    0
    0
   51
   60
    0
    0
    3
   71
    0
   48
   33
    8
   41
    0
    2
    0
   54
   13
   48
    2
    0
    0
    0
    0
   58
    0
  176
   51
    2
   23
    0
    0
    0
    0
    0
    0
    0
    0
    0
    0
    0
    0
    0
    0
    0
   29
   44
   19
    0
    0
   77
   56
   19
    0
    0
    0
    0
    0
    0
    0
    0
   12
    0
   48
   34
    2
   96
   42
    1
    0
    0
    0
    0
    0
    0
    0
    0
    0
    0
    0
    0
    0
    0
    0
    0
    0
    0
    0
   72
   20
    4
    0
    0
    0
    0
    0
    0
    3
    0
    2
   17
   21
    0
    0
    0
    0
    0
    0
    0
    0
    0
   58
   53
  108
   12
   33
   49
   11
   20
    2
    4
    0
    0
    0
    3
    0
    0
    0
    0
   34
   18
    2
    0
    1
   31
    2
    0
    0
    9
   11
   17
  156
   76
    0
   36
   91
   40
   20
    1
    8
   18
    8
    2
   34
   85
   11
    6
    2
    0
    0
   31
    6
    0
    0
    0
    0
    0
    0
   13
    1
    0
    0
    0
    0
   69
   25
   13
   58
   75
    0
    0
    0
    0
    0
    0
    0
    0
    2
    0
    0
    2
    1
    3
    1
   92
   51
   34
  103
   42
   18
    0
    0
    0
   19
   22
    1
    5
    0
    1
    2
    0
    3
    0
    0
   11
    1
   48
    6
    0
   24
    0
    5
   55
    3
   48
  171
   46
  114
   29
    1
    0
    0
   25
   15
    6
    0
    0
    0
    0
    0
    5
   53
   61
    8
    0
    0
   55
   28
    6
   14
    6
    2
    0
    0
    0
    0
    0
    3
    0
    4
   28
    9
    8
   33
   64
    2
    0
    0
    0
   17
    0
    0
    1
    6
   25
   12
   78
    0
    0
    0
    0
    0
    0
    0
    0
    0
    0
    0
    0
    0
    0
    5
    0
   25
    0
   42
    9
   40
    0
   11
    0
    0
   39
  103
   34
   14
   34
   24
   36
    0
    0
   33
    0
    0
   11
    0
    0
    0
    0
    0
    0
    0
    0
    3
  109
    0
    0
   93
   24
   39
    0
    0
    0
    0
    0
   49
    0
    0
  107
    0
    0
    0
    0
    0
  175
    1
    2
    0
    0
    0
    0
    0
    0
    0
    0
    0
    0
    0
   20
   22
   11
    7
    0
    0
    0
    0
    8
  137
    0
    0
    0
    0
   11
   10
  405
  102
    0
    0
    0
   50
    1
    5
    0
   11
   44
    1
    0
   82
   15
   21
   23
   28
    0
    0
    0
   18
    8
   33
   54
   24
    0
    0
    0
   62
    0
    0
    0
   21
    0
    0
    0
    0
    0
    0
    0
    0
    0
    0
    0
    0
    0
    0
    0
    0
    0
    0
    0
   84
    0
    0
   74
   21
   28
  184
    8
   28
    0
   36
    0
    0
    0
    0
    0
    5
    0
    0
    0
    0
    0
    0
    3
    0
    0
    8
    0
    0
    0
    0
  151
  160
    0
    8
    9
    2
    2
   54
   56
    0
    0
   64
   37
    0
   54
   53
   21
    0
    0
    0
    0
    0
    3
    1
   18
    0
    8
    0
    0
    0
    0
    0
    4
    0
    0
    0
    8
   13
    0
    4
    0
    0
   46
    3
   48
   21
    0
    0
    0
   39
    8
    0
    2
   13
    0
    0
    0
    8
    0
    0
    0
   51
    0
    8
   26
