Station: Werdau-Langenhessen , scaling_factor: 10.0, latitude:  50.7469, longitude:  12.3496, altitude:  295, nodata_value: -9
start: ..1969-01-01  end: ..2006-12-31
  156
   98
    2
    8
    0
    0
    0
    0
    0
    0
    0
    0
    9
    0
   16
    0
    0
    2
    0
    0
    0
   47
   29
   38
   78
    4
    0
    2
    0
    0
   36
    0
   37
    1
   20
    0
    0
    2
    0
    9
    5
    0
   20
   21
    6
  227
    1
    0
    0
    0
   15
    0
    0
    0
   12
   40
    0
    0
    0
    0
    0
    0
    0
    0
    0
    0
    0
    0
    0
   46
  114
   64
   14
  213
   17
    0
    0
    0
    0
    0
    2
    2
    2
   82
    8
   31
   35
    6
    0
   49
   40
    1
    0
    0
    0
    0
    0
    0
    0
    0
   54
   57
    2
    0
   35
   39
   15
   89
   18
    0
    0
   58
  125
   22
    0
    0
   48
    5
   62
    4
    8
    0
  115
   15
    0
    3
   49
    0
   43
    3
    0
    0
    0
    0
    0
    0
    0
   28
    0
    0
   21
    8
    0
    0
    0
   38
    0
    4
    0
   78
   31
   47
   14
   71
    1
  247
   34
    0
    0
    0
    0
    0
    0
    0
   45
    0
    0
    0
   25
  378
   20
    0
    0
    0
  179
    0
   14
   25
   45
   39
    0
    0
    0
    1
    3
    0
   41
    0
   29
    4
   15
   86
   15
   17
    0
    0
    0
   22
    0
    0
    0
    0
    0
    0
    0
   17
    0
  100
    7
    0
   50
   25
    0
    0
    0
  662
    0
   11
    0
    0
    0
    0
    0
   35
  140
  132
  121
  149
    2
    0
    0
   52
    0
    0
    0
    0
    4
   25
   19
  175
   73
   92
    0
    0
    0
    0
    0
    0
    0
    0
    0
    0
  183
    0
    0
    0
    0
    1
  183
  138
    0
    0
    0
    6
   58
    0
    0
    0
    0
   18
    0
    0
    0
    3
   61
    6
    0
    0
    0
    0
    0
    0
    0
    0
    0
    0
    0
    0
    0
    0
    0
    0
    0
    0
    0
   62
    0
   17
    1
    0
    1
    3
   28
   19
    0
    0
    0
   55
    0
    0
   28
   22
   23
    0
    0
    0
    0
    0
    0
    0
    0
    0
   15
    0
    0
    0
    0
   77
   68
  103
    4
    0
    5
    0
    0
    1
   75
    0
    0
    7
    0
    0
    0
    0
    0
    0
    0
    0
   24
   41
   16
   82
    5
    0
    0
    0
    0
    0
    0
    0
    0
    0
   11
    6
   35
   13
    5
   12
   34
   96
    0
    7
    0
    0
    0
    0
    0
    0
    0
    0
   39
    0
    0
    0
    0
    0
    0
    1
    0
    0
   23
   77
   16
    1
    0
    8
    0
  111
   20
    0
    0
   36
    6
    0
   35
   24
   19
   11
   10
    0
    2
    1
    3
   23
    8
   37
   90
  176
  181
   32
    6
   35
   31
   13
   46
   41
    1
  105
  109
    3
    0
    0
    0
    0
    0
    0
    0
    0
    8
   10
   22
   26
   13
   20
   17
    0
    0
    0
   21
    0
    4
   59
    1
    0
   90
    0
    1
   17
   21
    1
    3
    1
    0
  102
    0
    0
   18
  102
    0
    0
   49
    1
   29
  135
   34
    0
    0
   22
   16
    8
   12
    3
    2
   31
   28
   89
    8
   28
    0
    0
    0
    0
    0
    0
   88
   32
  107
   18
    0
   19
   40
    0
    0
   66
   18
   12
    1
   12
    0
    2
   81
  101
   24
   13
   19
   51
   11
    0
    0
   23
   38
    0
    0
    0
    7
   15
    3
    0
    0
    0
    0
   52
    1
    0
    0
    0
    0
   37
   10
    2
    0
    0
    0
  121
   36
    0
   80
    0
   20
    0
    0
    0
    0
    2
   54
    0
    3
    0
    0
   48
   12
   41
    8
    0
    6
   13
   67
    0
    0
  122
   17
   24
   38
    5
    0
    0
  370
   14
    0
   31
    0
    0
    0
   53
  180
    0
   13
    2
    0
    0
  132
    0
   71
    2
    0
    0
  243
  313
   15
   81
   21
    2
    0
    0
    0
    0
    0
    0
   17
    0
   43
   32
   41
    0
    0
   15
    0
    5
   51
    4
    0
    0
    0
    0
    0
    0
    0
    0
    8
    0
    0
    0
    8
   11
    0
    0
    0
   82
   94
  122
  143
   22
    0
    0
    0
    0
    0
    0
    0
    0
    7
    0
    0
    0
    0
    0
   38
    8
   82
   64
   53
   70
    2
   29
    0
   71
   25
    0
   11
    0
  119
    2
    5
   30
   35
    0
    0
   17
    3
   35
   18
    5
   50
    0
   19
    0
    0
    0
    0
  134
   72
    0
    0
    0
    0
    0
    0
   17
    8
   22
   29
   63
   39
   48
    2
    9
    0
    2
    2
    0
    0
    0
   27
    0
    0
    5
    0
    0
   13
   21
   14
   14
   28
    6
    0
    0
   36
    0
  117
    9
    0
    0
    0
    0
    0
    0
    0
    0
    0
    0
    0
    0
    0
    0
   17
    2
    0
    0
    3
    0
    0
    0
   35
    0
    0
   22
    9
    3
    5
    0
    0
   17
    0
   38
    0
    7
   12
   19
   24
    0
    0
    0
    0
   22
    0
    0
    0
    4
    0
   73
    5
    3
   44
   58
   23
   88
   28
    8
   72
   10
    1
    8
   36
    4
    8
    4
    0
   24
    9
    0
    7
    0
    0
    1
   18
    0
    0
    0
    0
    4
   31
    0
    2
   12
   22
    0
    0
    0
    0
    0
    0
    0
    1
    0
    7
    0
    0
    0
    0
    0
    0
    0
    0
    0
    0
    1
   18
    0
    0
   45
    0
    0
    2
  117
   51
   22
   38
    7
    0
    0
    0
    0
    0
    0
    0
    0
    0
    0
   13
    0
    0
    0
  191
   29
    2
    0
    0
  199
    0
    1
    9
   11
   61
   17
    0
   42
    0
    3
   60
    0
    0
    0
    0
    0
    0
   11
   84
   45
  103
  195
   52
   87
    1
   44
   18
    8
   44
   12
   92
   68
   37
    0
    3
    0
    0
    0
   41
   16
  117
   25
   24
    0
   20
    0
    0
    0
    0
    0
    0
    0
    0
    0
    0
    0
   19
    0
    0
    0
    0
    0
    0
    0
    0
    0
   14
    0
    0
    0
  153
    1
    0
    0
    0
    0
   44
    0
    0
    0
    9
  145
    0
    0
    0
    0
    0
   92
    0
    0
    0
    0
    0
    0
   66
  145
   99
    2
   32
   19
    0
    0
    0
   16
    4
    0
    0
    0
    0
    0
    0
    0
    0
   94
   44
   38
   12
    0
    9
   11
    0
    0
   68
    0
    0
    0
    0
   18
   53
   10
    0
    0
   21
   22
    0
    0
    0
    0
    5
    0
    0
    0
    0
    0
    0
    0
    0
   87
  124
    0
    0
    0
    0
    0
   12
   16
    0
    0
    0
    0
    0
    0
    0
    0
    0
    0
    0
    0
    0
    0
    0
    0
    0
    0
   18
   77
    2
    0
    0
   16
   15
   49
   65
  440
   23
    0
   27
    0
   48
   26
    1
    0
    0
    0
    0
    0
    0
    0
    0
   10
   13
    9
    7
   11
   81
   40
    2
   42
    3
    0
    0
    0
    0
    0
   40
  113
    3
   30
   20
    0
    0
    0
    3
   19
   18
   23
    0
    0
    0
   15
    0
    0
    0
    0
   29
    4
    0
    0
    0
    0
    0
    0
    0
    0
    0
    0
    0
   21
    0
    0
    0
    0
    0
   22
    4
    3
    1
    0
    0
    0
    0
    4
    0
    0
    0
    0
    0
   23
    0
    0
    0
    0
    0
    0
    0
    0
    0
    0
    0
    0
    0
    0
    8
    0
    0
    0
    0
    0
    0
    0
    0
    0
    0
   28
    0
    0
  173
    3
    0
    0
    0
    0
    0
    0
    0
    0
    0
    0
    0
    0
    0
    0
   16
   77
   15
   21
    0
   27
   87
   38
   35
   22
   11
   25
   21
    4
    0
    0
   35
    2
    0
    0
   51
   16
    7
   33
   35
    0
   45
    5
    0
    2
    0
   19
    3
    0
    0
    0
    0
    0
   23
    1
    0
    0
    5
   32
  157
   51
  100
   26
    0
    7
   75
  130
    0
   32
   21
    0
   42
    0
    0
   14
   13
   38
   81
   46
    9
   14
    0
   45
   14
    0
    0
    0
    1
   61
    0
    0
   15
  121
  210
    0
    0
   41
   56
   19
    0
   13
    0
    0
    7
   22
    0
    0
    0
    0
    0
    8
   30
    0
    0
   31
    0
    0
    4
    0
    0
   27
  123
    0
    0
    0
    0
    0
   13
    0
    0
    0
    0
    0
    0
   36
   29
    5
    0
    2
   13
  197
  261
    8
    0
    1
    5
    0
    9
    0
    0
    0
    1
   17
   95
    1
    0
    0
  435
   35
   38
   81
    0
    0
    2
    0
    0
    0
    0
    0
    0
    0
    0
    0
    0
   71
    3
    0
    0
    0
    0
    2
   79
    3
  123
   24
    0
    0
    0
    0
   41
   49
   13
    0
    0
    0
   24
   25
   51
    8
    2
   31
   17
    2
    0
    0
    0
    0
    0
    0
    0
    0
    0
    0
    0
    0
    0
    0
    0
    0
    0
    0
    0
   19
   32
   16
  123
   28
    8
    0
    0
    0
  137
    0
    0
    0
    0
    0
    0
    0
    0
    0
    0
    0
   21
   33
   43
   39
   19
    0
   21
    0
  179
    5
    6
   17
    3
    7
   23
   52
    0
    0
    0
    0
    0
    0
    6
    0
    0
    0
    0
    0
    2
   19
    0
    0
    0
    0
    0
    0
    0
    0
    0
    0
    9
    0
    0
    0
    0
    0
    0
    0
    0
    0
    0
    0
    0
    0
    0
    4
    4
    4
    7
    2
    2
    7
    0
    0
    0
    0
    0
   17
   48
    0
    0
    5
    0
    0
    0
    0
    0
    0
   32
   41
   26
   47
   46
   22
   32
    0
    0
    0
    0
    0
    0
   36
   15
    5
   37
    3
    0
    0
    0
    0
    2
   38
   21
   29
   35
   29
   78
   44
   18
    6
    2
    3
    0
   24
   70
    4
    0
    0
   50
   37
    0
    0
    6
    7
    0
    0
    0
    0
   28
   19
   23
    0
    0
    0
    0
    0
    0
    4
    0
    0
    0
    0
    0
   46
   21
    2
    0
    4
    1
    0
    0
   42
  181
   16
   66
    0
    0
    0
   20
   47
   28
   14
    0
   32
    1
    0
    0
    0
    0
    0
   27
   17
    0
   39
  185
   22
    0
   61
    4
    3
   25
   14
    3
    0
    0
    0
   27
    1
    0
    0
    0
    0
    0
  285
    0
   13
   30
   12
    0
    0
    0
    3
   18
    3
  146
    0
    0
    0
    0
   19
  128
   85
    0
    7
    0
    0
   58
    1
    2
    0
   47
   36
    0
    0
    0
    1
   66
    4
    0
    0
    0
   32
   26
    0
    0
    0
    0
    0
    0
    0
   20
    1
    0
    0
   53
    7
   20
    0
  230
   13
    1
   12
   54
  111
    0
   49
    2
    0
   36
  124
    9
   98
    0
    0
    0
    0
    0
    7
   25
    0
    0
   62
    0
    0
    0
    0
    0
    0
    0
    0
    0
    0
   38
   39
    0
    2
    0
    0
    0
    0
    0
    0
    0
    0
   73
   59
    0
    0
    0
    0
    0
    0
    0
    0
   56
    5
    0
    0
    0
    0
    0
   51
    8
    0
   11
    0
    4
    0
   39
   60
    0
    0
    0
    0
   12
    0
    0
    0
    0
    0
    0
    0
    0
    5
    0
    0
  127
    0
    3
   19
   18
   76
   53
    0
   86
  141
   82
   19
   50
    0
    0
    0
    0
    0
    0
    0
    0
    0
    0
    0
    0
   92
    0
    0
    0
    1
    0
    0
    0
   98
   70
   27
    5
    0
    0
   40
    0
    0
    0
    3
    0
    7
   52
    2
    0
   27
    0
   18
    0
    0
   61
    0
   42
    0
   97
    1
    0
    9
    0
   74
   11
   28
   10
    0
    0
    0
    0
    0
    0
    0
    0
   13
    2
    0
    2
    0
    2
    0
    6
    0
    0
    0
    0
   53
    9
    1
    0
    0
   20
    0
    0
    4
    3
   35
   62
  166
    0
    0
    0
   36
    5
    6
    0
    0
    0
    0
    0
    0
    0
    0
    0
    0
    2
    0
   41
   10
   21
    8
    2
    0
    4
    0
    0
    0
    0
    0
    9
  126
    0
   18
  127
   75
    4
   14
    0
    0
    0
    0
    0
    3
    0
   17
    0
    3
    1
    0
    0
    0
    0
   59
   43
   10
    5
   31
   23
    7
    0
    0
    0
    0
    0
    0
    0
    0
    0
    7
    0
    0
    1
    0
    0
    0
    0
    0
    0
    0
    0
    0
    0
    0
    0
    0
   89
   35
   30
    0
    0
    0
    3
   15
    2
   18
    0
    0
    0
   15
   37
    0
    0
    0
    0
  165
   31
   62
   15
    0
    0
    2
  203
   22
   15
   55
   29
    4
    3
    0
    0
   33
   84
   95
   28
   19
  142
    0
    0
    3
    0
    0
   76
    9
    0
  124
    0
    0
   31
   12
   75
   15
   13
   60
   97
  109
   28
   21
    0
    3
   40
    0
    0
    0
    2
   19
    0
    0
   12
  141
   11
   49
  205
   92
    0
   66
    0
    2
   64
    0
    3
  121
   12
   29
    0
   22
   33
    0
    4
    2
   69
    0
   95
    0
    0
   16
   97
   51
    0
    0
    0
    0
    0
    0
    9
   32
    0
    2
   13
    0
    0
    0
  171
   33
   36
    4
    0
    0
    0
    0
  192
   32
   27
   31
    3
    0
    0
    0
    0
    0
  126
    0
    0
    0
   27
    0
    0
   24
    0
    0
   19
    0
    0
   68
    0
    0
    0
    0
    0
    0
    0
    0
  116
    0
    0
    0
    0
    0
    6
    5
   57
    0
  192
   29
    0
   40
    8
   40
    2
    1
    0
   28
    0
   54
    2
    0
    0
    0
    0
   22
  156
    7
    0
    6
  131
  112
  410
   66
   28
   57
   12
   68
   34
   57
   46
   38
   32
   63
    9
   11
    0
    0
    0
    0
    8
    2
    0
    0
    0
    0
    0
    0
    0
   24
    1
    0
    1
   94
    0
    5
   11
    0
   37
   12
   56
    9
   29
    5
   16
   17
   33
  256
  268
   49
   47
   12
   31
   32
   23
    0
   22
   23
   63
    7
    3
    0
    0
    0
    0
    0
   96
   46
   33
   45
   99
   40
   19
   25
    6
    0
    0
    0
    0
   64
   59
    0
    0
    0
    0
    8
    0
    0
    0
    0
    0
    2
    0
    0
   28
    7
    3
   32
    0
   32
   44
    0
   28
   34
    7
   36
    0
    0
    0
    0
    0
    0
    0
    0
    9
    0
   13
   37
    0
    0
    0
   29
  107
    1
    0
    0
    0
    0
    0
    0
    0
    0
    0
    0
    0
    0
    0
    0
    0
    0
    0
    0
    0
   15
   11
   42
   11
   32
    0
    8
   19
   40
    0
    0
    0
   47
   25
   44
   15
    3
    0
    0
    0
    0
    8
    2
   18
  118
   19
    0
    0
    0
   39
   21
   30
   25
   79
  213
   29
    2
    0
    0
   10
    0
    0
    0
    0
   13
    0
    0
    0
    0
    2
    0
   28
   32
    3
    0
    0
    1
  236
    2
    0
   10
   37
    0
    0
    0
    0
   14
  119
    0
    0
    0
    0
    0
    0
   13
    0
    0
    0
    9
   23
    2
    1
    2
   34
    0
    0
    0
    0
   23
  222
   30
    0
    0
    0
    0
    0
   16
   21
  291
    0
   53
  173
  105
  293
  306
    0
    0
    0
    0
   29
   39
   38
   15
    2
    0
    0
    0
    0
    0
    0
   17
  244
    0
    0
   17
    0
    0
    0
  288
    7
    0
   84
   10
    0
    6
   45
    0
    0
    0
    0
    0
    0
    9
    0
    0
    0
    0
    0
    0
    0
    0
    1
   60
    0
    0
    0
   22
    0
   52
   47
    0
   46
    0
  695
   58
  157
  112
    0
    0
    0
    0
   13
   62
    0
    0
    0
   42
    0
    0
    0
    0
    0
    0
  144
   56
   10
    3
    0
    0
    0
    0
    7
    0
    0
    0
    0
    0
    0
   29
    0
    7
    0
    0
    2
   26
   26
    0
   31
    0
   11
   12
   19
    5
    0
    0
   99
    0
    0
    0
   49
   26
   41
   17
   19
   16
    0
    0
    0
    0
    0
    0
    0
    0
    0
    0
    0
    0
    0
    0
    0
    0
    0
    0
    0
    0
    0
    0
   44
    0
    0
    0
   30
  114
   49
   72
    9
    0
    0
    0
    0
    0
    7
   37
   17
    0
    0
   10
    0
   26
    5
    0
    2
    0
   15
    0
    0
   34
   10
    0
    0
    6
    0
    0
    3
    2
    0
    0
    9
   15
   22
    0
    0
    0
    0
   23
   92
   61
    4
    2
   49
   94
    0
    0
    0
  114
  107
    8
  132
  129
   89
   20
    3
    3
    8
   85
   39
   43
   56
   43
   41
    0
    0
    3
    0
    0
    0
    0
    0
    0
    0
    0
    0
    0
    0
    1
   39
    4
   14
   48
   17
    6
    0
    0
    0
    0
    0
    0
    0
    0
    0
    0
    0
    0
    0
    0
    0
    0
    0
    0
    0
    0
    0
    8
   20
    0
    0
    0
    3
    0
    0
    3
   21
   49
   42
   20
    5
    0
    0
    0
   52
   39
   11
    0
    0
   15
    0
    0
    0
    0
    0
   52
    0
   15
   12
    0
    0
    0
    0
    0
    2
    0
   22
    0
    0
    0
    0
    0
    0
   21
   94
   39
    0
    6
    3
    0
    4
    0
    0
   23
    0
    0
    0
    0
    0
    0
    0
   15
    6
    2
    0
    0
    0
    0
    0
   27
  106
   45
    0
    0
   86
    5
    7
    7
   46
   14
   44
   59
  139
  269
    2
   28
    0
    0
    0
    0
    0
    0
    0
    8
    0
    0
   42
  124
    0
    0
    0
    0
    2
    0
    0
    0
    0
    0
    0
    0
    0
    0
    0
    0
    0
    0
    0
    0
    0
    0
    0
    0
    0
    0
  165
   15
    0
    0
   14
    0
    2
   69
   14
    3
    0
   24
   39
    7
    0
    0
    0
    0
   93
   50
   39
   86
   11
    0
    0
    0
    0
    0
    0
    0
   15
   16
    0
    0
    0
    0
   84
    5
    4
    0
    0
    0
    0
    0
    2
   56
    5
    0
   32
   19
    0
   63
    0
   33
    0
    0
    0
    0
   47
    0
    0
    0
    0
   30
    0
  147
   18
    0
    0
    0
    0
    0
    0
    5
    2
    1
    8
   32
   18
    0
    0
    0
   28
   30
    1
    0
    0
    0
    0
    0
    0
    0
   65
    3
    0
   81
   50
    0
    0
    0
    0
    0
    0
    0
    0
    0
    0
    0
    0
   33
    1
    0
    2
   24
    0
    0
    0
  116
    0
    0
    0
    0
    0
   21
   58
   38
   10
    0
    0
    8
    0
    0
   16
    9
   82
   16
    0
   44
    5
    8
   21
    7
   32
    6
    2
    0
    0
   30
    4
   23
    0
   51
   50
   48
   10
    8
    1
    0
    0
    0
    0
    0
    0
    0
    1
   12
    0
    0
    5
    0
    0
    0
   33
    0
    0
    0
    0
    0
   10
   33
    9
    0
   52
   36
    0
    0
    0
   12
    0
    0
   19
    0
    0
    0
    0
    0
   70
    0
    0
    0
   59
    0
    0
    0
    0
   10
    0
   23
    9
   58
    1
    0
   31
    5
    0
    7
    0
    0
    0
    0
   18
   74
   24
   12
    0
    0
    0
    7
   40
   11
    1
    0
   25
    7
   39
    0
    0
    0
   67
    0
    0
    0
  279
   14
   16
   31
    0
    0
   25
   61
    0
    0
    0
    0
    0
    0
   47
   19
   64
    2
    0
    0
   12
    0
   32
   32
    0
    3
    2
   11
    4
   11
   13
   13
  100
   27
   53
    6
    0
    0
    0
    0
    9
    7
   31
   27
    0
   10
    9
    0
  114
   63
   32
    0
    0
    0
   95
    0
    0
   58
    3
    0
    0
   49
    0
    0
    1
   10
    0
    0
   29
   12
    2
    0
    0
    0
    0
    0
    0
    0
    0
    0
    0
    0
    0
   52
    2
   37
   18
    7
    4
    3
   25
    1
    0
    0
  154
  172
   31
   37
  163
  263
   48
  104
    0
    0
    0
   33
   58
    0
    0
   21
    1
    0
    0
    0
    0
    9
   47
    0
    0
   32
    9
    0
    0
  120
    7
   17
    0
    8
   32
    0
    0
   10
    0
    0
  187
  156
    2
    0
    0
    0
    0
   34
   82
    0
    6
    3
    0
    0
    5
   54
   35
  193
  237
   32
   85
    5
   17
    0
    0
   12
  313
    0
  323
  159
    2
    0
    0
   48
   40
    2
    0
    0
   67
   40
    0
  299
    0
    0
    0
   60
   90
    8
   62
    0
    0
    0
    0
   45
    2
    3
    3
    0
    0
   37
  134
    0
    0
    0
    0
    0
    0
    0
    3
   38
   26
   18
    3
    8
    0
    0
    0
    0
  143
    0
    0
    0
    0
    0
    0
    0
    0
    0
    0
    0
    0
    0
   13
   12
    0
    0
    3
  175
    0
   31
   50
   81
   95
   26
    0
    0
    0
   29
  150
    0
    0
   81
    0
   53
    0
    0
   19
   25
    0
    0
    0
   30
    2
    0
   28
   35
   22
    0
    0
   33
    1
   37
    3
    0
    0
   10
    0
    0
    2
    3
   31
  111
    4
    5
    0
    0
    0
    0
    0
    0
    0
    0
    8
    8
    6
    0
   16
    0
    5
   25
   19
    0
   10
   14
   27
    2
   13
    0
    0
    0
   11
    0
    0
    0
    0
    0
    0
   17
   18
    0
    0
    0
    0
    0
   48
   18
   12
    0
    0
    0
    1
    0
   20
   24
    9
    5
    0
    0
    7
   13
    2
    2
   28
    0
    0
    6
    8
    5
    0
    0
    0
    0
    1
    0
    0
    0
    0
   17
    0
    0
    0
    0
    0
    5
   19
    0
    0
   45
    0
   17
    0
    0
   18
    0
    9
   13
   20
   27
   54
   34
   26
    6
    2
    3
   57
    0
   14
    0
    0
    0
    0
    0
    0
   22
   29
    3
    0
    0
    0
    0
    0
   49
    0
    0
    0
    9
    0
    2
    0
    0
    0
   65
    0
    0
    0
    0
    4
    0
    0
    5
    2
   30
  127
    0
    0
    0
    2
  516
  202
    9
   30
    5
   66
    6
    1
  122
    0
    1
    5
  185
    8
    0
    7
    0
    0
    2
    0
    0
    0
    0
    0
    0
    0
    0
   21
    6
   61
    0
   46
   53
    8
    0
    0
   10
   74
   41
    0
   21
    0
    0
    0
   20
    0
    2
   29
    2
   37
   41
   28
    0
    0
    0
    0
   31
   15
    7
    1
    7
   28
   99
   37
    2
    0
    1
    0
    0
    0
    0
    0
  100
    3
    5
    3
    0
    0
    0
    0
    3
    0
    0
    4
    0
    0
   38
   20
   14
    0
    0
    0
  498
  287
    1
    6
    0
    1
    0
    0
   15
    0
   38
    0
    0
    0
    0
    0
   48
    0
    0
   11
   16
    0
   42
   72
  130
   18
   34
    2
    0
    0
   14
    1
    0
   26
    6
  164
    0
    3
    2
    0
    0
    0
    0
   42
   39
   10
  194
    4
    1
   20
  167
    0
   87
   60
   21
    0
    0
   79
  173
   66
    0
    0
    0
    0
    0
    0
    0
    0
    0
    0
   36
   32
    0
    0
    5
    4
   65
    0
    0
   45
    4
    3
   12
    0
    0
    0
    0
    0
    0
   23
    0
    0
    0
    0
    0
    0
    0
    0
    0
    0
    0
    0
    0
    0
    0
    0
    0
    0
    0
    0
   70
    9
    2
   10
   63
   59
   54
    0
    0
    0
    0
    0
    0
   25
   45
    0
    0
   12
   13
    1
   25
   18
    0
    0
    0
    5
    0
    0
    0
   11
    0
    0
   12
   11
  177
  235
   89
    2
    0
    2
    5
   12
    0
    0
    1
   15
    0
    0
   26
    2
   14
   14
   87
    0
    0
    0
    0
    0
    0
   16
    7
    0
    0
   50
    0
    0
   15
   10
   28
   37
    0
   14
   19
    0
   34
   11
    0
    0
   20
   49
   17
    3
    0
    0
   25
    2
    0
    0
    0
    0
    6
    4
    2
    0
    0
    0
   11
    0
    4
   60
    0
    0
   20
    0
    0
    2
  120
   44
   35
   42
    0
   78
    0
    0
   27
   39
    0
    3
    0
    0
    3
   20
    0
    0
   27
  172
   25
    0
   33
    0
  106
    0
   19
   78
   13
    0
    0
    0
    1
    0
    0
    0
  126
   16
    0
    0
    3
    2
   39
    9
    1
    0
   24
   36
    0
    4
   29
    7
   25
    0
    2
   16
   29
    0
    0
    0
    0
   56
    1
    0
    0
    0
    0
   12
   54
    0
    0
    0
    0
    1
   24
    0
    0
  174
    0
    0
    0
    0
    8
    0
    2
    0
   61
   44
   80
  112
    0
    0
    0
   36
    0
    0
    5
   74
    0
    0
    0
    0
    0
    3
    0
   13
    0
    0
  164
  152
    1
    0
    0
    0
    0
    0
    0
    5
  149
   49
   76
    0
    0
    0
   23
  140
    2
   23
    1
    1
    3
    0
   33
    0
    0
   25
   67
   19
   20
    0
   79
    1
   18
   68
   14
    0
   22
    0
    0
    0
    0
  164
   41
    0
    0
    0
    0
    0
    1
   15
   11
    0
    0
    4
   32
   83
    0
    1
    1
    0
    0
    0
    0
    0
    0
   27
  157
   38
    0
    0
    0
   52
   53
    0
    0
    0
    0
    1
    3
    0
    0
    2
    0
  133
   98
  335
    6
   24
    0
    0
   13
    7
    0
    0
    0
    0
    0
    0
    0
    0
    0
    0
    0
    0
    0
    0
    0
    0
    0
    3
   45
   26
    0
    0
    0
    0
    0
    0
    0
    0
    0
    0
   53
    0
   51
   10
   17
    1
   56
   62
   10
   80
   88
    0
    0
    0
    4
   29
    0
   94
    1
    0
   60
    0
   16
    4
    0
    0
    3
    0
    0
   22
    4
    0
    0
   40
    0
    0
    0
   35
   27
   26
    0
   27
   77
  176
   12
   57
   45
   15
   22
  114
    0
    0
   94
    0
    0
    0
    0
    0
    0
    0
    0
   26
   13
    4
   28
   22
   15
   22
   35
   15
   20
    0
    0
    6
    1
    1
    0
    0
    0
    1
    0
    0
    0
    0
    0
    3
    9
    1
   35
   49
    3
   12
    0
   16
   38
   34
   16
   36
   28
   77
   19
    1
    0
    0
   40
    7
   10
    0
    0
    5
    2
    3
    0
    0
    0
    0
    0
    0
    0
    0
    0
    0
    3
   22
    1
   14
    5
    7
    0
    0
    1
   81
   36
   11
    0
    0
    0
    0
    0
    0
    0
    0
  110
    5
    0
    0
    0
    0
    0
    4
    9
    2
   10
   20
    1
   81
   34
  170
    4
    0
    0
   20
   38
   14
   37
    8
    0
    0
    0
    0
    0
    0
   14
   28
    5
   13
   11
  329
  287
    0
   64
   71
    7
    0
    0
    0
    2
    0
    0
    0
    0
    0
   85
    9
    0
    0
    0
    0
    0
    0
    0
    0
    0
    0
    0
    0
    0
    0
    4
    0
    0
   43
   61
  108
   15
    1
   56
    0
   10
    0
    2
    0
    0
    0
    2
    0
   90
    0
    0
   31
   64
    3
   89
   46
   29
    9
    8
   17
    8
    7
    3
   14
    4
   26
   36
   11
   46
  148
  158
    0
   16
    0
   42
  127
   24
    1
   47
   39
   29
   23
  132
    3
    0
    0
   31
    7
  247
    9
    0
    0
    0
    0
    0
    3
    0
    5
    0
    0
    0
   19
    0
    0
    0
    0
    0
    0
    0
   13
   75
    0
    0
    0
    0
    0
    0
  279
   18
   12
   21
    2
    7
    0
    0
    0
    0
   28
   32
   91
   57
    0
    0
    0
  111
    7
    0
    0
   17
   24
    8
   88
   30
   29
   52
    0
   31
    0
    0
    0
    0
    0
    0
    0
   86
    0
    0
    0
    0
   41
    6
    6
    0
    0
    0
    0
   81
    0
    0
    0
    0
  164
  292
   42
    0
    1
    0
  170
   19
    0
    0
    0
   67
   26
    4
    0
    6
    0
   26
    5
    0
    0
    0
    1
    1
    8
  175
   14
    0
    0
    0
    0
    0
    0
   18
   51
   32
    0
    0
    5
   10
    0
    0
    0
    0
   67
    0
    0
   17
   36
   23
    0
   24
  131
   31
   53
   31
    2
    0
    0
    0
    3
    0
   73
    3
   39
    0
    0
    4
    5
    0
    0
   30
   62
    0
   12
    0
   18
    0
    0
    0
    0
   29
   48
   83
   34
   17
   16
   24
    0
    2
   19
    0
    0
    9
   70
    4
   14
    3
   34
   65
   49
   17
    0
    0
    0
    2
   13
    0
    0
    0
    0
    0
    0
    0
    7
   33
   18
   46
    2
    0
    0
    0
    3
    4
   20
    0
    0
    0
    7
    1
    7
   10
    1
    6
   75
    6
    0
    0
    0
    0
    7
    0
   32
   17
    4
    2
   22
    3
  118
  146
   18
   62
    2
    3
    0
    0
    9
    8
    0
    0
    0
    0
   62
   12
   12
   27
    0
    0
    0
    0
    0
    0
    0
    0
    9
   10
    2
    0
   10
    0
    0
    0
    0
    0
    0
    0
    0
    0
    2
    1
    0
    0
   36
    4
    0
    0
    0
  333
    7
   41
  203
   28
    0
    0
    0
    4
    0
    0
    0
    0
    0
    0
    0
   28
   96
   26
    0
   82
    0
    0
    0
    0
  144
    0
   59
   15
  115
   12
    2
    2
    0
    0
    0
    0
   29
    0
    0
    0
    0
   23
    0
    0
    0
   18
    0
    0
   50
    0
   11
  108
   29
   73
   57
   43
    6
   13
    2
    2
    0
    4
   12
    3
    0
    3
   68
    2
    0
    0
    0
    0
    0
    0
   10
  201
    0
   43
    0
    4
    5
  167
   54
    2
   21
    1
   26
  146
   19
   87
   52
   16
    0
    0
    0
    0
   12
    3
    0
    0
    0
  375
    0
  152
  125
    0
    0
    0
    0
    0
   15
    6
    0
    0
  123
    5
   15
  184
    0
   10
    0
  201
    0
    0
    0
    0
    0
    0
    0
    0
    0
    0
    0
    0
   84
   92
    0
    0
    0
    5
    8
  112
    0
   28
   34
    2
    7
   20
   89
    0
    0
    0
    5
  190
  168
    0
    0
    8
    0
    1
   19
    0
    2
    0
   40
   73
   95
   31
    5
    1
  165
    0
   10
  171
    2
    1
   73
   36
   36
    0
    0
    0
  252
   16
   11
   48
    0
   35
    5
    0
   21
   16
   30
   19
   13
   30
    0
   88
   18
   64
   30
    1
    0
   10
   34
   31
    1
   56
    0
   23
   33
    2
  159
   56
    1
   13
   79
   20
   11
  155
  108
    7
    4
   16
  120
    9
    6
  104
   11
    0
   36
   16
    0
    0
   70
   10
    0
    3
    0
    3
   32
    4
    7
    0
    0
    1
   37
    0
    0
    0
    1
   14
   27
    3
    4
    0
   39
    0
   10
    0
    0
    0
    0
    0
    0
    0
    0
    0
    0
   18
    0
    0
    0
    3
    5
   24
  120
   50
    0
    0
    0
    0
    0
    0
   13
    0
   47
    0
    0
    0
    0
    0
    0
    0
    0
    0
    0
    0
    0
    0
    0
    0
    0
    0
    0
    0
    3
    9
    4
   23
    0
    6
    0
    0
    0
    0
    2
    5
   10
   12
    0
    0
    2
    0
   28
    2
    0
    0
    0
    0
    0
    0
    0
    0
   12
    0
    0
    0
    0
   12
    1
    0
    0
    0
   27
  113
    3
   39
    8
    6
    3
    0
    0
    3
    0
    0
    0
    0
    0
    0
    0
    0
    0
    1
    0
    9
   66
   15
   14
    7
    0
   31
  135
   87
   20
    0
    3
   84
   63
    0
    0
    0
    0
    0
    0
   86
    0
    0
    8
   24
   20
    0
    0
    0
    4
   49
    0
    0
    0
    0
    0
    0
    0
    0
  125
    0
    7
    0
    0
   22
   25
   68
   35
    0
   51
    0
   40
    3
    2
   13
    1
   18
    0
   36
   21
   34
    0
   19
   21
    0
    0
   91
   73
    0
   20
    0
    0
    0
    0
    0
    0
    0
    0
  124
   12
   58
    0
    0
    0
    4
    0
    0
    0
   82
   29
   33
    0
    0
    0
    0
    0
    0
    0
    5
    0
   64
   27
    0
    0
    0
    0
    0
    0
    1
    0
    0
   32
    0
   49
   24
    0
    0
    0
    4
    0
    0
    0
    0
    0
    0
    0
    0
    8
    0
    0
    0
   15
    8
    0
    0
    0
    0
    0
    0
    0
    0
    0
    0
    0
    0
    0
   25
   29
    0
    0
    0
    4
    0
    0
    0
    0
    0
    0
    0
    0
    0
   17
    2
    0
    0
    0
   13
   25
   35
   29
    9
    0
    1
    0
    8
    0
    0
    0
    0
   10
    0
    0
    8
    0
    0
    0
    0
    0
    0
    0
    3
    0
    0
    0
    0
    0
    0
    0
    0
    0
    0
    0
   39
   26
    9
    6
    0
    0
   23
    0
    0
    0
    0
    0
   45
    5
    0
    0
    0
    0
    0
    0
   84
   17
   20
    0
   43
   46
   37
    0
    0
   15
   25
   26
    5
    0
   28
    0
    0
    2
   13
   17
    0
    8
   19
    0
    0
    0
    7
    0
   31
   16
   14
    0
   14
    5
    0
   11
    1
    0
    3
   15
   72
   22
   10
   13
    1
   32
   12
    1
    0
    0
   18
    0
   25
   59
    5
   15
   38
   18
    0
   39
    4
   15
    1
    1
    2
   44
   28
   19
   86
    0
    0
    0
    0
    0
    0
    8
    9
    0
    0
    0
    0
    0
   18
    0
    4
    9
    0
    0
    0
    0
   20
    0
    0
    0
    0
    6
    0
    0
    0
    0
   11
   30
   41
   87
    0
   24
    8
    0
   40
    0
   37
    0
   17
    0
    0
    2
  236
   33
   10
    3
    8
   15
   22
  146
    0
   14
   95
  122
   12
   57
   59
    0
    0
    0
  179
    0
    0
   50
    0
    4
    0
   11
    0
    0
    1
    4
   36
    7
    9
    8
    0
    0
   21
   28
    8
   65
   32
    0
   15
    0
    0
   39
    0
    0
   20
    0
   20
   11
   21
  176
   49
    1
   15
    0
    0
    0
    0
    0
    0
    0
    0
   48
    0
    0
    0
   22
    5
    0
    0
  200
  133
    7
   36
    2
    0
    0
    0
    0
    0
    0
    0
   84
   77
   55
    0
    0
    0
    9
    0
    0
    0
    0
    0
    0
    0
    0
    0
    0
    0
    0
    0
    0
    8
    0
    9
   36
    7
    0
    0
    0
  115
    0
    0
    0
    0
    0
    0
    0
   17
   50
   95
  292
  331
   15
    0
    0
    3
    4
    0
    0
    0
    0
    0
   25
    0
    0
    0
    0
    0
    0
   51
    0
    0
    0
    0
    0
    0
    0
    0
    0
   18
    0
    0
    0
    0
    0
    0
    8
   48
    1
    0
    7
   49
  100
    0
    0
    0
   18
   79
   11
   21
    0
    3
    0
    0
    0
    0
    0
    0
    0
   22
    0
    0
    0
    0
    0
   32
    7
    0
   58
    0
    0
    8
    0
    0
    0
    0
    4
    0
    0
    0
    0
    0
    0
    0
    0
    0
    0
    0
    5
    0
    0
    0
    0
    0
    0
    0
    0
    0
    0
   18
    0
    0
    0
   41
    6
   10
    2
   14
    0
    1
    0
    0
    1
   23
   62
   24
   53
   14
    9
    1
    0
    0
    0
    0
   24
    0
    0
   19
    7
   35
    0
    0
    0
    0
    0
    3
    0
    1
    0
    0
   29
    0
   10
   49
   43
    1
    1
    0
    0
    0
    0
    0
    0
   10
   12
    0
   13
    8
   42
    0
    0
   26
    8
   55
    5
    5
    7
    0
    0
    0
    0
   27
    2
    0
    0
    0
    0
    0
    4
   25
    0
    0
    0
   50
    2
   20
  232
    9
   39
   40
   25
    0
    0
    0
    0
    0
    0
    0
    0
    0
    0
    0
   21
    8
   55
   15
    0
    0
    0
    0
    0
    0
    0
    0
    0
    0
    4
   51
    4
    0
    0
    1
    0
    0
    0
    0
    0
    0
    0
    0
    0
    0
    0
    0
   11
    1
    9
    0
    7
    0
    2
   94
  190
   29
   49
    0
    2
    4
    0
    0
   33
    4
    2
    0
    0
    0
   20
    0
    0
    0
    0
    0
    0
    0
    0
    0
    0
    0
   18
    0
   95
    0
    0
    0
    0
   11
    0
    6
   15
    0
    0
    3
   73
   41
   35
    0
   48
    0
    0
    0
    1
   42
    0
   65
   50
   60
    5
   30
   54
    0
    0
   40
    0
    0
    0
  132
  167
   96
    2
   57
    0
    0
    0
    0
    0
   54
    0
    0
    0
    0
    0
    0
   19
    0
   74
    0
   63
    2
    0
   12
    0
   75
    0
   74
   23
    1
    3
    0
    0
    0
    0
    0
    0
    0
   10
  113
  256
   54
   25
   66
   17
    0
    0
    0
    0
    0
    0
   10
   18
   60
   40
    0
    0
  122
    0
    0
  240
   67
    0
    0
    0
  102
   70
  277
    3
    0
    0
    3
    9
    0
    0
    0
    0
    0
    0
    0
    7
    0
    1
    0
    0
    0
    0
    0
    0
    0
    0
    3
   70
   58
    0
   32
   80
   21
  110
   46
    0
    3
   14
    4
    1
    0
    0
   32
  192
   10
   30
   15
    3
   98
   15
    0
    0
    2
    2
   53
    0
    1
    2
    0
  107
    8
   31
    4
    0
    0
    0
    9
    0
    0
    0
    0
    0
   15
    0
    6
   42
    0
    1
   34
    0
    0
    0
    0
    0
    0
    0
    7
    0
    0
    0
    0
    0
    0
    0
    0
    0
    0
    0
   22
    0
    5
    0
    0
    0
    8
  142
   38
   39
    1
   30
    0
    0
    0
    0
    0
    1
    0
    0
    0
    0
    0
    1
   24
   40
    2
    0
    0
   33
    2
   29
   72
   39
    0
   42
    6
    0
    0
    0
    0
    0
    8
    4
   10
    8
    7
   35
   44
   29
   46
   12
    0
    5
    3
    0
    5
   46
   31
    4
    3
    0
    0
    0
    0
    0
    0
    2
   13
    6
    2
    0
   42
    6
    0
   17
   39
    4
   26
   43
    0
    0
    0
    2
    0
   40
   26
    5
    0
    0
    0
    3
    1
    0
    5
    4
    0
    0
   40
    3
   38
    4
    0
    0
    0
    2
    7
    0
    0
    0
    0
    0
    0
    0
   10
    0
    0
    0
    0
   23
    0
    0
  122
  132
    0
   13
    0
    0
    0
    0
    0
    0
   28
    4
    1
    0
   25
   27
   13
    0
    0
    6
    8
    0
    0
    0
   19
   11
    5
   47
    0
   36
   41
    0
    0
    0
    0
    0
    0
   12
   11
   28
    2
   45
   26
   50
    8
   48
   27
   39
    0
    0
    0
   17
    3
   28
    0
    3
    0
    0
    0
    0
    0
    0
    0
    0
    0
    0
  156
  200
    0
    0
    0
    0
   29
   23
    0
   57
   14
    0
    0
    0
   59
   13
  300
   30
    2
   37
   27
   47
   54
   57
   31
    0
   41
    0
    0
   79
   25
    0
  110
    6
   45
   15
    0
    7
   12
    0
   66
    0
    0
    0
    0
   27
    0
   42
   10
   33
    0
    0
    0
    0
    0
  102
    0
    0
    3
  122
    5
   14
    0
    0
    0
   84
    0
  101
   37
    0
    1
   38
    0
    1
    0
    0
   85
    0
    0
    0
   13
    0
   67
    0
    0
  127
  491
   45
    1
   24
    0
    0
   37
    0
   81
    6
    0
    0
    0
    0
    0
    0
    0
    0
  110
   24
   34
   13
   13
    7
    0
    0
    0
    0
    0
    0
   28
    0
   32
    0
    0
    0
    0
    4
    0
    0
    0
    0
    0
    0
    0
    0
    0
    0
    0
    0
    0
   64
    0
    3
    0
    1
    6
    0
    0
   25
   23
   31
   15
   22
    0
    0
    0
    0
    0
    0
    0
    0
    0
    0
    0
    0
    0
    0
   11
    0
    0
   39
   41
    1
    0
   43
   30
    0
    0
   27
   27
    0
    0
    0
    2
    0
   32
   48
   28
   27
    5
   15
    0
    0
    6
    0
   58
    0
    0
    0
    0
    0
   37
    3
    1
    6
   35
   24
   19
   60
    8
    1
    5
  200
   31
   12
   51
    0
    0
    0
    0
    5
    0
   41
   92
    9
    0
    0
    0
    5
   62
    6
    1
    0
    2
    0
    0
   19
   18
    7
   94
   79
  100
   80
   24
   98
   24
    3
    0
    5
   27
   27
   15
   26
    1
    0
    0
    0
    0
   13
    0
    0
    0
    0
    7
    8
   14
   84
   19
    0
    0
    0
    0
    0
    0
    0
   55
   46
    1
    0
    0
    1
    0
    1
    0
    0
    0
    0
    0
    0
   46
   25
   79
   29
   28
   58
    1
    1
    1
    3
    5
    2
    0
    0
    0
    0
    0
   13
    0
   58
   41
    0
    0
    0
    0
    0
    0
   94
    0
    2
   93
   55
    0
    0
    3
    7
    6
   75
   39
    3
    0
    0
    0
    3
   44
   15
    6
    5
    0
   17
    2
   75
  102
   16
    0
    3
    0
    0
    0
    0
    0
    4
   99
    0
   91
   48
   40
   30
   48
    0
   17
    1
    0
    0
    0
   22
    8
    0
    3
    0
    0
   35
    0
    0
    0
   49
  300
  158
   12
    0
    0
   38
  133
   43
   44
   36
    1
    0
    0
   73
   58
   19
    0
    0
    0
    0
    3
    0
    0
    0
    0
    0
    0
    0
    0
    0
    0
    0
    0
    0
    0
    0
   18
   21
   62
   32
    3
   19
   63
    0
    0
    0
    0
    0
    0
    0
    4
    0
    0
    0
    0
  132
   10
   52
    0
    0
    0
    0
    0
   29
   66
    0
    0
  283
    0
    0
    0
    0
    0
    0
   19
   74
    0
    0
   12
    0
   42
  380
   93
   19
    0
   22
  190
  120
   13
   29
    0
   15
    3
    0
   30
    0
    4
   52
    3
    0
   63
    0
    2
    0
    0
    0
  199
    9
    0
   18
  115
  103
   18
    0
    0
    0
    0
    0
    0
    0
    0
    0
    0
    0
    0
    0
    0
    0
    0
    0
    0
   30
    0
    0
    0
    0
    0
    0
    0
    0
    0
    0
    0
   26
   59
   24
  135
   34
    0
    1
   10
    0
    1
   95
    0
    0
   29
   26
    0
   19
   34
   36
    0
    0
    0
    0
    0
    0
    0
    0
   12
    0
   20
    0
   21
    0
    0
   19
    0
    0
    0
    2
    0
    0
    0
    0
    3
    0
    0
    0
    0
   30
    0
    3
    3
    8
    0
    0
    4
    0
    7
    9
    7
   30
    3
   78
   60
    1
   37
    8
    0
   16
   30
  120
   62
  207
   38
  133
   77
    3
   24
   37
   48
   11
   33
   71
   13
   16
   54
    0
    0
   22
    1
    0
    0
    0
    0
    0
    0
   81
    3
   17
   42
    0
   22
    4
    0
    0
    0
    0
    0
    0
    0
    3
   16
  149
    0
   29
    0
    0
   39
    2
   77
    3
    0
   60
   13
   80
    8
    3
    0
    0
    0
    0
   58
   73
   26
  173
    0
    0
    0
    3
    1
    0
    0
    0
    0
    0
    0
    0
    3
   38
   21
   19
    4
    3
    0
    4
   79
   13
   19
   18
   18
    4
    0
    2
    0
    1
    1
    0
   62
   16
    2
    0
    0
  189
   35
   15
    2
    0
    0
    0
   12
    0
    0
    1
   50
   47
    0
    0
    0
    0
    0
    0
    0
    0
    4
    0
   40
  257
    8
   32
   39
    2
    0
    0
   90
    0
   20
   42
    0
   30
    0
    0
    0
    0
   42
   48
  125
    3
    0
    0
    0
   26
   27
   97
   22
   19
   68
   89
   56
   13
   89
    6
    1
    0
    0
   72
   24
   70
   57
  108
   50
   14
   16
    3
   17
   38
    8
   13
   29
   99
    0
    0
    0
    0
    0
    0
    0
    0
    0
    3
    0
    0
    0
  129
    0
    0
    0
    0
    0
    0
    0
   12
  218
  211
    1
    2
    3
    7
    0
    0
   28
   22
  128
    0
    3
   20
    0
   50
   14
   93
    0
   31
   28
    2
    2
  104
    3
    0
   83
   22
   52
    0
   16
    0
   91
   56
    0
    0
    0
    7
    0
    0
    0
   29
   28
   23
    0
    0
    0
   15
    0
    0
  138
    0
  257
    2
    0
    0
   22
    0
    1
   81
    0
    0
    0
   86
    0
    0
    0
    0
  177
   30
    0
    0
   31
    0
    3
    0
    0
    0
    0
    0
    0
    4
    0
    0
    3
    0
    1
    1
    0
    0
    0
    0
   55
    0
    0
    0
    0
   23
    6
    2
    1
    0
    0
    0
    0
    0
    0
   29
   30
    2
    0
    0
    1
    0
    0
    0
    8
   12
    1
    1
    0
    0
   35
   16
   34
  161
   64
   15
    0
    0
    1
   77
    0
    8
    0
    0
    0
    0
    2
    0
    0
    0
    0
   10
    0
    0
    8
    0
    0
    0
    0
    0
   57
   59
  142
   72
  101
    9
    4
    0
    0
    1
   31
    0
    0
    5
    0
    0
   29
   16
    0
    4
    4
    0
    0
   15
    0
    0
   26
    0
    0
    0
    2
    3
   38
    0
    0
    0
    0
   58
    5
   32
   15
   11
    0
    2
    0
    0
   14
    0
    6
    0
    0
    0
    2
    0
    2
   22
    0
    7
  130
    0
    0
    0
    0
   17
   63
   74
    3
    9
    0
   47
   48
  100
   18
   17
   72
   28
   24
    4
    0
    6
    0
   20
   80
   25
    0
   23
   41
   42
  109
    0
   14
   16
    4
    3
    0
   35
   20
   12
   13
   39
   54
   14
   66
   28
    0
    0
   91
   41
    0
    0
    2
   47
    0
    0
   29
   21
    0
    0
    0
   55
    0
    0
    0
    4
    1
    0
   18
    0
    0
    0
    0
    0
    0
    0
    0
    0
    0
    0
   17
    8
    3
   19
    0
    0
    0
    0
    0
    0
    0
    0
    0
    0
    0
   20
   46
   50
    0
    0
    0
    0
    0
    0
    0
    0
   65
   15
    0
    0
    0
    0
    0
    4
   34
  202
    0
   10
    0
    0
   23
    0
    0
    0
    0
    0
    0
    0
    3
    0
    0
   56
    1
    5
    3
   10
   40
    4
    0
   10
    0
    0
   30
   13
   31
    0
   82
   18
    0
    0
    2
   10
   72
    0
  157
   19
    4
   49
    8
    0
   11
    0
    0
   30
    0
    0
   55
    0
   57
    0
    0
    0
    0
   26
    0
    0
    0
    0
   57
    2
    0
    0
    0
    0
    0
    0
    0
    0
    0
   74
    2
    0
    8
    0
    0
   48
   10
    0
    0
   70
    0
    0
   17
   46
   92
    5
   36
    0
    0
    0
    0
    0
    0
    7
    2
    3
    0
    2
    3
    0
    0
    0
    0
    0
   35
    1
    1
    0
    0
    0
   17
    0
    0
    0
    0
    0
   21
   42
   22
    0
   14
    0
   10
   44
    9
    0
   10
    1
    0
    0
    0
   15
    2
    0
    0
    0
   29
    0
    0
    0
    0
    6
   26
   75
    1
    0
    0
    0
    0
    1
    0
    0
    0
    0
    0
   99
  159
   79
    1
    0
   38
   18
  103
   13
    1
   13
   77
   18
    1
    7
    6
   22
  121
  116
   45
   68
   49
    0
   71
   28
  104
    2
   56
   35
   49
    7
   18
    0
    0
   15
   40
  219
    8
   14
    0
   44
   65
    1
    0
    2
    0
    0
    0
    2
   67
    1
    0
    0
   34
   63
   53
   12
    0
   45
    0
   17
    0
   12
    0
    0
    0
    0
    0
    0
    0
    0
    0
    0
    0
    0
    0
    0
    0
    0
    0
    0
    0
    0
    0
   12
    0
    0
    0
    0
    0
    0
   41
    4
   20
    7
   19
    0
   42
    1
   49
    0
    1
    4
    1
   26
    0
   16
   12
    0
   45
   12
    1
    1
    0
    0
   21
    0
    0
   74
   15
    1
    0
    1
   26
   10
    0
    0
    0
   10
   29
    0
   50
    0
    0
    0
    0
    0
    0
   17
    3
    0
    0
    3
    2
    0
    1
   52
    0
    0
    0
   18
    0
   56
   20
   10
    3
    0
    1
    3
  120
  157
    0
    0
    0
   18
   72
  141
    0
    0
    0
    0
    0
    0
   11
    1
    0
    0
    0
   90
   60
   19
    0
    0
    0
    0
    0
    0
    0
    0
    0
    0
    0
    0
    0
    0
    0
    0
   27
  302
    0
    7
  109
   13
   44
    6
    0
    2
    0
    0
    0
   90
    0
    0
    0
    0
    0
    0
    0
    0
    0
    0
   38
    3
    0
    0
    0
   68
    3
    2
   50
  213
   68
    9
    1
    0
    0
    0
   85
    0
    0
    0
    0
   42
    0
    0
    0
    0
    2
    0
    0
    0
    0
  317
    1
  180
    7
    1
    0
    0
   94
    3
   30
    7
   29
    0
    0
    9
    5
   44
    0
    0
    1
    7
    0
    0
    0
    0
    9
    0
    0
    0
   33
    0
    0
    0
   30
    1
   41
   88
   15
    0
    0
    0
   17
   48
    0
    0
    0
    0
    0
    0
    0
    0
    0
    0
   46
   78
    0
    0
    0
   23
    3
    0
    0
    0
    0
    0
   64
   14
    0
    0
   20
    7
   21
    0
    0
    0
   73
   64
   34
   83
   18
    7
    0
    0
    0
    8
    0
    0
    0
    0
    5
    0
    0
    0
    0
    0
    0
    0
    0
    2
   21
   36
  222
    0
   23
   14
    0
  170
   70
    8
    0
    0
    0
    0
    0
    0
    0
    0
    0
    0
    0
    0
   14
  110
    0
   29
   17
  104
   35
    0
    0
    0
    0
    0
    0
    0
    0
   16
    9
    0
   22
    0
    4
   12
   17
   24
   87
   40
    9
    0
    0
   63
    0
   49
    3
    4
    0
    0
    0
    0
    0
    0
    0
    0
    2
    0
    0
   20
    0
    0
    5
    0
    0
    0
    2
    0
    0
    1
    0
   21
    0
    0
    0
    0
    0
    1
    8
   20
    0
    0
    0
    0
    0
    0
    0
    0
    0
    0
    0
    0
    0
   13
    0
   55
    0
    0
   63
   32
  126
    0
    2
    0
    0
    0
    0
    0
    0
    0
    0
  128
   52
  124
   27
    5
   29
    0
    1
    1
    0
    0
   18
   19
    0
    0
    0
   11
    0
    0
    0
    0
    0
    3
    0
   63
    0
    7
    2
    2
    5
   23
    1
    0
    0
    0
    0
   63
    0
    0
    0
    0
    0
    0
   11
  140
   20
    0
   27
    2
    0
   17
    5
   16
    0
   10
    0
   68
  121
   22
   39
   19
    0
    0
    0
    0
    0
    0
    0
    0
    0
    0
   12
    0
    2
    0
    0
    0
    0
    0
   35
   26
    0
    0
    0
    0
    0
    0
    0
    0
    0
    1
    0
    0
    0
    0
    0
  267
   16
   13
    0
    0
    8
  132
    0
  403
    1
    0
    0
    4
    0
    0
    0
   38
    0
  158
    9
   25
   38
    0
    0
    0
    0
    1
   79
  162
    0
    0
   89
    1
   17
   68
    0
    2
   98
    6
    0
    0
    0
    0
    0
    9
    0
    0
    0
    0
    0
    0
    0
    0
    0
    0
    0
    0
    0
    0
    0
    0
    0
    0
    0
   21
  144
    3
    0
    0
    0
    0
    0
    0
   26
    0
    1
    2
   27
    0
   71
  179
    0
    0
    0
    0
    0
    0
    0
    2
   68
  244
    0
   19
   33
   82
    0
   47
   12
   39
   17
  108
   14
   20
    0
    0
    0
    0
   15
   26
    0
    0
   45
   35
    1
   32
   45
    0
    0
    0
    0
   64
   40
    0
    0
   59
    0
    0
    4
    0
    0
    0
    0
    0
    0
    0
    0
    0
    0
   19
    0
    9
    0
    0
    0
    0
    0
    7
    4
    0
  142
   42
    4
    0
   31
   50
   42
    5
   14
    0
    0
    0
    0
   25
   10
    0
   12
    0
    3
   27
   61
   24
   62
    0
   14
   76
    0
    2
    1
    1
    0
   60
    0
    1
    4
    7
   71
    0
    0
    0
    0
    0
    2
   79
   42
    3
    9
    5
   11
    0
    0
    2
   10
    1
    0
    0
    0
    0
    0
    6
    0
   32
    0
   27
    9
   10
  137
   36
    2
    0
   44
    0
    2
   16
   12
   58
    6
    0
    0
    0
    0
    0
    0
    0
    2
    0
    0
    4
    1
    0
    0
    0
    1
    0
    0
    0
    0
    0
   20
    4
    1
    3
   17
    2
   38
    0
    4
   23
    2
   61
    8
    0
    0
    0
    0
    0
    0
    2
    0
    0
    0
    0
    0
    0
    0
    1
    5
    0
    0
    0
    0
    5
    2
    0
    0
    0
    0
    1
    0
    0
    0
  104
    6
   15
   10
    1
    1
    0
    0
    0
    4
    2
    0
    0
    2
    0
    0
    0
    1
    0
    1
   24
    0
    0
    0
    0
    0
    0
    0
    2
   51
    2
   66
    7
    4
    4
   71
    0
    2
    0
    0
    0
   41
   55
   38
    2
    2
    0
    0
    0
    2
    2
    0
    5
  138
   17
    0
   69
   32
    3
   42
    1
   42
    0
    0
    0
   29
   26
   19
    9
    0
    0
    0
    0
    0
    0
    0
   21
   19
    4
   27
   19
    1
   16
   18
    6
   10
    1
    0
    2
   29
  373
   81
    0
   11
    0
   32
   24
   75
    5
    0
   21
  182
    0
    0
    0
    0
    0
    0
    0
    0
    0
    0
    0
    0
    0
   21
  138
   29
    0
    0
   14
    0
    0
    0
    1
    0
    0
   11
    2
   10
    0
    0
    0
    0
    0
   79
  234
    0
    0
    0
    0
    0
   51
    0
   15
    0
   31
    0
    0
    0
   26
   28
    0
    1
   31
    0
    0
    0
    0
    0
    0
    0
    0
    2
    0
    0
    0
    0
    0
    0
    0
    0
    2
   10
    0
    0
    2
    0
    0
    0
    0
  165
   17
    0
    0
    0
    0
   44
    0
    0
    0
   10
    0
    0
    0
   32
   24
   11
    0
    0
    0
    0
    0
    0
    0
    0
    0
   14
    0
    0
    0
   17
   40
   22
   26
   29
    1
   18
    0
   31
   16
    0
    0
    0
    0
    0
    0
    0
    3
   58
   41
   18
    9
   57
   51
   27
   12
   51
    0
   19
   15
    1
    0
   26
    4
   20
   31
    0
    0
    0
    0
    0
    0
    0
    0
    0
    0
    0
    0
    0
   49
    1
    2
   29
   15
    0
    0
    0
    0
    0
    0
    0
    0
   24
   38
  162
    0
   82
   85
   77
   38
    0
  127
    3
    0
    8
    0
    0
    0
    0
    0
   81
   68
   19
    0
    0
    6
    0
    0
    9
    0
   38
    0
    2
    0
   74
  120
    0
    0
    0
    0
    0
    0
   12
    0
    0
    1
    0
    0
    0
    0
    9
    1
   46
    8
    0
    0
    0
    0
    0
    1
   99
    0
   18
   52
   78
   12
   11
   11
    3
   81
   14
    0
    0
    0
    0
    0
    0
    0
   13
    0
    0
    0
   83
    0
    0
    0
   32
   18
    7
  181
    1
   28
   17
    0
    0
   21
   65
   16
   66
    0
  182
   30
    2
   61
   55
    9
    2
    0
   53
    0
    0
    0
    4
    0
    0
    0
    0
    0
    0
    0
   14
    0
    1
   30
    0
    4
   63
    0
    0
    9
   21
    0
    0
   53
   21
   77
    0
    0
    2
   39
    0
    0
    0
    0
    9
    0
   40
    4
   79
    0
    0
    0
    0
    0
    0
    0
    0
    0
    0
    0
    0
    0
    0
    0
    0
    0
    0
    0
    0
   51
   19
  148
   42
    0
  211
    1
  139
   93
    0
   12
    0
    0
    0
    0
    0
    0
  114
   26
   75
    0
    0
  117
    0
    0
    0
    0
    0
    0
    0
    0
   19
   44
  116
  199
   62
    4
    0
    0
   28
    0
    0
    0
    0
    0
    0
    2
    0
    0
    0
  209
   23
    0
    0
   65
    0
   21
    0
    0
   45
  145
  126
    0
   16
    0
    0
    0
    0
    0
    0
    0
    0
    0
   72
   22
    0
    0
    5
    3
   99
   34
    0
    0
   62
    0
    0
   20
    0
    0
    0
   35
  146
    8
   38
    2
   15
   36
    9
    2
    4
    0
    0
    1
    0
    0
   47
    1
    0
    0
    0
    0
    0
    0
    0
   15
   61
    0
    0
    0
    0
    0
    9
    0
    0
    0
    6
    0
    1
   44
    0
   50
    0
    0
    0
    0
    0
   16
    0
    0
    0
    0
    0
    2
    3
   32
   33
   86
   77
    0
   41
   11
    0
    0
    0
    4
   26
    0
   19
    0
   30
    0
    2
   11
   55
   22
   18
    4
   29
    0
   41
    1
   37
    2
   81
  122
   37
    0
    4
   20
    6
   10
    0
    0
    0
    0
    0
   13
    0
    0
    4
    0
    2
   35
  118
   50
   28
    0
    0
    0
    0
    0
    0
   42
   22
   22
    1
    0
    0
    0
    0
    0
    0
    0
    0
    0
    0
    0
    0
    0
   50
   43
   10
    4
    0
   45
   82
    0
    0
    0
    0
    0
    5
   34
    3
    6
   61
    0
   20
    5
   11
   11
   90
   21
    0
    0
    0
    0
    0
    0
    0
   19
    0
    0
    0
    0
    0
    0
    0
    0
    0
   75
   26
   18
   19
   88
   40
   11
   10
    7
    1
    0
    1
    0
    0
    0
   25
    6
   19
   46
    0
    0
    0
    0
    0
    0
    0
    1
    0
   15
   44
   20
    0
    0
    2
   24
    2
    0
   24
   28
   15
    6
    2
    0
    0
    0
    0
    0
    2
   10
    9
   41
   20
    2
    0
    0
    0
    0
    4
    0
    0
    1
   61
   88
    0
    0
    0
    0
    0
    0
    0
    0
    0
    0
    0
   47
    0
   20
    0
    5
    0
    7
    4
    0
    0
    0
    0
  145
    0
   60
    0
    0
    0
    6
    0
  311
    0
    0
    0
    0
   41
  109
   18
    0
    0
    0
    0
  182
   71
    0
    0
   46
    0
    0
    0
  390
   78
    5
    4
   59
   21
  107
   17
    0
   54
    0
    0
   18
    2
    0
    0
    0
   91
   11
    0
    0
    0
    0
    0
    0
  314
    0
    0
    0
    0
   99
   54
   20
   17
    2
   62
  148
    8
    1
  214
    0
    0
    1
   10
    0
   81
   14
   33
   17
    0
   39
   76
    0
    0
   33
    0
  144
    0
    0
    0
   35
  133
    0
    0
    0
    0
    0
   37
    0
    0
    0
    3
    0
   24
    5
    0
    0
    0
    0
    7
    0
   80
   19
    7
   42
  105
   48
   71
    0
    0
    5
    6
   15
   31
    8
   52
    3
    7
    6
    0
    0
    0
    0
    0
    0
    0
    0
    0
    0
    0
    0
    0
    0
    0
   57
    0
    0
    0
   31
    0
    8
    0
   47
    1
    3
    0
    0
   23
    0
    0
    0
    0
    0
    1
  122
   83
  100
    0
    0
    0
    0
    0
    0
    0
    0
    0
    0
    0
    0
  114
   38
   24
    0
    0
    3
    2
   26
   77
  118
   19
    4
    0
   22
    0
    1
   28
    0
    0
    0
    0
    0
   40
    0
    0
    0
   12
    0
   30
    0
    0
    0
   79
   29
   74
    2
    4
  159
   60
    1
    0
   33
    2
    4
  262
   72
   54
    8
    0
   46
    1
   14
    0
    0
   25
   14
    0
   50
   27
    0
    0
    0
    2
    0
    0
    1
    3
   22
   55
   24
    0
    3
    0
    0
    0
    1
    0
    2
   31
    0
   29
   21
   33
    4
   12
    7
    0
    0
    2
    0
    0
    0
    0
   35
   70
   15
   28
   36
    1
    2
    0
    0
    0
    0
    0
    0
    0
    2
   42
   68
    6
    0
    0
    0
   39
    6
   10
   50
    0
    1
    0
   18
    0
    0
    0
    0
   40
   59
    3
  200
   35
    3
   26
   35
   28
    0
   48
    2
   96
   28
   28
    0
    0
    2
    0
    4
   33
   14
    0
   19
    0
    0
    0
    1
   24
    3
  129
  320
   96
    9
    0
   11
   78
    0
    0
    0
    0
    0
    0
    0
    0
    1
    0
    0
    0
    1
    0
    0
    0
   36
   60
    0
    0
    0
    0
    0
    0
    0
    7
   43
    0
    2
   28
    1
  220
    4
    6
    4
   38
  171
  105
   87
   49
    0
    7
    0
    0
    0
   49
    0
   10
   45
    0
    0
   16
    0
    5
   12
    0
    2
    0
    0
   90
    1
    0
    0
    0
    0
    0
    0
    0
    0
    0
    0
    0
  107
    0
    0
    0
    0
   75
   16
    0
  111
    0
    0
    0
    0
    0
    0
   80
    0
    0
    6
  126
    0
    0
    0
    0
    0
    0
    0
   77
    0
    0
    0
    0
    0
  215
    0
    0
    0
    0
    0
    2
  114
    0
  135
   55
  100
    0
    0
    0
    0
   88
    0
   97
    0
    0
   94
   26
   40
  191
    0
    0
   78
    0
    0
    0
    0
   86
    0
    0
   98
    0
   12
  212
    0
   74
    0
    8
    4
   77
   41
    3
    0
    2
    2
    0
    0
    0
    0
    0
    0
    0
    1
   19
    0
    0
   74
    6
  109
    7
   29
    0
    2
    0
   10
    0
    0
    0
    0
    0
    0
    1
    0
    0
    0
    0
    0
    0
    2
    0
    0
   34
    1
   13
    4
   53
   20
    0
    0
    0
    0
    0
    0
    0
    0
    0
    1
    0
    0
    0
   40
   65
   20
  118
   22
   37
    0
    0
    0
    0
    9
   38
   25
   24
    5
    0
    2
    0
    0
    0
    9
   78
    6
    0
   10
   10
   63
    0
    0
  201
   50
    0
   10
    0
    0
    0
    0
    4
    1
    4
    0
    0
    1
   18
    1
    0
   32
    0
    2
   33
    3
    0
    0
    0
    0
    0
   74
   10
   26
   51
    2
    0
    0
    0
    0
    2
   43
    1
    0
   83
   39
    2
   31
   11
   29
   33
   45
   14
    0
    2
   41
    0
    2
    0
    2
    0
  166
    0
    1
    0
    1
   29
    0
   31
    0
   21
    9
    1
    2
   28
    0
    0
   31
    1
    4
   11
    0
   10
   10
    0
    0
    0
    2
    2
    0
    3
    0
    0
    0
    0
    3
    2
    1
    4
   40
    6
    2
   22
    0
    0
    0
   19
   17
   66
   32
   33
    0
   53
   88
    0
    0
    0
    2
   13
   41
    3
   20
   79
   57
   20
    0
    2
   81
   32
  151
   22
  153
    0
    0
    0
    0
    0
    1
   40
   14
    1
    0
   32
    0
    0
    0
    0
    0
    0
    0
   48
   17
    0
    0
  110
  294
    0
    0
    2
   41
  142
    0
    0
    0
    0
    0
    0
    0
    0
   19
    0
    2
   41
   94
  308
  132
    0
    6
  155
   69
   44
    8
   29
    2
   21
   82
   20
  206
   24
   20
   80
    0
    0
    0
   41
   70
   22
   40
    3
    1
    0
    0
    0
    0
    0
   70
    9
   11
    0
    0
    0
    0
    0
    0
    0
   51
   33
   34
   30
   21
    0
  105
    0
    0
    0
  222
    0
    0
    0
    0
  111
  272
    0
    0
    0
    0
    0
    0
    0
    0
    0
    0
    0
    0
    0
    0
    0
   68
   79
    0
   66
    0
    0
   15
    0
    0
    0
    0
   41
   29
   24
   29
  100
   95
   28
  456
  412
    0
   24
    0
    0
   38
   10
    9
    0
    0
   12
    0
    3
    1
    0
    0
    0
    0
  139
  121
    5
    0
    0
    0
   38
   64
   95
    3
   38
  122
    5
    0
    7
    0
    0
    0
    0
    0
    0
    0
    0
    0
    3
    0
    0
    0
    0
   17
    0
   28
    0
    0
    0
    0
    5
    0
   64
  181
    7
    0
    0
  117
  186
  117
   31
    0
   67
   32
   10
   10
    0
    0
    0
    0
    0
   37
   11
  122
    7
   45
    0
    0
    0
    0
    0
    0
    0
    0
    0
    0
    0
    0
    0
    0
    1
    1
    0
    0
    0
    0
    0
   55
   16
    0
    0
    0
    0
    0
    2
    1
  124
   12
   15
  155
   22
    0
    0
    0
    0
    0
    1
    0
    0
    0
    0
    0
    0
    0
    1
    0
    0
    0
    0
    0
    0
    0
    0
    0
    0
    0
    0
    0
    0
    0
    0
    0
    0
    0
    0
    0
    0
    0
    0
    0
   19
   17
    6
    5
    0
    0
    0
    0
    0
    0
    0
   35
   25
   44
   57
   11
   49
    0
   18
    6
   16
    2
    0
    0
    0
    0
    0
    1
   10
    0
    2
    0
    8
   47
    0
    0
    0
    1
    3
   20
    0
    0
    0
    0
    0
    0
    0
    0
    1
   10
    9
    3
    0
  108
    0
    0
   42
    5
   17
    1
    1
   55
    6
    0
    0
    0
    0
    0
    0
   76
    1
   24
    0
    0
    0
    0
    0
    0
    0
    0
    0
    2
   28
    0
    0
    0
   57
    2
   15
    0
   69
   33
   21
    0
    0
   77
    0
   24
    5
    0
   12
   88
    0
   43
   57
    9
   62
  130
    0
   36
   13
   11
    0
    2
   21
  157
    0
    0
    0
    0
    0
   14
    3
    0
    0
    0
    0
    6
  159
   71
   20
   18
    0
    0
    0
    0
    0
   16
    0
   62
   21
   76
   20
    0
    0
    0
    2
   32
   78
   29
   11
    5
    0
   26
   79
   55
  121
  527
   15
    0
  159
   13
    0
    0
    0
    0
    0
   14
    0
    0
    0
    0
   71
   22
   93
    4
    0
   10
    3
   62
    0
    0
    0
    0
    0
    0
    0
    0
    0
    0
    0
   35
  159
   34
    3
   95
   55
    0
    0
    0
    0
    2
    0
    0
    0
    2
    0
    0
   72
    0
    0
    2
   10
    0
    0
   32
   10
   75
    0
    0
    1
   36
    1
   66
  391
   36
    1
    0
    0
   21
    0
   11
   60
    0
    4
   30
    0
    4
   42
    8
   12
    0
    5
    0
    0
    5
   87
    0
    0
    0
    0
   26
    0
    0
    0
    0
    7
   46
  110
    4
    1
  236
   73
    0
    0
    0
    0
    0
   18
    0
   33
    2
    0
   18
    0
    0
    0
    0
    0
   33
   30
    2
    0
    0
    0
   92
    0
   15
    2
    0
   41
    2
   10
    0
    0
    1
    2
    6
    0
   44
   12
   41
    0
   20
   19
    0
    0
    0
    0
    0
    0
    0
    0
    0
    0
  151
   10
    0
    0
   21
   24
  174
   23
    0
    0
    0
    0
    2
    0
    0
    0
    1
    0
    0
    0
    0
    0
    4
    0
    0
    0
    0
    2
   19
    0
    0
    0
    0
    0
    0
    0
   32
    9
   33
    0
    2
   31
    0
    0
    0
    0
   18
    0
    0
    4
    0
    0
    0
    1
   48
    0
    2
    0
    0
    0
   29
   44
   49
    0
   27
    1
    0
   69
   11
    0
    3
    0
    0
    0
  138
   66
    7
    0
    0
    3
   21
    2
    0
    0
    0
    0
    0
    0
    0
    0
    0
    6
   28
  115
   19
   66
   87
   42
   41
    1
   40
    0
    0
   17
   28
   18
   23
    1
    0
    0
    0
    0
   32
   64
    9
    0
    0
    0
    0
   45
    0
    4
   26
    0
    0
    2
   39
    2
    0
    0
    0
    0
    0
   52
    4
   33
    5
   23
   39
    0
    0
    0
    3
   40
   82
   10
    0
   20
   14
    0
    0
   32
    4
    0
    0
    0
   23
    0
    6
    3
   51
   59
    1
    0
    4
   16
   65
    0
    0
    0
    0
    0
    0
    0
    0
    0
    0
    1
    0
    0
    0
    0
   45
  154
    0
    0
   16
   31
    0
   11
   81
    9
   28
    6
    2
   20
    1
    0
    6
   22
    9
    0
   39
   91
    0
    0
    0
    0
    0
    0
    0
    0
    0
    3
   40
   46
    0
  232
   65
  220
  132
    0
  190
    0
  126
    0
   23
    0
    1
    0
   71
   33
    0
    0
   28
    0
    0
    0
    5
    0
    0
    0
    0
    0
    0
    0
    0
    0
   77
   25
    0
    0
    0
    1
    1
    0
    5
    0
   85
   31
    0
    0
    0
    0
    0
    0
   12
    0
    2
    0
    0
    1
    0
  190
    9
    0
    0
    0
    0
    0
    0
    0
    0
    0
    0
    1
    0
    0
    0
    0
    9
    1
    4
   25
    0
    0
    0
    0
   29
   19
   91
    6
   94
   47
   29
    9
   41
    0
    0
    0
    0
    5
    0
    0
    0
    0
   21
    6
    0
    0
    0
    0
    0
    0
    0
    0
    0
    0
   24
    0
   11
    0
    0
    0
    0
    0
    0
  109
    0
    0
    0
    0
    0
   10
    0
    0
    0
    0
    0
    0
    2
    1
    0
   22
   69
   65
   10
    0
    2
   28
    0
    1
  135
   65
   68
   42
   46
    4
    0
    0
    2
    0
   71
    0
    0
    0
   26
    5
    0
    0
    4
   27
    0
    0
    0
    0
   31
    0
    5
    1
    6
    0
    0
    0
    0
    0
    0
    0
    9
   90
    0
    0
   22
    0
   59
   17
    2
   18
    0
    0
    0
   35
    2
   25
    0
    0
   11
    1
    0
    0
    0
    0
    0
    0
    0
    0
    0
    2
    0
    0
   63
    2
    0
    0
    0
    0
   75
    0
   50
    6
    0
    0
    4
    9
    0
   41
   75
   74
   62
    3
   22
    0
    3
    0
   10
    6
   39
   44
   70
   34
    9
    2
   29
    0
    2
    0
    0
    0
    0
    1
    0
    0
    0
    0
   18
   29
    5
    0
    0
    0
   26
   39
   20
   31
   49
   23
    0
    0
    0
    0
    0
    0
    4
    3
   59
    0
    0
    9
   10
    0
    0
    1
   16
    0
    0
  199
   14
    0
    0
    0
    0
    0
    0
    0
    0
    0
    0
    0
    0
    2
    0
    0
    0
    0
   73
    0
    6
    9
   32
  108
    0
    0
   88
   46
    8
   11
   65
    0
    0
    0
    0
   78
    6
    0
   66
   80
  355
    0
    0
   15
   37
   88
    0
    1
    0
    0
   13
   19
    2
    0
    0
    0
   33
    0
   31
   19
    0
    2
   70
   15
   73
   47
   54
   31
    5
   68
    0
    8
    0
    0
   71
    0
    2
    0
    0
    5
   20
   59
    8
    0
    0
   67
   44
    9
    0
    0
    8
  139
    0
    0
    0
    0
    0
    0
    0
    0
    0
  271
    8
    0
    0
    0
    0
    0
    0
    0
   68
   12
   18
    2
    0
   84
    1
   16
   61
    0
   12
    0
    0
   78
    0
   77
   25
    0
    0
    9
   86
   99
  125
    0
  147
  226
   30
   87
   18
    0
    0
    0
    0
    0
    0
    0
    0
    0
    0
    0
    0
  317
    9
   21
    0
    0
    0
   86
    0
    0
   18
    9
  150
   28
   31
    0
    0
   16
    5
    0
    8
    6
    0
    3
   81
   62
    4
   29
   76
   23
   22
  131
  141
   37
    0
   55
    0
    4
    0
   23
   49
   56
    1
    0
    0
  111
   39
   31
    8
   29
    5
    7
    0
    0
    3
    0
    0
    5
    0
    0
    0
    1
    0
    0
    0
   30
   45
   29
    4
    0
    0
    0
    0
   18
   21
   39
   39
   19
    0
    7
    0
    5
    0
   14
    0
    3
    0
    0
    0
    0
    0
    0
    0
    0
    0
    8
    0
    0
    0
   51
    6
    0
    0
   67
    0
   21
    0
    0
    0
    0
    0
    0
    0
    0
   10
    0
    0
   59
    0
   44
   32
    8
   11
   32
    6
   10
   33
   79
   36
   47
   50
   32
   10
    0
    0
    2
   48
    0
    0
   48
    4
    0
  104
   17
   42
   18
   40
    8
   15
   16
    3
    0
  104
  113
    0
    0
   56
    0
    0
    0
    2
   63
    0
    0
    0
    0
    0
    0
    0
    0
   19
    7
   10
    5
    4
    2
    0
    0
   26
    5
    0
    0
    0
    0
    0
    9
    6
   39
   11
   22
   21
    0
    1
   16
    0
   42
    0
    4
   74
   11
    0
    6
    0
   21
    0
   38
   31
    0
    0
    6
    1
    0
    0
    0
    0
    0
    0
    0
    0
   21
  143
    0
   37
   20
   32
    0
   26
   26
    0
    0
    0
    0
  147
  111
    9
    0
    0
   22
    0
    0
   67
    0
   68
    0
    0
   96
    0
    0
    0
    0
    0
   78
    0
  106
   22
    0
    0
    0
    0
    0
   97
  242
   49
   32
   35
   15
    0
   29
    0
    3
    4
    4
    0
   61
   11
    0
    0
   49
  251
  159
   84
    7
    4
    0
    0
  149
  528
  150
  112
    0
    0
    0
    0
    1
    4
    5
   42
    0
    0
    0
    0
    0
    0
    0
    0
    0
    0
    0
    0
   73
    0
    0
    0
    1
   15
   51
    0
    0
   16
   10
   98
   10
   21
    0
    4
    0
    0
    0
    0
    0
   15
   10
   84
    0
    0
   45
    0
    0
    0
    0
    0
   36
    0
    0
    0
    0
    0
    0
    0
    0
    0
    2
    0
    0
    0
   95
    0
   20
    1
    0
   45
    3
    0
    3
   41
    1
    1
   30
   51
    0
    0
   35
   26
   13
   45
    9
    0
    0
    0
   37
    0
    0
    0
    0
    0
    0
    0
    0
   25
    0
   51
    3
    0
    0
    0
   20
    4
    0
  146
    0
    0
    0
    9
    3
   99
   88
  137
    0
    0
   15
   21
    0
    0
    0
    3
   42
   29
   11
    1
    0
    0
    0
    0
    0
    0
    0
    0
    9
   35
   28
   33
    3
    6
   25
    0
    0
    0
    7
    3
   14
   16
   16
    6
    3
    0
    3
    4
    0
    0
    2
    0
   48
  100
   39
    6
    7
    5
    1
   24
    0
    0
   37
    0
   11
    0
    4
   33
    0
    0
    0
    0
    0
    0
   41
   48
   29
    0
   42
   55
   26
    2
    0
    0
    1
    0
    0
  150
    9
   75
    2
    7
    8
   20
    0
    0
    0
   33
    2
   38
    0
    0
   35
   20
   21
   22
   21
   28
   25
   18
    1
    0
   47
   59
   80
    0
    0
   15
    7
   31
    3
   70
    5
    2
    0
    0
   61
  123
    8
   69
    5
   42
   97
   39
  137
   68
    0
    0
    0
    0
    0
    0
   47
    0
   27
   72
    1
    4
   88
   15
    6
    0
    0
   15
    0
    0
   20
    0
    0
    0
   34
    9
    0
   16
    2
    0
    0
    2
    1
    0
    0
    0
    0
   64
    0
    0
    0
    0
    0
   96
  198
    0
    0
    0
    0
    0
    0
   97
    0
    0
    0
    0
    0
    0
    0
    0
   28
   20
   16
   37
   35
   44
    0
    0
   17
    0
    4
    1
   21
    3
    1
    0
    0
    1
    0
  262
    1
   66
    0
    0
    1
   42
    0
    2
    3
   48
    0
    0
    0
    0
    0
    0
    0
    5
   56
   57
    8
    0
    0
    0
    0
    7
   98
    0
  136
    1
    0
  312
   55
   16
   51
    2
    0
   27
  236
    1
    0
   16
    0
    2
    0
    0
    0
    0
   32
    0
   71
    0
   53
    6
  111
    0
    0
   19
    0
    1
    0
    0
   11
    2
    0
    9
    0
    0
    0
    0
    0
    0
    0
    0
    0
  111
  142
    0
    0
    0
    0
    0
   26
   43
    0
    0
    0
  159
   31
   65
   10
    1
   39
   63
    0
    0
    0
    0
    0
   22
    0
   10
   31
    2
    0
    0
    4
  198
    2
    0
    0
    0
    0
    0
    0
    0
    0
  159
    0
    0
    0
    3
   61
  116
    1
    0
    0
    8
    3
    0
    0
    0
    0
    0
    5
    0
    0
    0
    0
    0
    1
   10
   46
    5
    9
    0
    2
   19
   10
    0
   40
    0
    1
    0
    0
    6
    0
    0
    0
    0
    1
   85
    0
    0
   68
    0
   10
    0
   30
    0
    0
    5
    3
   30
    0
   67
    0
    0
    0
    0
    0
    0
    0
    0
    0
   13
    0
   16
    3
   37
    0
    0
   21
    4
    0
    0
    0
    0
    0
    0
    0
    9
   10
    0
    0
    1
    4
    6
    1
    0
    2
    0
    0
   14
   23
    0
    0
    0
    8
    0
    0
    0
    0
    0
    0
    0
    0
    0
   20
    2
   31
    0
   11
   40
    0
    0
    0
    1
    1
    2
   89
   21
   71
   28
    2
    0
    0
    0
    1
    0
    0
   37
    0
    0
    0
    0
    2
    0
    0
    0
    1
   21
   61
    0
    0
    2
    0
    0
    0
    0
   69
   29
    2
    0
    0
   47
    9
   14
    0
   90
   21
    0
   33
   42
  139
   26
   21
    0
   30
   68
   47
  124
   92
   22
    0
    0
    9
   54
    0
    0
    0
    2
   73
    0
    9
    2
    2
    0
    1
   33
    1
    5
    4
   87
   29
    8
   10
    0
    2
   35
    4
    0
    0
   30
    0
    8
   21
    0
    0
    0
    0
    0
   56
   89
   34
    7
    0
    0
    0
    0
    0
    0
    0
    0
    2
   76
    1
    0
    0
    0
    0
    0
    0
    0
    0
    0
   29
    0
   11
   88
    1
   21
   92
   14
    0
    2
    4
   31
    1
   79
   87
    0
    0
    0
    3
   38
   81
  150
    0
    0
   53
   59
    0
    0
    0
    0
    0
   16
    0
   28
    1
    0
    0
    0
    0
    9
  345
   48
   22
   28
    0
    6
    0
   26
  364
   44
    2
    0
    0
    0
   14
    0
    0
    0
    0
    0
    0
    0
    0
    0
   39
    0
    0
   17
   83
   19
   14
    0
    1
   60
    1
    1
    0
    0
    0
    0
   34
    0
    0
    0
   67
   28
    0
    0
    0
    0
    0
    4
    0
    0
    1
    9
   66
    0
   32
   20
   10
    9
   98
   51
   52
  106
   40
   47
   71
    4
    0
   61
    0
    0
    1
   24
    9
    0
    0
   32
    2
    0
   11
    0
    0
   24
   48
    0
  111
   87
    0
    0
   37
   16
    0
    0
    0
    0
    0
    0
    0
    0
    0
    0
    0
    0
   64
    4
    0
   47
    0
    0
    1
   36
   12
    0
   28
   12
    2
    0
    0
    1
   38
  156
  152
   31
    0
    0
   44
    1
    0
    0
    0
    0
    2
   22
    0
    2
  116
    5
   40
   27
   25
   51
    2
   24
    0
   18
    0
    0
   34
   61
   97
   16
    0
    0
   11
   30
   26
    1
    0
    4
    7
   14
    0
   64
    1
   62
   69
    0
    9
    1
   18
   31
   44
   87
   24
   10
    0
    2
    0
    0
    0
   33
    0
    0
    0
    0
    1
    0
    0
    0
    0
    0
    0
    0
    0
   32
    4
    0
    0
   11
   26
    0
   71
   27
    0
    0
    0
    0
    0
    0
    0
    0
    2
   14
    8
   59
    1
   71
  125
   61
    0
    0
    0
    0
    0
   55
   47
    2
   43
    8
   28
   29
   60
   29
   25
    0
    0
    0
    0
    0
    3
   29
    0
    1
    0
    0
    0
    1
   12
    0
    0
    0
   49
   32
  100
   41
   66
   28
    6
    0
    0
    0
    0
    0
    0
    0
    0
    0
    0
    0
    0
    0
    0
    0
    0
    0
    0
    0
   49
   94
   15
    0
    1
    0
    0
    0
    0
    0
    0
   24
    0
  100
   32
    0
    1
    0
    4
    0
   15
  144
    2
   72
    0
    0
    0
   36
  138
   34
    2
    0
    0
    0
    0
    0
   89
    0
    0
    0
   41
    0
   72
    0
   14
    5
   11
    0
    0
    0
    0
    0
    0
   55
   21
   95
   22
    0
    5
    0
    0
   34
    0
   19
    0
    0
    0
   15
  245
   72
    0
    0
    0
    0
    0
    0
    0
    3
    0
    0
   12
    0
    3
    0
    2
    0
    0
    0
   48
    0
    0
    0
    0
    2
  135
  146
    8
    0
    0
    0
    0
    0
   12
    0
   14
    1
    0
    0
    0
    1
  335
    0
    0
  115
   18
  149
  251
  122
    0
   82
  392
  566
    1
    6
    0
    0
    4
    0
    0
    0
    8
    0
    0
    0
    0
    0
   66
    0
    0
    0
   16
    0
    0
    0
    0
   41
    0
    0
    0
    0
  111
    0
    0
    1
   29
    0
   11
    0
    0
    0
    0
    0
   42
   29
    0
   92
   76
   10
    0
    0
    0
    0
    0
   74
    0
   54
   29
   21
    0
    0
    0
    0
    1
    7
    0
   99
   89
   22
    3
   36
    0
   78
   31
   22
    0
   83
    3
   63
    9
    0
    0
    0
   47
   84
  124
    9
    0
    0
   20
  107
   49
   93
   36
    0
    0
    2
    3
    0
    0
   66
  244
    0
    0
  123
    0
    0
    3
    8
    0
    0
  224
  142
    0
    1
   19
   10
    4
    3
    0
    0
    0
    0
    0
    0
    1
    0
    4
   36
   18
    6
    0
    0
    0
  156
    0
   69
    0
   29
    0
    8
  144
  286
    3
   19
  139
   37
    2
    3
   31
    1
    0
    2
    0
    0
    3
  144
    0
    0
    0
    0
    0
    0
    0
    0
    0
  139
   14
   35
    2
   12
   58
   41
   19
   33
    0
   14
   81
    0
   16
    4
   40
   16
    0
    0
    0
    0
    0
    0
   14
    1
    0
    0
    0
    0
    0
    0
    0
    0
    0
    0
    0
    0
    0
    0
   25
    9
    0
   14
    0
   13
    4
    0
   63
   28
    0
    0
    0
    0
    0
    0
    0
    0
    0
    0
    0
    0
    0
    0
   61
    0
    0
    0
    0
   36
   21
   35
    0
    0
    3
    2
    0
    0
    2
    0
    0
    0
    0
    0
    0
    0
   48
   64
    0
    0
    0
    0
    0
    0
    7
   71
    0
    1
    0
    0
    2
    0
    0
    0
    0
    0
  147
   64
   18
    0
   67
   71
   20
    6
    0
    7
  101
   17
    2
    0
    0
    0
    0
    3
    5
    0
    0
    0
    0
   26
    0
    0
    0
    0
   10
    0
    0
    1
    0
    0
    0
   55
    0
    0
    0
    0
   46
  132
   17
    0
    0
    0
   96
    0
    0
    0
    0
    0
   32
   59
   28
    2
   46
  229
   24
    0
    0
    0
   15
    0
    0
    0
    0
    0
    0
   10
   54
    0
    0
    0
   42
    5
    1
   22
    0
    0
   78
    3
    7
    0
    0
    0
    0
    0
    0
    0
    0
    0
    0
    0
    0
    0
   14
    1
    0
    0
    0
    7
   39
    0
    0
    0
    0
    6
    0
    0
    0
    0
    5
   44
   47
    3
    4
   36
    0
    0
    0
    0
    0
   22
    2
   74
  374
  111
    0
    1
    0
    0
    0
    0
    0
    0
    0
    0
   50
    0
    0
    0
    0
   75
    9
    0
    0
    2
    3
   40
   46
   19
  124
  119
    8
    3
    0
    0
    0
    0
    0
    0
    0
    0
    0
    2
   53
    2
    0
    0
    1
   11
    3
    0
   93
   11
    0
    0
    0
   38
    0
    0
    0
    0
    0
    0
    0
    0
    0
    0
    0
    0
   52
    4
    0
    0
    0
    0
    0
    0
    0
    3
    0
    0
   69
   11
    0
    0
    0
    0
    2
    0
    3
    0
    0
    0
    0
   10
    4
   68
   40
    6
    4
    0
    0
    0
    3
   29
   37
    0
    0
    0
    0
    0
    0
    0
    0
    1
    0
    2
    2
   48
    4
   65
    0
    9
   61
   10
   38
   73
   42
    4
   33
    0
    2
    6
  111
   21
    6
    0
    0
    1
    0
    0
    0
    0
    1
    0
    0
    2
  181
    2
    0
    0
    0
    3
   17
    8
   76
   11
    4
    5
    0
    0
    0
    5
    2
    3
    0
    0
    0
    3
    0
    1
   17
    0
    0
    4
   62
    3
    0
    0
    0
   21
    1
    3
   53
    5
    0
    0
   27
    0
    0
    0
    0
    0
   48
   53
    1
    2
    4
   39
    0
    2
    0
    0
    0
    0
    0
    0
    0
    0
    3
    4
   33
   12
   26
    0
   25
    0
    0
    0
    0
    0
    0
    0
    7
   36
    0
    0
    0
   32
   22
    0
   10
    0
    0
    0
    0
    3
   93
    0
    1
  193
  146
  132
    0
   34
   71
   12
   20
   19
    0
   48
    0
    0
    0
    0
    0
   13
   12
   34
    0
    0
    9
    0
    0
    0
    0
  146
    0
    2
    0
   72
   41
    0
    0
    0
   18
   11
   64
   19
   38
    0
   19
    0
   44
    0
   37
    0
  122
    0
   24
    0
    0
    0
   17
    1
    4
    0
    2
    1
  145
   36
   37
    0
    2
  414
   18
   26
   35
   50
   15
    0
    0
    0
   55
   47
    1
   72
    0
  189
   11
    5
   16
   73
    0
    0
    0
    0
    0
    0
    0
    0
    0
    0
    0
    0
    0
    0
    0
    0
   71
    2
   82
    0
    8
    4
    2
   67
    0
    3
    0
    0
   18
    0
    5
   19
   27
    0
   63
    6
    0
    0
    0
    0
    0
    0
    0
    0
    0
    0
  111
   69
    0
    0
    0
    0
    0
    0
    2
    0
    4
  103
  100
   38
   42
   44
    2
    9
   32
    1
    0
   22
    0
    0
    0
   83
    0
   24
    0
    0
    0
    0
    0
    0
   16
    0
   22
    0
    0
   67
    0
    0
    0
    0
    0
   99
    0
    0
    9
   79
   21
    0
    0
    0
   39
    1
   59
   34
   23
   89
    0
    0
   38
   24
    0
    1
   42
   22
  233
   56
    6
   19
    9
   46
    0
    0
   11
   22
    1
    0
    0
    0
    2
    0
    0
    0
    0
    0
    0
    0
    0
    0
    0
    0
    0
    0
    1
   86
   27
    0
    0
    0
    2
   12
   22
   31
  128
   39
    3
    0
    0
    4
   24
    0
    4
    0
    6
    3
    0
    6
    0
    0
    0
   29
    0
    0
    0
    0
    0
   19
    8
  201
    4
    1
   62
   69
   17
    0
   19
   22
    1
    9
  179
    0
   42
   13
    0
    0
    0
    0
    0
    0
   78
  117
   69
   66
    2
   41
   39
    8
    0
    0
    0
    1
   54
    0
    0
    2
   40
    7
    0
    0
    0
    0
    0
    4
   16
    2
    1
   19
    0
   42
   19
   14
    0
    0
    0
    2
   87
    2
    0
    0
    3
    4
    0
   88
    1
    0
    0
   34
    0
    0
    0
    0
    0
    0
   16
    0
   25
   28
    2
    0
    0
    0
    0
    0
    0
    0
   37
    0
    0
    0
    0
    0
    0
    0
   52
   16
    7
    0
    0
    0
    0
    0
   43
   91
   16
   33
   24
   19
   14
    0
    1
    0
    0
   76
   39
   35
    2
    1
    0
    0
    9
    0
   49
    0
    0
    0
    0
    0
    0
   44
    0
    0
    0
    0
    0
   31
  133
   88
    5
    0
   99
    0
    0
    0
   23
    0
   23
   13
    0
    0
    0
   76
    0
    0
   15
  112
    0
    0
    0
   10
  316
  146
    0
    0
    3
  124
    0
   16
   21
    0
   76
    0
    0
    0
    0
   20
    0
    0
   11
   28
   56
  102
   11
    1
   13
    4
    0
    0
    0
  444
   19
    0
    0
  266
   87
    0
  133
   39
   62
   28
    0
    1
    0
    6
    1
   72
   33
    0
    0
    0
    0
    0
    0
  278
   89
    0
   22
    0
    0
    0
    0
    0
    0
    0
    0
    4
    0
    0
    0
    0
    0
    0
   11
   14
   49
    0
    0
  131
   97
    0
    0
    0
    0
    0
    0
    0
    0
    0
   64
    0
   44
   36
    0
  130
    3
    0
    0
    0
    0
    0
    0
    0
    0
    0
    0
    0
    0
    0
    0
    0
    0
    0
    0
    5
    2
   36
   11
   14
    0
    0
    0
    0
    0
    0
    0
    0
    3
   32
   24
    0
    0
    0
    0
    0
    0
    0
    0
    0
   78
   42
   46
    3
   39
  134
    5
   37
    6
    0
    0
    0
    0
   16
    0
    0
    0
    0
   31
    1
    0
    0
    0
    3
   14
    0
    0
   41
    0
    2
  127
   77
   21
   12
   74
   23
   34
   29
   24
   18
   20
    1
   22
   38
    0
   24
    0
    0
    0
    0
    2
    0
    0
    0
    0
    0
    0
   30
    0
    0
    0
    0
    0
   27
   29
    0
   42
   62
    1
    0
    0
    0
    0
    0
    0
    0
    0
    0
    0
    0
    0
   14
    0
  129
   99
    0
  104
   51
    6
    0
    0
    0
   22
    3
    0
    0
    0
    2
    0
    3
    0
    0
    2
   26
   14
    3
   49
    0
   22
    0
    1
   29
    8
    8
  153
    5
   78
   36
    4
    0
    0
   15
    9
    0
    0
    0
   26
    0
    0
   18
   21
   77
    1
    0
    2
  111
   52
    1
   37
    0
    2
    0
    0
    0
    0
    0
   17
    0
    6
   19
   82
    3
   71
   16
    0
    0
    0
    0
   66
    0
    0
    0
    0
   82
   24
  115
    0
    0
    0
    0
    0
    0
    0
    0
    0
    1
    0
    0
    0
   14
  114
    0
   99
   25
   48
    7
   54
    0
   69
    0
    0
   18
  173
  132
    2
   84
   65
   66
    2
    0
   29
    0
    0
    2
    0
    0
    0
    0
    0
    0
    0
    0
    4
   47
    0
    0
    5
   20
    0
    0
    0
    0
   30
    0
   14
    0
    0
    0
    0
    0
    0
    0
    0
   36
   81
   39
    0
    0
    0
    0
    0
    0
    0
    0
    0
    0
    0
    0
    0
   22
    1
    0
    0
    0
    0
   10
  159
   27
   24
   11
   10
    0
  130
  143
  128
    0
    2
    0
  113
   14
   12
   58
   53
    4
   16
    0
   11
    0
    0
    5
   21
    0
    0
    0
   25
   31
   64
   69
   18
    0
    0
    0
   34
    0
    0
    0
    2
    0
    0
    0
    0
    0
    0
    0
    0
    0
    0
  150
   29
    0
    0
    0
    0
    0
   27
    0
   78
    0
    0
   54
    1
   55
  336
   57
   28
    4
   31
    0
    0
    0
    0
    0
    0
    0
    0
    0
    0
    0
    2
    0
    3
    0
   24
    0
    0
    0
   15
   77
    8
    0
   16
   12
    9
   30
   58
   32
    0
    0
   39
   14
    0
   52
   14
   54
    3
    0
    0
    0
    0
    9
    0
   65
    0
   26
    0
    0
    0
    0
    0
    0
    0
    0
    0
    2
    1
    1
    5
    0
    0
   26
    0
   69
   36
    4
    0
    0
   37
    4
    0
    0
   35
    0
    0
    0
    2
    0
    0
    0
   61
    0
    0
   21
