Station: Wetterzeube , scaling_factor: 10.0, latitude:  51.0085, longitude:  12.0060, altitude:  208, nodata_value: -9
start: ..1969-01-01  end: ..2006-11-30
  131
   65
    4
    9
    0
    0
    0
    0
    8
    0
    0
    0
    1
    0
    5
    0
    0
    4
    0
    0
   14
   32
   22
   29
   89
    0
    5
    0
    0
    0
   24
    0
   24
    5
   11
    0
    0
   15
    0
    7
   13
    0
   12
   10
    8
  227
   18
    0
    0
    2
   21
    0
    0
    0
    5
   51
    0
    0
    0
    0
    0
    0
    0
    0
    0
    0
    0
    0
    0
   38
   74
   80
    8
  123
    6
    0
    0
    0
    0
    0
   10
    9
    0
   34
    6
    9
   26
    0
   10
   44
   28
    0
    0
    0
    0
    0
    0
    0
    0
    0
   82
   76
    0
    0
   43
   65
   27
   18
    2
    0
    1
   28
   87
   14
    0
    4
   72
   15
   52
    8
    5
    0
  170
   74
    0
   25
   50
    0
   49
   25
    0
    0
    0
    0
    0
   15
    0
    0
    6
    8
    4
    0
    0
    0
    4
   78
    0
    2
   12
   59
    9
   25
   19
   45
    1
  142
   62
    0
    0
    0
    0
    0
    0
    0
   18
    0
    0
    0
   50
  224
    6
    0
    0
    0
  190
   14
   20
   24
    6
   50
    0
    0
    0
    0
    0
    1
    0
    0
   10
    0
   17
   82
   16
    3
    0
    0
    0
    0
    0
    0
    0
    0
    0
    0
    0
    0
    0
    0
    0
    0
    4
    0
    0
    0
    0
    0
    0
    0
    0
    0
    0
    0
    0
   20
  169
   48
    2
   18
    8
    0
    0
  100
    3
    0
   19
    0
    1
    0
   14
   74
   56
   83
    0
    0
    0
    0
    0
    0
    0
    0
    0
    1
    0
    0
    0
    0
    0
    5
   91
   46
    0
    0
    0
   16
    8
    0
    0
    0
    0
   46
    0
    0
    0
    7
   36
   13
    0
    0
    0
    0
    0
    0
    0
    0
    0
    0
    0
    0
    0
    0
    0
    0
    0
    0
    0
   42
    9
    8
    0
    0
    0
    3
    5
    6
    0
    0
    0
   21
    0
    0
    2
   18
   14
   18
    0
    0
    0
    0
   31
    0
    0
    5
   17
    4
    0
    0
    0
   69
   39
   90
    4
    0
    1
    1
    0
    3
   68
    0
    0
    2
    0
    5
    0
    0
    3
    0
    0
    0
   38
   22
   19
   75
    7
    1
    0
    0
    5
    0
    0
    0
    0
    2
   38
   14
   10
    4
   13
   11
   42
  100
    0
    2
    0
    2
    0
    0
    0
    0
    0
    0
   40
    0
    0
    0
    0
    0
    0
    2
    1
    0
   25
   58
   16
    0
    0
    5
    0
   98
   18
    0
    5
   19
    1
    9
   22
   18
   16
    3
   15
    0
    1
    1
    3
   33
    5
   25
   47
  141
   92
   41
    6
   31
   63
   15
   31
   55
    0
   64
  224
    8
    0
    0
    0
    0
    0
    0
    0
    0
    4
    4
   18
   28
    1
   17
    0
    0
    0
    0
   15
    0
    6
   59
    1
    1
   44
    1
    2
   18
   10
    0
    0
    6
    8
  168
    1
   35
    2
  171
    0
    1
   71
    1
    0
   95
   35
    2
    0
   21
   27
   16
   14
    1
    0
   30
   24
   90
    0
   13
    0
    0
    0
    0
    0
    0
   44
   44
  129
   17
    0
   13
   14
    0
    0
   40
   15
   22
    6
   21
    0
    1
   34
  151
    1
   16
   21
   24
    5
    0
    0
   30
   11
    0
    0
    0
   67
    0
    2
    0
    0
    0
    0
  236
    0
    0
    0
    0
    0
    2
   22
   12
    0
    0
    0
  181
   39
    0
   18
   88
   28
    1
    0
    0
    0
    1
   62
    0
    0
    0
    0
   18
    1
   40
    8
    0
    1
   16
    1
    0
    0
   24
   10
   13
    8
    0
   74
    0
  665
   89
  101
   20
    0
    1
    0
    5
   67
    0
    7
    0
    0
    0
  177
    0
   75
    2
    0
    0
  452
  316
   49
   18
  103
   21
    0
    0
    0
    0
    0
    0
   15
    0
   21
    0
    0
    0
    0
   12
    0
   47
   86
    5
    6
    0
    3
   20
    0
    0
    0
    0
   15
    0
    0
    0
    2
    5
    0
    0
    0
   38
   92
   80
  107
   19
    0
    0
    0
    0
    1
    0
    1
    0
    5
   10
    0
    0
    0
    0
   26
   25
   45
   42
   18
   98
   16
   28
    1
   83
    4
    0
    2
    1
  101
    2
    0
   30
   49
    0
    0
   24
   15
    5
    1
    0
   37
    0
    0
    5
   19
    0
    0
  101
   49
    0
    0
    0
    0
    2
    0
   10
    3
   28
    0
   64
   38
    0
    0
    4
    0
    1
    2
    0
    0
    0
    6
    1
    0
    0
    0
    0
    7
   21
    4
   11
    2
   12
    1
    0
   34
    0
  146
    2
    1
    0
    1
    0
    0
    0
    0
    0
    0
    0
    0
    0
    0
    0
   13
    5
    0
    0
    3
    0
    0
    0
   20
    0
    0
   16
   11
    5
    0
    0
    0
   12
    1
    6
    6
    3
    2
    8
   13
    0
    0
    0
    0
   27
    0
    0
    0
    0
    1
   51
    0
   15
   33
   10
   13
   59
   45
   10
   45
   12
    2
    6
   42
    8
    2
    0
    0
    5
   24
    1
    0
    0
    0
    0
    2
    0
    0
    0
    0
    1
   31
    0
    3
   20
    0
    4
    0
    0
    1
    0
    0
    0
   35
    0
    0
    0
    0
    0
    0
    0
    0
    0
    0
    0
    0
   43
   47
    0
    0
   72
    0
    0
   24
  112
   50
   47
   23
    1
    0
    0
    0
    0
    0
    0
    0
    0
    0
    0
   24
    4
    0
    0
    0
   55
    0
    0
    0
   44
    0
   59
    0
    0
   40
   28
    0
   92
   11
    0
    0
    0
    0
   20
    0
    0
   13
    0
  219
  218
   88
   64
   75
    0
   72
   17
    3
    4
   55
   32
   38
   90
   45
    0
   13
    0
    0
    0
   16
   18
   29
   65
   16
    0
    6
    0
    0
    0
    0
    0
    0
    0
    0
    0
    0
    0
    5
    0
    0
    0
    0
    0
    0
    0
    0
    0
  182
    0
    0
    0
   64
    0
    0
    0
    0
    0
   10
    0
    0
   32
    0
    0
    0
    0
    0
    0
    0
   65
    0
    0
    0
    0
    0
    0
   70
   87
   42
    0
   12
   10
   12
    0
    0
    3
   30
    0
    0
    0
    0
    0
    0
    0
    0
  132
  129
    0
    4
    0
   11
    0
    2
    0
   55
    0
    0
    0
    0
   28
    0
    0
    0
    0
   10
   19
    0
    0
    0
    0
    0
    0
    0
    0
    0
    0
    0
    0
    0
  110
  161
    0
    0
    0
    0
    0
   23
   18
    0
    0
    0
    0
    0
    0
    0
    0
    0
    0
    1
    0
    0
    0
    0
    0
    0
    2
    0
  109
    0
    2
    0
    1
    9
   22
   33
  308
   12
    0
   17
    0
   22
   21
    2
    1
    0
    0
    0
    0
    0
    3
    0
    7
    2
    6
   15
   31
   38
   15
    0
   31
    5
    0
    0
    0
    0
    0
   32
   78
    0
   33
   15
    0
    0
    0
    0
   16
    0
   26
    0
    0
    0
    2
    0
    0
    0
    2
    1
   24
    0
    0
    0
    0
    0
    0
    0
    0
    0
    0
    0
    9
    0
    0
    0
    1
    5
   15
    1
    2
    1
    0
    0
    0
    0
    0
    0
    0
    0
    0
    0
   22
    3
    0
    0
    0
    0
    0
    0
    0
    0
    3
    0
    0
    0
    0
   10
    3
    0
    0
    0
    3
    0
    0
    0
    0
    0
   80
    0
    0
  262
    0
    0
    0
    0
    0
    0
    0
    0
    0
    0
    0
    0
    0
    0
    0
    0
  124
    3
   25
    0
   54
   53
   79
   20
   41
   32
   31
   12
    3
    0
    2
   25
   10
    0
    0
   38
    2
    1
   43
   43
    0
    7
   15
    0
    0
    0
   23
    0
    0
    0
    0
    0
    0
   33
    0
    0
    0
    6
    1
  203
   95
  111
   59
   10
    0
   21
  151
    0
   48
    6
    0
   57
    0
    0
    4
    7
   24
   29
   48
   38
    3
    0
   25
    7
    0
    0
    0
   38
   48
    0
    0
    9
   45
  190
    0
    0
   17
   19
    0
    0
   20
    0
    0
    9
   46
    0
    0
    0
    0
    0
    0
   56
    0
    0
   25
    0
    0
    0
    0
    0
   81
  126
    0
    0
    0
    0
    4
    0
    0
    0
    0
    0
    0
   50
    1
   10
    2
    0
    0
   33
  237
  123
   40
    0
    0
   34
    1
   10
    0
    0
    0
    6
    0
   94
    0
    4
    0
  214
   15
   44
  111
    1
    0
    4
    2
    0
    0
    0
    0
    0
    0
    0
    0
    0
   63
    1
    0
    0
    0
    0
    0
   10
    0
  183
    1
    0
    0
    0
    0
   28
   34
    4
    0
    0
    0
   22
   30
   92
    7
    6
   30
    2
    0
    0
    0
    0
    0
    0
    0
    0
    0
    0
    0
    0
    0
    0
    0
    0
    0
    0
    0
    0
   38
   38
    3
   61
   14
    0
    0
    3
    0
  141
    3
    1
    0
    0
    0
    0
    0
    0
    0
    0
   10
   13
   26
   35
   31
   12
    0
   24
    0
  133
    0
   13
    1
    0
    0
    0
   42
    0
    0
    0
    0
    0
    2
    0
    0
    0
    0
    0
    0
   10
    1
    0
    0
    0
    0
    0
    0
    0
    0
    0
    0
   15
    0
    0
    0
    0
    0
    0
    0
    0
    0
    0
    0
    0
    0
    0
    3
    1
   10
    0
    2
    2
    7
    0
    2
    0
    0
    0
   15
   42
    0
    0
    2
    2
   15
    0
    0
    0
    0
   29
   26
   22
    8
   30
   59
   11
    0
    0
    0
    0
    0
    1
    2
   11
   19
   18
    1
    0
    0
    0
    0
    2
   13
   19
   18
    1
   12
   19
   51
    2
   13
    0
    0
    0
   28
  107
    2
    0
    0
    0
   33
    0
    0
   10
   12
    2
    0
    0
    0
    2
   35
    7
    0
    0
    0
    0
    0
    0
    0
    3
    0
    0
    0
    0
   31
    7
   68
    0
    8
    0
    0
    0
   47
  196
   13
   22
    0
    0
    0
   13
   19
    0
   84
    5
    3
    0
    0
    0
    0
    0
    0
   34
    0
    0
   29
  125
   11
    0
   75
   10
    1
   41
   11
    7
    5
    0
    0
   53
    0
    0
    0
    0
    0
    0
  109
    0
    4
   66
   11
    0
    0
    0
   58
   13
    1
  110
    4
    0
    0
    0
    0
   50
    2
    0
    8
    0
    0
  240
    0
    5
    0
   75
   48
    0
    0
    0
    0
   31
   15
    0
    0
    0
   16
   55
    0
    0
    0
    0
    0
    0
    0
    6
    0
    0
    0
   31
   12
    0
    0
  107
   15
    0
   41
    0
   44
    0
   17
    7
    0
    0
  172
    5
   34
    0
    0
    0
    0
    0
    1
   10
    0
    4
   77
    1
    0
    0
    2
    0
    0
    0
    0
    0
    0
    0
    9
    0
    0
    0
    0
    0
    0
    0
    0
    0
    0
  135
   91
    0
    1
    0
    0
    0
    0
    0
    0
   57
   10
    0
    0
    0
    0
    0
   91
    0
    0
   28
    0
    1
    0
   30
   42
    0
    1
    0
    2
    1
    0
    0
    0
    0
    0
    0
    0
    0
    0
   14
    0
  134
    0
    0
   23
   10
   97
   19
    0
   52
  104
   80
   17
   48
    0
    0
    0
    0
    0
    0
    7
    0
    0
    0
    0
    0
   76
    0
    0
    0
    0
    0
    0
    6
   11
   60
   17
    0
    0
    0
    5
    0
    0
    0
    0
    0
    0
   53
    1
    0
   38
    0
    8
    0
    5
   19
    1
   11
   43
  110
    0
    0
    2
    0
   41
   15
   31
   11
    0
    0
    0
    1
    0
    0
    0
    0
   16
    1
    0
    0
    0
   13
    0
    2
    0
    0
    0
    0
   46
   24
    1
    0
    0
    3
    0
    0
    1
    0
    1
   46
  111
    0
    0
    0
   23
   11
    4
    0
    0
    0
    0
    0
    0
    2
    0
    0
    0
    0
    9
   91
    2
   20
    8
    0
    0
    0
    0
    0
    0
    0
    2
   12
   92
    0
   17
  128
   74
    0
    3
    0
    0
    0
    0
    0
    0
    0
   17
    0
    1
    1
    0
    1
    0
    0
    0
   20
    0
    2
   44
   38
    6
    0
    0
    0
    0
    0
    0
    0
    0
    0
    0
    0
    1
    0
    0
    0
    0
    0
    0
    0
    0
    0
    0
    0
    0
    0
    0
   99
   27
    6
    0
    0
    0
    6
    0
    2
   12
    0
    0
    0
    2
   15
    5
    0
    3
    0
  207
  134
   79
    8
    0
    0
    2
   75
    3
    1
   41
   14
    0
    1
    0
    0
   13
   95
  117
   11
   52
    0
    0
    0
    2
    0
   20
   55
    7
    0
   19
    0
    2
   27
    2
   37
    6
   11
   44
  132
  131
    2
   48
    2
    0
   32
    0
    8
    0
   13
   55
    0
    0
    1
   80
    5
    2
  127
   44
    0
   33
   10
    0
   50
    0
    1
   43
    7
   35
    0
    3
   30
    0
    0
   33
   35
    0
   90
    0
    0
    1
   66
   10
    3
    0
    0
    0
    0
    0
    0
    0
    0
    1
    0
    0
    0
    3
   67
   52
   30
    1
    0
    0
    0
    0
  129
   77
   31
   70
    1
    0
    0
    0
    0
   15
   83
    0
    0
    0
   55
    9
    0
   39
    0
    0
    1
    0
    0
  102
    0
    0
    0
    0
    0
    0
    0
    0
   54
    0
    0
    0
    1
    0
    0
    2
   31
    0
  152
   18
    0
   52
    0
   29
    1
    2
    0
   12
    0
   21
    1
    0
    0
    3
    0
   71
  145
    1
    0
   11
  102
  144
  395
   55
   13
   56
    8
   26
   10
   55
   15
   38
   51
   99
    8
    3
    0
    0
    0
    0
    7
    3
    0
    0
    0
    0
    0
    0
    0
    0
    0
    0
    0
   91
    0
   18
   24
    1
   78
   10
   34
    4
   13
    0
    1
   19
   67
   88
  145
   66
   22
   20
   31
   57
   13
    4
    7
   11
   69
    3
    0
    0
    0
    0
    0
    0
   17
   90
   28
   12
   92
   15
    7
    7
    1
    0
    0
    0
    0
   48
   85
    0
    0
    1
    0
    0
    0
    0
    0
    0
    1
    0
    0
    2
   23
   10
    0
   18
    0
   20
   24
    6
   31
   30
    9
   19
    0
    0
    0
    0
    0
    0
    0
    0
    4
    0
   15
   27
    0
    0
    0
   36
   87
    0
    0
    0
    0
    0
    0
    0
    0
    0
    0
    0
    0
    0
    0
    0
    0
    0
    0
    0
    3
  100
   10
   28
   11
   21
    0
   15
   75
   65
    0
    0
    0
   61
   17
   40
    5
    0
    0
    0
    0
    0
   15
   18
   26
   80
   51
    0
    2
    0
    1
   13
   19
   31
   75
  125
   21
    1
    0
    0
    1
    0
    0
    0
    0
    0
    0
    0
    0
    0
    0
    0
    0
   89
    0
    0
    0
    0
  248
   92
    0
   49
    6
    0
    0
    0
    0
   26
   65
    0
    0
    0
    0
    0
    0
    4
    0
    0
    0
    0
   22
    0
    0
    1
    9
    0
    0
    0
    0
    0
   53
   76
    0
    0
    0
    0
   97
    5
    2
  285
    2
   78
   87
    4
    0
   25
    0
    0
    0
    0
    1
    1
   12
    0
    0
    0
    0
    0
    0
    0
   20
    0
   28
    0
    0
   36
    0
    0
    0
   94
   13
    2
    0
    0
    0
    1
   20
    0
    0
    0
    0
    0
    0
    0
    0
    0
    0
    0
    0
    0
    0
    0
    0
    0
    2
    0
    0
   13
    0
    4
   60
    0
    8
    0
  338
    2
   64
   50
    0
    0
    0
    0
    0
    0
    0
    0
    0
    2
    0
    0
    0
    0
    0
    0
   65
   21
   17
    8
    0
    0
    0
    0
    0
    0
    6
    0
    0
    0
    0
    2
    0
   26
    0
    0
    1
    2
    8
    0
   50
    0
    4
    1
   14
    1
    0
    1
  104
    0
    0
    0
   21
   22
   80
   16
   14
   20
    0
    0
    0
    0
    0
    0
    0
    0
    0
    0
    0
    0
    0
    0
    0
    0
    0
    0
    0
    0
    1
    3
   10
    0
    0
    0
    9
   70
   34
   67
    0
    0
    0
    0
    0
    0
    4
   29
    5
    0
    0
    2
   17
   15
    2
    2
    0
    0
    5
    0
    0
   49
    0
    0
    0
    1
    0
    0
    2
    0
    0
    0
   12
    8
    0
    0
    0
    0
    0
   35
   62
   56
   18
    2
   38
   74
    0
    0
    1
   40
   22
    8
  150
   52
   42
    2
    5
    1
   40
   52
   74
   26
   35
   75
   18
    0
    0
    0
    0
    0
    0
    0
    0
    0
    0
    0
    0
    0
    0
    0
   12
    0
    0
   31
    7
    2
    0
    0
    0
    0
    0
    0
    0
    0
    3
    0
    0
    0
    0
    1
    0
    0
    0
    0
    0
    9
    1
    0
    0
    0
    0
    0
    1
    0
    0
   10
   18
   25
   32
    1
    1
    0
    0
    0
   32
   45
    1
    0
    0
   18
    0
    0
    0
    0
   49
   17
    4
    5
    8
    0
    0
    0
    0
    0
    2
    2
   12
    0
    0
    0
    0
    0
    0
   31
   98
   44
    0
    4
    8
    0
    3
    0
    0
   31
    0
    0
    0
    0
    0
    0
    0
   29
    0
    0
    0
    0
    0
    0
    0
   13
   47
   34
    0
    0
  213
    0
    0
   18
   23
   35
   23
   68
  249
   77
    1
  128
    0
    0
    0
    0
    0
    0
    0
    0
    0
    0
   26
    5
    0
    0
    2
    1
    0
    0
    0
    0
    0
    0
    0
    0
    0
    0
    0
    0
    0
    0
    0
    0
    0
    1
    0
    0
    0
    0
  145
    0
    0
    0
   36
    0
    0
  243
   38
    0
    0
    0
   26
    0
    0
    0
    0
    0
  138
    7
   19
   52
    1
    0
    0
    0
    0
    0
    0
    0
    0
   90
    1
    0
    0
    0
  127
    1
    0
    0
    0
    0
    0
    0
    0
   18
    0
    0
    9
    0
    0
   43
    0
   16
    0
    0
    0
    0
  100
    0
    0
    0
    0
   43
    0
    0
    4
    0
    0
    0
   10
    0
    0
    4
    0
    0
   20
   27
    4
    0
    0
   10
   32
   37
    1
    0
    0
    0
    0
    0
    0
    0
   68
    0
    0
   49
   49
    0
    0
    0
    0
    0
    0
    0
    0
    0
    1
    1
    0
   21
    1
    0
    0
   40
    0
    0
    0
  108
    0
    0
    1
    8
    0
    1
   59
   29
    0
    0
    0
    1
    0
    0
   17
    0
   61
   15
    1
    0
    0
    1
   15
   17
    3
    0
    2
    0
    0
    8
    3
    2
    0
   37
   30
   26
   17
   10
    0
    0
    0
    0
    2
    0
    0
    0
    4
    1
    0
    0
    6
    0
    0
    0
   39
    1
    0
    0
    0
    1
    1
   38
    4
    0
   70
  173
    0
    0
    0
    1
    7
    0
    9
    0
    0
    0
    0
    0
   42
    0
    0
    0
   44
    0
    0
    0
    0
    5
    7
   25
    9
   35
    3
    1
   28
    1
    0
    3
    0
    0
    0
    1
    6
   61
   76
    2
    0
    0
    0
    2
   31
    2
    0
    0
   13
    3
   23
    0
    0
    6
    5
    0
    0
    0
  431
   79
    9
   17
    0
    0
   78
   48
    0
    1
    1
    0
    0
    0
   45
  116
   60
    0
    0
    0
    3
    0
   12
    0
    1
   21
    0
    0
    3
    2
    4
    7
   95
   16
   71
    0
    0
    0
    0
    0
    3
    1
   53
    1
    0
   12
    1
    1
  146
  125
   63
    0
    1
    0
   83
    0
   12
   34
    0
    0
    0
   12
    1
    0
    0
   30
    0
    0
   73
   58
    5
    0
    0
    0
    0
    0
    0
    0
    0
    3
    0
    0
    0
   31
   17
   30
    3
   25
   33
    0
   22
    0
    0
    0
   24
   21
   11
    1
  240
  382
    1
    8
   10
    0
    0
   48
   32
    0
    0
    1
    2
    0
    0
    0
    0
    0
   13
   11
   31
   10
   24
    0
    0
   21
    0
   12
    0
    5
   31
    0
    0
    0
    0
    0
  156
   88
    1
    0
    0
    0
    0
    0
   53
    0
    0
   65
    0
    0
   46
    5
  106
   38
  177
   39
   19
   34
    0
    0
   14
   31
  132
    0
  144
  103
    0
    0
    0
  110
    0
    0
    0
    0
   39
    0
    0
  165
    0
    0
    0
    2
   83
   16
   52
    0
    1
    0
    0
   19
    1
    1
    0
    0
    0
   64
   79
   45
    0
    0
    0
    0
    0
    0
    0
   48
    0
    4
    1
   48
    0
    0
    0
    0
  124
    0
    0
    0
    0
    0
    0
    0
    0
    0
    0
    0
    0
    0
  173
    0
    0
    0
  127
   19
    0
   64
   23
   76
  167
   26
    0
    0
    0
   21
  172
    0
    0
  108
    0
   28
    1
    0
    6
   16
    0
    0
    0
    8
    0
    3
   45
    1
   26
    0
    0
   35
    6
   13
    7
    0
    0
    1
    0
    0
    1
    6
   32
  102
    1
    9
    1
    0
    0
    0
    0
    0
    0
    0
    6
    7
    0
    1
   23
    1
    9
   39
    7
    0
    0
   23
   43
    0
   10
    0
    0
    2
    0
    0
    0
    0
    0
    0
    0
   69
    1
    0
    0
    0
    0
    0
    9
    1
    2
    0
    0
   14
    1
    0
   14
   21
   15
    1
    0
    0
    4
    9
    4
    0
   14
    0
    0
   16
    6
    9
    0
    0
    0
    0
    0
    0
    0
   11
    0
   10
    0
    0
    0
    2
    0
   47
   18
    0
    0
   25
    0
    3
    0
    2
   23
    0
    8
   10
   16
    9
   69
   28
   24
    0
   12
    2
   17
    2
   12
    0
    7
    0
    0
   12
    5
   15
   14
    5
    0
    0
    0
    0
    0
   55
    0
    0
    0
    8
    0
    0
    0
    0
    0
   90
    0
    0
    1
    0
   14
    0
    0
   11
    0
   27
  124
    0
    0
    0
    2
  129
  124
    6
    4
    0
   52
   20
    0
    3
   88
  164
    0
  121
   98
    0
  327
    0
    0
    0
    0
    0
    1
    0
    0
    0
    0
    1
    0
    0
  115
    0
    2
    1
    0
    0
    0
   10
   42
   11
    0
   23
    0
    0
    0
    6
    4
    0
    0
    0
   53
   32
    3
    0
    0
   55
    0
   11
    5
    0
    1
    0
   21
   60
   59
   21
    0
   14
    0
    0
    0
    0
    0
   35
    7
   32
   25
    0
    0
    0
    0
    5
    0
   99
    0
    0
    0
   73
    0
    0
    0
    0
    0
  401
  198
    0
    0
    0
    5
    5
    0
    2
   23
   22
    0
    0
    0
    0
    0
    0
    0
    0
    1
   25
    2
   51
  123
   41
   37
   50
    7
    0
    0
   19
   14
    2
   35
    4
  102
    0
    8
    1
    0
    0
    0
    0
   38
   54
    3
  147
    6
    0
   29
   85
    2
   43
   61
    6
    0
    3
   93
  248
   25
    0
    0
    0
    0
    0
    0
    0
    0
    0
    0
   16
   27
    0
    0
    2
   18
   27
    0
    0
   39
   10
    4
    2
    0
    0
    0
    0
    0
    0
    0
    0
    0
    0
    0
    0
    0
    0
    0
    0
    0
    0
    0
    0
    0
    0
    0
    0
    0
    0
    0
   49
    1
    4
    8
   44
   94
   59
    0
    0
    0
    0
    0
    0
   53
   12
    0
    0
    9
    6
   45
   34
   13
    0
    0
    0
   10
    0
    0
    1
   10
    0
    1
    8
   35
   97
  170
   64
    7
    2
    3
    3
    0
    0
    0
   42
   13
    0
    3
   26
    2
   18
   36
   92
    0
    0
    0
    0
    1
    0
   40
    7
    0
    0
   36
    9
    0
    6
   11
   22
   38
    0
    7
    0
    0
   19
    3
    0
    0
   17
   19
   43
   21
    0
   60
   45
    5
    0
    0
    0
    0
    4
    2
    0
    0
    0
    2
    1
    0
    1
   81
    0
    0
    0
    0
   29
    2
  108
   29
   52
   69
    0
   52
    0
   42
   23
   48
    8
    1
    1
    0
   28
   42
    0
    5
   46
  221
   42
    0
    1
    0
   19
    1
   12
  100
    0
    0
    0
    0
    0
    0
    0
    0
  135
   18
    0
    0
    1
    3
   22
   13
    0
   13
    0
    0
    0
    6
   27
    3
    0
    0
   13
   34
   30
    0
    0
    0
    0
   52
    0
    0
    0
    0
    0
   14
   80
    5
    0
    0
    0
    0
   25
   14
    0
  152
    0
    0
    0
    0
    0
    0
    0
    0
   53
  132
  110
    3
    0
    0
    0
  132
    0
    1
    2
   56
    0
    0
    0
    0
    0
   14
    0
    1
    0
    0
  126
   77
    0
    0
    0
    0
    0
    0
    0
    0
  121
   23
   74
    0
    0
    0
   40
   22
    0
    3
    9
    0
    7
    0
    1
    0
    0
   12
   85
   97
   85
    0
  125
    0
    6
   36
   13
    0
   64
    0
    0
    0
   19
   97
    6
    0
    0
    0
    0
    0
    0
   61
    0
    0
    0
   10
    5
   45
    1
   19
    8
    0
    0
    0
    0
    0
    0
   19
   66
    4
    0
    0
    0
    6
   58
    0
    0
    0
    0
    0
    1
    0
    0
    0
    0
  105
   60
  190
   50
    0
    0
    0
    9
    0
    0
    0
    0
    0
    0
    0
    1
    0
    0
    0
    0
    0
    0
    0
    0
    0
    0
    8
    6
   26
    0
    0
    0
    0
    0
    0
    0
    0
    0
    0
   16
    1
   75
    9
    7
    0
   34
   77
   18
   62
  233
    1
    0
    0
   26
   23
    8
   91
    3
    0
   43
    1
    4
    7
    0
    0
    3
    0
    3
    0
    0
    0
    1
    7
    0
    0
    0
    0
    1
   26
    3
   20
  108
   89
    4
   54
   35
   27
    5
   26
    0
    0
   22
    1
    1
    0
    0
    0
    0
    0
    0
   36
   21
    5
   12
   21
    5
   21
   22
    4
    4
    0
    0
    2
    2
    2
    0
    0
    0
    8
    0
    0
    0
    0
    0
    0
    5
    0
   27
   14
    3
    0
    0
   19
   37
   52
   23
   52
   22
   61
   34
    2
    1
    0
    6
    5
    2
    0
    0
    2
    9
    4
    0
    0
    0
    0
    0
    0
    0
    0
    0
    2
    5
   19
    0
   14
    4
    3
    0
    0
    6
   21
   50
    5
    0
    0
    0
    0
    0
    0
    0
    0
  122
    0
    0
    0
    0
    0
    0
    0
    5
    4
    9
    1
    0
   71
   48
  225
   25
   16
    0
   14
   36
   18
   36
    0
    0
    0
    0
    0
    0
    0
    0
   24
    2
   15
    0
  265
  565
    0
  126
   78
   15
   17
    0
    0
    3
    0
    0
    0
    0
    5
  223
    0
    0
    0
    0
    0
    0
    0
    0
    0
    0
    0
    0
    0
    0
    0
    0
    0
    0
   24
  278
   28
   38
    0
    0
    0
    3
    0
   30
    0
   26
    0
    0
    0
  467
    0
    0
  113
   27
   11
   51
   56
    4
    6
   16
   29
    8
    6
    6
   32
   93
   17
   35
   22
    7
   37
   42
    0
   13
    0
   20
   31
    7
   52
  146
    1
   32
    4
   75
    1
    0
    0
   11
    0
  265
    0
    0
    0
    0
    0
    0
    0
    0
   92
    0
    0
    0
    0
    0
   27
    0
    0
    0
    0
    0
   37
   40
    0
    0
    0
    0
    0
    0
   90
    4
    1
   23
    4
    1
    0
    0
    0
    0
   33
    3
  128
   13
    0
    0
    0
   80
    1
    0
    0
    4
   37
    6
   24
   30
    0
    7
    0
   13
    0
    0
    0
    0
    0
    3
    0
  109
    0
    0
    0
    0
    4
   11
    0
    0
    0
    0
    0
   93
    0
    0
    0
    0
  122
  263
   12
    0
    0
    1
   13
   22
    0
    0
    0
   11
   21
    0
    0
    1
    0
   31
    0
    1
    0
    0
    1
    2
    0
  194
   37
    0
    0
    0
    0
    0
    0
    9
   31
   14
    0
    0
   10
    1
    0
    0
    0
    0
   46
    0
    0
   30
   63
    9
    0
   29
   21
   33
   33
   35
    2
    0
    0
    0
    0
    0
   59
    8
   33
    0
    0
    6
    0
    0
    4
   42
   26
    0
   10
    5
    2
    0
    0
    0
   17
   22
   35
   61
   63
   19
    9
   21
    0
    3
   32
    0
    0
    7
   31
   10
   14
    0
   19
   43
   52
    0
    0
    0
    0
    9
   22
    0
    0
    0
    0
    0
    0
    0
   17
   11
   11
   29
    0
    1
    0
    2
    0
    4
    6
    0
    0
    5
   11
    8
    6
    4
    0
    0
   44
    9
    0
    0
    0
    0
    8
    0
   22
    9
    0
    1
   12
    0
  255
  100
   16
   59
   11
   12
    9
   11
    2
    9
    0
    0
    0
    0
   63
    2
    3
   72
    0
    0
    0
    0
    0
    0
    0
    0
    0
   54
    2
    0
    1
    0
    0
    0
    0
    0
    0
    0
    0
    0
    3
    0
    0
    0
   26
    2
    0
    0
    0
  484
    9
   33
  105
    6
    0
    1
    0
   14
    0
    0
    0
    0
    0
    0
    0
    0
   15
   34
   29
   75
    0
    0
    0
    0
   68
    0
   18
    1
  103
   37
    9
    6
    2
    0
    0
    0
   54
    0
    0
    0
    2
    5
    0
    0
    0
    6
    0
    5
    2
    0
   24
   68
    7
   50
   40
    0
    0
    3
    0
    0
    0
    2
   32
   12
    0
    5
  109
    0
    0
    0
    0
    0
    0
    0
    1
    9
    0
   56
    0
    0
    2
  108
    2
    1
   15
    0
    5
   28
   42
   37
   20
   41
    0
    0
    0
    0
   88
    0
    0
    0
    0
   87
    0
  266
  213
    2
    0
    0
    0
    0
    0
    0
    0
    8
   74
    0
   33
   52
    0
    0
    0
  224
    0
    0
    0
    0
    0
    0
    0
    0
    0
    0
    0
    0
    0
    0
    0
    0
    0
    0
    0
   80
    0
    0
    2
    0
    0
   25
   25
    0
    0
    0
    0
  194
  109
    0
    0
    3
    4
    1
   13
    0
   13
    0
   58
   44
   52
   23
    1
    1
  160
    0
   14
   24
    1
    4
   23
    4
   66
    0
    0
    0
  267
    1
    8
    8
    1
    9
    0
    0
    2
   17
   21
    2
   11
   38
    0
   49
    8
    0
   51
    0
    0
   13
   14
   35
    0
   83
    0
   16
    1
    0
  122
   78
    0
    8
  102
   37
    5
  193
   58
    7
    8
   21
  144
   11
    0
   87
    1
    0
   28
   26
    1
    0
   80
   15
    0
    0
    0
    0
   37
    5
    7
    0
    0
    2
   27
    0
    0
    0
    0
   20
   29
    9
    0
    0
   26
    0
    0
    0
    0
    0
    0
    0
    0
    0
    0
    0
    6
   11
    0
   10
    0
    1
    2
   34
   96
   57
    0
    0
    0
    0
    0
    0
    0
    0
   20
    0
    0
    0
    0
    0
    0
    0
    0
    0
    0
    0
    0
    0
    3
    0
    0
    0
    0
    0
    7
    8
    0
   30
    2
    0
    0
    0
    0
    0
   10
   26
   11
    0
    0
    0
    0
   30
    0
    9
    0
    0
    0
    0
    0
    0
    0
    0
   14
    0
    0
    0
    0
    3
    1
    0
    0
    0
   20
   98
   10
   24
   26
    8
    0
    0
    0
    8
    0
    0
    0
    0
    0
    0
    0
    0
    0
    5
    0
   12
   67
    4
   18
    0
    0
    1
   75
   66
   26
    0
   20
  243
   85
    0
    0
    0
    0
    0
    0
    0
    0
    0
    0
    2
   39
    0
    0
    0
    0
   39
    0
    0
    0
    0
    0
    0
    0
    0
    7
    0
   19
    0
    0
   41
    6
    4
   27
    0
   77
    0
   39
    0
    4
   16
    0
   16
  112
    9
   25
    7
   14
    4
   20
    0
    0
  146
   46
    0
   48
    0
    0
    0
    0
    0
    0
    0
    0
   90
   32
    5
    0
    0
    0
    0
    0
   16
    0
  140
   44
   14
    0
    0
    0
    0
    0
    0
    0
    4
    7
   16
    2
    0
    0
    0
    0
    0
    0
    0
    0
    0
    6
    2
   18
    2
    0
    0
    0
    7
    1
    3
    8
    0
    0
    0
    0
    0
    1
    0
    0
   14
    1
    0
    0
    0
    0
    0
    0
    0
    0
    0
    0
    0
    0
   13
    0
   17
   16
    0
    0
    0
    3
    0
    0
    0
    0
    0
    0
    0
    0
    1
   78
    1
    0
    0
    0
    7
   34
   85
    1
    0
    0
   24
    0
    7
    0
    0
    0
    0
   22
    0
    0
    0
    1
    0
    0
    0
    0
    0
    0
    0
    0
    0
    0
    1
    0
    0
    0
    0
    0
    0
    0
   27
   37
   18
   14
    0
    0
   21
    0
    5
    0
    0
   11
    3
    2
    0
    0
    0
    0
    0
    2
   63
   17
    2
    0
  108
   31
   12
    0
    0
   17
    3
    0
   10
    0
   37
    0
    0
   22
   22
    0
    0
   39
    9
    0
    0
    0
    4
    0
    8
   32
    2
    0
   11
    2
    8
    1
    0
    0
    0
   11
   94
    8
    1
   16
    1
   16
    0
    0
    0
    0
   11
    0
   13
    6
    0
   37
   16
   33
   15
   31
    0
    6
    0
    0
    0
   28
   73
   21
   50
    2
    0
    0
    5
    0
    0
    1
    0
    0
    0
    0
    0
    0
    8
   10
    5
    0
    0
    0
    0
    0
    0
    0
    0
    0
    0
    6
    0
    0
    0
   11
    0
   27
   38
   67
    0
   32
    3
    7
   20
    0
   40
    0
   10
    0
    3
    0
  181
  135
    0
    4
   16
   17
    2
  169
    0
   13
   97
   93
   12
   49
   28
    0
    0
    0
  176
    0
    0
    0
    0
    0
    0
    0
    0
    0
   26
    1
   71
    0
    2
    2
    0
    0
   13
   30
    0
   21
    2
    1
   18
   47
    0
   80
    0
    0
    0
    0
    0
    6
   59
  102
   54
    0
   29
    0
    0
    0
    0
    0
    0
    0
    0
   32
    0
    0
    0
  270
    0
    0
    0
  157
   32
   34
   36
    0
    0
    0
    0
    0
    0
    0
    0
  210
    8
   57
    0
    0
    0
   60
    0
    0
    0
    0
  154
   48
    0
    0
    0
    0
    0
    0
    0
    0
   43
    0
   26
   18
   24
    0
    0
    0
   90
    0
    0
    0
    0
    0
    0
    0
   21
    8
   30
  269
  451
   82
   13
    0
    0
   89
    0
    1
    0
    0
    0
    0
    0
    0
    0
    0
    0
    0
    0
    0
    0
    0
    0
    0
    0
    0
    0
   47
    0
    0
    0
    0
    0
    0
    0
    7
   21
    0
    0
    7
   40
   38
    0
    0
    0
   84
   37
   10
    1
    0
    4
    0
    0
    0
    0
    0
    0
    0
    4
    1
    0
    0
    0
    0
   24
    2
   15
    0
    0
    0
    0
    0
    0
    0
    0
    2
    0
    0
    0
    0
    0
    0
    0
    0
    0
    0
    0
    0
    0
    0
    0
    0
    0
    0
    0
    0
    0
    0
    9
    0
    0
    0
   60
    0
    0
    8
    1
    0
    9
    0
    0
    7
   12
   69
   21
   76
   11
    7
    0
    0
    0
    0
    0
   31
    0
    2
    7
    8
   14
    0
    0
    0
    0
    0
    3
    0
    1
    0
    0
   25
   15
   14
   53
   24
    0
    0
    0
    0
    0
    0
    0
   13
    3
    4
    0
   16
    9
   32
    0
   12
    0
   64
   89
   12
    8
   14
    0
    0
    5
    0
   27
   85
    0
    0
    0
    0
    3
    4
   10
    2
    0
    0
   76
    0
   13
  217
   34
   41
   44
   55
    7
    0
    0
    0
    0
    0
    0
    0
    0
    0
    0
   21
    0
   68
   44
    0
    0
    0
    0
    0
    0
    0
    0
    1
    2
    1
   51
    0
    0
    0
    0
    0
    0
    0
    0
    0
    0
    0
    0
    0
    0
    0
    0
    7
    6
    1
    0
   23
    0
   17
  145
  190
   24
   69
    0
    0
    0
    3
    0
   59
    0
    0
    0
    0
    0
   36
    0
    0
    0
    0
    0
    0
    0
    0
    0
    0
    0
    2
    0
  153
    1
    0
    0
    0
   14
   11
    0
   37
    0
    2
    6
   84
   48
   54
    0
   42
   47
    0
    0
    1
   54
    0
   41
   38
    5
    0
   44
   78
    9
    0
   25
    0
    0
    0
  156
  108
  107
    0
   47
    0
    0
    0
    0
    0
    1
    0
    0
    0
    0
    0
   12
   46
   21
   80
    0
   42
    8
    0
    6
    0
    7
    0
  121
   37
    2
    1
    0
    0
    0
    0
    0
    4
    1
    1
   25
  165
   59
   34
   60
   21
    0
    0
    0
    0
    0
    0
    0
   18
   96
   32
    0
    0
  165
    1
    0
  144
   16
    0
    0
   40
   46
   37
   82
    1
    0
    4
   12
   22
    0
    0
    0
    0
    0
    0
    0
    0
    7
    0
    0
    0
    0
    0
    0
    0
    0
    0
   51
   25
   98
    0
   48
   73
    5
   58
   16
    0
    0
   17
    1
    0
    0
    3
    5
   62
   17
    4
    1
    5
   70
    1
    0
    0
   24
    0
   17
    0
    2
    1
    0
  108
    5
   45
    9
    0
    1
    0
    2
    0
    0
    0
    1
    0
   19
    0
    7
   40
    0
    6
   16
   14
    0
    0
    0
    0
    0
    0
    0
    0
    0
    0
    0
    0
    0
    0
    0
    0
    0
    0
    7
    0
    9
    0
    0
    0
    2
  286
   44
   10
    0
   17
    0
    0
    0
    0
    0
    0
    0
    0
    0
    0
    0
    0
    8
   15
    0
    0
    0
   18
    0
   32
   18
   36
    0
   57
    4
    0
    0
    0
    0
    0
    9
    5
    8
   12
    3
   46
   46
   29
   68
   10
    5
    0
    5
    1
    1
   64
   32
   12
    6
    0
    0
    0
    0
    0
    0
    4
   11
    1
    1
    9
   24
    0
    0
   12
    9
    8
    5
   22
    0
    0
    0
    3
    0
   42
   39
    1
    0
    0
    0
    0
    8
    0
    0
   10
    0
    0
   34
    3
   31
    1
    0
    0
    0
    0
    0
    3
    0
    0
    0
    0
    0
    9
    1
    1
    0
    0
    0
   16
    0
    0
  109
  262
    0
   27
    0
    0
    0
    0
    0
    0
   20
    2
    3
   14
   21
   21
   16
    0
    0
    0
   15
    0
    0
   10
    1
    2
    0
   39
    0
   21
   35
    0
    0
    0
    0
    0
    0
    1
    2
   34
    1
   54
   16
   44
    5
   45
   19
   29
    0
    0
    0
   29
    0
   11
    0
    0
    0
    0
    0
    0
    0
    0
    0
    0
    0
    0
  209
   71
    0
    0
    0
    0
  114
    7
    0
    5
    0
    0
    0
    0
   83
   85
    0
    3
    3
   46
    1
   13
   61
   40
   36
    0
   18
    0
    0
   79
   26
    0
    0
    0
   88
   13
    0
    2
    0
    0
   53
    0
    0
    0
    0
   21
    0
   42
   13
    2
    0
    0
    0
    0
    0
    0
    0
    6
    7
   32
    0
    8
    0
    0
    0
   78
    0
   64
  118
    0
    8
   12
    0
    0
    0
    0
   29
    0
    0
    0
   41
    0
    1
   17
    0
    7
  178
    0
    0
   59
    0
    0
   75
    0
  144
    0
    0
    0
    0
    0
    0
    0
    0
    0
  107
   10
    1
   20
    0
    0
    0
    0
    0
    0
    0
    0
   23
    0
    1
    0
    0
    0
    0
    3
    0
    0
    0
    0
    0
    0
    0
    0
    0
    0
    0
    0
    0
   10
    0
    0
    0
    0
    0
    0
    0
   53
   10
    1
    0
   18
    0
    0
    0
    0
    0
    0
    0
    0
    0
    0
    0
    0
    0
    3
   32
    0
    0
   57
   51
   21
    1
   70
   24
    0
    0
    7
   14
    0
    0
    0
    3
   31
   50
   56
   25
   11
    4
    5
    0
    0
    2
    0
    0
    0
    0
    0
    0
    7
   15
    1
    0
    1
   31
   66
   21
   45
    1
    0
    1
  173
   13
    2
   24
    0
    0
    0
    0
   22
   21
   50
   69
   12
    0
    0
    0
    0
   66
   12
    0
   14
    0
    0
    0
   16
   15
    3
   70
   23
   55
   44
   46
   68
   23
    1
    0
    0
    1
    5
    3
    7
    1
    0
    0
    0
    0
   22
    0
    0
    0
    0
    6
   12
   13
   98
    7
    0
    0
    0
    0
    0
    0
    0
   45
   19
    0
    0
    0
    0
    0
    2
    0
    0
    0
    0
    0
    0
   31
   14
  108
    2
   10
   40
    1
    0
    0
    3
    3
    4
    0
    0
    0
    0
    0
   97
    0
   42
   76
    0
    0
    0
    0
    0
   22
  200
    0
    0
   82
   19
    0
    0
    3
    9
   20
  108
   18
    1
    0
    0
    0
    0
    1
   44
    1
    3
    0
   17
   12
   56
   46
   30
    0
    0
    0
    0
    0
    0
    0
    0
    3
    0
  213
   27
    4
   17
    0
    0
   27
   25
    6
    0
    0
   47
    0
    0
    9
    0
    0
   97
    0
    0
    7
   17
  304
  223
   28
    3
    1
   72
   44
   43
  133
   55
    0
    0
    0
   98
   20
    0
    0
    0
    0
    0
    0
    0
    0
    0
    0
    0
    0
    0
    0
    0
    0
    0
    0
    0
    0
    0
    0
   31
  114
   11
    1
   18
   49
    0
    0
    0
    0
    0
    0
    0
    0
    0
    0
    0
   58
   99
   11
   16
    0
    0
    0
    0
    0
   25
    0
    0
    0
   23
    0
    0
    0
    0
    0
  224
    8
   90
    1
    0
   23
    0
    0
   32
   97
   13
    0
    6
  103
   40
    0
   16
    0
    6
   41
   11
    4
    0
    1
   77
    1
    0
   31
    0
    0
    0
    0
    0
  112
   13
    0
   36
   96
  114
   18
    0
    0
    0
    0
    0
    0
    0
    0
    0
    0
    0
    0
    0
    0
    0
    0
    0
    0
   41
    0
    0
    0
    0
    0
    0
    0
    0
    0
    2
    0
   17
   30
   51
  382
   21
    0
    4
    0
    0
   21
   32
    0
    1
    3
    1
    0
    6
   35
    5
    0
    0
    0
    0
    0
    0
    0
    0
    3
    0
    8
    0
   12
    2
    0
    0
    1
    0
    0
    3
    0
    0
    0
    0
    1
    1
    0
    0
    0
   18
    0
    0
    4
    6
    0
    0
    1
    0
   18
    0
   22
   33
    6
   54
   37
    0
   45
    0
    1
    5
   12
   67
   93
  163
   12
  170
   91
    0
   24
   50
   23
   21
   71
   54
   10
   17
   97
    0
    0
   49
    7
    0
    0
    0
    0
    0
   17
   87
    3
   11
   33
    0
   15
    9
    0
    0
    0
    0
    0
    0
    0
    1
    0
   84
    0
   13
    0
    0
   33
    2
   62
    9
    2
   41
    1
  153
    9
    2
    1
    0
    0
    2
   48
   85
   19
  112
    0
    0
    0
    0
    0
    0
    1
    0
    0
    0
    0
    0
   11
   32
   17
   13
    9
    0
    0
    1
   57
    4
    8
   11
   35
    0
    2
    6
    0
    6
    0
    0
   31
   10
    0
    1
    0
   44
   25
    4
    0
    0
    0
    0
    2
    0
    0
    5
   35
   25
    0
    0
    0
    0
    0
    0
    0
    0
   12
    0
   72
  314
    6
   23
    8
    0
    0
    0
  128
    0
   11
    0
    0
    6
    0
    2
    0
    1
   19
   41
  148
    4
    0
    0
    0
   12
    0
   26
   14
   45
   42
   91
    9
    0
   30
    1
    4
    0
    0
   35
   15
  180
   80
  102
  200
   15
   30
   15
    0
  100
   10
   19
   12
  102
    0
   33
    0
    0
    0
    0
    0
    0
    0
    0
    0
    0
    0
  188
    0
    0
    0
    0
    0
    0
    0
   25
   36
  137
    0
    0
    0
    0
   16
    0
   11
   12
   98
    1
   14
   89
    1
   76
   23
   66
    0
   12
   29
    0
    0
   77
   36
    0
   64
   36
   12
    0
   14
    0
   87
   36
    0
    0
    0
    7
    0
    5
    0
   12
   31
   19
    0
    0
    0
    0
    0
    0
  110
    0
  178
    0
    0
    0
    0
    0
    0
   29
    0
    0
    1
  121
    0
    0
    0
   50
   40
   40
    0
    0
   15
    0
    0
    0
    0
    0
    0
    0
    0
   23
    0
   33
    0
    0
    4
    0
    0
    0
    0
   12
   44
    0
    0
    0
    6
   50
   16
    3
    0
    0
    0
    0
    0
    0
    0
   17
   59
    0
    0
    0
    0
    0
    0
    0
   12
    3
    4
    6
    0
    0
   28
    4
   34
  120
   34
   18
   26
    1
    7
   88
    0
    0
    0
    0
    0
    0
    1
    0
    0
    0
    6
    4
    0
    0
    2
    0
    0
    0
    0
    0
   42
   91
   94
   82
   95
   14
   14
    0
    0
    0
   16
    0
    0
    8
    0
    0
   14
   22
    0
   44
    2
    0
    0
   26
    9
    1
   20
    0
    0
    0
    7
    3
   19
    0
    0
    0
    0
   58
    6
   22
   12
    8
    0
   23
    0
    0
    5
    4
   25
    3
    0
    0
    8
    0
    0
   18
    1
    0
  116
    0
    0
    0
    0
   27
   52
   61
    5
   11
    0
   57
   78
  149
   21
   33
   43
   44
   39
    1
    0
    7
    0
   19
   54
   27
    0
   25
   14
   15
   57
    0
   16
    7
    3
    7
    0
   24
   25
   71
    8
   32
   44
   14
   19
   13
    0
    0
   96
   79
    0
    0
    0
   42
    0
    0
   14
   23
    0
    0
    1
   33
    0
    0
    0
    0
    0
    0
   35
    0
    0
    0
    0
    0
    0
    0
    0
    0
    0
    0
   35
   37
    1
    0
    0
    0
    0
    0
    0
    0
    0
    0
    0
    0
    0
   12
   38
   22
    4
    0
    0
    0
    0
    0
    0
   16
    9
   51
    0
    1
    0
    0
    0
   25
   17
  131
    0
    0
    2
    1
   47
    0
    0
    0
    0
    0
    0
    0
    1
    0
    0
   83
   12
    9
    2
    0
   12
   15
   13
   40
   80
    0
   70
    0
   17
    0
   88
    0
    2
    0
   44
    0
   88
    1
   11
   34
   25
   16
    1
    1
    8
    0
    0
   29
    0
   34
   16
    0
   26
    0
    0
    0
    1
   36
    0
    0
    0
    0
    0
    0
    0
    7
    0
    0
    0
    0
    0
    0
    0
   57
    0
    0
    8
    0
    4
   74
   32
    0
    0
   13
    0
    0
   39
   32
   12
    0
  150
    0
    0
    0
    0
    0
    8
   11
    0
   14
    2
   16
    0
    0
    0
    0
    0
    0
   40
    3
   22
    0
    0
    0
    1
    0
    0
    0
    0
    0
   11
   24
    7
    0
   13
    0
   30
   44
    2
    2
   13
    4
    0
    3
    2
    7
    0
    0
    0
   13
   14
    0
    5
    1
    0
   23
    8
    0
   76
    0
    0
    0
    0
    0
    0
    0
    0
    0
    0
   72
  144
   81
    1
    2
   23
   34
   51
    0
    0
   31
   77
    4
    0
   14
    5
   15
  208
   42
   19
   63
   64
    1
   34
    0
  115
   18
   28
   29
   11
    9
    8
    0
    0
   10
   53
  335
    2
    4
    0
   68
   21
    3
    0
    1
    0
    0
    0
    4
   69
    0
    0
    2
   63
   31
   51
   19
    0
   60
    0
    4
    0
    0
    0
    0
    5
    0
    0
    0
    0
    0
    0
    0
    0
    0
    0
    0
    0
    0
    1
    0
    0
    0
    0
    5
    0
    0
    0
    0
    0
    0
   30
    8
    7
   13
   15
    0
   10
    9
   20
    0
    0
    5
    0
   11
    2
    7
   33
    0
   50
    2
    2
    0
    0
    0
    7
    0
    0
   59
    8
    0
    0
   22
   32
   26
    0
    0
    0
    4
   16
    0
   50
    0
    0
    0
    0
    0
    0
    0
    0
    0
    0
    3
    3
    0
    7
   49
    0
    0
    0
    6
    0
   58
    5
   41
   24
    0
   14
    1
   58
  252
    0
    0
    0
    0
   77
  106
    0
    0
    0
    0
    0
    0
    8
    3
    0
    0
    0
   94
   44
   30
    0
    1
    0
    0
    0
    0
    0
    0
    0
    0
    0
    0
    0
    0
    0
    0
  135
   48
    0
    0
   97
   34
   21
    2
    0
   21
    0
    0
    0
  184
    0
    0
    0
    0
    0
    0
    0
    0
    0
    0
    0
    0
   30
    0
   45
   72
    0
    3
   28
   45
   48
   24
    0
    0
    0
    0
    0
    5
    0
    0
    0
    9
    1
    0
    0
    0
   29
    0
    0
    0
    0
   89
    0
   31
  165
    9
    0
    0
    4
    5
    1
    5
   19
    0
    0
    9
    0
    0
    0
    0
    1
    0
    0
    0
    0
    0
    2
    0
    0
    0
    0
   29
    0
    0
   65
    0
   42
   70
    8
    0
    0
    0
    0
    0
    0
    0
    0
    0
    0
    0
    0
    0
    0
    0
  122
   90
    0
    0
    0
   10
    0
    0
    0
    0
    0
    0
   20
    9
    0
    0
   18
    9
   36
    0
    0
    0
   38
   67
   60
   23
    6
    0
    2
    0
    9
    0
    0
    0
    0
    0
    9
    0
    0
    0
    0
    0
    0
    0
    0
    9
   58
   34
  197
    9
   34
   41
    0
  164
   73
    8
    0
    0
    0
    0
    0
    0
    0
    0
    0
    0
    0
    0
   31
   71
    0
   23
    5
   33
   29
    0
    0
    0
    0
    0
    0
    1
    0
    7
    0
    7
   14
    0
    0
   12
   17
   16
   99
   53
    3
    0
    5
   43
    0
   71
    3
   11
    0
    0
    0
    0
    0
    0
    0
    0
    3
    0
    0
    7
    0
    0
    3
    0
    0
    0
    0
    0
    0
    0
    0
    7
    0
    0
    0
    0
    0
    3
   13
   20
    6
    0
    0
    0
    0
    0
    0
    0
   13
    0
    0
    0
    0
    7
    2
   17
   17
    0
   65
   24
  104
    0
    0
    0
    0
    0
    0
    0
    0
    0
    0
   93
   39
   89
    0
    0
   10
    0
    0
    2
    0
    0
   27
    8
    0
    0
    0
    0
    0
    0
    0
    0
    0
    2
    0
   31
    0
   15
    3
    9
    5
   27
    3
    0
    0
    0
    1
   51
   10
    0
    0
    0
    0
    0
   17
  145
    0
    0
   52
    4
    3
    2
   36
   12
    1
   13
    0
   19
   93
   48
    0
   13
    0
    0
    0
    0
    0
    0
    0
    0
    0
    0
   26
   17
    1
   17
    0
    0
    0
    0
    3
    0
    0
    0
    0
    0
    0
   23
    0
    0
    0
    0
    0
    0
    0
    0
    0
  108
   13
    3
    0
    0
   27
  189
    8
  425
    0
    0
    0
    0
    0
    0
    0
    0
    0
    9
    4
    3
   49
    0
    0
    0
    0
    0
   96
   92
    0
    0
   45
    0
   24
    0
    0
    6
   29
   20
    0
    0
    0
    0
    0
    6
    0
    0
    0
    0
    0
    0
    0
    0
    0
    0
    0
    0
    0
    0
    0
    0
    0
    0
    0
    3
   31
    0
    0
    0
    0
    0
    0
    0
   43
    0
   39
    4
   37
    0
   52
  114
    0
    0
    0
    0
    0
    0
    0
    0
  106
  192
    6
   18
   22
   63
    0
    8
    1
    9
    1
  156
    7
    2
    0
    0
    0
    0
   14
    5
    0
    0
    9
    3
   13
   17
   15
    0
    0
    0
    5
   19
   64
    0
    0
   14
    0
    0
    0
    8
    0
    0
    0
    0
    0
    0
    0
    0
    0
    0
    0
    2
    0
    0
    0
    0
    0
    0
    4
   18
   46
   22
   18
    2
   30
   42
   46
    1
    8
    0
    0
    0
   13
   18
    0
    0
   15
    0
    0
   68
   43
   50
   25
    0
   61
   49
    0
    0
    0
    0
    3
   87
    9
    5
    1
    2
   67
    0
    0
    0
    0
    0
   24
   45
   14
   11
    2
    0
   11
    4
    0
    1
   13
    5
    0
    2
    0
    0
    4
   11
    0
   31
    0
    0
    2
   30
   37
   57
    0
    2
    1
    0
    0
   15
    9
   51
    0
    0
    0
    0
    0
    0
    0
    3
    9
    1
    1
    4
    0
    4
    0
    0
    1
    0
    0
    0
    0
    0
    3
    7
    4
    3
   12
   10
   56
    0
   11
   17
    1
   31
    5
    0
    0
    0
    0
    0
    2
    7
    0
    0
    0
    0
    0
    0
    2
    2
    0
    3
    0
    0
    0
    8
    2
    0
    0
    0
    0
    4
    0
    0
    0
   59
    9
   57
    8
    0
    7
    2
    0
    0
    0
    0
    0
    0
   62
    1
    0
   17
    0
    0
    1
    6
    0
    0
    0
    0
    0
    0
    0
    0
   31
    0
   78
    3
    0
    9
   22
    0
    6
    0
    0
    0
   31
   79
    7
    3
   10
    0
    0
   12
    0
    0
    4
    6
   47
    0
    0
   83
   18
    1
    6
    0
    1
    0
    0
    0
   23
   10
   11
    9
    0
    1
    0
    0
    0
    0
    0
    2
    0
    0
    0
    1
    0
   11
    0
    4
    6
   27
    0
    0
   26
  286
   32
    2
   38
    0
   59
   15
   31
   31
   36
  119
  214
    0
    2
    0
    0
    0
    0
    0
    0
    0
   35
   13
    0
    0
    1
    9
   27
    0
    0
    3
    0
    0
    0
    0
    0
    0
   17
   26
    0
    0
    0
    0
    0
    0
    0
  181
    4
    0
    0
    0
   50
   18
    4
    7
    7
   65
    0
    0
    0
    0
    8
    5
    0
   28
    0
    0
    3
    0
    0
    0
    0
    0
   21
    0
    0
    0
    0
    0
    0
    3
    0
    1
    8
    0
    0
    0
    0
    0
    0
    0
   63
    0
    0
   16
    0
    0
   13
    0
    0
    0
   12
    1
    0
    0
   24
   32
    0
    0
    0
    0
    0
    0
    0
    0
    0
    0
   20
    0
    0
    0
    0
   29
    8
    7
    6
    0
   15
    1
   17
    2
    0
    0
    0
    0
    0
    0
    0
   13
   43
    4
   46
   30
   16
   28
   31
    0
   47
    0
   21
    0
    1
    0
   11
    0
    1
    0
    0
    4
   11
    0
    0
    0
    0
    0
    0
    0
    0
    0
    0
   14
    1
   33
    4
    6
    0
    0
    0
    0
    0
    0
    0
    0
    4
   32
   85
    2
   54
   58
   31
   28
    0
   76
   28
    0
    7
    0
    0
    0
    0
    0
   34
   37
    3
    0
    3
   55
    0
    0
   15
    2
   15
    0
    3
    0
   41
  104
    0
    0
    0
    0
    0
    0
   19
    0
    0
    5
    0
    4
    0
    0
    4
   11
   17
   13
    0
    0
    1
    5
    0
    3
   44
    0
   21
   56
   18
    5
    4
    3
   20
   43
   10
    0
    0
    0
    0
    0
    0
    0
   27
    0
    0
    0
   50
    0
    0
    0
   28
   41
   30
  115
   24
    5
   28
    9
    0
    6
   37
   37
   44
    0
  257
   58
    0
   34
   39
    1
    0
    0
   51
   34
    0
    0
    0
    0
    0
    0
    0
    0
    0
    0
    0
    0
    0
   41
    0
    2
    1
    0
    0
    0
   18
    0
    0
    0
   63
    0
    2
    0
    3
   43
    0
    0
    0
    0
   20
   11
   21
    3
   62
    0
    0
    0
    0
    0
    0
    0
    0
    0
    0
    0
    0
    0
    0
    0
    0
    0
    0
    0
    0
    0
    0
  477
   33
    0
  257
   45
   35
   36
    1
   27
    0
    0
    0
    0
    6
    0
   22
    3
   35
    3
    0
   33
    0
    0
    0
    0
    0
    0
    0
    8
    0
   23
  160
  509
   62
    0
    0
    0
   16
   78
    6
    1
   17
    0
    0
    0
    0
    0
    0
  448
  165
    0
    0
   26
    0
   12
    0
    0
    0
   61
    0
    0
    0
    0
    0
    0
    0
    0
    0
    0
    2
    0
   30
   12
    0
    0
   19
    1
   43
   31
    0
   19
   16
    4
    0
    0
    0
    0
    6
    0
  223
   30
   27
   15
   33
    4
    8
    3
    0
    0
    0
   75
    0
    0
   26
    0
    0
    0
    0
    0
    0
    0
    0
   16
   58
    2
    0
    0
    0
    0
    1
    5
   11
    0
   41
   17
    5
   21
    0
   13
    0
    7
    0
    0
    0
   13
    0
    0
    0
    0
    0
    0
   18
   19
    1
   82
   61
    7
   47
    1
    0
    0
    0
   16
    8
    0
    2
    0
   18
    0
    0
    9
   31
    0
   31
    3
   29
    0
   53
    8
   18
    1
   54
   72
   10
    1
    8
    7
    7
    0
    4
    0
    0
   17
    2
   14
    0
    0
   36
    0
    4
    8
   72
   11
   18
    0
    0
    0
    0
    0
    5
   89
   11
   16
    0
    0
    0
    0
    0
    0
    0
    0
    0
    0
    0
    0
    0
    0
   31
   27
    3
    5
    0
   47
   72
   13
    0
    0
    0
    8
    4
    0
    1
    1
   74
    2
   26
    7
   14
    4
   97
    0
    0
    0
    0
    0
    0
    0
    6
   20
    0
    0
    0
    0
    0
    0
    0
    0
    0
   42
   12
   37
   19
   21
   33
    7
   21
    7
    1
    0
   10
    0
    0
    0
    7
    1
   25
   49
    0
    0
    0
    0
    0
    0
    0
    1
    1
   20
   24
   14
    0
    0
    1
   45
    7
    0
   27
   22
    4
    4
    4
    0
    0
    0
    0
    0
    3
    0
   52
   30
    3
    0
    0
    0
    0
    0
   19
    4
    0
    0
   16
   42
    0
    0
    0
    0
    0
    0
    0
    0
    0
    0
    0
    1
    0
    0
    0
   10
    0
   12
    0
    0
    0
    0
    0
    1
    9
    0
    0
    0
    0
    3
    3
  235
    2
    0
    0
    0
   91
   49
    2
    0
   45
    6
    0
   47
  172
    0
    0
   20
    0
    0
    0
  229
   57
   45
    0
   19
    7
   26
   12
    1
   11
    0
    0
    5
  128
    0
   14
    4
   38
   33
    0
    0
    0
    0
    0
    0
  614
    0
    0
    0
    0
   55
   27
    0
    0
    6
  106
  114
    0
    0
   16
    0
    0
   25
   19
    3
  100
   22
   51
   56
    0
   14
   64
    0
    0
   11
    0
  121
    0
    0
    0
   35
   42
    0
    6
    0
    0
    0
    0
    0
    0
    0
    0
    0
    8
    0
    0
    0
    0
    0
   22
    0
   79
   10
    0
   49
   48
   68
   29
    0
    0
   14
    1
    2
  166
   43
   89
    0
    2
   11
   18
    0
    0
    0
    0
    0
    0
    3
    0
    0
    0
    0
    0
    0
    0
   73
    0
    0
    0
    0
    0
    8
    2
   28
    0
    0
    0
    6
   16
    0
    0
    0
    0
    7
    0
   39
   81
   66
    0
    0
    0
    0
    1
    1
    0
    1
    1
    1
    3
    2
   60
   17
   13
    0
    2
    6
    0
   29
  143
  163
    4
    0
    0
   22
    7
    6
   15
    0
    0
    0
    0
    0
   41
    0
    0
    0
    3
    0
    0
    0
    0
   10
   33
    1
  107
    0
   31
   79
   34
    1
    1
   18
    2
   31
  127
  138
   22
    9
    0
   69
   17
    0
    0
   11
   13
   49
    0
   42
   52
    1
    1
    0
    6
    1
    0
    4
   11
   13
   19
   27
    0
   11
    6
    0
    0
    0
    0
    0
   33
    0
   22
   13
   79
   12
    4
    9
    0
    0
    8
    1
    0
    0
    1
   21
   35
    2
   50
   18
   14
    0
    0
    0
    0
    0
    0
    0
    0
    9
   45
   41
   12
    0
    0
    0
   21
    7
    7
   35
    0
    5
    0
   10
    0
    0
    0
    0
   67
   27
   31
  235
   55
   21
   25
   41
   23
    0
   31
    4
   21
   63
    1
    2
    0
    5
    0
    1
    7
    0
    0
   27
    0
    0
    0
    1
    3
   21
  127
  650
   93
    2
    0
    6
   20
    1
    0
    0
    3
    0
    0
    0
    0
    0
    0
    0
    0
    5
    0
    0
    0
   17
   73
    0
    0
    0
    0
    0
    0
    0
    0
   11
    0
    7
    0
    5
  231
    3
   68
   18
   22
  111
   25
  122
    3
    6
    3
    0
    0
    0
   43
    0
   21
   89
    0
    0
    8
    0
    9
    0
    0
    0
    0
    0
  111
    0
    0
    0
    0
    0
    0
    0
    0
    0
    0
    0
    0
   73
    0
    0
    0
    0
  128
    5
   13
   96
    0
    0
    0
    0
    0
    0
   17
    0
    0
  406
  134
   29
    0
    0
    0
    0
    0
    0
   12
    0
    0
   16
    0
    0
   33
    0
    0
    0
    2
    0
    6
   11
    0
   80
   26
   74
    0
    0
    0
    0
   53
   65
   57
    0
    0
  175
   18
  421
   61
    0
   25
   22
    0
    0
   20
    0
   17
    0
    0
   90
   11
   18
  149
    0
   83
    0
    0
   10
   34
   29
    0
    0
    5
   35
    0
    0
    0
    0
    0
    0
    0
    0
    0
    0
    0
   29
    0
  120
    0
    5
    0
    0
    0
   21
    0
    0
    0
    0
    0
    1
    3
    0
    0
    0
    0
    0
    5
    8
    0
    6
    0
    4
    8
   31
    5
   41
    0
    0
    0
    0
    0
   14
   14
    3
    1
    0
    0
    0
    0
   33
   52
    4
  106
    0
   66
    0
    0
    0
    0
    1
   43
   67
    1
    3
    0
    3
    0
    0
    5
   44
   11
    0
    0
    4
   15
   44
    0
    1
  143
   36
    0
    2
    0
    0
    0
    0
    2
    0
    0
    0
    0
    8
   14
    1
    6
   20
    0
    4
   16
    9
    0
    0
    0
    0
   15
   49
    4
   37
   66
    0
    0
    1
    0
    0
   48
   30
    0
   34
   32
    6
    1
   28
   27
   21
    7
   26
   33
    0
   23
   26
    0
   12
    0
    0
    0
  138
    0
    7
    6
    0
   10
    0
    8
    1
   19
    4
   19
    0
   14
    0
    0
   17
   34
   15
    0
    0
   14
    2
    0
    0
    0
    0
    8
    0
    7
    0
    0
    0
    0
    0
   17
    5
   19
   17
   16
    4
   12
    0
    0
    0
    8
    2
  115
   29
   54
    0
   45
   32
    0
    0
    0
    2
    0
   44
    0
   16
   61
   38
   25
    0
    0
   10
   17
  135
   73
  104
    0
    0
    0
    0
    0
   17
   32
    2
    0
    0
    4
    0
    0
    0
    0
    0
    0
    0
    0
   55
   15
    0
   74
  189
    0
    0
   12
   32
  105
    0
    0
    0
    0
    0
    0
    0
    0
   42
    0
   26
  238
   65
  257
  105
   18
   20
   74
    0
   12
   10
    0
   19
   13
    1
   15
   19
   74
    0
   31
    2
    0
    0
    9
   77
   14
   46
    0
    0
    0
    0
    0
    0
    0
  101
   22
    0
    0
    0
    0
    0
    0
    0
    0
    0
   90
  442
    3
   56
    5
   14
    0
    0
    0
  188
    0
    0
    0
    0
   92
  257
    0
    0
    0
    0
    0
   64
    0
    0
    0
    0
    0
    0
    0
    0
    0
   42
  216
    0
    0
    0
    0
    0
   51
    0
    0
   60
   38
   23
    5
   29
   57
  100
    5
  430
  435
    0
    5
    0
    0
  100
   27
   14
    0
    0
    5
   29
   50
    0
    0
    0
    0
    0
  180
  146
    0
    0
    0
    0
    0
   66
   83
    4
   17
  138
    0
    0
    0
    0
    0
    2
    0
    0
    0
    0
    0
    0
    0
    0
    0
    0
    0
    6
    0
   14
    0
    0
    0
    0
    0
    2
   22
   45
   44
    0
    0
   66
  163
  124
   19
    0
   52
   19
   30
    0
    0
    0
    0
    0
    0
   40
   37
   61
    0
   20
    0
    0
    0
    0
    0
    0
    0
    0
    0
    0
    0
    0
    0
    0
   20
    0
    0
    0
    0
    0
    0
   32
    8
    0
    0
    0
    0
    0
   27
    0
   95
    0
   41
   81
    5
    0
    0
    0
    0
    0
    4
    0
    0
    0
    3
    0
    0
    0
    2
    0
    0
    0
    0
    0
    0
    0
    0
    0
    0
    0
    0
    0
    0
    0
    0
    0
    0
    0
    0
    0
    0
    0
    0
    0
   20
   14
    8
    6
    0
    0
    0
    0
    0
    0
    6
   42
   26
   28
   30
    6
   50
    0
   10
   26
   25
   14
    0
    0
    0
    0
    0
    0
    0
    0
    0
    0
    0
   35
    0
    0
    0
    5
   29
   10
    0
    0
    0
    0
    0
    0
    0
    0
    0
    0
   35
   20
    0
   57
    0
    0
   21
    9
    7
    0
    0
   66
    2
    0
    0
    0
    0
    0
   20
   50
    9
    0
    0
    0
    0
    0
    0
    0
    0
    0
    0
    1
    0
    0
    0
    0
   35
    0
    0
    0
  100
    6
   16
    7
    0
   13
    5
   27
    0
    4
   18
    3
    0
  115
   18
   33
  105
   93
   15
    1
   45
   13
    0
   18
   25
  105
    0
    0
    0
    0
    0
   31
    4
    0
    0
    0
    0
   30
   36
    6
    1
    0
    0
    0
    0
    0
    0
    3
    0
   23
   10
   26
    5
    0
    0
    0
    0
   18
  110
    3
    5
    5
    0
   30
   70
  140
  145
  380
    7
    5
  170
    6
    0
    0
    5
    0
    0
    0
    0
    0
    0
    0
   85
   22
  104
    0
    0
   96
    0
   15
    0
    0
   29
    0
    0
    0
    0
  105
    0
    0
    0
   47
   78
    0
    0
   60
   20
    0
    0
    0
    0
    4
    0
    0
    5
    0
    0
   17
   89
    0
    0
    8
    3
    0
    0
    2
   29
   66
    2
    0
   13
    6
    3
   37
  211
   24
    4
    0
    0
    0
    0
    0
   84
    0
    6
   13
   17
    2
    5
    1
   18
    0
   45
    4
    0
   21
   27
    0
    0
    0
    0
    6
    3
    4
    0
    0
    3
   34
   70
    4
    6
  224
   68
    0
    0
    0
    0
    2
   20
    0
   70
    4
    9
    0
    4
    0
    0
    3
    0
   42
   36
    5
    7
    2
    3
   93
    2
   18
    0
    2
   66
   16
    6
    0
    0
   21
    6
   27
    7
   28
   23
   24
   50
    7
   26
    0
    2
    0
    0
    0
    0
    0
    0
    0
    0
   70
    3
    8
    0
   30
    7
  238
   27
    3
    1
    2
    1
    3
    2
    0
    0
    8
    2
    2
    0
    0
    0
   13
    0
    0
    1
    0
    1
    2
    0
    0
    0
    0
    0
    0
    0
    9
   36
    8
    2
    7
    2
   34
   59
    0
    2
    4
    0
    2
    6
    0
    0
    0
    6
   52
    0
    1
    0
    3
    0
   37
   36
   45
    1
    2
    4
    3
   69
   27
    0
   27
    1
    0
    0
   72
   40
    2
    0
    0
    6
    2
    0
    0
    8
    0
    0
    0
    0
    0
    0
    0
    2
   22
  115
    9
   15
  101
    5
   41
    3
   53
    0
    0
    7
   38
    4
   15
    0
    0
    0
    0
   18
   16
   36
    3
    0
    0
    0
    0
    6
    1
   10
   18
    1
    0
    0
   37
   18
    0
    0
    0
    0
    0
   21
   17
   15
    9
   31
    6
    0
    0
    1
    3
    4
   93
    5
    0
    1
    5
    0
    6
    0
    1
    0
    0
    0
   51
    0
    3
   56
   60
   46
    8
    0
    4
   24
    8
    1
    0
    0
    0
    0
    0
    0
    0
    0
    0
    0
    0
    0
    0
    0
    7
   75
    0
    0
    0
   48
    0
   38
   75
    8
    2
   20
    3
   21
   11
    0
    8
   31
   18
    5
   22
   95
    4
    0
    0
    0
    0
    0
    0
    0
    0
   14
   49
    9
   91
  182
  128
  262
   60
    0
  162
    0
   77
    5
    0
    0
   44
   67
   44
   53
    0
    0
    0
    0
    0
    0
    0
    0
    0
    0
    0
    0
    0
    0
    0
    0
   42
   31
    0
    0
    0
    9
   36
    0
   68
    0
  110
   21
    0
    0
    0
    0
    0
    1
   12
    0
    0
    0
    5
    0
    0
   28
   25
    0
    0
    0
    0
    0
    0
    0
    0
    0
   23
    0
    0
    0
    0
    0
    8
    2
   32
    9
    0
    0
    0
   10
    0
   20
  154
   64
  119
   42
   56
    4
   61
    0
    0
    0
    0
    0
    0
    0
    5
   15
    5
    7
    0
    0
    0
    0
    0
    0
    7
    2
    0
    0
    8
    0
   12
    0
    0
    0
    2
    1
    0
  140
    4
    0
    0
    0
    0
    3
    0
    0
    0
    0
    0
    0
   14
    0
    0
   58
  124
  107
    3
    0
   81
   20
    0
    3
   46
   33
   86
   45
   83
    3
    0
    0
   25
    7
   50
    9
    0
    0
   29
   34
    4
    0
    1
    7
    0
    0
    0
    0
    8
    6
   11
   22
   25
    0
    0
    0
    0
    0
    0
    0
    8
   58
    0
    0
   35
   45
   14
   25
   15
   16
    0
    0
    0
   51
    0
    3
    0
    0
    6
    0
    0
    0
    0
    0
    2
    0
    0
    0
    0
    0
    0
    0
   17
    3
    0
    0
    0
    5
  107
    5
   44
    8
    0
    0
   38
    3
    3
   13
   45
   16
   73
   11
   82
    0
    0
    0
    8
    0
   42
   17
   72
   40
   13
   12
   37
    0
   23
    0
    0
    0
    0
    0
    0
    0
    0
    0
   31
   14
   13
    7
    0
    0
   23
   93
   15
   14
   15
    0
    0
    0
    0
    0
    0
    0
    1
   10
   49
    0
    0
    0
   11
    8
    4
   14
    8
    0
    0
   61
    7
    0
    0
    0
    0
    0
    0
    0
    0
    0
    0
    0
    0
    0
    0
    0
    0
    2
   37
    0
    2
    0
    0
   12
   10
    0
  220
   11
   31
   25
   43
    0
    0
    0
    0
  127
    0
    0
   49
   28
  323
    0
    0
    0
   47
   36
    0
    4
    0
   13
    2
   15
   15
    0
    0
    4
    0
    0
    6
    0
    0
   31
   52
   39
   29
   13
   45
   44
    0
   43
    8
   66
    0
    0
   11
    0
    0
    0
    0
   18
    0
   72
   15
    0
    0
  369
   64
   48
   41
    0
   12
   30
    0
    3
    0
    0
    0
    0
    0
    0
    0
   71
    0
    0
    0
    0
    0
    0
    0
    0
   23
   41
   22
   17
    0
  167
   15
   38
   10
    0
   33
    0
    0
  105
    0
   97
    8
    0
    0
    0
   18
    6
   95
    0
  190
   85
   77
   83
   40
    0
    0
    0
    0
    0
    0
    0
    0
    0
    0
    0
    0
  175
   37
   21
    6
    0
    0
  103
   20
    5
   26
   15
   44
    7
   23
    0
    0
   21
    6
    0
    6
    6
    0
   19
  101
    8
   10
   23
   91
   21
   37
   64
  156
   33
   12
   44
    0
    0
    0
   23
   74
   39
   14
    0
    0
   87
   17
   37
   10
    3
    7
    3
    0
    0
   28
    0
    3
   13
   18
    0
    1
    6
    5
    0
    0
    8
    5
   12
    0
    0
    0
    0
    0
   24
    7
   53
   39
    0
    0
   16
    0
    0
    0
    7
    0
    0
    0
    0
    0
   11
    0
    0
    0
    0
    1
   12
    0
    0
    0
   28
   28
    2
    0
   29
    0
    8
    5
    2
    0
    0
    0
    0
    0
    0
    5
    0
    5
   24
    0
   50
   19
    5
    6
   35
   21
    4
   37
    2
    5
   94
   39
    6
    2
    0
    0
    0
   16
    0
    0
   28
   30
    1
   41
    2
   83
    7
   21
    5
   22
   26
    0
    0
   17
   54
    0
    0
   40
    2
    0
    1
   10
   50
    1
    0
    0
    0
    0
    0
    0
    0
   10
    3
    1
    8
   15
    5
    0
    5
   90
    9
    0
    0
    0
    0
    0
    0
  196
    2
   67
    8
    2
    0
    0
   27
    0
   18
    2
    8
   57
   18
    0
    2
    0
   27
    0
    4
    3
    0
    4
   23
    2
    0
    0
    0
    0
    0
    0
    0
    0
    5
   25
    0
   25
   30
   90
   21
   54
   17
    0
    0
    0
    0
   79
   73
    7
    0
    0
    0
    0
    0
    9
    0
  156
    0
    0
   26
   30
    0
   12
    3
    0
   43
    0
   71
    0
    0
    0
    0
    0
    0
   60
  189
   15
   72
   15
    3
    0
    0
    0
    0
    0
    0
    0
   18
    0
    0
    0
   98
  207
  315
   64
   83
    1
    0
    0
   42
  110
   61
    5
    0
    0
    0
    0
    5
    0
   26
    4
    0
    0
    0
    0
    0
    0
    0
    0
    0
    0
    0
    0
   24
    0
    2
    0
    0
    0
    6
    0
    0
   47
    3
   53
    0
   36
    0
    2
    0
    0
    0
    0
    0
   29
    0
   67
    0
    0
   49
    0
    0
    0
    0
    0
   11
    0
    0
    0
    0
    0
    0
    0
    0
    0
    0
    0
    0
    0
   99
    0
   16
    0
    0
    7
   13
    0
    5
   28
    4
    5
    3
   14
    0
    0
   27
    2
   11
   27
    0
    0
   13
    0
   12
    0
    0
    0
    0
    0
    0
    0
    0
    8
    5
    4
    4
    0
    0
    0
    9
    1
    0
  125
    0
    0
    0
    2
   25
  155
  226
  169
    0
    0
    5
   10
    0
    0
    8
   24
   40
   17
   13
    5
    1
    1
    3
    0
    0
    0
    0
    0
   53
   10
   12
   29
    0
    1
   43
    0
    0
    0
    9
    4
   39
   11
   25
    0
    3
    0
    2
    0
    0
    1
    0
    8
    0
  171
   12
    0
    4
    0
    0
   19
    0
    0
   30
    0
    0
    0
   10
   19
    0
    0
    0
    0
    1
    4
   15
   15
   34
    8
    2
   39
   19
    5
    1
    0
    0
    0
    0
  143
   20
   25
    0
   23
   38
    5
    0
    0
    6
   42
    4
   16
    0
   15
   59
   24
   67
   28
   26
   16
   12
    2
    2
   15
    0
  112
   67
    0
    0
   24
    0
   40
   10
   82
    5
    5
    0
    0
   48
  144
   24
   50
    1
   20
  121
   29
  134
   96
    0
    0
    0
    0
    0
    0
   31
    3
    3
   41
    4
   59
   73
   38
   17
    3
    0
   18
    0
    2
    0
    0
    0
    0
    0
   42
    0
    4
    0
    0
    0
   20
    7
    0
    0
    0
    0
    0
    0
    0
    0
    0
   30
  258
   24
    0
    0
    0
    0
    0
    0
    0
    0
    0
    0
    0
    0
    0
    0
    0
   75
    5
   35
   91
    8
  100
    0
    0
   15
    0
    6
    0
   15
    8
    0
    0
    0
  151
    0
    0
    0
   24
    0
    0
  102
  223
    0
    0
    0
   77
    0
    0
    0
    0
    0
    0
    0
    0
   74
    0
   10
    0
    0
    0
    0
   26
   20
   12
   27
   13
    0
  161
   14
    3
    1
    0
    0
    8
   43
    5
    0
    0
    0
    0
    0
    0
   20
    0
    0
    0
    8
   20
    8
    8
  204
    0
    0
   64
    0
    0
    0
    0
    0
    0
    0
   39
    0
    0
    0
    0
    2
    0
   60
    0
  180
  184
   85
    0
    0
    0
    0
    0
   74
    0
    0
   44
    0
  108
   10
   35
   10
    0
   31
   48
    0
    0
    0
    0
    0
   28
    0
   28
   16
    0
    0
    0
    3
   94
    0
    0
    0
    0
    0
    0
    0
    0
    0
   87
    0
    0
    0
   21
   67
  100
    0
    8
    0
    4
    0
    0
    0
    0
    0
   10
    0
    0
    0
    0
    0
    4
    0
    0
    5
   16
   15
    0
    0
    2
    0
    0
   30
    0
    0
    0
    0
    0
    0
    0
    0
    0
    5
   73
    0
    0
   29
    0
   27
    0
    7
    0
    0
    0
    0
    2
    0
   42
    2
    0
    0
    0
    0
    0
    0
    0
    2
   10
    0
   21
    4
    3
    0
   28
   23
    0
    0
    0
    0
    0
    0
    0
    0
   58
   61
   27
    0
    0
    1
   14
    0
    3
    1
    0
    0
   31
    0
    0
    0
    0
   11
    3
    0
    0
    0
    0
    0
    0
    0
    0
    0
   39
   28
    9
   20
   33
    0
    5
    0
    0
    1
   12
   58
   19
   59
   34
    5
    0
    0
    0
    0
    0
    0
   20
    0
    0
    0
    0
   11
    0
    0
    0
    0
   88
   22
    0
    0
    5
    0
    0
    0
    0
   54
   39
    4
    0
    0
   45
    0
   42
    4
   81
   10
    0
   11
   17
  178
   30
    8
    0
   62
   25
   82
   93
   74
    5
    0
    0
   30
    5
    0
    0
    0
    0
   43
    0
   20
    7
   60
    0
   58
    7
    0
    5
    5
   50
   15
   21
   15
    0
   15
    5
    0
    0
    0
   31
    8
   10
   15
    0
    0
    0
    0
   29
   30
  214
   91
    2
    0
    0
    0
    0
    0
    0
   56
    0
   31
  137
    0
    0
    0
    0
    0
    0
    0
    0
    0
    6
   53
    0
    0
   75
   21
   13
   72
   24
    0
    0
   12
   59
   32
   58
   38
    0
    0
   12
   23
  121
   38
  197
    0
    0
   65
  100
    0
    0
    0
    0
   50
   27
    0
  119
    4
    0
    0
    0
    0
    3
  293
   41
   18
    8
    0
    5
    0
   37
  301
   64
    0
    0
    0
   15
    0
    0
    0
    0
    0
    0
    0
   17
    0
    0
    0
    0
    0
    1
   51
   29
    0
    0
    0
    0
    0
   49
   51
    6
    0
    0
    0
    0
    0
    0
  123
    4
    0
    0
    0
    0
    0
   27
    0
    0
    0
    0
   73
    3
   16
    7
   46
   12
   29
   87
  121
   12
   34
   12
   70
   20
    8
   39
    3
   21
   20
   15
    0
    0
    0
   68
    0
    4
   17
    9
    3
   59
   72
    0
   40
    8
    0
    0
   66
    4
    0
    0
    0
    0
    0
    0
    0
    0
    0
    0
    0
    0
   39
    0
    0
   23
    7
    0
   11
   30
   11
    0
   59
   34
    1
    0
    0
    7
    9
   19
  142
   11
    0
    0
   30
    0
    0
    0
    0
    0
   12
    9
    0
    7
   51
    0
    5
   45
   17
   19
   12
   30
    0
   21
    5
    4
   37
   27
   85
   15
    0
    0
    2
   41
   35
    0
    0
   21
   19
   28
   19
   59
    0
   29
   64
    0
    7
    2
    0
    8
    4
  153
   16
   13
   12
    7
    0
    0
    0
    4
    8
    0
    0
    0
    0
    0
    2
    0
    0
    0
    0
    0
   12
   40
    3
    0
    0
    0
    7
    8
   99
   29
    0
    0
    0
    0
    0
    0
    0
    0
    0
    7
    0
   54
    2
   21
   31
   25
    0
    0
    0
    0
    0
   53
   27
    0
   13
   29
   12
   29
   99
   51
   18
    0
    0
    0
    0
    0
    1
   49
    0
    0
    0
    0
    0
   51
   60
   19
    0
    0
   11
   25
   58
   41
   51
   24
   19
    0
    0
    0
    0
    0
    0
    0
    0
    0
    0
    0
    0
    0
    0
    0
    0
    0
    0
    0
   59
  112
   86
   12
    9
    0
    5
    0
    0
    0
    0
   35
    0
   39
   10
    0
   38
    0
   74
    2
   29
  114
    8
   50
    0
    0
    0
   11
   30
   28
    0
    0
    0
    0
    0
   28
   88
    0
    0
    0
   17
    0
   39
    0
   82
    3
    0
    0
    0
    0
    0
    0
    0
   11
   31
   57
    6
    0
    3
    2
    0
   30
   15
   25
    5
    0
    0
    0
  219
   30
    0
    0
    0
    0
    0
    0
    0
    0
    0
   13
    7
    0
    0
    0
    0
    1
    0
    0
  110
    2
    0
  143
    0
    0
  464
  404
   25
    0
    0
    0
    0
   11
  382
    0
    9
    0
    0
    0
    0
    0
   75
    0
    0
   44
   30
    4
   45
   81
    0
   28
  873
  312
    0
    0
    0
    0
    0
    0
    0
    0
  109
    0
    0
   37
    0
    0
    0
    0
   35
    0
   11
    0
    0
    0
    0
    0
    0
    0
    0
    0
   87
    0
    0
    2
   20
    0
    0
    0
    0
    0
    0
    3
   74
   58
    0
   11
   45
    0
    0
    0
    0
    0
    2
   14
   15
   71
   27
   30
    0
    0
    0
    0
    0
   21
    4
   18
   45
   12
   86
    9
    0
   21
   79
   20
    0
   58
   19
  100
    3
   15
    2
    1
   71
   70
  143
   52
    0
    0
   30
   90
   21
   68
   18
    0
    0
   30
    5
   14
    0
   50
  171
    0
    0
   90
    0
    0
    9
    0
    0
    0
  221
  123
    8
    0
   10
   15
   15
    0
    0
    0
    0
    0
    0
    0
   12
    2
   11
   32
    1
    0
    0
    0
    0
  216
    3
   75
    0
   18
    0
    0
  191
  148
    0
   51
  120
   16
    7
   39
   25
    5
    0
    0
    0
    0
   48
  120
    0
    0
    0
    0
    0
    0
    0
    0
    9
   41
   13
   15
    3
   39
   14
   63
   57
   88
    0
    0
   29
    8
    7
   28
   20
    0
    0
    0
    0
    0
    0
    0
    8
    0
    0
    3
    0
    0
    0
    0
    0
    0
    0
    0
    0
    0
    3
    4
   21
    0
    0
   34
    0
   31
    0
    0
   76
   22
    0
    0
    0
    0
    0
    0
    0
    0
    0
    0
    0
    0
    0
    0
   47
    0
    0
   17
    0
    0
    0
    3
    0
    4
   11
    0
    0
    0
    0
    0
    0
    0
    0
    0
    0
    0
   21
  161
    0
    0
    0
    0
    0
    0
    8
    9
    0
    2
    5
    0
    0
    0
    0
    0
    0
    0
   70
   81
   18
   25
   30
    5
    8
    0
    2
    4
   59
   16
   19
    0
    2
    0
    0
    7
    0
    0
    0
    0
    0
    4
    0
    0
    0
    0
   31
    0
    0
   60
    0
   15
    0
   16
    0
    0
    0
    0
    0
   36
   49
    0
    0
    0
    0
    0
    0
    0
    0
    0
   25
   67
   67
   32
   72
    3
    8
    0
    0
    0
   60
    0
    0
    0
    0
    0
    0
    7
   27
    0
    0
    0
  107
   56
    0
   20
    0
    0
   67
    2
    0
    0
    0
    0
    0
    0
    0
    0
    0
    0
    0
   57
    9
    0
    0
    0
    0
    0
    0
    3
   10
    0
    0
    0
    0
    3
    0
    0
    0
    0
   63
    6
    0
    0
   31
   11
    0
    0
    0
    0
    0
   11
    9
  287
  378
    5
    0
    0
    0
    0
    0
    0
    0
    0
    0
   31
   27
    0
    0
    0
    0
  110
    5
    0
    3
   15
   30
   45
   21
   25
   74
  105
    5
    0
    2
    0
    0
    0
    0
    0
    0
    0
    0
    1
   18
    1
    0
    0
   19
    0
    0
    0
   22
   32
    0
    0
   15
    0
    0
    0
    0
    0
    0
    2
    1
    0
    0
    0
    0
    0
  130
    0
    0
    0
    0
    0
    0
    0
    0
    0
    0
    2
  108
   20
    0
    0
    0
    0
    5
    0
    8
    0
    0
    0
    0
   14
   35
   33
   19
    0
    0
    0
    0
    4
    3
   10
  117
    0
    0
    0
    0
    0
    0
    0
    0
    0
    0
    3
    1
   46
    0
   88
    0
    0
   46
    8
   48
   53
   28
   18
    0
    8
    4
    0
   80
    5
    3
    0
    0
   10
    2
    0
    0
    0
    1
    0
    0
   20
  180
    8
    0
    0
    0
   13
   46
   11
   90
   16
   18
    2
    5
    0
    0
   20
    3
   10
    0
    0
    0
    3
    3
    1
    0
    0
    0
    0
   75
    2
   13
    0
    0
   15
    0
    5
   55
    9
    0
    0
   15
    0
    0
    0
    0
    0
   19
   98
   18
    0
    0
    0
    0
    0
    0
    0
    0
    0
    0
    0
    0
    0
    0
   12
   26
   41
   50
    0
   36
    0
    0
    0
    0
    0
    0
    0
    0
   34
    0
    0
    0
   53
    5
    0
    0
    0
    0
    0
    0
    3
    2
  144
   74
   87
  233
  139
    0
    0
    8
   57
   17
    3
    0
   30
    0
    0
    0
    0
    0
   94
   40
   13
    0
    3
    1
    0
    0
    0
    0
  208
    1
   23
    0
  159
   15
    0
    0
    0
    0
    8
   24
   60
   12
    0
   22
    0
   30
   59
    5
    0
    0
    0
  125
    0
    0
    0
   20
    0
   56
    0
   56
   15
   66
    5
  103
    0
    3
   18
    0
    7
    0
   85
    0
   13
    0
    0
   21
   98
  195
  125
    0
  245
  161
    0
   15
   65
    0
    0
    0
    0
    0
    0
    0
    0
    0
    0
    0
    0
    0
    0
    0
    0
  128
   16
    4
    0
    2
   10
    5
   35
   30
    5
    0
    0
    0
    0
    6
   11
   59
    3
   55
    0
    0
    0
    0
    0
    0
    0
    0
    0
    0
    0
   40
    5
    0
    0
    0
    0
    0
    0
    7
   28
  139
   10
   40
   15
   35
   50
    0
   25
   84
    0
    0
   24
    0
    0
    0
   30
    0
   10
    0
    0
    0
    0
    0
    1
    2
    0
    1
    4
    0
   51
    5
    0
    0
    0
    3
    3
    1
    0
   53
    0
    0
    3
    2
    1
    8
    2
   82
   50
   26
  154
    0
    0
    0
   18
    0
   22
   25
   20
  322
   78
   12
   13
   80
   70
    0
    0
    2
   60
   18
    0
    0
    0
    0
    0
    0
    0
    0
    0
    0
    0
    0
    0
    0
    0
    0
    0
   12
   92
   15
    0
    0
    0
    2
    5
   10
   12
  216
   20
    2
    0
    0
   13
    0
    0
    6
    3
    2
    0
    0
   13
    0
    0
    1
    7
    0
    0
    0
    0
    0
   13
    5
  233
    5
    5
  137
   53
   53
   52
   46
    2
    2
   15
   85
    0
   47
    7
    0
    0
    0
    0
    0
    0
   85
  109
   59
   13
   24
  102
   41
    8
    0
    0
    0
    1
   75
    0
    0
   11
   45
   45
    0
    0
    0
    8
    4
    0
    6
    0
    0
    0
    0
   23
    8
    1
    1
    0
    0
    1
    7
   53
    0
    0
    6
    0
    7
   79
    0
    0
    0
    0
    0
    0
    0
    0
    0
    0
    6
    1
    0
    0
    0
    0
    0
    0
    0
    0
    0
    0
    1
    0
    0
    0
    0
    0
    0
    0
   21
   13
   31
    0
    0
    0
    0
    0
    0
   42
    0
   25
   51
    5
    7
    0
   10
    0
    0
   63
   52
    0
   16
    0
    0
    0
  112
    0
   59
    0
    0
    0
    0
    0
    0
   15
    0
    0
    0
    0
    5
    8
   97
   32
    0
    0
   61
    0
    0
    0
    0
    0
    0
    0
    0
    0
    0
  240
    0
    0
   15
  101
    0
    0
    0
    1
   33
   -9
   -9
   -9
   -9
   -9
   -9
   -9
   -9
   -9
   -9
   -9
   -9
   -9
   -9
   -9
   -9
   -9
   -9
   -9
   -9
   -9
   -9
   -9
   -9
   -9
   -9
   -9
   -9
   -9
   -9
   -9
    0
   21
  115
    0
    0
   30
   28
    0
    2
    0
    0
    0
    0
   56
   63
    0
    0
    0
    0
    0
    1
   67
   58
    0
   36
    1
    0
    0
    0
    0
    0
    0
    0
    0
    0
    0
    0
    0
    0
    0
  100
    6
    0
    0
    0
   50
   55
    0
    0
    0
    0
    0
    0
    0
    0
    0
  113
    3
    0
   38
    3
  129
    0
    0
    0
    0
    0
    0
    0
    0
    0
    0
    0
    0
    0
    0
    0
    0
    0
    0
    0
    0
    0
   57
   23
    0
    0
    0
    0
    0
    0
    0
    3
    4
    0
   60
   11
    0
    0
    0
    0
    0
    0
    0
    0
    0
   61
    0
   20
   21
   25
  146
    3
    6
   16
    0
    0
    0
    0
    0
    0
    0
    0
    0
    0
    0
    0
    0
    0
    7
    6
    0
    2
   16
    4
   12
   58
   47
    0
    0
   21
   30
   51
    3
   50
    0
    0
    0
    0
   19
    0
    0
    0
   -9
   -9
   -9
   -9
   -9
   -9
   -9
   -9
   -9
   -9
   -9
   -9
   -9
   -9
   -9
   -9
   -9
   -9
   -9
   -9
   -9
   -9
   -9
   -9
   -9
   -9
   -9
   -9
   -9
   -9
   -9
    0
    0
    0
    0
    0
   40
    0
    0
    0
    0
    0
    0
    0
    0
   40
    0
    0
   21
    0
   43
    0
    2
    1
    0
   44
   36
    2
    0
    3
    0
   48
    0
    6
   27
   10
   45
  139
    9
   87
   39
    0
    0
    0
   21
   13
    0
    0
    0
    0
    0
    3
    4
   36
   32
   10
    3
    2
   40
    0
   17
    3
   27
    5
    0
    0
    0
    0
    0
    0
    0
    0
    7
   20
    0
   50
   84
    0
    0
    0
    0
   42
    2
    0
    6
   24
   71
    6
    8
   17
    8
    0
    0
    0
    0
    0
    0
    0
   16
    0
    0
    0
   25
   14
    0
   11
   16
   35
   23
   48
    0
   38
    0
   16
   14
  104
  113
    0
    0
   32
   36
   17
    0
    8
    0
    0
  117
    0
    0
    0
    0
    0
    0
    0
    0
   14
   27
    0
    0
   40
  101
    0
    0
    0
    0
   17
   45
    0
    0
    0
    0
    0
    0
    0
    0
    0
   72
   97
   17
    0
    0
    0
    0
    0
    0
    0
    0
    0
    0
    0
    4
    0
    0
    5
    0
    0
    0
   55
    0
    0
   36
    0
   18
   45
    0
   11
  195
  169
   13
   23
   17
   27
   42
    0
   14
   34
   32
   35
    0
   31
   32
   54
   55
   25
    0
    3
    0
   65
   25
   34
   23
    4
    0
   -9
   -9
   -9
   -9
   -9
   -9
   -9
   -9
   -9
   -9
   -9
   -9
   -9
   -9
   -9
   -9
   -9
   -9
   -9
   -9
   -9
   -9
   -9
   -9
   -9
   -9
   -9
   -9
   -9
   -9
   -9
   -9
   -9
   -9
   -9
   -9
   -9
   -9
   -9
   -9
   -9
   -9
   -9
   -9
   -9
   -9
   -9
   -9
   -9
   -9
   -9
   -9
   -9
   -9
   -9
   -9
   -9
   -9
   -9
   -9
   -9
    0
    0
    0
   68
    3
    0
    3
    2
    0
   36
   51
   11
   30
    2
    0
    0
    0
    0
   16
    2
   42
    0
   41
    0
    0
    0
    0
    0
    0
    0
