Station: Woerlitz , scaling_factor: 10.0, latitude:  51.8443, longitude:  12.4187, altitude:  60, nodata_value: -9
start: ..1969-01-01  end: ..1995-12-31
  135
   47
    0
    0
    0
    0
    0
    0
    0
    0
    0
    0
    0
    0
    0
    0
    0
    1
    0
    0
   12
   90
   11
   36
   81
    1
    7
   13
    0
    0
    0
    0
   22
    4
    0
    0
    0
   11
    2
   18
    3
    0
    0
   14
    0
  185
   57
    5
    0
    0
   35
    0
    0
    0
    0
   21
    0
    0
    0
    0
    0
    0
    0
    0
    0
    0
    0
    0
    0
   59
   23
  111
    5
   38
    9
    1
    0
    0
    0
    0
    0
    2
    0
    0
    0
   11
    3
    0
   17
   95
    2
    2
    0
    0
    0
    0
    0
    0
    0
    0
   58
   49
    1
    2
   70
   37
   40
    1
    1
    0
    6
  103
   23
   34
    0
    6
   60
   13
   65
    4
   28
    0
  315
   36
    0
    0
   11
    0
   11
    9
    0
    0
    0
    0
    0
   28
    0
   30
   29
  142
   20
    1
    0
    0
    1
   92
    0
    0
    0
   25
   18
    1
   22
   42
   13
   10
   48
    0
    0
    0
    0
    8
    0
    0
   33
    3
    0
    0
    0
    6
   10
    0
    0
    0
   46
    3
    2
   12
   28
   87
    0
    0
    0
    0
    0
    0
    0
    0
    7
    3
   25
   50
    0
    0
    0
    0
    0
    0
    0
    0
    0
    0
    0
    0
    0
    0
    0
    0
    0
    0
    0
    0
    0
    0
    0
    0
    0
    0
    0
    0
    0
    0
    0
    0
   26
   63
  155
   48
    0
    0
    0
   36
   25
    4
   14
    0
    1
    2
    4
   10
  215
   43
    0
    0
    0
    0
    0
    0
    0
    0
    0
    0
   23
    0
    0
    0
    0
    0
    0
    0
    0
    0
    0
    4
   11
    0
    0
    0
    0
    1
    0
    0
    2
    0
  104
   18
    0
    0
    0
    0
    0
    0
    0
    1
    0
    0
    0
    0
    0
    0
    0
    0
    0
    0
    0
  184
   16
   34
   14
    1
    0
    7
   20
    2
    0
    0
    0
   39
    0
    0
   79
   27
   93
    2
    0
    3
    0
   10
    1
    0
    0
   18
    0
   11
    0
    6
   12
   53
    0
    2
   24
    4
   67
    0
    0
   22
   84
    0
    0
    5
    3
    8
    0
    0
    0
    0
    0
    3
   61
    5
    2
   35
    5
    2
    0
    0
   18
    7
    2
    2
    0
    2
    6
    2
    0
   23
   49
   40
   13
   90
    0
    0
    1
    0
    0
    0
    0
    0
    0
    0
   31
    0
    0
    1
    0
    0
    0
    0
    1
    0
   34
  106
    6
    2
    0
    0
    0
  132
    3
    2
   21
    2
    0
    6
   56
   20
   12
   39
   12
    0
    0
   12
   14
   15
   34
   20
   10
  166
   34
   16
    0
   10
   31
    4
   64
   42
    6
   61
   94
   12
    0
    0
    0
    0
    0
    0
    0
    0
    2
    2
   24
   12
    8
   38
    0
    0
    0
   20
    2
    0
    1
   37
    2
    0
   18
    6
    2
    9
    0
   24
    8
    2
    0
  154
    6
    4
    0
   16
    0
    2
   61
    6
    0
   16
   27
    3
   11
    0
   11
   37
    0
    0
    1
   64
   56
  107
    6
    1
    0
    0
    0
    0
    0
    0
    0
   31
  117
    4
    0
    0
    0
    0
    0
   31
    2
   15
    4
    2
    0
   16
   51
  132
   34
   11
   35
   16
   10
    0
    3
    3
   23
    0
    0
    0
    0
  139
    1
    0
    0
    0
    0
    0
    0
    0
    0
    0
    0
  115
    4
    5
    0
    0
    0
  276
   76
    0
  120
   78
   19
    1
    0
    0
    0
    0
    0
    8
    1
    0
    0
   61
   16
   17
    7
    0
   51
   19
    0
    0
    0
   13
  114
   13
    2
    0
   39
    0
   57
  146
   13
   48
    0
    0
    0
    0
   56
   42
    8
   11
    0
    0
   12
    0
   37
    3
    0
    0
    3
  327
  287
    0
    0
   17
    0
    0
    0
    0
    0
    0
   31
    0
    0
    5
    3
   16
    0
   56
    0
   38
  136
    2
   23
   12
    0
    2
    0
    0
    0
    0
    7
    0
    0
    2
   10
    0
    0
    0
    0
   70
   42
   79
   37
   57
    2
    0
    0
    0
    1
    0
    0
    0
    0
    0
    0
    3
    0
    0
   22
    0
   45
   50
    3
   68
    1
   37
   28
   47
    1
   82
  114
    0
  159
   58
    3
   84
   45
    0
    1
   60
    8
   54
   19
    0
   50
    0
    0
   17
   67
    1
    0
   56
   11
    0
    0
    0
    0
    6
    0
   77
    0
   49
   24
   51
   45
    5
    0
    7
    0
    1
    4
    0
    0
    0
    4
    0
    0
   10
    0
    2
    1
    9
    4
    3
    0
    0
    6
    0
   64
    0
   35
    1
    3
    0
    0
    0
    0
    0
    0
    0
    0
    0
    0
    0
    0
    0
   24
   33
    0
    0
   22
   18
    0
    0
   96
    0
    3
   22
   23
   47
    0
    0
    0
    0
    0
   43
    7
    2
    2
    3
   12
    0
    0
    0
   39
    4
    0
    0
    0
    0
    0
    1
    0
   38
   27
   21
   10
   17
    7
    2
   27
    1
    5
    0
    7
    0
    0
    0
    0
   11
   12
    0
   43
    1
    0
    0
    0
    0
    0
   51
    0
    0
    0
    0
   13
   25
    2
    0
    0
    0
    3
   26
    0
    0
    0
    0
   18
    6
    0
    0
    0
    0
    0
    0
    0
    0
    0
    1
    1
    0
    0
   34
    0
    0
    0
  154
   18
   33
   13
    0
    3
    0
    0
    0
    0
    0
    0
    0
    0
    0
   31
    0
    0
    0
  156
   34
   23
    0
    0
   73
    0
   61
    0
    0
   55
   54
    0
   60
    0
    7
    2
   16
    2
    0
    0
    0
   79
   23
    0
    0
    3
   42
   72
    0
    1
    0
    0
  154
   22
    5
   65
   22
   23
   12
   47
    0
    0
    0
   93
    2
  353
   57
   21
    0
   64
    0
    0
    0
    0
    0
    0
    0
  120
    0
    0
    0
   29
    0
    0
    0
    0
    0
    0
    2
    0
    0
   37
    0
    0
    0
    7
    0
    0
    0
    0
   12
    2
    0
    0
    0
    5
    0
    0
    0
    4
    0
    0
   14
    0
    1
    0
    0
    0
    0
  117
  178
   21
    0
    0
    8
   52
    0
    0
   91
   19
    0
    0
    0
    0
    0
    0
    0
    0
  100
   12
    2
    2
    0
    0
    0
    0
   16
   75
    0
    0
    0
    0
    4
    7
   76
    0
    2
   87
    1
    0
    0
    0
    0
    0
    0
    0
    0
    0
    0
    0
    0
    0
   76
   32
    0
    0
    2
    0
   21
   76
   12
    0
    0
    0
    0
    0
    0
    0
    0
    0
    0
    0
    0
    0
    0
    0
    0
    0
    9
    0
    6
    0
    1
    3
    1
   11
   35
   45
   41
    0
    0
   59
    0
   31
    5
    3
   17
    0
    0
    0
    0
    0
    0
    0
   16
    0
   13
   18
    3
   93
   43
   87
  123
    4
    0
    0
    0
    0
    0
   37
   49
   28
   49
   62
    0
    0
    0
    2
    3
    0
   20
    0
    0
    0
    3
    0
    1
    0
    0
    0
    0
    0
    0
    0
    0
    0
    0
    0
    0
    0
    0
    0
    0
    0
    0
    0
    0
    0
    1
    1
    0
    1
    0
    0
    0
    0
    0
    0
    0
    0
    0
    0
   35
    2
    0
    0
    0
    0
    0
    0
    0
    0
    0
    0
    0
    0
    0
    6
    4
    1
    0
    0
    1
    0
    0
    0
    0
    0
   32
    0
    0
  231
    0
    0
    0
    0
    0
    0
    0
    0
    0
    0
    0
    0
    0
    0
    0
   22
   54
    1
   24
    1
  129
    0
   31
   13
   23
    9
   23
   22
    0
    0
    4
   14
   21
    0
    0
    0
    6
    4
  112
   87
    0
   32
    2
    0
    0
    1
   18
   37
   21
    0
    0
    0
    0
    9
    1
    0
    0
    0
    0
    7
  115
    4
    0
   57
    0
    0
  164
    0
  116
   24
    0
  112
    0
    0
   15
   48
    5
   31
   63
   12
    4
    0
   84
   41
    0
    0
    0
  142
  265
    0
    0
   35
   51
  174
    3
    0
    0
    0
    0
    0
   22
    0
    0
   70
   29
    0
    0
    0
    0
   20
    0
  223
    0
    0
   16
    0
    0
    0
    0
    0
   60
  131
    0
    0
    0
    0
    0
    0
    0
    0
    0
    0
    0
    0
    0
   24
    0
    0
    0
    0
  233
  271
    2
    4
    0
   46
    0
    5
    0
    0
    0
   75
   24
   68
    0
  219
    0
  181
   39
   67
  187
    0
    0
    0
    0
    0
    0
    3
    0
    0
    0
    0
    0
    0
   16
    0
    0
    0
    0
    0
    0
    0
    0
   86
    3
    1
    2
   26
    0
   38
   21
    1
    0
    0
    0
   42
   46
   15
    9
   49
   20
   16
    0
    0
    0
    0
    0
    0
    0
    0
    0
    0
    0
    0
    0
    0
    0
    0
    0
    0
    0
    0
    5
   49
    9
  109
   28
   19
    0
    8
    1
  154
    0
    0
    0
    0
    0
    1
    0
    8
   18
    0
    0
    0
   27
   34
   85
   41
    0
    4
    0
   23
   16
    2
   34
    8
   10
    3
    9
    0
    0
    0
    0
    0
    0
    1
    0
   22
    0
    0
    0
   16
    0
    0
    1
    2
    0
    0
    0
    0
    0
    0
    0
    1
    0
    0
    0
    0
    0
    0
    0
    0
    0
    0
    0
    0
    0
    0
    6
    0
    2
    1
    8
    3
    1
    0
    1
    0
    0
    0
   44
   12
    0
    0
    1
    1
    9
    0
    0
    0
    0
   38
   56
    3
   14
   11
   28
   11
    2
    0
    0
    0
    0
    4
   25
   16
   21
   18
   40
    3
    0
    0
    0
    0
   23
    6
    1
    2
   38
   27
    4
    4
   20
    0
    0
    0
   20
   52
    2
    2
    0
   23
   32
    0
    0
    3
    1
    0
    0
    0
    0
   14
   11
    7
    1
    0
    0
    0
    0
    0
    0
    0
    0
    0
    0
    0
   28
   70
   27
    1
   24
    6
    4
    0
    0
    2
   29
   16
    0
    0
    0
   11
   40
   24
   44
    0
   14
   42
    0
    0
    0
    0
    0
   12
   16
    1
    9
   58
    1
    0
  128
    1
    6
    2
    0
    2
    0
    0
    0
   53
    0
    0
    0
    0
    0
   11
   67
    0
   43
   79
    2
    1
    0
    0
    0
    0
    3
   33
   43
    0
    0
    1
    7
    0
    7
    0
   17
    0
    0
   47
    0
    0
    0
    2
    0
    0
    0
    0
    0
   92
    0
    0
    0
    0
   50
  198
    0
    0
    0
    0
    0
    0
    0
    0
    0
    0
    0
   13
    5
    0
    0
  177
    2
    0
   16
    2
   13
    0
   18
   29
   44
   25
   50
   77
    4
    0
    0
    0
    0
    0
   12
   29
    0
   11
   89
   62
    0
    0
    0
    0
    0
    0
    0
    0
    0
   37
    1
    0
    0
    0
    0
    0
    0
    0
    0
    0
    0
  105
    2
    7
   33
    3
    0
    0
    0
    0
    0
    0
    0
    0
    0
    0
    0
    0
    0
    0
    0
   45
   76
   22
    0
    2
   67
    3
    0
    0
   32
   11
    3
    0
    0
    0
    0
    0
    0
    0
    0
   13
    2
   91
    4
    0
   21
   50
   92
   17
    1
  109
   89
   80
   36
   55
    0
    0
    0
    0
    0
    0
    1
    0
    0
    0
    0
    0
   34
    8
    5
   18
    0
   48
    1
   35
   20
   57
   26
   13
    0
    0
   13
    2
    0
    0
    0
   26
    3
   37
   38
   15
   32
    0
    1
    5
   53
   15
   10
   24
   94
   17
    0
    0
   18
   22
   64
    1
   19
   20
    2
    0
    0
    0
    0
   17
    0
    0
    6
    0
    1
    3
    0
    0
    0
    1
    8
    0
    0
    0
   43
   68
    0
    1
    0
   18
    0
    0
   51
   14
   32
   24
   95
    2
    0
    0
    3
    0
   23
    0
    0
    0
    2
    1
    0
   18
    0
    0
    0
    0
   18
  197
    4
   43
    8
    0
    0
    0
    0
    0
    0
    0
    0
    2
    3
    0
   29
  139
   48
    0
    1
    0
    0
    0
    0
    0
    0
    0
   20
    0
    2
    0
    0
    0
    0
    0
    0
    0
    0
   27
   38
   70
   11
    2
    0
    0
    0
    0
    0
    0
    0
    0
    0
    0
    0
    0
    0
    0
    0
    0
    0
    0
    0
    0
    0
    0
    0
    0
    0
   68
    8
    0
    0
    0
    0
    0
    0
   10
   37
    0
    0
    0
   27
    1
    0
    0
    0
    1
   19
   44
   29
   10
    0
    0
    0
  178
   27
   10
   37
    0
    1
    0
    0
    0
    4
   99
   33
    8
    0
    2
    0
    0
  148
    3
    0
   30
    4
    0
   22
    0
    0
   10
   21
  110
   38
   14
   44
    7
    2
    2
    0
    0
    1
   17
    8
   13
    0
    1
    3
    0
    1
   73
   65
   91
    0
    8
  114
    1
  183
    0
   20
   23
    0
    0
   41
   29
   52
    0
   10
    0
    0
    0
    0
    0
    0
   20
    0
    0
    1
   78
   47
    1
    0
    0
    0
    0
    1
    0
  101
    0
   79
   21
    0
    0
   27
    2
   16
   35
   27
    0
    0
    0
    0
   59
   14
   30
  328
    0
    0
    0
    0
    0
    0
  114
    0
    0
    0
    0
   32
    1
   95
    5
    2
   17
    1
    0
   53
    0
    0
    0
    8
    0
    0
    0
    0
  128
    0
    0
    0
    2
    1
    5
    0
   32
    0
  102
    8
    0
    0
    0
    9
    0
    5
    0
    4
    0
   34
    4
   13
    3
    0
   13
   22
  177
    5
   15
   54
   22
   71
  335
    0
   17
  114
   29
   42
   30
    2
   10
   31
  232
   12
    0
    0
    1
    0
    0
    0
    1
   11
    0
    1
    0
    0
    0
    4
    0
    3
    0
    0
    8
   33
    2
    8
   56
   13
   22
   23
   37
   22
   31
   28
    3
   51
   22
   95
   81
   74
   11
    3
   26
   72
    0
   21
   14
   67
   44
   12
    0
    0
    0
    0
    0
    3
  105
   53
    6
  110
   26
   53
   45
   56
    0
    0
    0
   37
   38
   58
    2
    0
    6
    0
    0
    0
    0
    0
    0
    0
    1
   24
    0
   14
   44
    8
    0
   35
    0
   18
   37
    2
   11
    1
    2
   11
    0
    0
    0
    0
    0
    0
    0
    0
    2
    6
   17
   13
    0
    0
    0
   10
    1
    0
    0
    0
    0
    0
    0
    0
    0
    0
    0
    7
    0
    0
    0
    0
   25
    0
    0
   74
    0
    7
    0
   55
   23
    7
    0
    0
   15
    0
    0
    0
    0
   44
   46
   49
   33
    1
    0
    0
    0
    2
   34
   33
   20
   71
   73
    0
    3
    0
    0
    9
   17
    7
  159
   27
   11
    1
    0
    0
    4
    0
    0
    0
    0
    0
    0
    0
    4
    0
    0
    0
   42
   22
    0
    0
    0
    0
   12
  137
    0
   87
   30
    0
    0
    0
    0
    0
    9
    0
    0
    0
    0
    0
    0
    0
    2
    0
    0
    0
    0
    0
    0
    0
    8
    2
    0
    0
    0
    2
    1
   63
    0
    0
    0
   17
   78
    2
    0
    1
    0
    2
  204
  128
    4
   34
    0
    0
    0
    0
    0
    0
    0
    0
    0
    0
    0
    0
    0
    0
   64
    0
   44
    0
    0
   18
   13
    0
    0
    0
   29
    0
   10
    0
    0
   18
    1
    0
    0
    0
    0
    0
    2
    0
    0
    0
    0
    0
    0
    0
    0
    0
    0
    0
    0
    0
    0
   11
    0
    3
    0
    0
    2
    0
  338
   17
   74
    5
    0
    0
    0
    0
    0
    0
    0
    0
    0
    4
    0
    0
    7
    0
    0
    0
   63
   32
   14
    1
    0
    0
    0
    0
    0
    0
    1
    0
    0
    0
    0
   28
    8
   14
    8
    3
    4
   22
   28
    5
   24
    2
   27
   10
   96
    1
    0
    6
   28
    1
    0
    0
   34
   12
   47
   10
   57
   37
    0
    0
    1
    2
    3
    1
    0
    0
    0
    0
    0
    0
    3
    0
    0
    0
    0
    0
    0
    0
    0
    0
   31
    0
    0
    0
    0
  102
   50
   73
    0
    0
    0
    0
    0
   14
    0
    8
    0
    0
    2
    1
   22
    1
    5
   19
    0
    0
   15
    0
    1
    1
    0
    0
    0
    1
    0
    0
    8
    0
    0
    0
   40
   22
   59
    0
    0
    0
    0
   18
  138
   50
    7
    0
   38
   18
    0
    0
   56
  115
   19
   76
   95
   82
    6
   14
    2
    6
   27
   58
  102
   50
   43
   14
    1
    0
    0
    0
    0
    0
    0
    0
    0
    0
    0
    0
    0
    0
    0
    0
   21
    5
   29
   34
    5
    1
    0
    0
    0
    0
    0
    0
    0
    0
   29
    0
    0
    0
    0
    6
    2
    0
    0
    0
    0
    2
    0
   15
    0
    0
    0
    0
    0
    0
    0
   25
    1
   27
    1
    0
    2
    1
    0
    0
   52
   19
    1
    0
    3
   26
    0
    0
    0
    0
    0
    0
    0
    1
    0
    0
    0
    0
    0
    0
    0
    0
    0
    0
    0
    0
    0
    0
    0
    6
   16
    0
    0
   22
    0
    0
    9
    0
    0
   41
   18
    0
    0
    0
    0
    0
    0
   23
    0
   68
    0
    0
    0
    0
    0
    3
   59
   72
    0
    0
    7
    0
   23
   50
   16
   46
   21
   24
    0
    0
    0
    0
    0
    0
    0
    0
    0
    0
    0
    8
    0
    0
  101
   62
    0
    0
   23
   22
    0
    0
    0
    0
    0
    0
    0
    0
    0
    0
    0
    0
    0
    0
    0
    0
    0
   14
   18
    0
    0
    0
    2
    3
    0
    0
    5
    0
    0
    2
   71
    1
    0
    0
    2
    0
    0
    0
    0
    0
  140
    1
    7
   61
    1
    1
    0
    0
    0
    0
    0
    0
    0
   51
    0
    0
    0
    0
    0
    1
    0
    0
    0
    0
    0
    0
    0
   32
   10
    0
    9
    0
    0
   25
    0
    1
    0
    0
    0
    0
   90
    0
    0
    0
    0
    2
    1
   31
    0
    9
    0
    0
    0
    0
    0
   41
    0
   12
   44
    4
    0
    0
    0
    0
   56
   11
    1
    4
   11
    0
    0
    0
    0
    0
    9
    2
    0
   33
   99
    0
    0
    0
    0
    0
    0
    0
    0
    0
    0
    0
    0
    0
    0
    6
   16
   22
    0
    0
    0
   96
    0
    0
    0
    8
    0
    1
   23
    8
    1
    0
    0
    7
    0
   21
    2
    5
  102
   14
    0
    0
    0
    6
    5
    0
    4
    0
    0
    0
    1
    0
    2
    0
    0
   13
   14
   11
   15
    4
   46
    0
    0
    0
    0
    0
    0
    0
    8
    1
    0
   11
    2
    0
    0
    0
   44
    0
    3
    0
    0
    9
   13
   35
   30
    1
   19
  126
    0
    0
    0
    0
    0
    1
    3
    1
    0
   38
   17
    7
   22
    0
   23
    0
    0
    0
    0
    0
    0
    8
    0
   15
   19
   27
   56
    0
   15
    0
    0
    4
    0
    0
    0
    4
   24
   12
   90
    0
    0
    0
    0
   28
    9
    5
    0
    0
   47
    3
   36
    0
    0
    0
   12
    0
    0
    0
   74
   83
   16
   13
    0
    0
  111
  234
    0
    0
    0
    0
    0
    0
   20
   79
   16
    0
    0
    0
   22
    0
   41
    0
   36
   14
    2
    0
    0
   32
    6
    1
   45
   56
   21
    0
    0
    0
    0
    0
   33
    3
   80
   15
   13
    0
   22
    1
    2
   98
   34
    0
    0
    0
  113
    0
    0
    0
    0
    2
    0
   28
    0
    0
   71
   49
    0
    0
  111
   33
    1
    0
    0
    0
    0
    0
    0
    0
    0
    0
    1
    0
   43
   29
    2
    5
    0
    2
   66
    0
    0
    0
    0
    0
  132
   47
    0
    0
    0
  156
    2
    0
    0
    0
    0
  137
    0
    0
   28
   68
    0
    0
    0
    0
    0
    0
   10
   12
   19
   14
   31
    0
    0
    0
    0
   81
    0
    3
   67
    0
   18
    0
    0
   11
  152
  108
   13
   12
    0
    0
    0
   28
   43
    0
    1
    8
    0
    0
   11
   66
    0
   76
  163
   40
    0
   20
   37
    0
   18
   26
   48
  156
    0
    0
    0
    0
    1
   61
    0
    0
    0
    0
  219
   76
    1
    0
    0
    0
    6
   22
  198
    0
   92
    6
    0
    0
    2
    2
    0
    0
    0
    0
    0
   26
   19
   22
    0
    0
    0
    0
    2
    0
    0
   35
   13
   23
   45
   48
    1
    0
    0
    0
  100
    0
    0
    0
    0
    0
    0
    0
    0
    1
    0
    0
    0
    0
    0
    0
    0
    0
    0
    0
    0
   98
   41
  142
    4
   43
    0
    0
    0
   75
  108
   43
    0
   74
    0
   44
    0
    0
   21
    5
    0
    0
    0
   48
    3
    8
   13
    6
    7
    0
    2
    2
    0
    6
    0
    0
    0
    1
    0
    0
    0
    0
   14
   94
    0
    6
    1
    0
    0
    0
    0
    0
    0
    0
   17
    3
    2
    9
  114
    7
   27
   73
    2
    1
    8
    9
    3
   20
   15
    0
    0
    3
    4
    0
    0
    0
    0
    0
    0
   18
    2
    0
    0
    0
    0
    0
   13
    7
   15
    0
    0
    3
    2
    4
    0
   24
    9
    1
    0
    0
    0
   14
    2
    0
    9
   19
    0
   26
    0
    0
    0
    0
    0
    0
    0
    0
    2
   21
    0
    0
    0
    0
    0
    6
    0
    6
    7
    0
    1
   81
    0
    2
    0
    3
   63
    0
   11
    8
    1
    5
  103
   22
    6
    1
   77
    4
   33
    1
   28
    0
    2
    0
    0
    0
    0
    8
   16
    0
    0
    0
    0
    0
    0
   27
    0
    0
    0
    2
    0
    0
    0
    0
   28
   11
   33
    0
    0
    0
    6
    0
    0
    0
    0
   64
  132
    0
    0
    0
    0
   30
    7
    0
   30
    6
   23
    2
    4
   44
   17
   13
   63
   15
   22
    0
   14
   23
    0
    3
    0
    0
    0
    0
    0
    0
    0
    1
    0
    0
  121
    0
    0
    0
    6
    0
    0
   23
  104
   39
    0
    0
    0
    0
    0
    0
    0
    0
   12
    0
   41
   21
    4
    0
    0
   83
    0
   68
   19
    9
    0
    0
   26
   98
   60
   39
    0
    0
    0
    0
    0
    0
    0
   44
    7
    6
    1
    0
    0
    0
    0
    0
    0
    0
    0
    0
    0
   18
    1
    0
    8
    0
   15
  293
  485
   31
    2
    0
    0
    1
    0
    9
    2
    1
    0
    0
    0
    0
   36
    0
    0
    0
    2
   44
   11
   94
   53
   54
   35
    7
    0
    0
    0
   78
   94
    0
   27
   27
  156
    5
    0
    5
    0
    0
    0
    0
   52
   48
    5
  208
   49
    0
    9
    0
    0
   10
   46
    7
    0
    1
   47
  126
  137
   10
    0
    0
    0
    0
    0
    0
    0
    0
    0
   44
   11
    1
    0
   18
   10
   88
    2
   18
   56
    0
   13
    8
    3
    0
    1
    0
    0
    1
    1
    0
    1
    0
    0
    0
    0
    0
    0
    9
    0
    0
    0
    0
    0
    0
    0
    0
    0
    0
    0
    9
    0
    0
    1
    3
  112
   63
    4
    0
    0
    0
    0
    0
   78
   17
    1
    8
   17
   28
   44
   33
   17
    0
    0
    0
    7
    0
    0
    0
   26
   59
   10
   38
  100
   64
   72
   51
    2
    0
    1
    0
    0
    0
   32
   28
   58
    0
    7
   61
    2
    7
    2
   33
    1
    0
    0
    0
    1
    0
   52
    3
    0
    0
   17
    3
    3
    0
   13
   15
   47
    0
    5
    0
    0
   16
    1
    0
    0
    1
   84
   61
   42
    0
    9
   90
    0
    0
    0
    0
    0
    1
    0
    0
    0
    0
    0
    2
    0
    1
   80
    0
    0
   39
    1
   21
   21
   61
   11
    8
   38
   13
   64
    6
   53
    1
   33
    0
   11
    6
    0
  127
    0
    0
    0
   24
   51
    8
    2
   19
   20
  193
   59
    0
   55
    0
    0
    0
    0
    0
    0
    0
    0
  113
    4
    0
    0
    1
    0
   63
   33
    0
   13
    0
    0
    0
   32
   38
   13
    0
    1
   12
    3
   10
    0
    0
    0
    0
   32
    0
    0
    0
    0
    0
   11
  113
    0
    0
    9
    0
    0
   58
   58
    0
   73
    0
    0
    0
    0
    0
    0
   74
    0
  118
    2
  124
   26
   10
    0
    0
   65
   38
    0
   31
   56
    0
    0
    0
    0
    0
   18
    0
    1
    0
    0
    0
    0
   36
   13
   35
    0
    0
    0
    0
    0
   26
   13
   14
    0
    0
    0
    0
    0
    3
    3
    0
   68
    3
    0
   14
    4
   22
   23
  108
   48
    2
    1
  145
   53
    5
   42
    4
    0
   60
    0
    0
    0
    6
   62
   64
    0
    0
    0
    0
    0
    0
    0
    0
    0
    0
    8
    0
    0
    7
    0
    0
    0
    1
    0
    0
    0
    0
   17
   68
    0
    0
    0
    0
    0
   96
    0
    0
    0
    0
    0
    0
    0
    0
    1
    0
   26
    3
  107
   21
    0
    0
    0
    2
    0
    0
    0
    0
    0
    0
    0
    1
    0
    0
    0
    0
    0
    0
    0
    0
    0
    8
   19
    0
   20
    0
    0
    0
    0
    0
    0
    0
    0
    0
    0
    0
    0
   42
   11
   14
    0
  150
    9
   57
   60
  156
    1
    0
    0
   11
    0
    9
   93
    2
    0
   13
    0
    0
    3
    0
    0
    1
    0
    9
    3
    2
    0
   15
   41
    0
    0
    0
    1
    0
  137
    8
   84
  114
  191
    0
   28
   76
   39
   17
   20
   27
    0
    0
    0
    0
    0
    0
    1
    0
    0
    0
   66
   69
   43
   25
   17
    0
   18
    0
    7
    6
    0
    1
    2
    0
    0
    0
    0
    0
    0
    0
    0
    0
    0
    9
    0
   15
    2
   45
   29
    0
    1
    3
    4
   42
    2
   31
   74
   48
  124
   34
    0
    4
    0
    3
   21
   23
    0
    0
    0
    1
    0
    0
    0
    0
    0
    0
    0
    0
    0
    0
    0
    7
    3
    2
   14
    7
    3
    0
   17
   29
   14
   12
    0
    0
    0
    0
    0
    0
    0
    0
    0
    0
    0
    0
    0
    0
    0
    0
    0
   24
   41
   17
   14
    0
   93
  364
   38
    0
    0
    0
   12
   12
    2
    3
    0
    0
    0
    0
    0
    0
    0
   19
    1
    5
    0
    3
   80
  234
    1
  141
   93
   10
    0
    0
    0
    0
    0
    0
    0
    0
   13
   98
    0
    0
    0
    0
    0
    0
    0
    0
    0
    0
   10
    0
    0
    0
    1
    0
    0
    0
    1
    2
    4
    3
    0
    0
    0
    0
    0
    2
    0
    0
    0
    0
   24
    6
    0
    0
   78
   10
    0
   24
   32
   64
   32
    0
   32
    0
    1
   54
    5
   54
    2
   39
   61
   36
   98
   29
    0
   13
    0
   11
    2
    0
   11
  619
    0
   56
   82
   55
    0
    0
   10
   54
   18
  101
    0
    0
    0
    0
    0
  115
   25
   42
   28
   20
    0
    0
    0
    0
   27
    0
    0
    3
    0
    0
   24
   68
    0
    0
    0
    0
    0
    0
   43
    3
   79
    0
    0
   11
    0
    0
    0
    0
   35
   12
  237
    0
    0
    0
    0
   32
   36
    0
    0
   13
   32
   23
    0
    9
   42
    1
    0
   58
    0
    0
    0
    0
    0
    0
    0
   37
    0
    0
    0
    4
   20
    4
    0
    0
    3
    0
   22
   48
    0
    0
    0
    0
    4
  178
    4
    0
    0
    2
    2
   32
    0
    0
    0
   48
    2
    0
    4
   54
    1
   18
    0
    0
    0
    0
    0
    1
    0
   56
   71
    0
    0
    0
    3
    0
    0
   46
   64
   45
    1
    2
    2
    5
    0
   23
    0
    0
   28
    0
    2
    8
    7
   12
    0
   24
   28
   31
  103
   19
    1
    0
    0
    9
    0
    0
    9
   94
    2
    3
    0
   44
    0
    0
    0
    5
   84
    0
    2
    0
    0
    0
    0
    0
   60
   16
   83
  102
    5
    3
   26
   11
    0
   13
   18
    0
   16
    0
   58
    3
   16
   24
    4
   98
    4
    0
    0
    0
    0
    9
    0
    0
    0
    0
    0
    0
    0
    0
   14
   20
    5
   49
   21
    0
    0
    3
    4
    0
    0
    0
    0
    3
    0
    1
    1
    3
    0
   33
   57
    0
    0
    0
    0
    0
   10
    7
   30
    1
    7
    1
   63
   30
   82
  132
  160
   75
   14
   21
    9
   54
    0
    2
    0
    0
    0
    0
  111
    0
   51
  108
    0
    0
    0
    0
    0
    0
    0
    0
    5
   11
    0
    0
    2
    0
    0
    0
    0
   15
    0
    0
    0
    0
    6
    3
    0
    0
    8
    0
    0
    0
    0
  223
    6
   56
   78
    1
    0
    2
    5
    0
    0
    0
    0
    0
    0
    0
    0
    0
  112
   61
    0
   11
    0
    0
    0
    0
   58
    0
    6
    0
   62
   51
   23
    3
    0
    0
    0
    0
   64
    3
    0
   37
    3
   27
    2
    0
    8
   34
    0
    2
   13
    0
   18
  101
    0
   23
    0
    0
    0
    1
   18
    0
    0
    0
  207
   27
    3
    8
   93
    0
    0
    0
    0
    0
    0
    0
    0
    0
    1
   14
    0
    1
    0
   23
    0
   11
   13
    0
    0
   51
    5
  191
   20
   17
    0
    0
    0
   38
   12
    0
    0
    0
    0
    0
    0
   18
   74
   55
    0
    0
    0
    0
   11
    1
    0
   38
  123
   91
   28
    2
    0
    2
    1
   12
    0
    0
    0
    0
    0
    0
    0
    0
    0
    0
    0
   16
    3
    0
    0
    5
    0
   18
   11
  105
    0
   12
   28
   18
    8
   31
  121
    0
    0
    0
    2
  249
   93
    0
    0
    1
   10
    0
    0
    0
   39
    0
   34
   20
    0
   27
   78
    4
   37
    0
   23
  121
   23
    2
    2
    5
   33
    0
    0
    0
  218
   15
   55
   35
    8
   10
    0
    0
    6
   43
   54
    0
    0
    0
    2
   61
   23
   26
   30
    0
    0
    2
   23
    3
   21
   43
    0
   33
    8
    0
   66
  128
   10
   38
   14
   20
    2
  163
   94
    6
   39
   27
  170
    8
    1
   58
    0
    0
   64
    0
    3
    0
   22
    9
    0
    0
    1
    0
    4
    1
    2
    0
    0
    2
   24
   23
   13
   30
    2
   32
  108
    4
    1
    0
    0
    0
    0
    0
    0
    0
    0
    0
    0
    0
    0
    0
    1
    2
    0
    3
   17
    6
    1
   29
   98
   51
    0
    0
    0
    0
    0
    0
   10
    0
   34
    0
    0
    0
    0
    0
    0
    0
    0
    0
    0
    0
    0
    0
    0
    0
    0
    0
    0
    0
   38
   22
    7
  103
    0
    0
    0
    0
    0
    0
    9
   21
    3
   10
    0
    0
    1
   58
    0
    0
    0
    0
    0
    0
    0
    0
    0
    0
    0
    0
    0
    0
    0
    5
    0
    0
    0
    1
   31
   10
   23
   13
    7
    2
   28
    0
    0
    0
    0
    0
    0
    0
    0
    0
    0
    0
    0
    0
    0
    0
   71
    7
   14
    2
    0
    0
   26
   73
   33
    0
    0
   41
   42
    0
    0
    0
    0
    0
    0
   23
    0
   13
    0
   91
   70
   12
    0
    0
    0
   92
    0
    0
    0
    0
    0
    0
    0
    0
    0
    0
    0
    0
    0
   22
   20
    0
    1
    1
   76
    0
   21
   19
    0
    0
    5
    0
  103
   19
    0
    3
    0
   29
    1
    0
    0
  122
    1
    0
   38
    0
    0
    0
    0
    0
    0
    0
    0
    0
   41
    0
    0
    0
    0
    0
    0
    0
    0
    0
    1
    0
    0
    0
    0
    0
    0
    0
    0
   32
    1
   30
   34
    0
    0
   51
    0
    0
    0
    0
   59
    0
   36
    1
    6
    0
    0
    0
    2
    3
    3
    2
   11
    0
    0
    0
    2
    0
   38
    0
    0
    8
   22
    0
    0
    0
    0
    0
    0
    0
    0
    0
    0
    0
    0
    0
    0
    3
    0
    0
    0
    0
    3
    0
    0
    0
    0
    0
    0
    0
    0
    2
  125
   48
    0
    0
    0
   11
   18
   51
    6
   22
    0
    2
    0
   32
    0
    0
    0
    2
   12
    0
    0
    0
    0
    0
    0
    0
    0
    0
    0
    0
    0
    0
    0
    0
    0
    0
    0
    4
    0
    0
    0
   65
   68
   38
   22
    2
    0
   48
    0
    0
    0
    0
    6
    9
    1
    0
    0
    0
    0
    0
   45
   29
   35
    1
    0
   68
   47
    0
    0
    0
   46
    8
    0
    1
    5
   56
    0
    0
    0
   28
    0
    0
    7
    3
    0
    0
    0
    3
    1
   68
   38
    6
    0
    7
   31
   24
    1
    0
    0
    0
   48
  114
   73
   10
   26
   11
   29
    0
    0
    0
    0
   42
    0
   35
   60
   33
   38
   47
   15
    2
   16
    0
   21
    0
    0
    1
    0
   60
    3
    2
    0
    0
    0
    0
    0
    0
    8
    1
    0
    0
    0
    0
    0
   30
    3
   26
    0
    0
    0
    0
    0
    1
    0
    0
    0
    0
   13
    0
    0
    1
    8
    0
   15
   41
   23
   25
    8
    2
    0
   27
    0
   67
    0
   51
    4
   13
    0
  142
   92
   14
    3
   23
    3
    1
  114
    0
   38
  178
    3
    1
   33
   22
    0
    0
    0
  193
    0
    0
    0
    0
    0
    0
   22
    0
    0
   20
    0
  151
    0
    2
    2
    0
    0
   55
    6
    4
  102
    6
   16
   18
   48
    0
   67
    5
    0
    0
    0
    0
    1
   67
    2
   52
    0
   81
    1
    5
    0
    0
    1
    0
    0
    0
  103
    0
    0
    0
    0
    0
    0
    0
    6
   11
    2
    0
    0
    0
    0
    0
    0
    0
    0
    0
    0
    0
  125
    0
    2
    0
    0
    0
    0
    0
    0
    0
    0
    0
    0
    0
    0
    0
    0
    0
    0
    0
    0
  293
   78
   12
    0
    0
    0
    0
    0
    0
    0
    0
    3
    0
    0
    2
    0
   82
  743
  294
    3
   11
    0
    0
    0
    0
   24
    0
    0
    0
    0
    0
    0
    0
    0
    0
    0
    0
    0
    0
    0
    0
    0
    0
    0
    0
    0
    0
   75
    0
    0
    0
    0
    4
   35
   60
    0
    0
    2
  118
  156
    1
    0
    0
   67
   29
    6
   24
    0
   12
    0
    0
    0
    0
    0
    0
    0
    2
    5
    0
    0
   22
    2
   62
    5
    4
    9
    0
    0
    2
   16
    0
    0
    8
    7
    0
    0
    0
    0
    0
    0
    0
    0
    0
    0
    0
    8
    0
    0
    0
    0
    0
    0
    0
    0
    0
    0
    0
    0
    0
    0
   55
    2
    3
    4
    5
    6
    6
    0
    1
    8
  102
  135
   75
    8
    4
    4
    0
    0
    0
    0
    0
   40
    0
   53
   85
    7
    9
    0
    0
    0
    0
    1
    0
    0
   13
    0
    0
   31
    6
    8
    9
   16
    0
    4
    0
    0
    1
    3
   10
    0
    0
   20
    0
   55
    3
   31
    0
   53
    1
   40
   93
    7
   23
    0
    0
    0
    0
    0
   13
   23
    0
    0
    0
    0
   40
   15
    5
   13
    0
    4
   94
    9
    8
   60
    2
    2
    8
   17
    1
    0
    1
    0
    0
    0
    0
    0
    0
    0
    0
   24
    0
   23
   29
    0
    0
    0
    0
    0
   23
    0
    0
    0
    1
    0
    1
    2
    0
    0
    0
    0
    0
    0
    0
    0
    0
    0
    0
    0
    0
    0
    0
    0
    0
   29
    0
    6
    0
   34
   54
  203
    9
   76
    0
    0
    0
    4
    0
   21
   27
    0
    0
    0
    0
   22
    0
    0
    0
    0
    0
    0
    0
    0
    0
    0
    0
    2
    0
   48
   13
    0
   25
    0
    4
   86
   26
   27
    0
    2
    5
   11
    0
    0
    0
   14
   10
   11
    0
    0
   38
    0
    6
   34
   13
    0
   33
    0
  154
    0
   37
    0
    0
    0
   57
   17
   57
   21
    0
    1
    0
    0
    0
   19
   78
    2
    0
    1
    0
    0
    0
   25
   94
    3
    0
   45
    5
    0
    0
    0
   45
    0
   16
   35
    1
    0
    0
    0
    0
    0
    0
    2
    6
    7
   14
   75
   57
   32
  102
   16
    6
    0
    0
    0
    0
    0
    0
   12
   19
    0
    0
    0
   93
    3
    0
  167
   95
    0
    0
    0
   44
   32
    2
    3
    0
    0
    0
    0
    0
    0
    0
    0
    0
    0
    0
    0
  121
    0
    0
    0
    0
    0
    0
    8
    0
    0
   11
    8
  208
   13
   38
   98
    7
   33
    2
    0
    0
   53
    0
    0
    0
    0
    0
   10
    8
    0
    9
    2
   27
   39
    0
    0
   54
    0
   43
    0
    0
    2
    0
   26
   12
   91
    1
    5
    7
    0
    9
    0
    0
    0
    1
    0
   35
    0
  147
    7
    0
   11
   53
    6
    0
    0
    0
    0
    0
    0
    0
    0
    0
    0
    0
    0
    0
    0
    0
    0
    0
    0
    3
    0
   16
    0
    0
    8
   24
  181
   24
    3
    8
    4
    0
    0
    0
    0
    0
    0
    0
    0
    0
    0
    0
    0
   19
   23
    1
    0
    0
   10
    0
    8
   41
   68
    2
   69
   12
    6
    0
    0
    0
    0
    0
    1
    7
    1
   18
    5
   20
   17
   29
    6
    0
    0
    2
    8
    1
   48
    2
    1
   18
    0
    0
    0
    0
    0
    0
   24
   11
    0
   12
   46
    6
    1
    0
   65
    0
    2
   61
   24
    0
    0
    0
   20
    0
    8
    9
    0
    0
    0
    0
    1
    0
    0
    0
    0
    0
    0
   22
    0
   37
    2
    0
    0
    0
    0
    8
    0
    0
    0
    0
    0
    0
    1
    2
    0
    0
    0
    0
    5
    6
   12
   12
   74
    0
   10
    0
    0
    0
    0
    0
   41
   19
   41
   80
   21
   65
   51
   59
    0
    0
    0
   27
   16
    0
    8
   17
   12
   13
   55
   37
    1
    7
    0
    0
    0
    0
    0
    0
   22
   28
   25
    1
   80
   27
  191
    9
   10
   57
   26
    0
    0
    0
    0
    8
    0
    0
    0
    0
    0
    9
    0
    0
    0
    0
    0
    0
    0
   21
   16
    0
    0
    0
    0
   18
    0
    0
    0
    0
    0
    0
    0
   45
   43
    0
    5
   13
   33
    9
   64
   50
   13
    8
    0
   66
    0
    0
   55
    5
    0
    6
    0
   51
   43
    3
   16
    0
   78
    7
    0
    0
    0
    0
   10
    0
   34
   33
   31
    0
    0
    0
    1
    8
    0
    0
   22
    3
   58
   18
   40
    0
    0
    0
   66
    0
   14
   34
    0
   27
    0
    9
    6
    0
    0
    0
    0
    0
    0
    8
    0
   31
    0
    0
   13
   45
   42
   13
   54
    0
   36
   49
    0
   70
    0
    0
    0
    0
    0
    0
    0
    8
    0
   67
    1
   32
    8
    0
    2
    0
    0
    0
    0
    0
    0
    6
   57
   53
    0
    0
    0
    0
    9
    0
    0
    0
    0
    0
    0
    0
    0
    0
   22
    0
    0
   21
    0
    0
    8
    7
    5
    4
    0
    3
    8
    0
    3
    1
   10
    0
    0
    0
    0
    0
    0
    0
    1
    0
    1
    0
    0
    0
    3
    2
    0
    6
   13
    1
   16
    0
   28
    1
    0
    0
    6
    2
    0
    0
    1
    0
   23
    8
   52
   55
   21
    6
    1
    0
    2
    2
    0
    0
    0
   12
    0
    0
   28
    4
   12
    5
   11
   34
   32
    3
   48
    8
   12
   24
   44
   52
    7
   12
    0
    0
    0
    0
    9
   37
   90
   33
    9
    0
    0
    0
   15
   45
   13
   16
    0
    9
   13
    0
   46
   18
   33
   67
   52
   14
   23
    0
   87
   34
    0
    0
    3
    9
    0
    2
    1
    1
    0
    0
    0
    0
   18
    2
    0
    0
    0
    2
    4
    2
   34
    1
    0
    0
    0
    0
    0
    0
    0
   26
   57
    2
    0
    2
    0
    2
    0
    0
    0
    0
    0
    0
    0
   22
   12
  127
    0
   31
    3
    7
    0
    0
    0
    0
    2
    0
    0
    0
    0
    0
   52
    0
  110
   59
    0
    0
    1
    0
    0
   14
  164
    0
    0
   21
   49
   19
    0
    0
    2
    4
   77
    6
    0
    0
   11
    2
    0
    0
   11
   12
    0
    0
   18
   31
   42
   48
    7
    0
    0
    0
    0
    0
    0
    0
    0
    0
    0
  138
   33
   15
    6
   46
    0
   18
   21
    2
    0
    2
   22
    0
    0
  207
    0
    0
   57
    0
    0
   16
    0
    7
  130
  147
   24
   46
  189
  105
  140
  142
   69
    1
    0
    0
   36
    4
    0
    0
    0
    0
    0
    0
    0
    0
    0
    0
    0
    0
    0
    0
    0
    0
    0
    0
    0
    0
    0
    0
   22
   29
   13
    0
    1
   62
    0
    0
    0
    0
    0
    0
    0
    0
    0
    0
    0
  140
   28
   11
   32
    0
    0
    0
    0
    0
    7
    0
    0
    0
    9
   78
    0
    0
    0
    0
    0
    0
   74
    0
    0
   64
    0
    0
    0
  226
   28
    0
    2
   11
    0
    0
   50
    0
    0
   12
  118
   12
    2
    1
   52
    0
    0
   22
    0
    2
    0
    0
    0
    2
    3
   32
  238
   12
   51
   13
    0
    0
    0
    0
    0
    0
    0
    0
    7
    0
    0
    0
    0
    0
    0
    0
    0
    0
   34
    0
    0
    0
    0
    0
    0
    0
    0
    0
    0
    0
   22
   67
   76
  185
    9
    0
    4
    0
    0
    4
   14
    2
    4
    6
    0
    0
   15
   49
    2
    0
    4
    0
    0
    0
    0
    0
    0
    9
    1
    3
   13
   64
   17
    0
    3
    5
    0
    0
    9
    0
    0
    0
    0
    5
    0
    0
    0
    0
    7
    0
    3
    0
    0
    0
    0
    9
    0
   69
    6
   39
   53
   50
   74
   24
   21
   16
    0
   22
   49
   48
  142
  234
   73
   79
  187
   15
    2
   57
   12
   14
    6
   86
   14
    0
    4
   44
    0
    0
    6
    0
    0
    0
    0
    0
    2
   16
   27
    0
   23
    3
    1
   34
    2
    0
    0
    0
    0
    0
    0
    0
    3
    7
   77
    0
   37
    0
    0
   25
   12
   78
    2
    0
   76
    1
   60
   35
    0
    0
    0
    0
    0
   84
   46
    0
    2
    0
    0
    0
    0
    0
    0
    0
    0
    0
    0
    0
    0
   53
    6
   27
   34
   26
   20
    0
    8
   29
   10
   53
    5
    7
    0
    7
    0
    0
    0
    2
    0
    7
   85
    0
    7
    0
    7
    6
    4
    2
    0
    0
    0
    1
    0
    0
   26
   27
    8
    0
    0
    0
    0
    0
    0
    0
    0
   19
    5
    0
  223
    6
    3
    8
    0
    0
    0
   80
    5
  139
    0
    0
   11
    0
    8
    0
    0
   17
    2
   32
    0
    0
    0
    0
   12
    0
    0
    6
    8
   68
    8
   53
   73
   62
    3
    0
    2
    0
    0
   11
   27
   56
   44
  197
    3
   10
   56
    0
   16
    0
    0
   22
   57
    2
    0
    0
    0
    0
    0
    0
    0
    0
    0
    0
    0
    0
   58
    0
    6
    0
    0
    0
    0
    0
   54
   12
  112
    0
   17
   41
    1
  153
   11
   49
   20
   59
    0
    5
   78
   29
   39
    9
   23
    5
   18
   29
    5
    0
   18
   19
    0
   84
   23
    0
   27
    3
    1
   62
   16
    0
    0
    0
    2
    0
    0
    0
    3
   22
   16
    0
    0
    0
    0
    0
    0
   45
    3
   18
    0
   19
    3
   12
   38
   31
   14
    0
    1
    0
   18
   13
    0
    1
   96
  228
   58
   13
    0
    0
    4
    2
    0
    0
    0
    0
    0
    0
   20
    0
    2
    0
    0
    0
    0
    0
    0
   12
   10
   62
    0
    0
    0
   13
   32
   22
    5
    0
    0
    0
    0
    0
    0
    0
   14
    0
    0
    0
    0
    0
    0
    0
    0
   13
   17
    7
   64
   17
    0
   24
   26
   76
  145
   43
   14
   20
    0
    7
   61
    0
    0
    0
    0
    0
    0
    0
    0
    0
    0
    0
    2
    0
    0
   15
    0
    0
    0
    0
    0
   41
   72
  108
   19
   73
    9
   24
    2
    0
    3
   11
    7
   33
   21
    0
    2
   48
    0
    0
   27
   11
    7
    0
    4
    0
    0
   59
    0
    0
    0
   18
   20
   12
    0
    0
    0
    0
   36
   12
   41
   36
   26
    0
   51
    3
    0
    0
   94
    8
   24
    0
    0
    0
    0
   10
   31
    0
    3
   58
    0
    0
    0
    0
   49
   87
   54
    0
    8
   22
   41
   24
   96
    1
    1
   30
   12
   10
    2
    1
   39
    1
   39
   11
    7
    0
   72
   65
    0
   45
    0
   45
   15
    1
   10
    0
   71
   44
   85
    8
   46
   53
   16
    8
   13
    0
    0
   21
   14
    0
    0
    0
    0
    0
    0
   12
    9
    0
    0
    0
    1
    0
    0
    0
    2
    0
    0
    9
    0
    0
    0
    0
    0
    0
    0
    0
    0
    0
   44
    5
    0
    0
    0
    0
    0
    0
    0
    0
    0
    0
    0
    0
    0
    0
    6
    0
    5
    7
    0
    0
    0
    0
    0
    0
    0
   38
   56
    0
    5
    8
    2
    0
   61
    2
  168
    0
   16
  133
    2
    0
    0
    0
    0
    0
    0
    0
    0
    0
    0
    0
   76
    2
   34
    0
    8
   30
    0
    0
    5
  104
    0
   48
    0
    3
    3
   13
    3
   24
    0
   29
    0
  137
   18
   23
    4
   77
   29
    0
    0
    8
    0
    0
   71
    0
   37
    1
    0
   22
    0
    0
    0
    9
   81
    0
    0
    0
    0
    0
    0
    0
    0
    0
    0
    0
    0
    0
    0
    0
    6
    2
    0
    0
    0
    0
   83
   40
    0
    0
  100
   51
    0
    6
   11
    5
    0
   79
    0
    0
    0
    0
    0
    0
    6
   29
    0
    5
    4
    2
    0
    0
    0
    0
    0
   24
   99
    1
    0
    0
   24
    0
    0
    0
    0
    0
    0
   11
   22
    0
    0
   63
    0
   23
   33
    3
    0
    1
    0
    1
    0
    0
    4
    3
    0
    0
   21
    2
    0
    0
    0
    0
    0
    9
   21
    2
    0
    0
    0
    0
    3
    0
    0
    0
    0
   12
   33
   35
   20
    0
    1
   40
    9
   38
    0
    0
   18
   16
    0
    1
   29
   16
   26
  140
   62
    0
   81
  156
    0
   41
    0
   76
    2
   30
   45
    3
    3
    0
    0
    0
   38
  109
   23
    1
    2
    0
   33
    4
    5
    0
    8
    3
    0
    0
    1
   46
    0
    0
   17
   14
    4
   35
   18
    1
   25
    0
    0
    0
    0
    0
    0
    1
    0
    0
    0
    0
    0
    0
    0
    0
    0
    0
    0
    0
    0
    1
    3
    5
    0
    0
   17
    0
    0
    0
    0
    0
    0
   48
   18
   12
    3
    5
    2
   56
  103
   28
    0
    0
    0
    0
   27
    8
    4
    0
   11
    9
    2
   17
    0
    0
    0
   15
    0
    3
   10
    3
    0
    0
   24
   41
   30
    0
    0
    0
    4
   14
    2
   56
    0
    0
    0
    0
    0
    0
    4
    0
    0
    0
    0
  123
    0
    0
    7
    1
    0
    0
   19
    0
    5
    6
   38
    0
   16
   61
   17
   20
  119
    8
    0
    0
    0
   13
   49
    0
    0
    0
    0
    0
    0
    0
    0
    0
    0
    0
   16
   56
   18
    0
    0
    0
    0
    0
    0
    0
    0
    0
    0
    0
    0
    0
    0
    0
    0
    0
  150
    0
    0
   21
   37
   29
    0
    0
   14
    0
    0
    0
   54
    0
    0
    0
    0
    0
    0
    0
    0
    0
    0
    4
    0
    0
    0
    0
   88
    0
    2
   37
   73
   77
    0
    0
    0
    0
    0
   37
    0
    0
    0
    0
    0
    8
    2
    8
    2
   86
    0
    0
    0
    0
    4
   24
  116
   72
    0
    0
    0
   56
    6
    0
    4
   14
    4
    0
    0
   22
    4
    0
    0
    0
    0
    0
    0
    0
    0
    0
    0
    0
    0
    0
   28
    0
    0
    5
    0
  128
  135
    2
    0
    0
    0
    0
    0
    0
    0
    0
    0
    0
    0
    0
    0
    0
   22
   25
   16
   10
    0
    0
    8
    0
    0
    0
    0
    0
    0
   50
    6
    0
    0
    3
    0
    0
    0
    0
    0
   59
   25
   44
    4
   13
    9
   23
    0
   21
    4
    0
    0
    0
    0
   24
    0
    0
    0
    0
    0
    0
    0
    0
   22
  191
    4
  123
   13
   75
    0
    0
  159
   44
   28
    0
    0
    0
    0
    0
    0
    0
    0
    0
    0
    0
    0
   77
    8
   23
   10
  104
   54
   34
    0
    0
    0
    0
    0
    0
    0
    4
   29
    0
    7
    4
    0
    4
   44
   77
   49
   34
   45
    6
    0
    0
   67
    0
  186
    0
   12
    0
    0
    0
    0
    0
    0
    0
    0
    0
    0
    9
   24
    0
    0
    0
    4
    3
    0
    0
    0
    0
    4
    9
    5
    0
    0
    3
   26
    0
   23
   14
   27
    4
    0
    0
    0
    0
    0
    0
    2
    2
    0
    0
    0
    0
   11
    0
   86
   13
   12
   72
   21
   94
    1
    0
   12
    0
    0
    0
    0
    0
    0
   42
   43
   41
  101
   24
   20
    4
    2
    0
   16
    1
    0
   27
   50
    0
    0
    0
    1
    0
    0
    0
    0
    0
   22
    0
   34
    0
    0
    0
    4
    0
    0
    0
    0
    0
    0
   11
   32
    0
    0
    0
    0
    0
    0
   22
   44
    0
    0
   53
   14
    0
    0
    0
   45
    5
   24
    0
   74
   12
    4
    6
   33
    0
    0
    0
    0
    0
    0
    0
    0
    0
    0
   30
    6
   23
    4
    0
    0
    0
    0
   27
    3
    2
    0
    0
    0
    0
    0
    0
    0
    0
    0
    0
    1
    0
    0
    0
   90
   16
   71
    0
    0
   42
  194
  173
  263
   14
    0
    1
    0
    0
    0
    0
   18
    0
   31
    3
   15
    3
    1
    0
    0
    0
   33
  114
   17
    0
    0
   43
    0
   44
    8
    0
    0
    5
   50
    0
    0
    0
    0
    0
    5
    1
    0
    0
    0
    0
    0
    0
    0
    0
    0
    0
    0
    0
    0
    0
    0
    0
    0
    0
   21
    0
    0
    0
   32
   37
    0
   97
    0
    7
    4
   39
    2
   67
    1
  107
   96
    2
    1
    0
    0
    0
    0
    0
    0
    0
  187
   34
   11
   50
   78
   35
   18
    1
   39
   20
   86
    1
    0
    0
    0
    0
    0
   23
    4
    2
    1
   42
    2
    0
   25
    0
    4
   11
    0
   37
   52
    3
    0
    0
   22
    1
    0
    0
    1
    0
    0
    0
    0
    0
    0
    0
    0
    0
    0
    1
    0
    0
    0
    0
    0
    0
    0
    0
   40
   29
   57
    0
   11
    8
    4
    2
    0
   12
    0
    0
    0
    0
    7
   27
    0
   37
   10
   27
  241
   10
    8
   40
    0
    7
   93
    0
    4
   10
    0
    0
   51
    7
    0
    4
    7
   74
    0
    0
    0
    0
    0
   56
   86
   45
    2
    7
    0
    4
    1
    0
   11
   59
   14
    8
    3
    0
    0
    5
    5
    7
  130
    0
   34
   16
   67
   24
   13
    2
    0
    0
    0
    0
   37
   21
    0
    0
    0
    0
    0
    0
    0
    0
    9
   13
    0
    0
    2
    0
    1
    0
    2
    0
    0
    0
    0
    0
    0
    0
    4
    0
    2
   12
   50
   66
    1
    1
    8
    3
   81
    1
    0
    0
    0
    0
    0
   11
   32
    0
    0
    0
    0
    0
    0
   16
    1
    0
    0
    0
    0
    0
    0
    0
    0
    0
    0
    0
   12
    0
    0
    0
  159
   55
  172
    0
    0
    9
    0
    0
    0
    0
    0
    0
    0
   56
   13
    0
   20
    0
    0
    3
   14
    0
    0
    0
    0
    0
    0
    0
    6
   13
    2
   48
    1
    0
   15
    0
   23
   19
   40
    0
    0
    2
   49
   10
   22
    5
    0
    0
   94
    0
    8
   29
   12
   14
    0
    5
   31
   79
    8
    9
    0
    0
    0
    0
    0
   32
    3
   19
    5
    0
    0
    0
    0
    0
    0
    0
   46
   45
    0
    0
    3
   27
    6
   20
    3
   67
   25
    0
    0
    1
  151
   19
    6
    0
    0
   61
    9
    5
    0
   13
   86
  214
    1
    1
    0
    0
    0
    0
    0
    0
    0
    0
    0
    0
    0
    0
   12
   18
    0
    0
    0
    2
    0
    9
    0
    0
    0
   21
    1
    5
    0
    0
    0
    0
    0
   11
   22
    0
    0
    0
    0
    3
   15
    0
    3
   20
    0
    0
    0
    0
    0
   30
    7
    5
   40
    0
    0
   18
    1
    0
    0
    0
    0
    7
    0
    0
    0
    0
    0
    0
    3
    0
    0
    0
    0
    0
    2
    0
    0
    0
    0
   40
    0
    0
    0
    0
    0
   57
    0
    0
    0
    3
    2
    0
    1
   13
    8
   53
    0
    0
    0
    0
    0
    0
    0
    0
    0
    3
    7
    0
    0
    7
   34
    3
   10
    0
    0
   11
    0
   26
    0
    0
    0
    0
    0
    0
    0
    0
   27
   38
    0
   23
   72
  148
  173
   12
    0
   98
    0
   13
    2
    0
    0
    0
    0
    0
    0
    0
   15
   44
    0
    0
    0
    0
    0
    2
    1
    0
    0
    0
   12
    1
    0
    1
    4
    0
    0
    0
    0
    0
    0
    0
    0
  121
   82
  182
    0
   42
  104
   34
   14
    1
  133
    9
    0
    4
    0
    0
    0
    0
    0
    9
  159
   87
    0
   23
   32
    0
    0
    2
   12
   28
    0
    5
    4
   31
  153
    0
    0
    0
    0
    0
    0
   10
    0
    0
    6
    0
    6
    0
    2
    3
    2
  106
   18
    0
    0
    0
   17
    6
   12
   42
   31
   33
    7
    1
    0
   19
    0
   16
   56
    5
    0
    0
    0
    0
    0
    0
    0
   11
    0
    0
    0
   92
    0
    0
    0
   21
   11
  131
  240
   14
    3
    0
    0
    0
    3
   34
   64
   48
    0
   49
   91
    0
   15
   40
    0
    0
    0
   57
    0
   26
    0
    0
    2
    0
    0
    0
    0
    0
    7
    1
   15
    3
   35
    7
   19
    1
    0
    0
    0
    1
    0
    1
   25
    2
   14
    4
    0
    1
   57
    0
    0
    0
    3
    7
   41
   67
   77
   86
    0
    0
    0
    0
    0
    0
    0
    0
    0
    0
    3
    0
    0
    0
    0
    0
    0
    0
    0
    0
    0
    0
  237
    3
    0
    1
    0
   31
    0
    4
   59
    0
    0
    0
    0
    0
    0
   43
    0
    0
    0
    0
    0
    0
    0
    0
    0
    0
    0
    0
    0
    0
    0
   45
  147
   94
    0
    0
    0
   13
   30
    0
   41
   58
    0
    0
   47
    0
    0
    0
  211
  113
    0
    0
   93
    0
   21
    0
    0
    0
    0
    0
    0
    0
    0
    0
    0
    0
    0
    0
    0
    0
    5
   48
   49
    0
    0
   10
    0
    0
  141
    0
    0
   23
   14
    1
   22
    2
   27
    0
    0
  317
   42
   35
    0
    6
   57
    0
   33
    5
    0
    0
    0
    0
    0
   43
    0
    0
    0
    0
    0
    0
    0
    0
   27
   46
    0
    2
    1
    0
    0
    0
    0
    0
    0
   25
   84
    3
   12
    0
   11
    0
    3
    0
    0
   17
   22
    0
    0
    0
    0
    0
    0
   53
   25
   24
  108
   74
   50
   28
   21
    0
    0
    0
   31
   17
    8
   15
    0
   10
    0
    0
    2
   50
    1
   21
   36
   33
    4
   22
   37
    0
    0
   53
   32
   40
   34
   67
   13
   43
   22
    0
    0
    0
   24
    0
   73
    0
    0
    2
    0
    1
    2
  204
    7
   57
    1
    0
    0
    0
    0
   17
   84
    9
    1
    2
    0
    0
    0
    0
    0
    0
    0
    0
    0
    0
    0
    0
   14
   62
   15
    3
    2
    0
   56
  137
    7
    5
    1
    0
    0
    0
    7
   14
    2
   91
    2
   53
    6
   13
    7
    0
    0
    0
    0
    0
    0
    0
    0
   31
   34
    0
    4
    2
    0
    0
    0
    0
    0
    2
   81
    6
    4
   34
   70
   21
   14
    3
    4
    2
    0
    5
    0
    0
    0
    4
    0
   17
   10
    0
    0
    0
    0
    0
    0
    0
   16
    0
    4
    2
    8
    0
    0
    0
   21
    6
    0
    9
    0
    4
    0
    0
    0
    0
    0
    0
    0
    0
   24
   20
   13
    0
    0
    0
    0
    0
    0
    0
    0
    0
    0
   84
   16
    0
    0
    0
    0
    0
    0
    0
    0
    0
    0
    0
    0
   19
    0
    0
    3
    0
    0
    1
   67
    0
    0
    0
   12
    0
    0
    0
    0
    0
    0
   77
  303
   23
    2
    0
    0
  235
   40
   23
    0
   42
   44
    0
   78
  161
    0
    0
    0
    0
    0
    0
    0
   97
  164
   67
    2
    0
   33
   10
   34
   75
   38
    0
    0
   93
    1
    1
    3
   40
    3
    0
    0
    0
    0
    0
    0
  229
    0
    2
    0
    0
   38
    0
    1
   10
   42
   33
   39
    8
    1
   20
    0
    6
   45
   69
    0
    0
    9
  103
   32
    0
   10
   57
    0
    0
    0
    0
   26
    0
    0
   15
   51
  118
    0
    0
    0
    0
    0
    0
    0
    0
    0
    2
    4
   34
    0
    0
    0
    0
    0
    0
    0
   20
   38
    0
   30
   42
   32
   31
    0
    0
   24
    4
    0
  169
   50
  136
    0
   51
   20
    9
    0
    0
    0
   24
    0
    0
    0
    0
    0
    0
    0
    0
    0
    0
   12
    2
    0
    0
    5
    0
   16
    3
   22
    0
    0
   15
   50
   17
    2
    0
    0
    0
   20
    1
    0
   43
    1
    0
    0
    0
    0
    0
    0
    0
    0
    0
    2
    2
    1
   23
    8
   10
    3
    0
   17
    0
    0
  113
    7
    3
    0
    0
    8
    2
   10
   87
    0
    0
    0
    0
    0
   18
    0
    0
    0
   45
    0
    0
    0
    0
   41
  111
   16
   42
   15
   36
  104
    6
    0
    0
    1
    1
   55
   46
   90
   34
   12
   13
  135
   45
    0
    0
   63
   22
   81
   13
   84
   68
    2
   24
    3
    3
    0
    0
    0
    3
   57
   49
    0
    2
    2
    0
    0
    6
    3
    0
    0
   55
    1
  104
   28
   48
   30
   11
   29
    6
    2
    0
    0
    0
    0
    0
    3
    5
    1
    6
    2
   11
    1
    0
    0
    0
    0
    0
    0
    0
   20
   42
    0
    4
    0
    0
    0
    5
   67
   36
   53
    0
   26
    0
   63
    0
    0
   18
    0
   67
   76
   63
  176
   79
    2
  101
   46
   42
    9
   25
    9
    2
   83
    3
    0
    5
    4
    0
   11
    2
    6
    0
   85
    0
    0
    0
    0
    9
  104
  192
  422
   54
   16
    0
    0
    1
    0
    0
    0
    0
    0
    0
    0
    0
    0
    0
    0
    0
   11
    0
    0
    0
   44
  155
    0
    0
    0
    0
    0
    0
    1
    0
    0
   12
   79
    0
  304
  430
   31
   13
    6
   89
   98
    3
   88
    9
    0
    0
    0
    0
    0
   59
    0
    0
  121
    0
    0
    1
    9
   22
    2
    0
    0
    0
    0
   33
    0
    0
    0
    0
    0
    0
    0
    0
    0
    0
    0
    0
    0
    0
    0
    0
    0
   39
    0
    0
  157
   29
    3
    0
    0
    0
    0
    0
    0
    0
    0
    0
    0
    0
    0
    0
    0
    0
    0
    2
    0
    0
    0
    0
    0
   96
    0
    0
    0
    3
    0
    9
    0
    0
   38
  268
    0
  229
    3
    0
    0
   85
  222
    6
    0
    0
    0
    8
    6
  178
    0
   57
   98
    0
    0
    3
    0
   12
    1
    0
   62
  112
   12
  251
   26
   64
    0
   10
    0
   32
  156
    8
    0
    6
   21
    0
    0
    0
    0
    0
    0
    0
    0
    0
    0
    0
    6
    6
   57
    1
   16
    0
    0
    0
    0
    0
    0
    0
    0
    0
    0
    1
    0
    0
    0
    0
    0
    9
    8
    0
    7
    0
   31
    1
   88
   63
   36
    0
    0
    0
    0
    0
    3
    9
    2
    0
    0
    1
    0
   20
   66
    0
   22
  130
    0
   31
    0
    0
    1
    0
    3
   36
   25
    1
    1
    0
    0
    0
    0
   28
    4
    9
    0
    1
   74
   12
   62
    0
   56
   40
    0
    0
   27
    0
    0
    0
    2
    0
    0
    0
    0
    0
   68
   36
   24
   38
    3
   14
   30
   17
    0
    0
    0
    0
    5
   15
  103
    3
    8
    6
    0
    2
   21
    0
    0
   57
   32
   38
   23
   38
    4
    7
   27
   80
   58
    8
  106
    1
    0
   13
    8
    0
   37
    0
    1
   80
   97
    4
   49
   43
    2
   39
    0
   53
   14
    0
   19
   34
    3
   44
    0
    0
    3
   30
    0
   39
    0
    0
    5
    1
    0
    0
    1
   13
    0
    2
    0
    0
    0
    0
    0
    5
   29
   63
   12
   14
   10
    3
    0
    0
    0
   34
   66
   49
   59
   28
    0
   71
   20
    0
    0
    0
    1
    1
   17
    4
   21
   41
   58
    6
    0
    0
   31
    0
   96
   43
   85
    2
    0
    0
    0
    0
   19
   28
    0
    0
    0
    0
    0
    0
    0
    0
    0
    0
    0
   28
   28
   57
    0
   22
   35
    0
    0
    8
   53
  126
    0
    0
    0
    0
    0
    0
    0
    0
    0
    0
   81
   42
   36
  156
  136
    0
    0
    0
  108
   70
    0
    0
    0
   35
   29
   74
    0
    0
   14
   37
   15
    0
    0
   28
   30
    1
    9
    0
    0
    0
    0
    0
    0
    0
  108
    0
    0
    0
    0
    0
    0
    0
    0
    0
   18
    0
   59
    3
  102
    0
   24
    0
    0
    0
   11
    0
    0
    0
    0
    0
    0
    0
    0
    0
    0
    0
    0
    0
    0
    0
    0
    0
    0
    0
    0
    0
  102
   20
    1
    0
    0
    0
    0
    0
    0
    0
    0
    1
   39
   34
   17
   45
    0
    0
  255
   63
    0
    2
   30
    0
    0
    8
   38
    1
    0
    5
   37
   74
    0
    0
    0
    0
    0
  119
   74
    0
    0
    0
    0
    0
  135
  105
    0
   48
   35
   23
    0
    7
    4
    4
    0
    0
    0
    0
    0
    2
    1
    0
    0
    0
    0
    0
   10
    0
    6
    0
    0
    0
    0
    3
    0
   10
    0
    0
    0
   13
   29
   53
   90
   15
    0
   85
    9
   26
    5
    0
    0
    0
    0
    0
   51
   22
    0
   49
   64
    0
    0
    3
    0
    0
    0
    0
    0
    5
    1
    0
    0
    0
    0
    4
    1
    8
   17
    0
    0
    0
   16
    0
    2
    0
    0
    1
    2
   11
    2
   38
    0
  143
   67
    7
    0
    0
    0
    0
    0
    0
    0
