Station: Wuerchwitz , scaling_factor: 10.0, latitude:  51.0182, longitude:  12.2291, altitude:  200, nodata_value: -9
start: ..1969-01-01  end: ..2002-12-31
  179
   55
   10
    0
    0
    0
    0
    0
    8
    0
    0
    0
   10
    0
    5
    0
    0
    1
    0
    0
   21
   80
   11
   35
   63
    0
   13
    2
    5
    0
   30
    0
   24
    3
    5
    0
    0
   18
    0
    2
    7
    0
   15
   10
    3
  221
   20
    0
    0
    0
   10
    0
    0
    0
    5
   42
    0
    0
    0
    0
    0
    0
    0
    0
    0
    0
    0
    0
    0
   48
   63
   87
    5
  115
    2
    0
    0
    0
    0
    0
    2
    4
    0
   28
   10
    3
   28
    1
    1
   24
   32
    6
    0
    0
    0
    0
    0
    0
    0
    0
   54
   63
    1
    2
   37
   62
   28
   24
    3
    0
    2
   36
   81
   17
    0
    2
   55
   15
   58
    6
    2
    1
  180
   31
    0
   66
   69
    0
   59
    2
    0
    0
    0
    0
    0
   19
    0
    1
   11
    1
    2
    0
    0
    0
   15
  132
    0
   17
    1
  110
   39
   32
   10
   53
    8
  148
   48
    0
    0
    0
    0
    0
    0
    0
   15
    0
    0
    0
   14
  289
   24
    0
    0
    0
  144
   25
    5
   35
   21
   57
    0
    0
    0
    0
    0
   11
    0
    0
    0
   11
   18
  138
    2
   14
    0
    0
    0
    0
    0
    0
    0
    0
    0
    0
    0
    0
    0
    0
    0
    0
   25
   15
    0
    0
    0
    0
    0
   41
    0
    0
    0
    0
    0
   15
  183
   45
    4
   12
   12
    0
    0
   42
    2
    0
    0
    0
    0
    3
   21
   65
   23
  112
    0
    0
    0
    0
    0
    0
    0
    0
    0
    0
    0
    0
    0
    0
    0
    1
  125
   28
    0
    0
    0
    0
   15
    0
    0
    0
    0
   41
    0
    0
    0
   14
   40
   14
    0
    0
    0
    0
    0
    0
    0
    0
    0
    0
    0
    0
    0
    0
    0
    0
    0
    0
    0
   57
    6
    0
    0
    0
    0
    0
    3
   15
    0
    0
    0
   31
    0
    0
   18
   22
   21
    2
    0
    0
    0
    0
    5
    0
    0
    0
    0
    0
    0
    0
    0
   80
   47
   23
    0
    0
    1
    2
    2
    2
   67
    0
    1
    0
    3
    6
    0
    0
    0
    0
    0
    0
   58
    8
   17
   57
    1
    0
    0
    0
    0
    0
    0
    0
    0
    0
   50
   11
    2
    2
    6
   11
   35
   98
    0
    3
    0
    0
    0
    0
    0
    0
    0
    0
   32
    0
    0
    0
    0
    0
    0
    0
    0
    0
    0
   43
   57
    3
    0
    0
    0
  124
    0
    0
   17
   18
    0
    6
   25
   33
    0
    3
    2
    0
    0
   11
   12
   32
   14
   26
   81
  116
  144
   49
    0
   16
   24
   11
   32
   42
   15
   60
  215
    6
    0
    0
    0
    0
    0
    0
    0
    0
    4
    7
   16
   16
    5
   20
    0
    0
    0
    0
   18
    0
    8
   45
    0
    0
   54
   10
    6
    6
   20
    3
    0
    8
    2
  153
    0
   38
   13
  125
    0
    0
   54
    0
    1
   78
   20
    0
    0
   14
   68
   20
   24
   35
    0
   34
   28
   95
    1
   19
    0
    0
    0
    0
    0
    0
   22
   65
  124
    0
    0
   45
    5
    0
    0
   29
   12
   20
    8
    3
    0
   10
   36
  251
   18
   10
   47
   17
    3
    0
    0
   83
   20
    0
    0
    0
    0
    0
    6
    0
    0
    0
    0
   17
    0
    0
    0
    0
    0
    0
   15
    6
    0
    0
    0
  132
   66
    0
    8
   35
   10
    0
    0
    0
    0
    0
  107
    0
    0
    0
    0
   11
    0
   35
    8
    0
    0
   35
    4
    0
    0
   80
   37
   28
    3
    0
  176
    0
  383
  341
  100
   42
    0
   72
    0
    0
   68
   44
    3
    0
    0
    0
  368
   25
    7
    0
    0
    0
  227
  252
   45
   12
   54
   74
    0
    0
    0
    0
    0
    0
    1
    0
    0
   27
    0
    0
    0
    0
    0
   30
   67
   10
    3
    0
    0
    6
    0
    0
    0
    0
   30
    0
    0
    0
    2
    0
    0
    0
    0
   45
   52
  114
   76
   31
    0
    0
    0
    0
    0
    0
    0
    0
   22
    0
    0
    0
    0
    0
   22
   24
   61
   76
   23
   92
    0
   28
    0
   78
    0
    0
    0
    0
   90
    7
    7
   36
    4
    0
    0
   10
   40
    4
    5
    0
   37
    0
    0
    3
   18
    0
    0
  111
   55
    0
    0
    0
    0
    0
    0
   12
    0
   44
   40
    6
   42
    0
    0
    6
    0
    0
    0
    0
    0
    0
   20
    0
    0
    0
    0
    0
    0
   30
   34
   76
    0
    0
    0
   16
   20
   50
  126
    2
    3
   12
    0
    0
    0
    0
    0
    0
    0
    0
    0
    0
    0
    0
   20
    2
    0
    0
    3
    0
    0
    0
   30
    0
    0
   25
    2
    0
    0
    0
    0
   11
    0
   43
    6
    0
    0
   13
   15
    0
    0
    0
    0
   36
    0
    0
    0
    3
    0
   55
    0
   30
   36
   21
   20
   48
   10
   18
   24
    3
    0
    0
   37
    3
    0
    0
    0
   10
   12
    0
    1
    0
    0
    0
    5
    0
    0
    0
    0
    0
    5
    0
    3
   10
    0
    0
    0
    0
    0
    0
    0
    0
    0
    0
    0
    0
    0
    0
    0
    0
    0
    0
    0
    0
    0
    0
   70
    0
    0
   77
    0
    0
   25
  166
   44
   43
   15
    0
    0
    0
    0
    0
    0
    0
    0
    0
    0
    0
   26
    0
    0
    0
    0
   28
   15
    0
    0
   71
    0
  114
    0
    0
   53
   18
    0
   49
    0
    0
    0
    0
    0
   71
    0
    0
   22
    0
  406
   19
   17
  137
   75
   10
   71
   29
    0
   13
   77
   24
   51
  101
   39
    0
   10
    0
    0
    0
   29
   11
   35
   13
   27
    8
   31
    0
    0
    0
    0
    0
    0
    0
    0
    0
    0
    0
    5
    0
    0
    0
    0
    0
    0
    0
    0
    0
   38
    0
    0
    0
  161
    0
    0
    0
    0
    0
    0
    0
   19
    0
   28
    0
    0
    0
    0
    0
    0
  117
    0
    0
    0
    0
    0
    0
   75
   82
   80
    0
    5
   20
    0
    0
    0
   13
   28
    0
    0
    0
    0
    0
    0
    0
    0
  141
   78
    0
   11
    0
    6
    0
    0
    0
   74
    0
    0
    0
    0
   29
    0
    0
    0
    0
    8
   18
    0
    0
    0
    0
    0
    0
    0
    0
    0
    0
    0
    0
    0
  137
  135
    0
    0
    0
    0
    0
   17
   26
    0
    0
    0
    0
    0
    0
    0
    0
    0
    0
    0
    0
    0
    0
    0
    0
    0
    0
    0
  102
    0
    2
    0
   14
   15
   20
   40
  300
    7
    0
   15
    0
   28
    2
    2
    0
    0
    0
    0
    0
    0
    0
    0
    0
   19
    8
   29
   10
   56
   21
   18
   13
    0
    0
    0
    0
    0
    0
   29
   64
    1
   30
    5
    0
    0
    0
    0
   33
    0
   22
    0
    0
    0
   13
    0
    0
    0
    0
   15
   11
    0
    0
    0
    0
    0
    0
    0
    0
    0
    0
    0
    2
    0
    0
    0
    0
    0
   26
    3
    5
    0
    0
    0
    0
    0
    0
    0
    0
    0
    0
    0
   32
    0
    0
    0
    0
    0
    0
    0
    0
    0
    0
    0
    0
    0
    0
    5
    5
    0
    0
    0
    0
    0
    0
    0
    0
    0
   76
    0
    0
  230
    0
    0
    0
    0
    0
    0
    0
    0
    0
    0
    0
    0
    0
    0
    0
    0
  128
   16
   10
    0
   66
   39
   76
   33
   51
    0
   27
    7
   14
    0
    0
   26
    0
    0
    0
   26
    2
    0
   45
   36
    0
   16
   21
    0
    0
    0
   32
    0
    0
    0
    0
    0
    0
   31
    0
    0
    0
   22
    0
   42
  121
   57
   36
   12
    0
   23
  158
    0
   91
   11
    0
   32
    0
    0
   12
    0
   25
   28
   52
   41
    3
    0
    8
    0
    0
    0
    0
   41
   41
    0
    0
    6
  120
  222
    0
    0
   11
   11
    0
    0
    4
    0
    0
    5
   53
    0
    0
    0
    0
    6
    5
  114
    0
    0
   30
    0
    0
    0
    0
    0
   64
  119
    0
    0
    0
    0
    2
    0
    0
    0
    0
    0
    0
  150
    0
    6
   10
   24
    0
    0
  220
  344
    3
    0
    0
   15
    0
   13
    0
    0
    0
    0
    0
   84
    0
    0
    0
  330
   10
   41
   95
    0
    0
   14
    0
    0
    5
    0
    0
    0
    0
    0
    0
    8
   50
    5
    0
    0
    0
    0
    0
    5
   38
  178
    2
    0
    0
    0
    0
   28
   45
    0
    0
    0
    0
   26
   29
   76
    8
   12
   43
   16
    5
    0
    0
    0
    0
    0
    0
    0
    0
    0
    0
    0
    0
    0
    0
    0
    0
    0
    0
    0
   42
   45
    8
  116
   12
    0
    0
    5
    0
  140
    2
    0
    0
    0
    0
    0
    0
    0
    0
    0
   25
   10
   20
   36
   18
   15
    0
   15
    0
  158
    0
   20
    2
    0
    3
    5
   30
    0
    0
    0
    0
    0
    0
    0
    0
    0
    0
    0
    0
   17
    0
    0
    0
    0
    0
    0
    0
    0
    0
    0
    0
    2
    0
    0
    0
    0
    0
    0
    0
    0
    0
    0
    0
    0
    0
    0
    8
   20
    9
    0
    0
   10
   11
    0
    3
    0
    0
    0
   13
   35
    0
    0
    2
    0
   19
    0
    0
    0
    0
   29
   46
    5
   15
   40
   43
   19
    0
    0
    0
    0
    0
    0
   15
   20
    9
   10
    0
    0
    0
    0
    0
   10
   50
   45
   29
    7
   17
   18
   36
    7
   17
    0
    0
    0
   28
   83
    1
    0
    0
    0
   38
    5
    0
    5
   20
    0
    0
    0
    0
   15
   38
   13
    0
    0
    0
    0
    0
    0
    0
    0
    0
    0
    0
    0
   22
    5
   28
    2
    1
    0
    0
    0
   37
  121
    8
   44
    0
    0
    0
   21
   40
   15
    5
    4
   36
    4
    0
    0
    0
    0
    0
   19
    1
    0
   42
  162
    8
   19
   84
    7
    8
   62
   14
    0
   15
    0
    0
  155
    0
    0
    0
    0
    0
    0
  122
    0
    0
  157
    0
    0
    0
    0
    0
   28
   18
  242
    0
    0
    0
    0
   26
   28
   52
    3
   29
    0
    0
  344
    0
    1
    0
   56
    6
    0
    0
    0
    0
    3
    0
    0
    0
    0
    3
   21
    0
    0
    0
    0
    5
    0
    0
    0
    0
    0
    0
   85
    0
   19
    0
   81
   33
    0
  141
    0
   61
    0
   42
   30
    1
   26
  214
    0
   97
    0
    0
    0
    0
    0
   15
    7
    0
    0
   67
    0
    0
    0
    5
    0
    0
    0
    0
    0
    0
    0
   40
    5
    5
    0
    0
    0
    0
    0
    0
    0
    0
  234
    8
    0
    0
    0
    0
    0
    0
    0
    0
  237
    0
    0
    0
    0
    0
    0
   89
    4
    0
   28
    0
    3
    0
   24
   47
    0
    1
    0
    0
    0
    0
    0
    0
    0
    0
    0
    0
    0
    0
   22
    0
  128
    0
    0
   30
   20
   70
   35
    0
   43
   95
   97
    8
   29
    0
    0
    0
    0
    0
    0
    0
    0
    0
    0
    0
    0
   88
    0
    0
    3
    0
    0
    0
    0
   19
   32
   17
    9
    0
    0
    7
    2
    0
    0
    0
    8
    0
   48
    5
    0
   39
    0
   12
    0
   13
   19
    2
   13
   34
   87
    0
    0
    0
    0
   44
   30
   31
    4
    0
    0
    0
    0
    0
    0
    0
    0
    0
    0
    0
   25
    0
    7
    0
    0
    8
    0
    0
    0
   53
   28
    0
    0
    0
    5
    0
    0
    5
    0
    0
   63
   90
    0
    0
    0
   46
    3
    0
    0
    0
    0
    0
    0
    0
    0
    0
    0
    0
    0
   11
  100
   12
   14
   10
    0
    0
    4
    0
    0
    0
    0
    0
   10
   67
    0
   12
  117
  103
    0
    0
    0
    0
    0
    0
    0
    0
    0
   16
    0
    0
    0
    0
    0
    0
    0
    3
   18
    0
    0
   46
   35
    2
    0
    0
    0
    0
    0
    0
    0
    0
    0
    0
    0
    0
    0
    0
    0
    0
    0
    0
    0
    0
    0
    0
    0
    0
    0
    0
   90
    9
   12
    0
    0
    0
    0
    0
    0
   12
    0
    0
    0
   20
    4
    0
    0
    0
    0
  165
   83
   62
   14
    0
    0
   10
  115
   30
   20
   22
   11
    0
    0
    0
    0
    9
   98
  134
   16
   25
    3
    0
    0
   17
    0
    0
   48
    3
    0
   28
    0
    0
   51
    4
   41
   79
    0
   39
   92
   96
    0
   22
    0
    3
   60
    0
    0
    0
   11
    1
    0
    0
    0
   73
    0
   20
  151
   43
    0
   22
    7
    0
   33
    0
    6
   60
    3
   38
    0
    6
   25
    0
    0
   42
   37
    0
   61
    0
    0
    0
   75
   33
    5
    0
    0
    0
    0
    0
    0
    0
    0
    0
    0
    0
    0
   10
   37
   20
   17
    0
    0
    0
    0
    0
  146
   85
   25
   56
    1
    0
    0
    0
    0
   13
   38
    0
    0
    0
   36
    7
    0
   23
    0
    0
    2
    0
    0
   42
    0
    0
    0
    0
    0
    0
    0
    0
   60
    0
    0
    0
    0
    0
    0
    4
   17
    0
  168
   19
    0
   40
    0
   47
    1
    0
    0
   30
    0
   32
    0
    0
    0
   11
    0
   53
  181
    0
    0
    7
   89
  106
  450
   59
   15
   59
   11
   26
   32
   25
   17
   31
  142
   38
   12
    4
    0
    0
    0
    0
    7
    2
    0
    0
    0
    0
    0
    0
    0
    0
    7
    0
    0
   98
    0
   13
   17
    2
   61
   16
   13
   12
   17
    0
   12
   20
   20
  145
  142
   68
   60
   20
   51
   52
    3
    0
   10
   24
   65
    0
    1
    0
    0
    0
    0
    0
   19
   74
   25
   22
   77
   22
   26
   15
    0
    0
    0
    0
    0
   30
   45
    0
    0
    0
    0
    0
    0
    0
    0
    0
    0
    0
    0
    0
   23
   14
    0
   15
    0
   42
   45
    0
   19
   34
   10
   21
    0
    0
    0
    0
    0
    0
    0
    0
    9
    0
   12
   23
    0
    0
    0
   48
   53
    0
    0
    0
    0
    0
    0
    0
    0
    0
    0
    0
    0
    0
    0
    0
    5
    0
    0
    0
    0
  105
    2
   36
    0
   13
    0
   15
   74
  166
    0
    0
    0
   69
   38
   36
    2
    0
    0
    0
    0
    0
    5
   16
   37
   68
   36
    0
    5
    0
    5
   15
   25
   31
   50
  133
   98
    0
    0
    0
    5
    0
    0
    0
    0
    3
    0
    0
    0
    0
    0
    0
    0
   90
    0
    0
    0
    0
  157
   77
    3
   44
   38
    0
    0
    0
    0
   95
   28
    0
    0
    0
    0
    0
    0
   10
    0
    0
    0
    0
   25
    0
    0
    0
   10
    0
    0
    0
    0
   18
   93
   84
    0
    0
    0
    0
   38
    2
   59
  288
    0
   80
  155
   35
    0
    0
    0
    0
    0
    0
   35
   32
   31
    3
    0
    0
    0
    0
    0
    0
    5
    0
   14
    0
    0
   34
    0
    0
    0
   48
   45
   11
    0
    6
    0
    0
    6
    0
    0
    0
    0
    0
    6
    0
    0
    0
    0
    0
    0
    0
    0
    0
    0
    1
    5
    0
    0
    4
    0
   16
   53
    0
   18
    0
  486
    0
   80
   70
    0
    0
    0
    0
    0
    0
    0
    0
    0
    6
    0
    0
    0
    0
    0
    0
   84
   50
   17
   10
    0
    0
    0
    0
    0
    0
   14
    0
    0
    0
    0
    0
    0
   10
    0
    0
    0
    0
   10
    0
   40
    0
   15
    7
   25
    0
    0
    0
   60
    0
    0
    0
   32
   16
   37
   15
   14
   24
    0
    0
    0
    0
    0
    0
    0
    0
    0
    0
    0
    0
    0
    0
    0
    0
   12
    0
    0
    0
    0
    2
   16
    0
    0
    0
   16
   86
   65
   45
   20
    0
    0
    0
    0
    0
    0
   26
    2
    0
    0
    3
   16
   19
    0
   11
    0
    0
    8
    0
    0
   40
    0
    0
    0
    0
    0
    0
    0
    0
    0
    0
    0
   39
    3
    0
    0
    0
    0
   22
  115
   25
   25
    0
   72
   52
    0
    0
    0
   47
   52
   13
  151
   76
   65
   26
    0
    1
   33
   40
   39
   23
   46
   39
    3
    0
    0
    4
    0
    0
    0
    0
    0
    0
    0
    0
    0
    0
    0
    0
   35
    0
    0
   24
    8
    3
    0
    0
    0
    0
    0
    0
    0
    0
    2
    0
    0
    0
    0
    0
    0
    0
    0
    0
    0
    3
    4
    0
    0
    0
    0
    0
    0
    0
    0
   18
   14
   50
   40
    2
    4
    0
    0
    0
   44
   41
    8
    0
    0
    5
    0
    0
    0
    0
   31
   25
    3
    0
    8
    0
    0
    0
    0
    0
    0
   18
    6
    0
    0
    0
    0
    1
    0
   26
   73
   44
    0
    8
    5
    0
    0
    0
    0
   30
    0
    0
    0
    0
    0
    0
    0
   15
    0
    0
    0
    0
    0
    0
    0
   16
   52
   51
    0
    0
   31
    0
    0
   20
   32
   49
   23
   43
  210
   40
    2
  118
    0
    0
    0
    0
    0
    0
    0
    0
    0
    0
   34
  144
    0
    0
    0
    0
    0
    0
    0
    0
    0
    0
    0
    0
    0
    0
    0
    0
    0
    0
    0
    0
    0
    0
    0
    0
    0
    0
  185
   30
    0
    0
    0
    0
    0
  165
    0
    0
    0
    0
   19
    0
    0
    0
    0
    0
  173
   20
   20
   45
    9
    4
    0
    0
    0
    0
    0
    0
    0
    0
    0
    0
    0
    0
   25
    1
   19
    0
    0
    0
    0
    0
    0
   24
    0
    0
    6
    0
    0
   40
    0
   24
    0
    0
    0
    0
  113
    0
    0
    0
    0
   26
    0
    0
    0
   15
    0
    0
   13
    0
    0
   17
    0
    0
   24
   76
   13
    0
    0
    4
   33
   26
    0
    0
    0
    0
    0
    0
    0
    0
   57
    0
    0
   51
   65
    0
    0
    0
    0
    0
    0
    0
    0
    0
    0
    0
    0
   31
    0
    0
    0
   45
    0
    0
    0
  145
    0
    0
    0
    5
    0
   20
   37
   22
    0
    0
    0
    5
    0
   16
   25
   15
   70
   13
    0
    0
    0
    3
   21
   22
    7
    3
    5
    0
    0
   12
    0
    0
    0
   56
   26
   36
   12
    6
    0
    0
    0
    0
    0
    0
    0
    0
    5
    6
    0
    0
    9
    0
    0
    0
   30
    0
    0
    0
    0
    6
    0
   25
    6
    0
   85
   59
    0
    0
    0
   12
    0
    0
   13
    0
    0
    0
    0
    0
   34
    0
    0
    0
   62
    0
    0
    0
    0
    0
    0
   37
   12
   21
    6
    1
   35
    0
    0
    2
    0
    0
    0
    0
    5
   43
   76
    0
    0
    0
    2
    5
   25
    7
    0
    0
   27
    7
   16
    0
    0
    0
   12
    0
    0
    0
  325
   45
    2
   16
    0
    0
   75
   53
    0
    0
    0
    0
    0
    0
   37
   90
   80
    0
    0
    0
    0
    0
   28
    0
    2
    0
   40
   20
    0
    2
    8
    0
  108
   35
   58
    3
    0
    0
    0
    0
   10
    0
   40
    4
    0
   16
    7
    4
  175
  122
   64
    0
    0
    0
   56
    0
    0
   19
    0
    0
    0
   22
    0
    0
    0
    0
    0
    0
   55
   45
    7
    0
    0
    0
    0
    0
    0
    0
    0
    0
    0
    0
    0
   52
    9
   35
    4
   15
   22
    0
   16
    0
    0
    0
   30
   60
   12
    0
  244
  266
    0
    6
    0
    0
    0
   13
   68
    0
    0
    0
    2
    0
    0
    0
    0
    1
   16
    0
   25
   11
   22
    0
    0
   25
    0
   14
    0
   13
   13
   36
    2
    0
    0
    0
  153
  106
    2
    0
    1
    0
    0
    0
   88
    0
    0
   33
    0
    0
    4
   17
   58
  100
  285
    0
   20
   22
    6
    0
   13
   14
   55
    0
   11
   92
    0
    0
    0
   50
    0
    0
    0
    0
    0
    0
    0
  195
    0
    0
    0
   16
   83
    0
   58
    0
    0
    0
    0
   15
    0
    0
    0
    0
    0
   76
  120
   52
    0
    0
    0
    0
    0
    0
    0
   17
   10
    7
    0
   30
    0
    0
    0
    0
  235
    0
    0
    0
    0
    0
    0
    0
    0
    0
    0
    0
    0
    0
  176
    0
    0
    0
   73
    6
    0
   54
   36
   66
  127
   24
    0
    0
    0
    0
  182
    0
    0
  115
    0
   24
    0
    0
   15
   16
    0
    0
    0
   10
    6
   10
   27
   18
   29
    0
    0
   15
    0
   28
    0
    0
    0
    5
    0
    0
    2
    0
   35
   90
    1
   10
    0
    0
    0
    0
    0
    0
    0
    0
    7
    0
    6
    2
   18
    1
   17
   31
   16
    0
   10
   25
   66
    0
   10
    0
    0
    6
    0
    0
    0
    0
    0
    0
    0
   57
   12
    0
    0
    0
    0
    0
   13
   12
    8
    0
    0
    6
    0
    0
   16
   27
    8
    0
    0
    0
    5
    6
   10
    0
   22
    0
    0
   13
   25
   16
    0
    0
    0
    0
    0
    0
    0
   13
    0
   14
    0
    0
    0
    5
    0
   38
   22
    0
    0
   34
    0
    5
    0
    0
   30
    0
    6
   32
    3
   22
   54
   60
   18
    7
    2
    5
   15
    3
    2
    0
    2
    0
    0
    0
    0
   16
   15
    1
    0
    0
    0
    0
    1
   63
    0
    0
    7
    0
    0
    0
    0
    0
    0
  177
    0
    0
    0
    0
    0
    0
    0
   98
    0
   37
  120
    0
    0
    0
   16
  266
  165
   13
   38
    0
   47
   26
    0
   12
   82
    1
    0
   75
   20
    0
   24
    0
    0
    0
    0
    0
    0
    0
    0
    0
    0
    0
    0
    0
   28
    0
    0
    0
    0
    0
    0
   25
   85
   65
    0
    4
    0
    0
    0
   26
    0
    2
    4
    0
    5
   32
   33
    0
    0
   40
    0
    3
    0
    0
    0
    0
   18
   59
   54
    0
    0
    7
    0
    0
    0
    0
    0
   87
    3
   35
   45
    0
    0
    0
    0
    0
    4
    0
    0
    0
    0
   55
    0
    0
    0
    0
    0
  700
  268
    9
    6
    0
    0
    0
    0
   11
    0
   23
    0
    0
    0
    0
    0
   28
    0
    0
   67
    3
    2
   58
  124
   47
   44
   12
    5
    0
    0
   62
   17
    3
   41
    7
   95
    0
    0
    0
    0
    0
    0
    0
   40
   37
    7
  187
   22
   14
   18
   85
    3
   88
   43
    4
    0
    0
  104
  284
   28
    0
    0
    0
    0
    0
    0
    0
    0
    0
    0
   10
   28
    0
    0
    0
    0
   45
    0
    0
   28
    0
   16
    7
    0
    0
    0
    0
    0
    0
    0
    0
    0
    0
    0
    0
    0
    0
    0
    0
    0
    0
    0
    0
    0
    0
    0
    0
    0
    0
    0
   50
    0
    1
   16
   32
  107
   68
    0
    0
    0
    0
    0
    0
   60
   11
    0
    0
   15
   10
   27
   24
    0
    6
    0
    0
    4
    4
    0
    0
   16
    4
    0
   10
   25
   89
  214
   32
   30
   28
    3
    2
    5
    0
   20
   36
   19
    0
    0
   31
    0
   22
   42
  100
    0
    0
    0
    0
    0
    0
   39
   10
    0
    0
   38
    5
    0
   20
    0
   27
   30
    0
   13
    0
    0
   20
    0
    0
    0
   22
   29
   41
   24
    7
   22
   43
    8
    0
    0
    0
    0
    4
    0
    0
    0
    0
    0
    4
    0
    0
   73
    0
    0
    0
    0
   22
    9
  133
   19
   57
   49
    0
   65
    0
   33
   30
   40
    2
    0
    0
    0
   31
   25
    0
    0
   61
  254
   27
    0
    0
    0
   82
    8
   18
   97
    0
    0
    0
    0
    0
    0
    0
    0
  107
   19
    0
    0
    4
    3
   18
   17
    0
    0
    0
    0
    0
    0
   16
    0
    0
    0
    0
   10
   47
    0
    0
    0
    0
   35
    0
    0
    0
    0
    0
    9
   79
    0
    0
    0
    0
    0
   51
   10
    0
  144
    0
    0
    0
    0
   51
    0
    0
    0
  174
   18
   97
    3
    0
    0
    0
   70
    0
    0
    5
    0
    0
    0
    0
    0
    0
   39
    0
    5
    0
    0
  141
   87
    0
    0
    0
    0
    0
    0
    0
    0
  180
   10
  135
    0
    0
    0
    0
   48
    0
   22
   47
    8
   24
    2
    0
    0
    0
   18
   62
   72
   38
    4
  118
    0
    4
   40
   14
    0
   26
    0
    0
    0
   15
  131
    2
    0
    0
    0
    0
    0
    0
   61
    0
    0
   30
   18
   26
    0
    0
    0
    0
    0
    0
    0
    0
    0
    0
    0
   18
   61
    0
    0
    0
   40
   22
    0
    0
    0
    0
    0
    6
    0
    0
    0
    0
  128
   52
  304
   47
    0
    0
    0
    6
    0
    0
    0
    0
    0
    0
    0
    6
    0
    0
    0
    0
    0
    0
    0
    0
    0
    0
    0
   10
   38
    0
    0
    0
    0
    0
    0
    0
    0
    0
    0
   18
    0
   72
   10
   25
    3
   46
   86
   12
   52
  240
    0
    0
    0
   43
   14
    0
   96
    0
    0
   39
    0
    0
    8
    0
    0
    5
    0
    0
    0
    3
    0
    3
    0
    0
    0
    0
    3
    0
   23
    0
   13
  108
   82
    0
   40
   40
   31
    8
   22
    0
    0
   60
    0
    0
    0
    0
    0
    0
    0
    7
   27
   18
   20
   39
   22
   10
   14
   27
    5
   16
    0
    0
    4
    0
    0
    0
    0
    0
    7
    0
    0
    0
    0
    0
    0
    5
    0
    7
   26
   24
    0
    0
   38
   26
   54
   20
   68
   27
   46
   18
    0
    0
    0
   14
    0
   11
    0
    0
    7
    5
    0
    0
    0
    0
    0
    0
    0
    0
    0
    0
    0
   15
    6
    0
   12
   11
    7
    0
    0
   11
   18
   59
    0
    0
    0
    0
    0
    0
    0
    0
   18
  112
    0
    0
    0
    1
    0
    0
    9
    0
    0
   11
    6
    0
   72
  138
  109
   18
    0
    0
   35
   27
   34
   22
    0
    0
    0
    0
    0
    0
    0
    0
   41
   11
    0
   11
  262
  460
    0
   49
   99
    6
    0
    0
    0
    0
    0
    0
    0
    0
    0
  170
   10
    0
    0
    0
    0
    0
    0
    0
    0
    0
    0
    0
    0
    0
    2
    0
    0
    0
   12
  245
    7
   24
    1
    0
    0
   13
    0
   55
    0
    0
    5
    0
    7
  195
    0
    8
   82
    8
    0
   84
   30
   18
    6
    8
   56
   18
   37
   22
   28
   63
   29
   38
   45
   -9
   -9
   -9
   -9
   -9
   -9
   -9
   -9
   -9
   -9
   -9
   -9
   -9
   -9
   -9
   -9
   -9
   -9
   -9
   -9
   -9
   -9
   -9
   -9
   -9
   -9
   -9
   -9
   -9
   -9
   -9
    0
    0
    0
    0
   30
    0
    0
    0
    0
    0
   41
   56
    0
    0
    0
    0
    0
    0
   27
    2
   52
   21
    2
   14
    0
    0
    0
    0
   18
    4
  136
   42
    0
    0
    0
  122
    6
    0
    0
    5
   30
   93
   15
   23
    6
   18
    0
   19
    0
    0
    0
    0
    0
    0
    0
  112
    0
    0
    0
    0
   13
   15
    0
    0
    0
    0
    0
   80
    0
    0
    0
    0
  157
  300
   13
    0
    0
    1
   53
   35
    0
    0
    0
   16
   15
    0
    0
    2
    0
   18
    0
    0
    0
    0
    1
    0
    0
  177
   28
    0
    0
    0
    0
    0
    0
    0
   45
   12
    0
    0
    3
    0
    0
    0
    0
    0
   41
    0
    0
   29
   55
    6
    0
   18
   15
   17
   35
   24
    0
    0
    0
    0
    0
    0
   35
   38
    3
    0
    0
   11
    3
    0
    0
   44
   26
    0
   11
    5
   10
    0
    0
    0
   33
   18
   30
   45
  111
    4
   18
   17
    0
   17
   43
    0
    0
    0
   17
   11
   17
    0
   29
   37
   54
    2
    0
    0
    0
    0
   40
    0
    0
    0
    0
    0
    0
    0
    3
    7
    8
    0
    0
    0
    0
    0
    0
    0
   17
    0
    0
   19
   10
    0
    7
    2
    0
    2
   69
    0
    0
    0
    0
    0
   10
    0
   28
    7
    0
    0
   15
    0
  225
  197
   29
   65
   45
    6
    0
   10
    0
   12
    0
    0
    0
    0
   74
   10
    3
   83
    0
    0
    0
    0
    0
    0
    0
    0
   15
   70
    0
    0
    0
    0
    0
    0
    0
    0
    0
    0
    0
    0
    5
    0
    0
    0
   28
    0
    0
    0
    0
  527
   18
   45
  244
   22
    0
    0
    0
   31
    0
    0
    0
    0
    0
    0
    0
    0
    0
   14
   14
   45
    0
   10
    0
    0
   70
    0
   25
   16
  132
    9
    0
    0
    0
    0
    0
    0
   85
    0
    0
    0
    0
   10
    0
    0
    0
    5
    0
   15
    0
    0
   20
  100
    0
  100
    3
    8
    0
    8
    0
    0
    0
    0
   18
   11
    8
    0
   66
    0
    0
    2
    0
    0
    0
    0
    0
    0
   25
   51
    0
    0
    2
  112
   50
    0
   47
    0
   33
    7
   40
   68
   20
   12
    0
    0
    0
   -9
   -9
   -9
   -9
   -9
   -9
   -9
   -9
   -9
   -9
   -9
   -9
   -9
   -9
   -9
   -9
   -9
   -9
   -9
   -9
   -9
   -9
   -9
   -9
   -9
   -9
   -9
   -9
   -9
   -9
   -9
    0
    0
    0
    0
    0
    0
    0
    0
    0
    0
    0
    0
    0
    0
    0
  142
    0
    0
    5
    0
    0
   27
   20
    0
    0
    0
   50
  190
   92
    0
    0
    0
    0
    0
    5
    0
    0
    0
   74
   58
   35
   25
    0
    0
  168
    0
   12
   21
    0
    0
    5
    0
   57
    0
    0
    0
  243
    2
    6
    6
    0
   14
    0
    0
   13
   39
   17
    0
    8
   13
    0
   82
   20
   47
    0
   18
    0
    9
    6
   25
    0
   68
    0
   16
    0
    0
  170
   74
    0
    3
   61
   33
   16
  177
   35
   17
    0
    7
  140
    8
    0
  111
    0
    0
    4
   52
    8
    3
    0
   12
    0
    0
    0
    0
   32
    3
    7
    0
    0
    1
   35
    0
    0
    0
    2
   27
   22
   21
   20
    0
   24
    0
    0
    0
    0
    0
    0
    0
    0
    0
    0
    0
    0
    0
    0
   17
    0
    0
   17
   13
   93
   61
    0
    0
    0
    0
    0
    0
    0
    0
   29
    0
    0
    0
    0
    0
    0
    0
    0
    0
    0
    0
    0
    0
    3
    0
    0
    0
    0
    0
   20
   11
    0
   24
    0
    0
    0
    0
    0
    0
   25
   11
    0
    0
    0
    0
    0
   26
    0
    8
    0
    0
    0
    0
    0
    0
    0
    0
   11
    0
    0
    0
    0
   17
    0
    0
    0
    0
   27
   27
   11
   34
   20
    7
    3
    0
    0
   17
    0
    0
    0
    0
    0
    0
    0
    0
    0
    3
    0
    5
   60
    4
   -9
   -9
   -9
   -9
   -9
   -9
   -9
   -9
   -9
   -9
   -9
   -9
   -9
   -9
   -9
   -9
   -9
   -9
   -9
   -9
   -9
   -9
   -9
   -9
   -9
   -9
   -9
   -9
   -9
   -9
   -9
    0
    0
    0
    0
    0
    0
    0
   17
    0
    0
   47
   25
    7
   50
    0
   90
    0
   10
    0
    0
   17
    0
    5
   22
   40
    0
    5
   30
   11
   22
    0
    0
  112
   37
   76
    0
    0
    0
    0
    0
    0
    0
    0
    0
   25
   10
  136
    1
    0
    0
    0
    0
    0
    0
   55
   30
    0
    0
    0
    0
    0
    0
    0
    0
    0
    0
   28
    0
    0
    0
    0
    0
    0
    0
    0
    0
    0
   11
    0
   17
   22
    0
    0
    0
    0
    9
    0
    3
    0
    0
    0
    0
    0
   12
    0
    0
    0
   10
    6
    0
    0
    0
    0
    0
    0
    0
    0
    0
    0
    0
    0
    0
   25
    4
    0
    0
    0
    0
    0
    0
    0
    0
    0
    0
    0
    0
    0
   66
  133
    0
    0
    0
   12
   30
   75
    0
   12
    0
    7
    0
    0
    0
    0
    0
    0
   40
    0
    0
    0
    0
    0
    0
    0
    0
    0
    0
    0
    0
    0
    0
    0
    0
    0
    0
    7
    0
    0
    0
   34
   23
    0
   19
    0
    0
   16
    0
    0
    0
    0
    0
   16
    0
    0
    0
    0
    0
    0
    0
   48
   22
    0
    8
   93
   22
   19
    0
    0
   15
    0
    0
   16
    0
   38
    0
    0
    7
   27
    0
    0
   19
    4
    0
    0
    0
    3
    0
   15
   20
    3
    0
    4
   10
    0
    5
    0
    0
    0
   11
   79
   16
    0
   21
    0
   15
    0
    0
    0
    0
   18
    0
    5
    0
    0
   36
    9
   33
   20
   31
    0
    5
    0
    0
    7
   41
   65
   16
   80
    0
    0
    0
    0
    0
    0
   18
   23
    0
    0
    0
    0
    0
   15
   10
    0
    0
    0
    0
    0
    0
    0
   13
    2
    0
    0
    7
    0
    0
    0
    8
    0
   35
   63
   59
    2
   21
    0
    0
   42
    5
   75
    0
   21
    8
    0
    0
  242
   75
    5
    0
   23
   18
    0
  148
    0
    6
  148
  125
   10
   77
   45
    0
    0
    0
  183
    0
    0
    5
    0
    0
    0
   16
    0
    0
   10
    0
   36
    0
    0
    0
    0
    0
   12
   10
    0
   37
   13
    6
    4
   28
    0
  111
    0
    0
    0
    0
    0
    0
   58
  100
   33
    0
   26
    0
    0
    0
    0
    0
    0
    0
    0
   35
    0
    0
    0
   72
    0
    0
    0
   50
   83
   12
   56
    4
    0
    0
    0
    0
    0
    0
    0
   25
   14
   42
    0
    0
    0
   20
    0
    0
    0
    0
    0
    0
    0
    0
    0
    0
    0
    0
    0
    0
  187
    0
   75
   25
    0
    0
    0
    0
   65
    0
    0
    0
    0
    0
    0
    0
   16
   17
   78
  349
  323
   25
   14
    0
    0
    4
    0
   22
    0
    0
    0
    2
    0
    0
    0
    0
    0
    0
    0
    0
    0
    0
    0
    0
    0
    0
    0
    0
    0
    0
    0
    0
    0
    0
    0
    6
   19
    0
    0
    2
   34
   45
    0
    0
    0
  102
   34
   11
    3
    0
    5
    0
    0
    0
    0
    0
    0
    0
    0
    9
    0
    0
    0
    0
   25
    7
   15
    0
    0
    0
    5
    0
    0
    0
    0
    0
    0
    0
    0
    0
    0
    0
    0
    0
    0
    0
    0
    3
    0
    0
    0
    0
    0
    0
    0
    0
    0
    0
    0
    0
    0
    0
   50
   25
    0
   14
    0
    0
   56
    0
    0
    8
    3
   72
   30
   82
   21
    2
    2
    0
    0
    0
    0
   43
    0
    0
    5
    5
   10
    0
    0
    0
    0
    0
    0
    0
    0
    0
   29
   25
   17
   12
    5
   23
    0
    0
    0
    0
    0
    0
    0
   15
    0
    3
    0
   11
   18
   36
    0
   30
    0
   56
   83
   11
   20
    0
    0
    0
   13
    0
   10
   55
    0
    0
    0
    0
    0
   10
   28
    5
    0
    7
   61
    0
   35
  172
   34
   55
   24
   37
    0
    0
    0
    0
    0
    0
    0
    0
    0
    0
    0
   32
    5
   60
   42
    0
    0
    0
    0
    0
    0
    0
    0
    0
    8
    0
   21
    2
    0
    0
    2
    0
    0
    0
    0
    0
    0
    0
    0
    0
    0
    0
    0
   10
    2
    0
    0
   17
    0
   18
  164
  181
   15
   73
    0
    0
    0
    6
    3
   43
    0
   35
    0
    0
    0
   42
    0
    0
    0
    0
    0
    0
    0
    0
    0
    0
    0
    0
    0
  122
    0
    0
    0
    0
    9
   18
    2
   34
    0
   14
    0
   95
   55
   50
    0
   55
    0
    0
    0
    0
   35
    0
   38
   37
    2
    0
   50
   89
   10
    0
  110
    0
    0
    0
  327
   93
   89
    0
   37
    0
    0
    0
    0
    5
    0
    0
    0
    0
    0
    0
    0
   84
   55
   40
    8
   48
    0
    0
    4
    0
   17
    0
  130
   89
   14
    3
    0
    0
    0
    0
    0
    0
    0
    0
   29
  100
   85
   20
   30
   15
    0
    0
    0
    0
    0
    0
    0
    1
   11
    2
    0
    0
  265
    0
    0
  155
   33
    0
    0
    3
   53
   84
   95
    0
    0
   55
   20
  103
    0
    0
    0
    0
    0
    0
    0
    0
   23
    0
    0
    0
    0
    0
    0
    0
    0
    0
   38
   25
   92
    0
   48
   43
    2
   67
    0
    0
    0
   36
    0
    0
    0
    0
    5
   83
    8
   13
    7
    0
   58
    7
    0
    0
   11
    0
   35
    0
    5
    0
    0
   81
   12
   63
   11
    0
    4
    0
    7
    0
    0
    0
    2
    0
   17
    0
   10
   48
    2
    0
   28
    0
    0
    0
    0
    0
    0
    0
   18
    0
    0
    0
    0
    0
    0
    0
    0
    0
    0
    0
    6
    0
   15
    0
    0
    0
    0
  244
   29
   14
    0
   18
    0
    0
    0
    0
    0
    0
    0
    0
    0
    0
    0
    0
   12
   10
    3
    0
    0
   24
    0
   82
    5
   40
    0
   42
    1
    0
    0
    0
    0
    0
   16
    7
   10
   14
    3
   61
   40
   19
   56
    8
    6
    5
    0
    0
    3
   48
   30
   10
    5
    0
    0
    0
    0
    0
    0
    5
   20
    1
    0
   18
   20
    0
    0
    6
    0
   19
    7
    0
    0
    0
    0
   15
    0
   55
   27
   45
    3
    0
    0
    0
    3
    0
    0
    8
    0
    0
   46
    0
   36
    0
    0
    0
    0
    0
    0
    0
    0
    0
    0
    0
    0
   14
    6
    5
    0
    0
    0
   18
    0
    0
   95
  236
    0
   30
    0
    0
    0
    0
    0
    0
   25
   15
    5
    6
   20
   30
   22
    0
    0
    0
    6
    0
    0
   20
    7
    3
   16
    7
   16
   56
   34
    0
    0
    0
    0
    0
    0
   18
    0
   27
    0
   59
   35
   46
    5
   35
   17
   18
    0
    0
    0
   27
    0
   13
    0
    0
    0
    0
    0
    0
    0
    0
    0
    0
    0
    0
  122
  121
    0
    0
    0
    0
   13
   16
    0
   48
    0
    0
    0
    0
   51
   36
    0
    0
    2
   40
   11
   28
   98
   21
   51
    0
   17
    0
    0
   67
   12
   10
    0
    0
   62
   30
    0
    0
    0
    0
   40
    0
    0
    0
    0
   11
    0
   43
   11
    0
    0
    0
    0
    0
    0
    3
    0
    8
    0
   73
   10
    9
    0
    0
    0
   66
    0
   77
   62
    0
   13
    9
    0
    1
    3
    0
   43
    0
    0
    0
   36
    0
   10
    0
    0
   48
  311
    0
    0
   46
    0
    6
   70
    0
   78
    0
    0
    0
    0
    0
    0
    0
   15
    0
   68
    8
    5
    8
    3
    5
    0
    0
    0
    0
    0
    0
   18
    0
   41
    0
    0
    0
    0
    4
    0
    0
    0
    0
    0
    0
    0
    0
    0
    0
    0
    0
    0
    6
    0
    0
    0
    0
   13
    0
    0
   33
    0
    7
    0
    8
    0
    0
    0
    0
    0
    0
    0
    0
    0
    0
    0
    0
    0
    0
   24
    0
    0
   35
   38
   25
    0
   45
   30
    0
    0
   34
   25
    0
    0
    0
   15
    6
   52
   72
   25
   22
    0
    0
    0
    9
    0
    0
   24
    0
    0
    0
    0
    0
   22
    0
    0
   40
   35
   65
    0
   45
    7
    3
    4
  165
   88
    0
   32
    0
    0
    0
    0
   26
   26
   21
   74
   11
    2
    0
    0
    0
   83
   17
   14
    0
    0
    0
    0
   15
   15
    0
   20
   60
   51
  110
   10
   65
    5
    0
    0
    0
    0
    6
   36
    5
    0
    0
    0
    0
    0
   16
    0
    0
    0
    0
   10
    7
   15
  100
    6
    0
    0
    0
    0
    0
    0
    0
   56
   30
    0
    0
    0
    0
    5
    0
    0
    0
    0
    0
    0
    0
   90
   21
  133
    2
   20
   55
    0
    0
    0
    0
   20
    0
    0
    0
    0
    0
    0
   88
    4
   40
   74
    0
    0
    0
    0
    0
   18
  171
    0
    0
   95
   33
    0
    0
    7
   10
   39
  120
   12
   13
    0
    0
    0
   20
    7
   10
    5
    0
   23
    5
   62
   32
   45
   12
    2
    0
    0
    0
    0
    0
    0
    0
   75
    0
   78
   17
   20
   10
    5
    0
   48
   18
    8
    0
    0
  527
    0
    0
   10
    0
    0
   87
    0
    0
    5
   27
  235
  228
   40
    5
   15
   47
   78
   60
  113
   25
    0
    0
    0
   70
   35
    0
    0
    0
    0
    0
    0
    0
    0
    0
    0
    0
   10
    0
    0
    0
    0
    0
    0
    0
    0
    0
    0
   13
  100
   32
    0
   18
   90
    0
    0
    0
    0
    0
    0
    0
    0
    0
    0
    0
   15
  212
   33
   12
    5
    0
    0
    0
    0
   20
    5
    0
    0
  190
    0
    0
    0
    0
    0
  290
    6
   66
    2
    0
   60
    0
    3
   28
  223
    6
    0
    8
   64
   36
    0
   15
   13
   15
   13
   12
   12
    0
   12
   60
    5
    0
   40
    0
    0
    0
    0
    0
  223
   10
    0
   38
   98
  140
   18
    0
    0
    0
    0
    0
    0
    0
    0
    0
    0
    0
    0
    0
    0
    0
    0
    0
    0
   51
    0
    0
    0
    0
    0
    0
    0
    0
    0
    0
    0
   23
   42
   43
  343
   10
    0
    0
    0
    0
   18
   88
    0
    0
   16
    0
    0
    0
   50
    8
    0
    0
    0
    0
    0
    0
    0
    0
    3
    0
    0
    0
   10
    2
    0
    0
    6
    0
    0
    0
    0
    0
    0
    0
    0
    0
    0
    0
    0
   22
    0
    0
    6
    0
    0
    0
    0
    0
   31
    0
   21
   28
    0
   28
   35
    2
   40
    0
    0
    4
    0
  121
  163
  128
   12
  191
   88
    7
   17
   62
   28
   15
   81
   22
   41
   37
   70
    0
    0
   35
   10
    0
    0
    0
    8
    0
   15
   65
    8
   18
   20
    0
   28
    0
    0
    0
    0
    0
    0
    0
    0
    0
    0
   13
    0
    8
    0
    0
   40
    6
   85
    2
    3
   68
    0
  132
    0
    0
    7
    0
    0
    0
   67
   51
   71
  101
    0
    0
    0
    0
    4
    0
    0
    0
    0
    0
    0
    0
   12
   31
   18
   15
   12
    3
    0
    0
   65
    7
    9
   30
    7
    0
    0
    0
    0
    0
    0
    0
   36
    6
    0
    0
    0
   60
   10
    0
    0
    0
    0
    0
    7
    0
    0
    9
   45
   30
    0
    0
    0
    0
    0
    0
    0
    0
   10
    0
   40
  252
   10
   12
    0
    0
    0
    0
   86
    0
    2
    0
    0
   18
    0
    0
    0
    0
   12
   31
  120
   17
    0
    0
    0
   13
    0
   37
   12
   42
   23
  100
    9
    0
   15
    2
    6
    3
    0
   37
    5
   85
   56
   95
   95
   12
   10
   15
    0
   14
   20
   20
   16
   80
    0
   50
    0
    0
    0
    0
    0
    0
    0
    0
    0
    0
    0
  166
    0
    0
    0
    0
    0
    0
    0
    0
    0
  185
    8
    0
   88
    0
   12
    0
   22
   82
   88
    0
   36
   62
    8
   90
   32
   56
    0
    6
   13
    0
    0
  173
   43
    0
   78
   18
    0
    0
   10
    0
  109
    3
    0
    0
    0
    8
    0
    0
    0
   15
   35
    6
    6
    0
    5
    0
    0
    0
  244
    0
  158
    0
    0
    0
    0
    0
    0
   34
    0
    0
    0
   98
    3
    0
    0
   13
   68
   20
    2
    0
    2
    0
    0
    2
    0
    0
    0
    0
    0
   16
    0
   18
    0
    0
    4
    0
    0
    0
    0
    0
   30
    0
    2
    1
    0
   44
   14
   20
    0
    0
    0
    0
    0
    0
    0
   27
   84
   10
    0
    0
    0
    0
    0
    0
   20
    0
    5
    9
    0
    0
    3
    4
   40
  135
   51
   15
   13
    0
    0
   68
    0
    0
    0
    0
    0
    0
    0
    0
    0
    0
    1
   10
    0
    0
    0
    0
    0
    0
    0
    0
   40
  107
   81
   31
  105
   17
   11
    0
    0
    4
   25
    0
    0
    6
    0
    0
    4
    0
    2
   30
    1
    0
    0
    0
    0
    0
   37
    0
    0
    0
    0
    0
   25
    0
    0
    0
    0
   45
   24
   30
   16
    6
    0
   23
    0
    0
    0
    0
   17
    5
    0
    0
    0
    0
    0
   20
    0
    0
   22
    0
    0
    0
    0
   36
   66
   45
   10
   11
    0
   40
  100
  169
   16
   26
   51
   10
   32
    6
    7
    0
    0
   23
   71
   25
    0
   40
   20
    7
   75
    0
    5
    0
    5
   10
    0
   28
   33
   82
    5
   26
   40
   30
   37
   16
    0
    0
   66
   30
    0
    0
    4
   20
    0
    0
   11
   15
    0
    0
    7
   31
    0
    0
    0
    4
    0
    0
   68
    0
    0
    0
    0
    0
    0
    0
    0
    0
    0
   20
   37
   10
   14
    0
    0
    0
    0
    0
    0
    0
    0
    0
    0
    0
    0
   10
   44
    0
   18
    0
    0
    0
    0
    0
    0
    0
   93
   48
    0
    0
    0
    0
    0
   90
   28
  224
    0
    0
   10
    0
   67
    0
    0
    0
    0
    0
    0
    0
    5
    0
   82
    0
    0
    0
    0
    5
    0
    5
   26
    0
    0
    0
   44
    0
   27
    0
   45
    3
    0
    0
    2
    0
   70
    0
    5
   64
   17
    9
    0
    0
    8
    0
    0
   55
    0
   18
   90
    0
   18
    0
    0
    0
    0
   42
    0
    0
    0
    0
    0
    0
    0
    0
    0
    0
    0
    0
    0
    0
    0
   52
    0
    0
    0
    0
    0
   53
   22
    0
    0
   20
    2
    0
   15
   28
   15
    0
  230
    0
    0
    0
    0
    0
    8
    3
    0
   10
    0
   10
    0
    0
    0
    0
    0
    0
   30
    0
   20
    0
    0
    0
    0
    0
    0
    0
    0
    0
   20
   25
    5
    0
   18
    0
   30
   40
    5
    3
    8
    0
    0
    0
    0
    0
    0
    0
    0
    0
   20
    0
    1
    0
    0
   20
   36
   28
   46
    0
    0
    0
    0
    0
    0
    0
    0
    0
    0
   67
  119
   72
    0
    0
    0
   20
   24
   13
    0
   20
   44
    0
    0
   10
    8
    0
  198
   38
   16
   72
   54
    1
   20
    0
  100
    3
   23
   23
   10
   13
    4
    2
    0
   10
   30
  357
    3
    5
    0
   66
   35
    5
    0
    0
    0
    0
    0
    0
   58
    0
    0
    0
   78
   25
   68
    0
    0
   53
    0
    0
    0
    0
    0
    0
    0
    0
    0
    0
    0
    0
    0
    0
    0
    0
    0
    0
    0
    0
    0
    0
    0
    0
    0
    0
    0
    0
    0
    0
    0
    0
   55
    0
    5
    5
    5
    0
   15
    2
   27
    0
    0
    0
    0
   10
    0
    3
   30
    0
   30
    5
    4
    0
    0
    0
   10
    0
    0
   70
    0
    0
    0
   23
   20
   21
    0
    0
    0
    0
   22
    0
   78
    0
    0
    0
    0
    0
    0
    0
    0
    0
    0
    0
    0
    0
    0
   28
    0
    0
    0
   15
    0
   17
    2
   37
   20
    0
    7
    0
  110
  237
    0
    0
    0
   10
   95
  102
    4
    0
    0
    0
    0
    0
   10
    0
    0
    0
    0
   75
   40
   14
    0
    0
    0
    0
    0
    0
    0
    0
    0
    0
    0
    0
    0
    0
    0
    0
  147
   85
    3
    0
   70
   22
   21
    0
    0
   11
    0
    0
    0
  104
    0
    0
    0
    0
    0
    0
    0
    0
    0
    0
   20
    0
    0
    0
    0
   50
    0
   30
   18
   78
  108
   17
    0
    0
    0
    0
    0
   15
    0
    0
    0
    0
    0
    0
    0
    0
    0
    0
    0
    0
    0
   65
    0
   42
  279
  100
    0
    0
   17
   15
   20
    0
   27
    0
    0
    1
   22
    0
    0
    0
    5
    0
    0
    0
    0
    0
    0
    0
    0
    0
    0
    5
    0
    0
   54
    0
   42
  237
    5
    0
    0
    0
    0
    0
    0
    0
    0
    0
    0
    0
    0
    0
    0
    0
  110
   88
    0
    0
    0
   13
    0
    0
    0
    0
    0
    0
   75
   47
    0
    0
    0
    0
   20
    0
    0
    0
   39
   68
  112
   22
   16
    0
    0
    0
    0
    0
    0
    0
    0
    0
    0
    0
    0
    0
    0
    0
    0
    0
    0
    0
  135
   15
  225
   10
   32
   47
    5
  204
   45
    3
    0
    0
    0
    0
    0
    0
    0
    0
    0
    0
    0
    0
   50
   81
    0
   17
   12
   24
   20
    0
    0
    0
    0
    0
    0
    0
    0
    0
    0
   16
    8
    0
    0
   18
   31
   20
   64
   23
    0
    0
    0
   43
    0
   52
    2
    0
    0
    0
    0
    0
    0
    0
    0
    0
    0
    0
    0
   20
    0
    0
    0
    0
    0
    5
    0
    0
    0
    0
    0
    0
    0
    0
    0
    0
    0
    0
   15
   29
    8
    0
    0
    0
    0
    0
    0
    0
    8
    0
    0
    0
    0
    3
    6
   53
    0
    0
   70
   86
   56
    0
    0
    0
    0
    0
    0
    0
    0
    0
    0
   60
   17
   96
    0
    2
   20
    1
    0
    0
    0
    0
   24
   22
    0
    0
    0
    0
    0
    0
    0
    0
    0
    0
    0
   40
    0
   23
    0
    0
    2
    5
    0
    0
    1
    0
    0
   70
   20
    0
    0
    0
    0
    0
   20
  150
    0
    0
   30
    0
    5
    0
   20
   50
    0
   15
   10
   60
   80
   30
    5
   40
    0
    0
    0
    0
    0
    0
    0
    0
    0
    0
   10
   18
    0
    5
    0
    0
    0
    0
    0
    0
    0
    0
    0
    0
    0
   20
    0
    0
    0
    0
    0
    5
    0
    0
    0
  190
   14
    0
    0
    0
   30
   95
   10
  436
    0
    0
   28
    0
    0
    0
    0
    0
    0
   36
    0
   34
   36
    0
    0
    0
   20
    0
   70
  113
    0
    0
   40
    0
   30
    0
    0
    0
   33
   13
    0
    0
    0
    0
    0
    5
    0
    0
    0
    0
    0
    0
    0
    0
    0
    0
    0
    0
    0
    0
    0
    0
    0
    0
    0
   48
   45
   16
    0
    0
    0
    0
    0
    0
   42
    0
   33
    0
   45
    0
   35
  100
    0
    0
    0
    0
    0
    0
    0
    0
  290
  340
   34
   14
   44
   33
    0
   10
    0
    0
   37
   76
   20
    5
    0
    0
    0
    0
   10
   10
    0
    0
   40
   15
   24
   15
   12
   10
    0
    0
    7
   16
   85
    0
    0
   40
    0
    0
    0
    0
    0
    0
    0
    0
    0
    0
    0
    0
    0
    0
    0
    0
    0
    0
    0
    0
    0
    0
    0
    6
   30
   20
    4
    6
   27
   47
   80
   20
    5
    0
    0
    0
   10
   30
    0
    0
   10
    1
    0
  100
   20
   50
   23
    0
   44
   80
    0
   18
    0
    0
    3
   40
    2
    0
    6
   17
   36
    0
    0
    0
    0
    0
   42
   44
   50
   17
   15
    0
    3
    7
    0
    5
   15
    6
    5
    0
    0
    0
    0
   17
    0
   33
    0
    0
    5
   30
   34
   54
    0
    0
    0
    0
    0
   20
    5
   15
    0
    0
    0
    0
    0
    0
    0
    6
   20
    0
    0
   10
    6
    0
    0
    0
    0
    0
    0
    0
    0
    0
    7
    5
    5
    5
    7
   10
   55
    0
   15
   15
    0
   30
    5
    0
    0
    0
    0
    0
    5
    5
    0
    0
    0
    0
    0
    0
   26
    0
    0
    0
    0
    0
    0
    8
    0
    0
    0
    0
    0
    6
    0
    0
    0
   69
   43
   60
    8
    0
   10
    0
    0
    0
    0
    0
    0
    0
   68
    5
    0
   10
    0
    0
    0
    6
    0
    0
    0
    0
    0
    0
    0
   10
   90
    0
  100
    3
    0
   16
   20
   10
    0
    0
    0
    0
   22
  100
   19
    0
    5
    0
    0
   18
    0
    0
   15
   15
   87
    0
    0
   70
   30
    3
    0
    0
    0
    0
    0
    0
   20
   13
   22
    8
    0
    5
    0
    0
    0
    0
    0
    9
    0
    0
    0
    0
    0
    0
    8
    0
   10
   15
    0
    0
   20
  345
   19
   20
   48
    0
  167
    0
   46
   23
   28
   34
  250
    0
    0
    0
    0
    0
    0
    0
    0
    0
    5
    0
    5
    0
    0
    8
   60
    0
    0
   16
    0
    0
    0
    0
    0
    0
   39
    0
   27
    0
    0
    0
    0
    0
   24
  200
    9
    0
    0
    0
   34
  111
    0
   19
    5
   72
    0
    0
    0
    0
    8
    0
    0
   36
    0
    0
    0
    0
    0
    0
    0
    0
   12
    0
    0
    0
    0
    0
    0
    0
    0
    8
    0
    0
    0
    0
    0
    0
    0
    0
   58
    0
    0
   16
    0
    0
   19
    0
    0
    0
   10
    0
    0
    0
   14
   20
   10
    0
    0
    0
    0
    0
    0
    0
    0
    0
   14
    0
    0
    0
   20
   80
    7
    4
    0
    0
   20
    0
   37
    0
    0
    0
    0
    0
    0
    0
    0
   20
   68
    5
   10
   19
   26
   30
   22
    0
   49
    0
   20
    0
    4
    0
   30
    0
    0
    0
    0
    0
    6
    0
    0
    0
    0
    0
    0
    0
    0
    0
    0
   35
   10
   23
    5
    5
    0
    0
    0
    0
    0
    0
    0
    0
   14
    7
  120
    0
   60
   69
   18
   25
    0
   91
    0
    0
    7
    7
    0
    0
    0
    0
   25
   58
    3
    0
    0
   63
    0
    0
   13
    0
   10
    0
    0
    0
   30
  109
    0
    0
    0
    0
    0
    0
   33
    0
    0
    4
    0
    5
    0
    0
    0
    8
   75
   10
    0
    0
    0
    5
    0
    0
   57
    0
   15
   14
   18
   10
    9
    9
   11
   90
    9
    0
    0
    0
    0
    0
    0
    0
   25
    0
    0
    0
   39
    0
    0
    0
   28
   28
   21
  103
   78
    0
    8
    0
    0
   12
   10
   31
   51
    0
  263
   45
    0
   55
   26
    0
   15
    0
   46
   25
   26
    0
    0
    0
    0
    0
    0
    0
    0
    0
    0
    0
    0
   58
    5
    3
    0
    0
    0
    0
   12
    0
    0
    4
   30
    7
    0
    0
    4
   30
    0
    0
    0
    0
   20
   35
   20
   10
   45
    0
    0
    0
    0
    0
    0
    0
    0
    0
    0
    0
    0
    0
    0
    0
    0
    0
    0
    0
    0
    0
    0
  212
    0
    0
  130
   98
  160
  106
    0
   55
    0
    0
    0
    0
   58
    0
   19
    9
   88
    0
    0
   18
    0
    0
    0
    0
    0
    0
    0
    5
    0
   20
   13
  600
   83
    0
    0
    0
   20
   10
    9
    0
   29
    0
    0
    0
    0
    0
    0
  823
   55
    0
    0
  106
    0
   17
    0
    0
    0
   38
    0
    0
    0
    0
    0
    0
    0
    0
    0
    0
   17
    0
   20
    8
    5
    0
   14
    6
   77
   14
    0
   10
   54
   10
    0
    0
    0
    0
   10
   15
  239
   19
   31
   10
   30
   30
    5
   10
    0
    0
    0
    0
    0
    0
   24
    0
    0
    0
    0
    0
    0
    0
    0
   18
   58
    0
    0
    0
    0
    0
    0
    0
    0
    0
   45
   16
   15
   20
    0
   20
    0
    3
    0
    0
    0
    7
    0
    0
    0
    0
    0
   10
   12
   12
    9
   79
   49
    9
   50
    0
    0
    0
    0
   17
    9
    0
   14
    0
   15
    0
    0
   13
   30
    0
   36
   15
   10
    0
   30
    7
   15
   11
   61
   39
   49
    0
    4
   20
   13
    0
    0
    0
    0
   15
    0
   15
    0
    0
   55
    0
   12
    6
  100
   32
   25
    0
    0
    0
    0
    0
    7
   78
   20
   10
    0
    0
    0
    0
    0
    0
    0
    0
    0
    0
    0
    0
    0
    0
   74
   32
    0
    9
    0
   56
   55
   20
    0
    0
    0
    0
    0
    0
    0
    0
   65
    0
   22
    5
   18
   20
   78
    0
    0
    0
    0
    0
    0
    0
    7
   11
    0
    0
    0
    0
    0
    0
    0
    0
    0
   53
   10
    0
   20
   60
   18
   15
   20
   15
    0
    0
   15
    0
    0
    0
   12
    5
   20
   46
    0
    0
    0
    0
    0
    0
    0
    0
    0
   15
   37
   17
    0
    0
    2
   45
   20
    0
    7
   15
   19
    0
    0
    0
    0
    0
    0
    0
    0
    0
   22
   27
    0
    0
    0
    0
    0
    0
   10
   10
    0
    0
   20
   70
    0
    0
    0
    0
    0
    0
    0
    0
    0
    0
    0
    0
    0
    0
    0
    7
    0
   17
    0
    0
    0
    0
    0
   35
    0
    0
    0
    0
    0
    9
    5
  320
   10
    0
    0
    0
  100
   57
    7
    0
   20
    0
    0
   50
   94
    0
    0
   33
    0
    0
    0
   91
  196
   20
    0
   31
    5
   40
   10
    0
   16
    0
    0
    6
   20
    0
   10
   10
   50
   30
    0
    0
    0
    0
    0
    0
  430
    0
    0
    0
    0
   40
   15
   10
    5
   30
   95
   61
    0
   16
   30
    0
    0
   20
   10
    0
   65
    5
   49
   37
    0
   40
   78
    0
    0
   44
    0
  190
    0
    0
    0
   35
  145
    0
   21
    0
    0
    0
    0
    0
    0
    0
    0
    0
   47
    0
    0
    0
    0
    0
   10
    0
   95
   20
    0
   39
   90
   19
   80
    0
    0
   10
    8
    0
  100
   46
   80
    0
    6
   10
   11
    0
    0
    0
    0
    0
    0
    0
    0
    0
    0
    0
    0
    0
    0
   30
    0
    0
    0
    0
    0
   17
    0
   20
    0
    0
    0
    0
   16
    0
    0
    0
    0
    0
    0
   39
   89
  110
    0
    0
    0
    0
    0
    0
    0
    0
    0
    0
    0
    5
  100
   40
   14
    0
    5
    5
    0
    5
  190
  187
   10
    0
    0
   25
   10
   15
   40
    0
    0
    0
    0
    0
   45
    0
    0
    0
    7
    0
   17
    0
    0
    8
   34
    0
  102
    0
   22
   60
   40
    0
    0
   17
    0
   25
  138
  138
   10
   10
    0
   36
   40
   30
    0
   15
    6
   43
    0
   25
   50
    5
    2
    0
    5
    0
    0
    5
   15
   20
    5
   20
    0
    5
    0
    0
    0
    0
    0
    0
   34
    0
   30
   10
   60
    4
   10
   16
    0
    0
   15
    4
    0
    0
    0
   20
   42
    0
   60
   10
   10
    2
    0
    0
    0
    0
    0
    0
    5
   15
   40
   56
   53
    0
    0
    0
   30
    0
   10
   45
    0
    0
    6
   25
    0
    0
    0
    0
   57
   25
   45
  278
   40
   10
   30
   32
   42
    0
   45
    7
   49
   80
   12
    0
    0
    7
    0
    3
   12
    4
    0
   30
    0
    0
    0
    0
    0
   21
  135
  410
   86
    0
    0
   22
   26
    0
    0
    0
   12
    0
    0
    0
    0
    0
    0
    0
    0
   24
    2
    0
    0
   24
   64
    0
    0
    0
    0
    0
    0
    0
    0
    9
    0
    4
    0
   10
  300
   10
   15
   36
   26
  120
   40
  137
    8
    5
    0
    0
    0
    0
   42
    0
    4
  110
    0
    0
   10
    0
    5
    0
    0
    5
    0
    0
  100
    0
    0
    0
    0
    0
    0
    0
    0
    0
    0
    0
    0
  200
    0
    0
    0
    0
  168
  140
   50
   36
    0
    0
    0
    0
    0
    0
   10
    0
    0
   15
  130
   30
    0
    0
    0
    0
    0
   40
    0
    0
    0
    0
    0
    0
   20
    0
    0
    0
    0
    0
    0
   40
    0
   52
   77
  182
    0
    0
    0
    0
   70
   55
   51
    0
    0
   30
  155
  260
   80
    0
   17
   30
    0
    0
   20
   11
   26
    0
    0
   96
    7
    8
  240
    0
   82
    0
    5
    0
  120
   26
    5
    0
    3
   30
    0
    0
    0
    0
    0
    0
    0
    2
    0
    0
    0
   25
   10
  137
    5
    0
    0
    0
    0
   23
    0
    0
    0
    0
    0
    0
    0
    0
    0
    0
    0
    0
    5
   16
    0
    3
    0
   10
   10
   25
   10
   50
    0
    0
    0
    0
    0
    0
   21
    0
    0
    0
    2
    0
    0
   22
   12
    0
  105
    0
   47
    0
    0
    0
    0
    0
   30
   62
    5
    0
    5
    5
    0
    0
    5
   32
   10
    0
    0
   16
    5
   41
    0
    0
  155
   10
    0
    1
    0
    0
    0
    0
    0
    0
    0
    0
    0
    5
   15
   10
    5
    5
    5
   12
   27
   14
    0
    0
    0
    2
   10
   42
    1
   21
   50
    0
    0
    0
    0
    0
   60
   10
   15
   14
   20
    0
   10
   20
   28
   19
    5
   25
   54
    0
   15
   27
    0
   21
    2
    0
    0
  150
    0
    0
   15
    0
   18
    0
   10
    0
   14
   10
    0
    1
   11
    0
    0
   22
   36
    4
   11
    0
   61
    0
    0
    0
    0
    5
   20
    0
    0
    0
    0
    0
    0
    0
    8
    0
    5
   28
    4
   10
    8
    0
    0
    0
   10
    0
   83
   37
   55
    0
   41
   63
    0
    0
    0
    8
    0
    7
   10
   30
   47
   96
   50
    0
   18
   15
   34
  125
   61
  117
    0
    0
    0
    0
    0
    0
   65
    3
    0
    0
    5
    0
    0
    0
    0
    0
    0
    0
    5
   34
    4
    0
   89
  308
    0
    0
   10
   20
  122
    0
    0
    0
    0
    0
    0
    0
    0
   18
    0
    0
   39
   60
  310
  116
    0
   10
   77
  160
    8
    0
   20
   37
   44
    3
   25
  535
  106
    0
   25
    0
    0
    0
   51
   45
   20
   54
    0
    0
    0
    0
    0
    0
    0
  225
   13
    0
    0
    0
    0
    0
    0
    0
    0
    0
    3
   56
   19
   24
    3
   46
    0
    0
    0
  236
    0
    0
    0
    0
   70
  461
    0
    0
    0
    0
    0
    0
    0
    0
    0
    0
    0
    0
    0
    0
    0
   43
  241
    0
    0
    0
    0
    6
    0
    0
    0
    0
   15
   31
   40
   89
   59
   80
    3
  336
  355
    9
    7
    0
    0
   44
   26
    5
    0
    0
    0
    0
   25
    5
    0
    0
    0
    0
  210
  160
    0
    8
    0
    0
    0
   57
  109
   18
   25
  150
    3
    0
    5
    0
   10
    0
    0
    0
    0
    0
    0
    0
    0
    0
    0
    0
    0
    4
    0
   15
    0
    0
    0
    0
    5
    0
   15
   83
   18
    0
    0
   70
  166
   80
   34
    0
   43
   24
   28
    5
    0
    0
    0
    0
    5
   41
   67
   63
    0
   51
    0
    0
    0
    0
    0
    0
    0
    0
    0
    0
    0
    0
    0
    0
   18
    5
    0
    0
    0
    0
    0
   35
    3
    0
    0
    0
    0
    0
   13
   10
  120
    0
   32
   80
   28
    0
    0
    0
    0
    0
    5
    0
    0
    3
    3
    0
    0
    0
   18
    0
    0
    0
    0
    0
    0
    0
    0
    0
    0
    0
    0
    0
    0
    0
    0
    0
    0
    0
    0
    0
    0
    0
    0
    0
   11
   10
    7
    9
    0
    0
    0
    0
    0
    0
    4
   58
   23
   37
   34
    5
   42
    2
   10
   12
    5
    5
    0
    0
    0
    0
    0
    0
   23
    0
    5
    2
    0
   33
    0
    0
    0
    4
    7
    5
    0
    0
    0
    0
    0
    0
    0
    0
    0
    1
   10
   30
    0
   56
    0
   15
    5
   10
   16
    2
    3
   70
    2
    0
    0
    0
    0
    0
    0
   70
   11
    2
    0
    0
    0
    0
    0
    0
    0
    0
    0
    0
   13
    4
    0
    0
   10
    0
    1
    0
   51
    6
   38
    0
    0
    0
   20
   44
    2
    1
    6
    7
    0
  100
   35
   21
  127
   95
    0
    6
   51
   26
    0
    6
   19
  116
    0
    0
    0
    0
    0
   73
   10
    0
    0
    0
    0
   10
   20
    0
    0
   15
    0
    0
    0
    0
    0
    5
    0
    5
   10
   42
    5
    0
    0
    0
    0
    5
   64
   19
   13
    3
    1
    0
   86
  131
  126
  446
   10
    0
  150
   22
    0
    0
    2
    0
    0
    0
    0
    0
    0
    0
  155
   46
   76
    0
    0
   43
    0
    0
    0
    0
    6
    0
    0
    0
    2
    0
    0
    0
    0
   42
   90
   17
    3
   52
    3
    0
    0
    0
    0
   45
    0
    0
    3
   15
    0
    8
   72
    0
    0
   15
    0
    0
    0
    0
   10
   64
    8
    0
    3
    8
   28
   24
  285
   73
    8
    0
    3
    0
    0
    0
   56
    0
    0
   18
   32
    0
    5
    1
   22
    0
   66
   25
    0
    9
   30
    0
    0
    0
    5
   21
    0
    0
    0
    0
    2
   61
   72
    4
    0
  145
   84
    0
    0
    0
    0
    0
   16
    0
   50
    3
    5
    1
    0
    0
    0
    6
    0
   16
   37
    6
    3
    2
    0
   92
    0
   15
    3
    0
   68
   13
    3
    0
    0
   11
   10
   17
    4
   19
    9
   19
   60
    5
   25
    1
    0
    0
    0
    0
    0
    0
    0
    0
    0
   86
    5
    0
    4
   30
   11
  219
   26
    0
    0
    1
    0
    2
    0
    0
    0
    5
    0
    0
    0
    0
    0
   14
    0
    1
    0
    0
    0
    3
    0
    0
    0
    0
    0
    0
    0
   15
   55
    7
    0
    5
    9
   25
   49
    0
    0
    6
    2
    0
    9
    0
    0
    0
    3
   52
    0
    1
    0
    0
    4
   32
   21
   45
    0
   20
    0
    0
   49
   21
    0
   40
    0
    0
    0
   72
   14
    6
    0
    0
    6
    1
    0
    0
    7
    0
    0
    0
    0
    0
    0
    0
    7
   22
  126
   15
   11
  164
    0
   39
    7
   47
    0
    0
   22
   28
    3
   10
    1
    0
    0
    0
   22
    6
   33
    9
    0
    0
    0
    0
   38
   10
   10
   12
    0
    0
    0
   53
    0
    0
    0
    0
    0
    0
   15
   19
   15
    9
   46
   11
    0
    0
    0
    3
   14
   85
   21
    0
    0
    1
    0
    2
    0
   65
    0
    0
    0
  107
    0
    6
   45
   65
   79
    0
    0
   10
   37
   12
    0
    0
    0
    0
    0
    0
    0
    0
    0
    0
    0
    0
    0
    0
    0
   35
  125
    0
    0
    0
   35
    0
  115
   61
    0
    0
   23
    2
    9
    0
    0
  146
   21
   24
    1
   12
   85
    0
    0
    0
    0
    0
    0
    0
    0
    0
   25
   13
    3
  105
  365
   21
  213
   30
    0
   70
    0
   77
    2
    0
    0
   31
   40
   57
   69
    0
    0
   25
    0
    0
    0
    0
    0
    0
    0
    0
    0
    0
   13
    0
    0
   30
   67
    0
    0
    5
    0
  127
    0
    2
    0
   81
   48
    0
    0
    0
    0
    0
    0
    8
    7
    0
    0
    0
    0
    0
   43
   27
    0
    0
    0
    0
    0
    0
    0
    0
    0
    3
    0
    0
    0
    0
    0
    9
    0
   22
   10
    0
    0
    0
    0
    0
   19
  121
   42
   78
   33
   48
    8
   52
    0
    0
    0
    0
   10
    0
    0
    5
    0
   17
    3
    0
    0
    0
    0
    0
    0
    0
    2
    0
    3
    2
    0
   10
    0
    0
    0
    0
    0
    0
  138
    0
    0
    0
    0
    0
   11
    0
    0
    0
    0
    0
    0
   11
    3
    0
   44
  141
  125
    2
    6
   60
   33
    0
    0
   37
   29
  112
   20
   75
    0
    0
    0
   15
    0
   52
    2
    2
    0
   14
   34
    0
    0
    1
    4
    0
    0
    0
    0
   10
    4
    7
    6
   28
    0
    0
    0
    0
    0
    0
    0
    5
   53
    0
    0
   55
   32
   23
   30
    1
   16
    0
    0
    0
   37
    0
    6
    0
    0
    3
    0
    0
    0
    0
    0
    0
    0
    0
    0
    0
    0
    0
    0
   19
    0
    0
    0
    0
    6
   98
    2
   37
   17
    0
    0
   30
    5
    1
   12
   53
   10
   36
    7
   98
    0
    7
    0
    0
    0
   33
   12
   78
   26
    2
    8
    8
    0
   14
    0
    0
    0
    0
    0
    0
    0
    0
    0
   15
   29
    7
    0
    0
    0
   15
   79
    8
    9
   29
   16
    0
    0
    0
    0
    0
    0
    0
    0
   39
    0
    0
    8
    0
    0
    0
    0
    2
    0
    0
  365
    0
    0
    0
    0
    0
    0
    0
    0
    0
    0
    0
    0
    0
    0
    0
    0
    0
    0
   60
    0
    0
    5
    0
  137
    7
    0
  461
   18
   13
   21
   39
    1
    0
    0
    0
   50
   10
    0
   28
   21
  453
    0
    0
   20
   35
   50
    9
    1
    0
   20
   17
   19
   31
    0
    0
    0
    3
    0
   28
    0
    0
   16
   77
   27
    6
    3
   36
   36
    0
   71
    6
   28
    2
    0
   39
    0
    0
    0
    0
   51
    2
   22
    0
    5
    5
  170
   33
   16
   28
    0
    8
   87
    0
    6
    0
    0
    0
    0
    0
    0
    0
   90
   27
    0
    0
    0
    0
    0
    0
    0
   37
   66
   19
   26
    0
  192
   12
   12
   68
    0
    7
    0
    0
   87
    0
   86
    5
    0
    0
    0
   29
    7
  125
    0
  138
   88
   41
   75
   55
    0
    0
    0
    0
    0
    0
    0
    0
    1
    0
    0
    0
  175
   16
   17
    1
    0
    0
   95
    4
    1
    9
    7
   50
    6
   17
    0
    0
   18
    5
    0
    4
    4
    0
   50
   93
    4
    7
    9
   94
    6
    7
   74
  133
   31
   13
   54
    0
   17
    0
   10
   63
   30
    0
    0
    0
   82
   22
   26
   10
    4
   18
   12
    0
    0
   25
    0
    2
    4
    6
    0
    0
    5
    0
    0
    0
   16
    3
   27
    0
    0
    0
    0
    0
   29
    9
   40
   41
    0
    0
   10
    0
    0
    4
    5
    0
    0
    0
    0
    0
    8
    0
    0
    0
    0
    0
   12
    0
    0
    0
   29
   18
    0
    0
   48
    0
    5
    1
    0
    0
    0
    0
    0
    0
    3
    7
    0
    0
   27
    1
   31
   17
   13
    8
   35
   11
    3
   45
    2
   17
   12
   52
    8
    2
    0
    0
    0
   22
    2
    0
   52
    0
    5
   60
    0
   89
   12
   10
    3
    8
   28
    0
    0
   20
   41
    0
    0
   35
    2
    0
    0
   10
   60
    0
    0
    0
    1
    0
    0
    0
    0
   14
    6
    0
   10
    1
    5
    0
    0
   65
   12
    0
    0
    0
    0
    0
    0
  121
    2
   82
   17
    4
    0
    0
   21
    0
   12
    0
    4
   55
   16
    0
    0
    0
   10
    0
    3
    0
    4
    2
   14
    2
    0
    0
    0
    0
    0
    0
    0
    0
   85
   21
    0
   23
   17
  122
    3
   33
   21
    0
    0
    0
    0
   96
   70
   11
    0
    0
    0
    0
    0
  122
    0
  140
    0
    0
   48
   11
    0
    0
    2
    0
   55
    0
  103
   10
    0
    0
    0
    0
    0
  111
  228
   23
   68
   32
   10
    0
    0
    0
    0
    0
    9
    0
   20
    0
    0
    0
  153
  188
  176
  158
   40
    6
    0
    0
    3
  300
   93
    3
    1
    0
    0
    0
    0
   22
   26
   66
    2
    0
    0
    0
    0
    0
    0
    0
    0
    0
    0
    0
   23
    0
    0
    0
    0
    9
    3
    0
    0
   23
    3
   29
    2
   46
    0
    1
    0
    0
    0
    0
    0
   15
    0
   54
    0
    0
   65
    0
    0
    0
    0
    0
    4
    0
    0
    0
    0
    0
    0
    0
    0
    0
    0
    0
    0
    0
   92
    0
    9
    0
    0
    7
   22
    0
    1
   37
    7
    4
    2
   20
    0
    0
    8
    0
   24
   30
    1
   20
    0
    0
   10
    0
    0
    0
    0
    0
    0
    0
    0
   10
    1
   18
    6
    0
    0
    0
    7
    3
    0
  123
    0
    0
    0
    2
   20
   95
  173
  141
    0
    0
    6
    4
    0
    0
    0
   36
   44
   28
   15
    2
    0
    0
    4
    0
    0
    0
    0
    0
   39
   15
   12
   28
    0
    7
   38
    0
    0
    0
   11
    7
   40
   13
    3
    0
    0
    0
    8
    0
    0
    0
    5
    0
    6
  136
   30
    2
   13
    1
    0
   35
    0
    0
   14
    0
    1
    0
    2
   15
    0
    0
    0
    0
    0
    1
   16
   38
   60
    0
   12
   34
   26
    0
    5
    0
    0
    0
    0
  107
   14
   26
    2
    2
    2
   11
    0
    0
    4
   27
    0
   43
    0
    9
   45
   16
   70
   26
   10
   22
   24
   29
    0
   25
    0
  102
  102
    0
    0
   28
    0
   73
   18
   31
    9
    0
    0
    6
   47
  170
   34
   30
   17
   18
  106
   37
  108
   72
    0
    0
    0
    0
    0
    0
   36
    0
    2
   50
    5
   75
   86
   40
    0
    0
    0
   15
    0
    0
    7
    0
    0
    0
   12
    3
    0
    6
    0
    0
    2
   14
    2
    0
    0
    0
    0
   33
    0
    0
    0
    0
    0
  219
   82
    0
    0
    0
    0
    0
    0
    0
    0
    0
    0
    0
    0
    0
    0
    0
   73
    2
   21
   52
    9
   78
    0
    0
    0
    0
    0
    0
    9
    4
   10
    0
    0
   95
    0
    6
    0
   13
    0
    0
  220
   33
    0
    0
    0
   86
    0
    0
    0
    0
    0
   15
    4
   12
   32
   16
    3
    0
    0
    0
    0
   16
   35
    4
   25
   20
    0
  208
   20
    4
   10
    0
    0
    8
   65
    6
    0
    0
    0
    2
    0
    0
    4
    0
    5
    0
   13
   15
    3
    2
   32
    0
    0
   85
    0
    0
    0
    0
    5
    0
    0
   23
    0
    0
    0
    0
    7
    0
  156
    0
   35
  343
   97
    0
    0
    0
    0
    0
   81
   39
    0
   11
    0
  155
    4
   43
    1
    7
   41
   40
    0
    0
    0
    0
    0
   14
    0
   10
   25
    9
    0
    0
    0
   66
    2
    0
    0
    0
    0
    1
    0
    0
    0
   99
    0
    0
    0
   10
   68
  113
    0
   11
    3
    9
    0
    0
    1
    0
    0
    3
    0
    0
    0
    0
    0
    0
    0
    0
    7
   27
    7
    0
    0
    7
    0
    0
   24
    5
    0
    4
    0
    3
    0
    0
    0
    0
    5
   75
    0
    0
   35
    0
   13
    0
    4
    0
    0
    0
    2
    6
    0
   48
    0
    0
    0
    0
    0
    0
    0
    0
    5
    5
    0
   11
    3
    0
    0
    7
   32
    0
    0
    0
    0
    0
    0
    0
    0
   66
   35
   16
    0
    0
    0
    9
    0
    6
    0
    0
    0
   31
    4
    0
    0
    0
   22
    0
    0
    0
    0
    0
    0
    0
    0
    0
    0
    0
   22
    5
   11
   27
    0
    9
    0
    0
    5
    8
   31
   20
   62
   53
    1
    0
    0
    0
    4
    0
    0
   19
    0
    0
    0
    0
   10
    0
    0
    0
    0
  110
    7
    0
    0
   40
    0
    0
    0
    5
   66
   58
    2
    0
    0
   48
    1
   18
    3
   63
   11
    0
    8
    0
  148
   35
   14
    0
   52
   27
   70
   86
  130
    1
    0
    3
   31
   21
    0
    0
    0
    3
   32
    4
   23
    1
   25
    0
    8
   14
   13
    7
   10
   63
   75
    4
   14
    2
   20
   15
    0
    0
    0
   35
    3
    5
    9
    0
    0
    0
    0
   10
   26
  156
   70
   13
    0
    0
    0
    0
    0
    0
    0
    0
   28
   98
   11
    0
    0
    0
    0
    0
    0
    0
    0
   14
   92
    0
    0
  105
   24
   16
   83
   25
    0
    0
   20
   25
   28
   91
    4
    0
    0
    4
    9
   41
   35
  136
    0
    0
   21
   68
    0
    0
    0
    0
    7
   11
    0
   39
    0
    0
    0
    0
    0
    3
  303
   77
   30
   10
    8
    3
    0
   35
  300
  134
    0
    0
    0
    2
    0
    0
    0
    0
    0
    0
    0
    0
    0
    0
   10
    0
    0
    3
  165
   22
   16
    0
    2
    0
    4
    0
    0
    4
    0
    0
   12
    0
    0
    0
  145
    5
    0
    0
    0
    0
    0
   27
    0
    0
    0
    0
   33
   10
   15
   13
   13
    9
   68
   45
   50
   98
   16
   21
   90
    2
   36
   28
    0
   13
   20
   28
    2
    0
    0
  100
    0
    0
   11
    2
    0
   33
   69
    0
   60
   12
    0
    0
   28
    7
    1
    0
    0
    0
    0
    0
    0
    0
    0
    0
    0
    0
   29
    3
    0
   35
    0
    0
    6
   20
   18
    0
   22
   37
    3
    0
    0
   20
    6
   94
  170
   10
    0
    0
   50
    0
    0
    0
    0
    0
    0
   18
    0
    0
   63
    1
    5
   28
   20
   19
   36
   30
    0
   21
    6
    0
   28
   48
  108
   21
    0
    0
   10
   31
   42
    0
    0
    3
    8
   17
    2
   64
   10
   53
  102
    0
    0
    4
    8
    5
   20
  101
   10
    5
    0
   12
    0
    0
    0
   37
    8
    0
    0
    0
    0
    0
    0
    0
    0
    0
    0
    0
    6
   13
    2
    0
    0
    2
   11
    3
   81
   51
    0
    0
    0
    0
    0
    0
    0
    0
    0
    0
   11
   40
   13
    4
   62
   19
    0
    0
    0
    0
    0
   42
    9
    0
   41
   41
   11
   25
  117
   33
    0
    8
    2
    0
    0
    0
    0
   30
    0
    0
    0
    0
    0
   65
   58
    0
    0
    0
   30
   21
   65
   40
   30
   17
    4
    4
    0
    0
    0
    0
    0
    0
    0
    0
    0
    0
    0
    0
    0
    0
    0
    0
    0
    0
   53
  184
   85
    0
   40
    0
    2
    0
    0
    0
    0
   35
    0
   56
    1
    0
   57
    0
   22
    0
   26
  122
   44
   32
    0
    0
    0
   18
    0
    0
    0
    0
    0
    0
    0
   18
   67
    0
    0
    0
   30
    0
   27
    0
   15
   15
    0
    0
    0
    0
    0
    0
    0
   10
   26
   88
   14
    0
    6
    0
    0
   39
    8
   44
    2
    0
    0
    0
  352
    6
    0
    0
    0
    0
    0
    0
    0
    0
    0
   12
    0
    5
    5
    0
    0
    0
    0
    0
  120
   13
    0
   44
   83
    0
  500
  301
   30
    7
    0
    0
    0
    8
   53
    2
    4
    0
    0
    0
   12
   38
   16
    0
    0
   80
   40
   90
  395
   92
    0
  108
  547
  359
    0
    0
    0
    0
    0
    0
    0
    0
   36
    0
    0
    0
    0
    0
    0
    0
    0
    0
  129
    0
    0
    0
    0
    0
    0
    0
    0
    0
  140
    0
    0
   33
   37
    0
    8
    0
    0
    0
    0
    5
   60
   40
    0
   36
   30
   28
    0
    0
    0
    0
    0
   58
   55
   52
   39
   10
    0
    0
    0
    0
    0
    0
    0
   41
   37
    3
   75
   26
    1
   53
   30
    4
    3
   49
   11
   70
   19
   12
    0
    0
   74
   37
  119
    5
    0
    0
   26
  111
   36
   67
   31
    2
    0
    2
    4
    6
    0
   58
  208
    0
    0
  111
    0
    0
    9
    6
    0
    0
  202
  173
    0
    1
   10
   22
    9
    0
    0
    0
    0
    0
    0
    0
   10
    0
    5
   13
   27
    4
    0
    0
    0
  160
    0
   52
    0
   17
    0
    0
  208
  240
    0
