Station: Wurzen , scaling_factor: 10.0, latitude:  51.3706, longitude:  12.7515, altitude:  127, nodata_value: -9
start: ..1994-01-01  end: ..2014-09-30
    0
   45
  143
    0
   38
    0
    0
    0
    0
   21
   19
   54
   15
    0
    0
    0
    0
    0
    0
    0
    0
   28
   30
    0
   68
   47
   52
   30
   10
   10
    0
    0
    0
    0
    0
    0
    0
    0
   41
   23
   19
   16
    7
    0
    0
    0
    0
    0
    0
    0
    0
   10
   24
   16
   50
    0
    0
    0
    0
   25
   21
   69
    0
    0
    0
   50
    0
    0
    0
    0
   62
  116
   69
  283
   24
   56
   32
   59
   25
    0
   41
   45
   39
   18
    5
    0
    0
    0
    0
    0
    0
    0
    0
   34
    8
    0
    0
    0
    0
   51
  159
  432
   29
   20
    0
    0
    9
    0
    0
    0
    0
    0
    0
    0
    0
    0
    0
    0
    0
   20
    0
    0
    0
   68
    0
    0
    0
    0
    0
    0
    0
    0
    0
    8
    0
    0
    0
    0
  386
   39
   28
    0
   96
  130
   31
   45
    0
    0
    0
    0
    0
    0
   35
    8
    9
   96
    0
    0
    0
    0
    0
    0
    0
    0
    0
    0
   52
    0
    0
    0
    0
    0
    0
    0
    0
    0
    0
    0
    0
   27
    0
    0
    0
    0
  145
    0
    0
  141
    0
    0
    0
    0
    0
    0
    8
    0
    0
    0
    0
    0
    0
    0
    0
    0
    0
    0
    0
    0
    0
    0
    0
    0
  104
    0
    0
    0
   15
    0
   15
    9
    0
   46
  267
  160
   44
    0
    0
    0
  106
  150
    0
    0
    0
    0
   30
  233
   40
    0
    0
  133
    0
    0
  240
    0
   30
    0
    0
   34
   30
   21
  301
    0
   74
    0
    0
    0
  104
   30
    0
    0
   30
    0
    0
    0
    0
    0
    0
    0
    0
    0
    0
    0
    0
   20
    0
  128
    0
   21
    0
    0
    0
   29
    0
    0
    0
    0
    0
    0
    0
    0
    0
    0
    0
    0
    0
    8
    0
    9
    0
    0
    0
  112
   24
   33
    0
    0
    0
    0
    0
    0
    0
    0
    0
    0
    0
    0
    9
  145
   30
    4
  121
    0
   19
    0
    0
    0
    0
    0
   41
   19
    9
    0
    0
   11
    0
    0
    7
   18
   19
    0
    0
   45
   10
   51
    0
   59
  130
    0
    0
    6
    0
    0
    0
    4
    5
    0
    0
    0
    0
    0
   40
   39
    0
   17
   14
   35
   25
    6
    0
    0
    0
    0
   35
   60
   23
   21
   18
    0
    0
    2
    0
    0
   45
   40
   37
   22
   41
    8
    0
   11
   21
   26
    5
   69
   29
    0
   29
   26
    0
   31
    0
    9
    0
  117
    0
   21
   10
    0
   58
    0
   54
    0
    5
   15
   61
    0
   18
    0
    0
    9
   32
    0
   53
    0
   13
   10
    0
    0
    5
    0
    0
    0
    0
    0
    0
    0
    0
    0
   18
    9
   72
    0
   18
    9
    0
    0
    0
    0
   19
   23
   31
   63
   32
    0
   68
   57
    0
    0
   23
    0
    5
   20
    0
   19
  146
   69
   19
    0
    0
   54
   21
  188
   56
   99
    0
    0
    0
    0
    0
   30
   79
   35
    0
    0
    0
    0
    0
    0
    0
    0
    0
    0
   17
   79
   27
    0
   21
  266
    0
    0
    0
   21
  100
    0
    0
    0
    0
    0
    0
    0
    0
    0
    0
    0
  151
   76
  287
  101
    0
    0
    9
   91
   23
    9
   14
    0
   10
   41
  104
   47
   33
    0
   58
    0
    0
    0
   19
   13
   15
   45
    0
    0
    0
    0
    0
    0
    0
  149
   44
    0
    0
    0
    0
    0
    0
    0
    0
    0
    0
   40
    0
   21
    0
   42
    0
    0
    0
  107
    0
    0
    0
    0
    0
    0
    0
    0
    0
    0
    0
    0
    0
    0
    0
    0
    0
    0
    0
    0
    0
  119
   14
    0
   19
    0
    0
   18
   41
    0
    0
    0
   86
    0
    0
  118
   78
    9
    0
  385
  185
    0
    0
    0
    0
    0
   18
    9
    0
    0
    0
    0
    0
    0
    0
    0
    0
    0
  144
  275
    0
    0
    0
    0
    0
  148
   98
   25
   39
   34
   19
    0
    0
    0
    0
    0
    0
    0
    0
    0
    0
    0
    0
    0
    0
    0
    0
    0
    0
    0
    0
    0
    0
    0
    0
    0
    9
   16
   10
    0
    0
   56
   75
   41
   45
    0
  139
   26
   23
    0
    0
    0
    0
    0
    5
   38
   57
    0
   48
   47
    0
    0
    0
    0
    0
    0
    0
    0
    0
    0
    0
    0
    0
    0
    5
    8
    8
    5
    0
    0
    0
   35
    0
    0
    0
    0
    0
    0
   19
    5
   50
    0
   85
  136
   10
    0
    5
    0
    0
    0
    0
    0
    0
    0
   17
    0
    0
    0
    0
    0
    0
    0
    0
    0
    0
    0
    0
    0
    0
    0
    0
    0
    0
    0
    0
    0
    0
   29
    0
    0
    0
    0
    0
    0
    1
    6
    9
    0
    0
    0
    0
    0
    0
    4
    0
   10
   15
   40
   45
   20
   35
    0
   15
   10
    3
    0
    0
    0
    0
    0
    0
    0
    0
   15
    9
   26
    0
   40
    0
    0
    0
    8
   15
    0
    0
    0
    0
    0
    0
    0
    0
    0
    0
    0
   59
    6
    0
   53
    0
    0
   31
   27
   14
   11
    9
   27
    0
    0
    0
    0
    0
    0
    6
   89
    8
    0
    0
    0
    0
    0
    0
    0
    0
    0
    0
    0
   23
    0
    0
    0
    0
    9
    0
    0
   43
    8
   31
    0
    0
    0
    9
   38
    0
    5
    5
    0
    0
   66
    0
   39
   68
  115
    0
    0
    6
   12
   38
   23
    7
   14
    0
    0
    0
    0
    0
    0
   12
    0
    0
    0
    0
    0
    5
    0
  114
   35
    0
    0
    0
    0
    0
    0
   10
    0
    0
    0
    0
    0
    0
    0
    0
    0
  161
   42
   30
    0
    0
    0
  105
   84
   36
  421
    9
    0
  129
   25
    0
    0
    0
    0
    0
   36
    0
    0
    0
    0
   75
   15
   10
    0
    0
   35
   37
   41
    0
    0
    0
    0
    0
    0
    0
   15
    0
    0
    0
   63
   23
   35
   21
   59
   29
    0
    0
    0
    0
    0
   60
    0
   35
   51
    0
    0
  111
    0
    0
    6
    0
    0
    0
    0
   20
  117
    0
    0
    9
    8
    1
   12
  145
   23
    5
    0
    0
    0
    0
    0
   18
    0
    0
   53
   61
    0
   19
    4
   29
    0
   19
   13
    0
   22
   29
    0
    0
    0
    0
    0
    0
    0
    0
    0
    0
  124
   34
    0
    0
   19
  101
    0
    0
    0
    0
    0
   30
    0
   11
    5
   31
   15
   12
   18
    0
    0
    0
  138
   14
    0
    0
    0
   12
   71
    0
   14
    2
    0
   74
   13
    0
    3
    0
    5
   15
   15
   26
   34
   22
   53
   36
   15
   35
    0
    0
    0
    0
    0
    0
    0
    0
    0
    0
   39
    0
   15
    0
    0
   35
  153
   15
    0
    0
    0
    0
    0
    0
    0
    0
   18
    0
    0
    0
    0
    0
   15
    0
    2
    0
    0
    0
    1
    0
    0
    0
    0
    0
    0
    0
   10
   15
    5
    0
   20
   16
   19
    8
    0
    0
   11
    2
   15
   19
    0
    0
    0
   31
   62
    0
    0
    0
    0
   21
   69
   73
   31
    0
    9
    0
    0
  113
   13
   18
   14
    0
    0
    0
   78
   46
    0
    0
    0
    0
    0
    0
    0
    0
    0
    0
    0
    0
    0
    0
    0
   12
   39
   36
   12
   25
   49
    3
   20
    0
   18
    0
    0
   16
   28
   27
   16
    0
    0
    0
    0
   15
   21
  122
    5
    0
    0
    0
    0
   40
    0
    8
   40
    0
    0
    0
   13
    0
    0
    0
    0
    0
    0
   14
    0
    0
   36
   73
    5
    0
    0
    0
    4
   16
   89
    0
    0
    0
    0
    0
    0
    0
   16
    0
    0
    0
    0
    0
    5
    6
   16
  141
    8
    0
   14
   46
   20
    0
    0
    0
    0
    0
    0
    0
    0
    0
    0
    0
    0
    0
    0
    0
   25
   75
    0
    0
    0
   15
    0
   92
   74
    0
   32
   34
    3
   30
    8
    0
    0
   52
    0
    0
    0
   58
    0
    0
    0
    0
    0
    5
    5
    0
    0
    0
   11
   19
  192
  123
  151
  301
   44
    0
   94
    0
   71
   14
    0
    0
   15
   10
   63
   10
    0
    0
    0
    0
    0
    0
    0
    0
    0
    0
    0
    0
    0
   29
    0
    0
    0
    0
    0
    0
    0
    0
    0
    0
    0
    0
   89
   28
    0
    0
    0
    0
   11
    0
  180
    0
    0
    0
    0
    0
    0
   65
   89
    0
    0
    0
    0
    0
    0
    0
    0
    0
    0
    0
    0
    0
    0
    0
   14
   13
   35
   18
    0
    0
    0
    0
    0
   18
   28
   88
   61
   16
   75
   75
   54
    0
    0
    0
    0
    0
    0
    0
    6
    5
   29
    4
    0
    0
    0
    0
    0
    0
    0
    5
    0
    1
    5
    0
    9
    8
    0
    0
    5
    0
    0
  123
    0
    0
    0
    0
    0
   10
    0
    0
    0
    0
    0
    0
   10
    0
    0
   15
  164
   59
    0
    0
  101
   59
    0
    5
   54
   34
    9
   15
   12
    7
    0
    0
    3
   10
   45
    0
    0
    0
  105
   19
    0
   28
    5
   15
    0
    0
    0
    0
   31
    5
   26
   24
   14
   18
    0
    0
    0
    0
    0
    0
    8
   68
    0
    0
   58
   41
   12
   11
   16
   11
    0
    0
    0
   28
    0
   15
    0
    0
   45
    0
    0
    0
    0
    0
    0
    0
    0
    0
    0
    0
    0
    0
   63
    0
    0
    0
    0
    5
   36
    0
   23
    6
    0
    0
   45
    4
   34
   72
   30
   29
  134
   42
   30
    8
    0
    0
    4
    0
    0
   44
   89
   58
    0
   18
    0
    0
   13
    0
    0
    0
    0
    0
    0
    0
    0
    0
   40
   16
    9
    3
    0
   10
   20
  135
    0
    0
   58
   41
    0
    0
    0
    0
    0
    0
    0
    0
   56
    0
    0
    0
   11
    0
    0
    0
    0
    0
    0
   14
    0
    0
    5
    7
    0
    0
    0
    0
    0
    0
    0
    0
    0
    0
    0
    0
    0
    8
   60
    0
    0
    0
   12
    0
    0
    0
    0
    0
    0
    8
   21
    0
    0
    0
    0
   29
    0
    0
   24
  271
  473
    0
    0
    0
    0
    8
   16
    0
    0
   54
   24
   45
   14
    0
    0
    0
    0
    0
   50
    0
    0
   13
   38
   20
    0
    0
  160
   42
   53
  151
   41
  159
    0
    0
   27
    0
    0
    0
    0
   18
    0
   25
   30
    8
    0
  393
  141
   11
   71
    0
    0
   65
    0
    8
    0
    0
    0
    0
    0
    0
    0
    0
   51
    0
    0
    0
    0
    0
    0
    0
   22
   26
   37
   25
   15
  221
   18
   42
    0
    0
   32
    0
    1
   27
    0
   75
    0
    0
    0
    0
   55
   12
  112
    0
  126
  124
  188
   98
   29
    0
    0
    0
    0
    0
    0
    0
    0
    0
    0
    0
    0
   83
   25
    0
    0
    0
    0
   48
   12
    0
   45
   28
   16
   31
   48
    0
    0
   23
    0
    0
   19
    0
    0
   24
  121
   24
    0
   43
   94
   24
   93
   61
  125
   19
    0
   20
    0
    5
    0
   48
   52
   42
   21
    0
    0
   53
    0
   12
    0
    0
    3
   12
    0
    0
    0
    0
    0
    0
    5
    0
    0
    0
    0
    0
    0
   15
   30
   42
    0
    0
    0
    0
    0
   35
   36
   43
   29
    0
    0
   25
    0
    0
    0
    5
    0
    0
    0
    1
    0
    5
    0
    0
    0
    0
   16
   38
    2
    0
    0
    5
   55
   15
    0
   35
    2
   19
   28
    0
    0
    0
    0
    0
    0
    0
   23
    0
    0
   58
    5
   28
    8
    9
   11
   23
   10
    5
   78
    0
   30
   25
   31
   10
    0
    0
    0
    0
   15
    0
    8
   70
   10
    5
   90
    0
   53
   25
   29
   36
   20
    5
    0
    0
   58
  113
    0
    0
   53
   18
    0
    0
   15
   29
    0
    0
    0
    0
    0
    0
    0
    0
    0
   10
    0
   46
   38
    0
    0
    8
   94
    0
    0
    0
    0
    0
    0
    0
   45
    0
   42
    5
    0
    0
    0
   15
    0
   16
    4
   21
   46
   40
    0
    0
    0
    8
    0
    6
    0
    0
    0
   20
    0
    0
    0
    0
    0
    0
    0
    0
    0
    0
   95
    0
   45
  105
   60
   29
   76
    0
    0
    0
    0
    0
  100
   39
    8
    0
    0
    0
    0
    0
   29
    0
   21
    0
    0
   22
    0
    0
    1
    0
    0
   92
    0
  223
   46
    0
    0
    0
    0
    0
   85
  191
    0
   83
    0
    0
    0
    0
    0
    0
   13
    0
    0
   13
    0
    0
    0
   36
   89
  272
   24
    7
    0
    0
    0
    8
    0
   94
    0
   14
    0
    0
    0
   59
    0
    3
   16
    0
    0
    0
    0
    0
    0
    0
    0
    0
    0
    0
    0
    0
    0
    0
    0
   21
  125
   49
    0
    0
   57
   56
   15
   21
   30
    0
   23
    0
    0
    0
    0
    0
    2
    0
   13
    0
    0
   18
    0
    0
    0
    0
    0
    0
    0
    0
    0
    0
    0
    0
    0
    0
    0
    6
    0
    0
    0
   58
    0
    8
    0
    0
    0
   18
    0
    0
   36
    8
   16
    0
   28
    0
    0
    0
   48
    0
   95
    0
   38
    0
    0
   10
    0
    0
    0
    0
    0
    0
    0
    0
   13
    0
   13
    0
    0
    0
   11
   32
    0
    0
  116
    0
    0
    0
    0
   45
   73
  113
   43
    0
    0
   36
   21
    0
    0
    0
   19
   28
   18
   27
    9
    0
    0
    0
    0
    0
    0
    0
    0
   16
    0
   23
    0
   16
    8
   56
    0
    0
    0
   19
   18
    8
   16
    0
    6
    5
    0
    8
    9
    0
    0
    6
   24
   31
   59
   47
    0
   15
    0
    0
   35
    0
    0
   46
    0
    0
    0
    5
    0
    0
    0
    0
    0
    0
    0
   18
   49
   12
   10
  101
   23
   56
    0
   12
    0
    0
    0
   15
  202
   18
   67
    5
   46
    3
   26
    0
    0
    7
   64
   19
   36
    0
    8
   36
   10
   36
   29
    3
   34
   16
   10
    0
   22
    0
   84
   86
    0
    0
   24
   11
   13
   29
    0
   29
   11
    0
    0
   93
  105
   23
   55
    8
    5
  161
   58
  143
   43
    0
    0
    0
    0
    0
    0
   18
    0
   23
   41
   48
    0
   48
   24
    0
    0
    0
    7
    0
    0
    5
    0
    5
    0
   23
   41
   11
    0
   91
    0
    0
    0
    8
    0
    0
    0
    0
    5
    0
    0
    0
    0
    0
   79
   28
    0
    0
    0
    0
    0
    0
   10
    0
    0
    0
    0
    0
    0
    0
    0
   15
    6
   15
   45
   26
   37
    0
    0
    0
    0
    5
    0
    8
    5
   36
    0
    0
   18
    0
    0
    0
   12
    0
    0
    0
    0
    0
    0
    0
    5
    0
    0
    0
    0
    0
    0
    0
    0
   45
   25
    0
   15
    0
    0
    0
    0
    0
    8
   10
  182
    0
   66
   15
    5
   10
    0
    0
    0
   44
    0
    0
    0
    7
   11
    0
    0
   67
    0
    5
    0
   45
    5
   10
   26
    0
    0
    0
   85
    0
    0
    0
   10
   15
    0
    0
   25
    0
    0
    0
    0
   18
    0
   45
    0
    0
  177
   47
    0
    0
    0
    0
    0
    0
   96
    0
    0
    8
  169
  103
  126
    0
   29
   36
   11
    0
    0
    0
    0
    0
   10
    0
    0
   75
   10
    0
    0
    0
   15
    0
    0
    0
    0
    0
   11
    0
    0
    0
  105
    0
    0
    0
   30
   54
  135
    0
    3
    5
   20
    0
    0
    0
    0
    0
    0
    0
    0
    0
    0
    0
    5
    0
    5
    0
   10
    8
    0
   10
   22
    0
    0
   24
    0
    0
    0
    0
    0
    0
    0
    0
    9
   20
   95
    0
    0
   29
    0
   25
    0
   60
    0
    0
    0
    8
    0
   11
   21
    0
    0
    0
    0
    0
    0
    0
    0
    0
    0
    0
   21
   61
   21
    0
   50
  101
    0
    0
    0
    0
    0
    0
    0
    0
   49
   28
   15
    0
    0
    0
   10
    0
   28
    0
    0
   10
   58
    0
    0
    0
    5
    0
    0
    0
    0
    0
    0
    0
    0
    0
    0
    0
    0
   10
   15
   65
   35
    0
   11
    0
    0
    0
   11
   85
   18
   37
   38
    0
    0
    0
    0
    0
    0
    0
    0
    0
    0
    0
    0
    8
    0
    0
    0
   20
   50
   91
    0
    4
   11
    0
    0
   20
    0
   23
   85
    0
    0
    0
   45
    0
   56
    0
   78
   29
    0
    0
    0
   79
   38
   69
    0
   39
    0
   94
   68
  102
    0
    0
    0
    8
   20
    0
    0
    0
   12
   68
    5
   20
    8
    8
    0
   45
   12
    0
   38
   12
   58
   18
   10
    7
   15
    0
   18
    9
    0
    0
   54
   10
    0
   53
    0
    0
    0
    0
    0
    8
  116
   64
    2
    0
    0
    0
    0
    0
    0
    1
   13
   10
  179
   10
    0
    0
    0
    0
    0
    0
    0
    0
    0
   53
    0
    0
  179
   10
   77
  105
   65
    0
    0
   41
   36
   10
   55
   18
    0
    0
    0
   35
   19
    9
   16
    0
    0
   10
   80
   24
    0
    0
    0
    0
   11
    0
  105
    0
    0
    0
    0
    0
    0
  421
  165
  211
    0
    0
    0
   10
    8
  198
   49
    0
    0
    0
    0
    0
    0
    0
    0
    0
    0
    0
    0
    0
    0
   62
    0
    0
    0
   85
    2
   25
    0
    0
    0
    0
    0
    0
   21
    0
    0
   21
    0
    0
   35
   14
    0
    0
    0
    0
    0
    0
   41
    0
    0
   11
    0
    0
    8
   44
   13
   24
    0
  115
   25
  135
  145
   85
   46
   84
    2
    0
   35
    0
    0
   31
   20
   15
    0
    0
   96
   16
    0
   91
   11
    1
   33
   55
    0
   60
   11
    0
    0
   29
    2
    0
    0
    0
    0
    0
    0
    0
    0
    0
    0
    0
    0
   45
   18
    0
   21
    0
    0
   22
    0
    5
    0
    0
   12
    0
    0
    0
    0
    8
   67
   84
   14
    0
    0
   45
    0
    0
    0
    0
    0
    0
   18
    0
   10
   68
    0
    0
   18
   22
    5
   11
   21
    0
    0
    0
    0
   56
  129
   65
   23
    0
    0
   11
   26
   20
    0
    0
    3
   13
   11
    0
   23
    0
   85
   50
    0
   36
    0
    0
   61
   21
   48
   75
   21
   16
    1
    0
    0
    0
   11
    3
    0
    0
    0
    0
   29
    0
    0
    0
    0
    0
    0
    0
   70
   10
    0
    0
    0
   18
    5
   75
   25
    0
    0
    0
    0
    0
    0
    0
    7
    0
    6
   25
  111
   42
   32
   10
    0
    0
    0
    0
    0
    0
   55
   45
   28
   42
   13
   51
   85
   35
   21
    0
   21
    0
    0
    0
    0
   30
   63
    0
   11
    0
    0
    0
  123
   35
   26
    0
    0
   10
    6
   34
   13
    8
   27
    6
    0
    0
    0
    0
    0
    0
    0
    0
    0
    0
    0
    0
    0
    0
    0
    0
    0
    0
    0
    8
  146
  108
    0
    0
    0
    0
    0
    0
    0
    0
    0
    0
   75
   65
    6
   40
    0
    0
    0
    5
   84
   34
   41
    0
    0
    0
    0
    8
    0
    0
    0
    0
    0
    0
    0
   52
    0
    0
    0
  127
    0
   61
    0
    5
   28
    0
    0
    0
    0
    0
    0
    0
    0
   23
   40
  105
    0
   80
    0
    0
   39
   10
  196
    6
    0
    0
    0
   92
   29
    0
    0
    0
    0
    0
    0
    0
    0
    0
    0
    8
    0
    0
    0
    0
   16
    0
    0
  231
    0
    0
    0
    0
    0
  353
  348
    0
   43
    0
    0
    0
   24
   78
   12
    8
    0
    0
    0
    0
    0
   83
    0
    0
  233
    0
    0
   65
   23
    0
  135
   75
  918
   18
    0
    0
    0
    0
    0
    0
    0
    0
    0
    0
    0
    0
    0
    0
    0
    0
    0
    0
    0
    0
    0
    0
    0
    0
    0
    0
    0
   92
    0
    0
    0
   24
    0
   11
   11
    0
    0
    0
    8
    0
   50
    0
   21
  111
    0
    0
    0
    0
    0
    0
   21
    8
   58
   23
   11
   18
    0
    0
    0
    0
    0
    0
   29
   38
   10
   45
    0
    0
   25
   78
    0
    0
   43
   31
   45
   39
   21
    0
    0
   41
   72
   68
    0
    0
    0
    0
  137
   65
    0
   51
    0
    0
    8
    0
   11
    0
   18
  122
    0
    0
  118
    0
    0
    8
    0
    0
    0
  100
  187
    0
    0
    0
    1
    0
    0
    0
    0
    0
    0
    0
    0
    0
    0
    0
   15
   31
    0
    0
    0
    0
  151
    0
    1
    0
   18
    0
    0
   84
  271
    0
   45
  165
   95
    0
   12
   41
   12
    0
    0
    0
    0
   39
   81
    0
    0
    0
    0
    0
   21
    0
    0
    0
   53
    8
   28
   11
   38
   29
   34
   16
   31
    0
   10
   10
    5
    5
    0
   29
    0
    0
    0
    0
    0
    0
   23
   10
    0
    0
    0
    0
    0
    0
    0
    0
    0
    0
    0
    0
    0
    5
    0
    0
    0
    0
   36
   11
   41
    0
    0
   45
   26
    0
    0
    0
    0
    0
    0
    0
    0
    0
    0
    0
    0
    0
    0
   65
    0
    0
    0
    0
   20
    0
   45
    0
    0
   10
    8
    0
    0
    0
    0
    0
    0
    0
    0
    0
    0
   45
   19
    0
    0
    0
    0
    0
    0
   22
   19
    0
   20
   12
    0
    0
    0
    0
    0
    0
    0
    0
   51
    0
    0
   33
   41
    0
    0
   19
   14
   74
    0
    0
    0
    0
    0
    0
   10
    0
    0
    0
    0
    0
    0
    0
    0
    0
    0
  310
    0
    0
  154
    0
    0
    0
   78
    0
    0
    0
    0
    0
    0
   25
    0
    0
    0
    0
    0
    0
    0
    0
    0
    0
   31
   25
    0
   52
    0
    0
   15
    0
    0
    0
    0
    0
    0
    0
    0
    0
    0
   43
    0
    0
    0
   51
    0
    0
    0
   15
    0
  150
    7
    0
    0
    0
    0
    0
    0
    0
    0
    0
    0
    0
    0
    0
    0
    0
    0
    0
    0
    0
    0
   22
    0
    0
    0
    0
    8
    0
    0
    0
    0
   18
   16
    3
   12
   68
    8
    0
    0
    0
    0
    0
    5
   32
   98
  194
   21
    0
    0
    0
    0
    0
    0
    0
    0
    0
    0
   13
    0
    0
    0
    0
   66
    0
    0
    5
    5
   20
   50
   11
   10
   40
  125
    0
    0
    0
    0
    0
    0
    0
    0
    0
    0
    0
    0
   59
    0
    0
    0
   27
   31
    0
    0
   56
   21
    0
    0
    0
   13
    0
    0
    0
    0
    0
    0
    0
    0
    0
    0
    0
    0
  115
   21
   11
    0
    0
    0
    0
    0
    0
   11
    0
   11
   75
   21
    0
    0
    0
    0
    0
   23
    0
    0
    0
    0
    0
   56
   29
  198
   75
   39
    0
    0
    0
    0
   10
   18
   18
    0
    0
    0
    0
    0
    0
    0
    0
    0
    0
    0
    0
   48
    0
   84
    8
   10
   35
   27
   76
   25
   36
   61
   32
    0
    8
    0
  156
    0
    0
    0
    0
   29
   26
    0
    0
    0
  108
   53
   10
   23
  125
   15
    0
    0
    0
   31
   36
   18
  122
   11
   22
    0
    0
    0
   10
    0
    0
    0
    0
    0
    0
    0
    0
   21
    6
    0
    0
    0
  102
   33
   15
    0
    0
   11
    8
   10
   65
    0
    0
    0
   29
    0
    0
    0
    0
    0
   28
   78
    0
    0
    0
    0
    0
    0
    0
    0
    0
    0
    0
    0
    0
    0
   24
   11
   27
   16
   15
   58
   16
    0
    0
    0
    0
    0
    0
    0
   42
   45
    0
    0
    0
   72
   10
    0
   10
    0
    0
    0
    0
   11
    0
   27
    0
  294
   96
   16
    0
   22
  125
   45
    0
   22
    0
   41
    0
    0
    0
    0
    0
  131
   61
   40
    0
    0
    0
    0
    0
    0
    0
    0
   11
   42
    0
   65
  101
    0
    0
    0
    0
    5
    8
   53
    0
    0
   81
    0
  171
   11
   31
    0
    0
    0
   45
    0
    0
    0
  111
    0
    3
    0
   15
   11
   25
    0
   51
    0
    0
  144
    0
    0
    0
   78
   18
    0
    0
    0
   33
   41
   11
  142
    0
  170
  277
    0
   42
   41
    0
    0
    0
    0
   14
    0
    0
    0
    0
    0
    0
    0
    0
    0
    0
    0
   61
   68
   14
    0
    0
    0
    0
   36
    0
    0
    0
    0
   48
    0
   31
   44
   10
   15
   41
   35
    0
    0
    0
    0
    0
    0
    0
    0
    0
    0
   51
   11
    0
    0
    0
    0
    0
    0
    0
    0
   35
   25
   36
   78
   31
   15
   25
   34
   61
    0
    0
   54
    0
    0
    0
   41
    0
    0
    0
    0
    0
    0
    0
    0
   44
    0
    0
    0
    0
   39
    0
    0
    0
    0
   11
   29
    0
    0
   32
   45
    0
    0
    0
    0
    0
   11
   21
   23
   16
   75
    0
    0
   44
    0
    0
    8
   41
   48
  310
   18
   44
   30
   77
    0
    0
    0
   28
   12
    3
    5
    0
    0
    0
    0
    0
    0
    0
    0
    0
    0
    0
    0
    0
    0
    0
    0
    0
   59
   19
    0
    0
    0
   15
   28
    0
   29
  137
   11
    0
    0
    0
    8
    0
   22
   64
   17
   41
    0
    0
    0
    8
    0
   10
    6
    0
    0
    0
    0
    0
    5
   35
  139
   58
    8
   60
   23
    0
    0
   55
   25
    0
   16
   97
    0
   38
    0
    0
    0
    0
    0
   20
    0
   87
   74
  118
   48
   51
   35
   18
    0
    0
    5
    0
    0
   59
    0
   35
   19
   36
    0
    5
    0
    0
    5
    6
    8
    0
    0
    0
   19
    0
   48
   22
    0
    0
    0
    0
    0
   40
    0
    0
    0
    5
    3
    0
   78
    0
    0
    0
    0
    0
    0
    0
    0
    0
    0
   11
    5
   10
    0
   15
    0
    0
    0
    0
    0
    0
   23
    0
    0
    0
    0
    0
    0
    0
    0
   19
    5
   18
    0
    0
    0
    0
    0
   19
   20
    5
   29
  219
    0
   21
   11
    8
    0
    0
   94
   34
   15
    8
    0
    0
    0
   54
    0
   25
    0
    0
    0
    0
    0
    0
    8
    0
    0
   14
    0
    0
   16
  116
   15
    0
    0
   19
    0
    0
    0
  100
    0
    0
    0
    0
    0
    0
   59
    0
    0
    8
   35
    0
    0
    0
    0
  180
   78
    0
    0
   22
  115
   21
   82
   32
    5
   29
    0
    0
    0
    0
   29
    0
    0
    0
   37
   65
  221
   50
    0
    0
  132
    0
   88
   29
  434
    0
    0
    0
   75
   84
    0
   40
   25
   32
    0
    0
    0
    8
   22
    0
    0
    0
    0
    0
    0
    0
   34
    0
   30
   57
    0
   32
    0
    0
    0
    0
    0
    0
    0
    0
    0
    0
    0
    0
    0
    0
    0
  100
   39
   39
    0
    0
  144
   40
    0
    0
    0
    0
    0
    0
    0
    0
    0
   35
    0
   22
   18
   42
  123
    0
    0
    0
    0
    0
    0
    0
    0
    0
    0
    0
    0
    0
    0
    0
    0
    0
    0
    0
    0
    0
   29
   38
    0
    0
    0
    0
    0
    0
    0
    0
    8
    0
   18
   25
    0
    0
    0
    0
   18
    0
    0
    0
    0
   74
   15
   84
    0
   19
   53
    0
    0
    0
    0
   15
    0
    0
    0
    0
    0
    0
    0
   10
   28
    0
    0
    0
   53
    0
    0
   13
   12
    0
   21
  114
   91
   23
   12
   81
   18
   41
    0
    0
    0
    0
    0
   23
   60
   49
   29
    0
    0
    0
    0
   11
    0
    0
    0
    0
    0
    0
    8
    0
    0
    0
    0
    0
   79
   39
   21
   76
   74
    0
    0
    0
    0
    0
    0
    0
    0
    0
    0
    0
    0
    0
   66
    0
   74
  109
   26
  111
   21
    0
    0
    0
    0
   41
   21
   20
   11
    0
   23
    0
    0
    0
    0
    0
    8
    0
   29
    0
    0
   18
    0
   11
   76
    8
   38
  115
    0
   78
   12
    0
    0
   12
    8
    0
    0
    0
    0
    0
    0
    0
   20
   32
   86
    0
   14
   38
   57
   96
    0
   14
   11
    0
    0
    0
    0
    0
    0
    0
    0
   12
   31
    9
    8
   28
   15
    0
    0
    0
    0
   30
    0
    0
    0
    0
   35
   31
   37
    0
    0
    0
    0
    0
    0
    0
    0
    0
    0
    0
    0
    0
   11
    0
    0
    0
    0
  119
   25
   63
    0
   31
    0
    0
   45
   58
  134
    0
   35
    0
   54
    0
    0
   25
    0
   26
  137
    0
    0
    0
    0
    0
    0
    0
    0
   35
  119
    0
    0
    8
    0
   96
    0
    0
    0
    0
    0
   20
    0
    0
    0
    0
    0
    0
    0
    0
    0
    8
  172
    0
    0
    0
    0
   58
    0
    0
    0
    0
    0
    0
    0
    0
    0
    0
    0
    0
    0
   12
    0
    0
    0
    0
   25
   54
    0
   88
  253
   59
    0
    0
    0
   11
    0
    0
    0
   25
   64
   26
    0
   82
   19
   71
    8
   31
    0
   59
   10
   31
   21
   26
   33
   13
    0
    0
    0
   27
    0
    0
    0
    0
    0
    0
    0
    0
    0
    0
    0
    0
    0
    0
  146
    0
    0
    0
    0
    0
    0
    0
    0
   72
    0
    0
   25
   56
   11
  135
   21
   19
   27
    0
    0
    0
    0
    0
    0
    0
    0
    0
    0
    0
    0
    0
    0
    0
    3
   20
    4
    0
    0
    0
  114
   34
    0
   44
    0
    0
    0
   85
   68
    0
    0
   69
   29
    0
   44
   51
   56
    0
    0
    0
    0
    0
   18
    8
   19
    0
   57
    0
    0
    0
    0
    0
    0
    0
    0
    0
    0
   26
    0
    0
    0
    0
    8
    0
   73
    0
    0
    0
    0
   35
    0
    0
    0
   10
    0
    0
    0
   11
    0
    0
    0
   50
    0
   10
   15
    7
    0
   36
    9
   16
   36
    0
   16
    0
    0
   15
    0
   11
    0
    0
    0
   78
  151
   16
   18
    0
    0
    0
   11
    8
   29
    0
   35
   45
   35
   12
    8
   11
    0
    0
    0
    0
   16
   38
    0
   41
   16
   14
   40
   45
    0
    0
    0
    0
    0
    0
   22
    0
    0
    0
   27
   11
   66
    0
  109
   11
  105
    0
    0
    0
    0
    0
   24
    0
    0
    0
    0
    0
    0
    8
   25
   16
    8
   10
   70
  169
   79
    0
    0
    0
    0
    0
    0
    0
    0
    0
    0
    0
    0
    0
    0
    0
    0
    0
    0
    0
    0
    0
    0
    0
    0
    0
    0
    0
    0
    0
    0
    0
    0
    0
    0
    0
    0
    0
    0
    0
    0
    0
    0
    0
    0
  202
  153
   29
   34
   10
   23
    9
   73
    8
   89
    0
    0
    0
    0
    0
    0
    0
    0
   16
   11
   54
  149
   54
   11
    0
    0
    0
    0
    0
    0
    0
    0
    0
    0
    0
    0
    0
    0
    0
  275
    0
   39
   21
    0
    0
  111
    0
    0
    0
  224
   26
    0
    0
    0
    0
    0
  122
   84
   19
   30
    0
    0
   75
   66
   11
   21
    0
    0
    0
    0
    0
   36
    0
    0
   62
  302
   40
    0
    0
    0
    0
    0
  146
  123
    0
    0
    0
   16
    0
    0
    0
    0
    0
    0
    0
    0
  111
    0
    0
    0
   13
   15
    0
    0
    0
  176
    0
    0
   14
    0
    0
    0
    0
    0
    0
    0
  122
    8
    0
   75
  145
    0
    0
   10
   65
    0
  154
   15
    0
    0
    0
    0
    0
   22
   77
    0
    0
    0
    0
    0
    0
   34
    9
   70
  295
   49
    0
   22
   17
    0
    0
    0
    0
    0
    0
    0
    0
    0
    0
    0
    0
    0
    0
   15
   24
    6
    5
   45
    0
    5
    0
    0
    0
    2
    0
    0
    0
    0
    0
   29
   19
    0
   56
   39
  126
   79
   15
  119
   79
   59
   82
   10
    0
   20
    5
    0
    0
    0
    0
    5
   21
    0
    0
    0
    0
    0
   54
   89
    8
   10
   34
   11
    0
  101
   10
    0
    0
    0
   72
   31
    0
    0
    0
    0
    0
    0
    0
    0
    0
    0
    0
    0
    0
    0
    0
    0
    0
   38
    0
    0
    0
    0
    0
    5
   11
   19
    0
    0
    0
    0
    0
    0
    0
    0
    0
    8
   71
  256
    0
   26
    5
    0
   11
    0
   98
   82
   11
    0
   19
    0
    5
    0
    0
    0
   15
    9
    0
    0
    0
    0
    0
    0
    0
    0
    0
    0
    0
   11
    0
    0
    0
    0
    0
    0
    0
   21
    0
    0
   43
  156
   11
    8
    0
    0
    9
    0
   14
    0
    0
   15
   12
   12
    0
    0
   96
    0
   47
   49
   25
    9
   29
   11
    0
    0
    0
    0
    0
    0
    0
    0
   19
   98
   75
    0
   11
   14
   99
    8
  106
   12
  316
    0
    0
    0
   59
    0
    0
    0
    0
    0
   16
    0
    0
   25
    8
    0
    0
    0
  102
   29
    0
    0
    0
    0
    0
    0
    0
    0
    0
    0
    0
    0
    0
    0
    0
   19
   58
    0
    0
    0
    0
    0
   13
    0
    0
    0
    0
    0
    0
    0
    0
    0
    0
  258
    0
    0
    0
    0
    0
    0
    0
    0
   69
   56
    0
   28
   73
    0
    0
   20
    5
    0
    7
    0
    0
  171
    0
    0
    0
    0
    0
    0
    0
  105
   11
    0
   67
   34
    0
    9
   11
   74
    0
    0
    0
    0
   55
    0
    6
   37
    8
   37
   10
    0
    0
    0
    0
    0
    0
    0
    0
    0
   97
   21
    0
    0
    0
    0
    0
   14
    0
    6
   24
   12
    0
   14
   83
    0
    0
    0
   38
    0
    0
   90
   88
   22
   13
    0
    0
    0
    0
    0
    0
   99
    0
  102
    8
    0
  164
    0
    0
    0
    0
    0
    0
    0
    0
    0
    0
    0
    0
    0
    9
   29
   12
   56
    0
    0
    0
    0
    0
    0
   77
   60
    0
    0
    0
   36
    9
    0
    0
    0
    0
    0
    0
    0
    0
   11
   60
    0
    0
    0
    0
   53
   55
    0
    0
    0
   14
   68
   35
  193
   24
    0
    0
    0
    0
    0
    0
    0
    0
    0
   11
    0
    0
    0
    0
    0
    0
    0
    0
   21
   10
   65
   18
   11
   10
   25
    0
    0
    0
    0
    0
    0
  110
    0
   18
   11
   21
   83
   46
    0
    0
   11
   88
    0
    0
    0
    0
    0
    0
   28
   35
    8
   11
    0
   28
   29
    0
    0
    0
    0
    0
    0
    0
    8
    0
   45
   75
    0
    0
    8
    0
    0
    0
    0
    0
    0
    8
    0
    0
   29
   25
   11
    0
    0
    0
   34
    0
    0
    0
    0
    0
    0
    0
   11
    0
    0
    0
    0
    5
    0
    0
    0
   15
   49
    0
    0
    0
    0
   39
   45
    0
    0
   47
   24
   37
   37
   58
    0
   21
   56
   54
   32
    0
   22
    0
    0
   51
   18
    8
   15
   10
  135
    0
   61
    0
   17
   47
    0
    0
    0
    0
    0
    0
   25
   48
   10
    5
    0
   22
   23
    0
    0
    0
    0
    0
    0
    0
    0
    0
    0
    0
    0
    0
    0
    0
    0
    0
    0
    0
   29
    0
    0
    0
    0
    0
    5
    0
    0
    0
    0
    0
   29
   24
    0
    0
    9
    0
   37
    8
    0
    0
   29
    0
   40
    0
    0
    0
   29
    0
   49
    9
    0
   57
   45
   30
    0
    0
    0
  163
    0
   32
   17
    0
    0
   14
    0
    0
   22
    0
   49
    0
    0
   31
   16
   28
    8
    0
   16
  156
   14
    0
    0
    0
    0
    4
   51
    0
    6
    9
    0
    0
    0
    0
    0
    0
   22
    0
    0
    0
    0
  241
   61
   21
   52
   59
    0
    0
    0
    0
    0
  189
   21
   39
    8
   21
   11
   58
  167
  115
    0
   10
    0
    0
    0
    0
    0
   61
    0
    0
    0
    0
    0
    0
    0
   26
    0
   14
    0
    0
    0
   10
    0
    0
    0
    0
  156
    0
    0
    0
    0
    8
    0
    0
    0
    0
    0
   54
    1
   58
   67
    5
    5
    0
    0
    0
    0
    0
    0
  175
    0
   11
    0
    0
    0
    0
    0
    0
    0
    0
    5
    0
    0
    0
    0
  118
    3
   16
   10
    0
    0
   44
   31
    0
    0
    0
   81
   78
   40
    0
    0
   94
   56
   18
    0
    0
    0
    0
   85
    0
    0
    0
   25
   11
    8
    0
    0
    0
   11
  197
   10
  112
    0
    0
    0
    8
    0
    0
    0
   11
   10
    0
    0
   35
   93
    0
    0
    0
    0
    0
   46
    0
    0
    0
    0
    0
    0
  148
   35
    0
    0
    4
   49
   66
    0
   91
   21
   97
    0
    0
    0
    0
    0
    0
   15
    9
    0
   23
    0
   98
   18
   30
    0
    0
    0
    0
   24
   54
   65
   40
   48
   45
    0
    0
    0
    0
   85
   59
   61
    0
    0
    0
    0
    0
    0
   15
   18
   25
    0
    0
    0
    0
    0
    0
    0
   75
   12
   47
    0
    8
   36
   61
    0
    0
    0
    0
    0
    0
    0
   18
   16
   27
    0
    0
    0
    0
    0
    0
   29
    0
    8
    0
   37
    8
    0
   12
    0
   16
    9
    0
    0
    0
   50
    0
    0
    5
    0
    0
   11
   57
   12
    8
  101
   11
    0
    0
    8
   15
   39
    0
    0
    0
    0
  211
    9
    6
   57
    8
    0
    0
    0
    5
    0
    0
    0
    0
    0
    0
   26
   29
   18
    8
   37
    6
    0
    0
    0
    0
    0
    8
    0
    0
    0
    0
   63
    0
    0
    0
   46
    0
   61
    2
    0
   66
  126
    0
    0
    0
   30
    5
    0
    0
  132
    0
    0
    0
   34
  185
    0
    0
    0
   36
   96
    0
   19
    0
   43
    0
  115
   91
   26
   11
    0
    0
    0
    0
    0
    0
    5
    0
    0
    0
    0
    0
    0
    0
    0
    0
    0
    0
    0
    0
    0
    0
    0
    0
    0
    0
    0
    0
    0
    0
    0
   46
   68
   15
    0
    0
    0
    0
    0
   39
    0
    0
    0
   51
   19
    0
    0
    0
    0
  277
  164
    0
    0
    0
    0
   25
   20
    0
    0
    8
  154
   23
    0
    6
  129
    8
    0
    0
    0
    0
  142
   73
    0
  108
    0
  254
   55
    0
    0
    0
   74
   45
    0
   15
   95
  302
   22
   27
   19
    4
   10
   42
    0
    0
    0
    0
    0
   40
   10
    0
    0
    0
    0
  185
   16
   14
   18
    0
    0
    0
    0
    0
    0
    0
  286
  272
  455
   12
    8
    0
    0
    0
    0
    0
    0
    0
    0
    0
    0
    0
    0
    0
    0
    8
   21
   44
    0
    0
    8
   71
   11
    0
    0
    0
    0
    0
    0
    0
    0
    0
    0
    0
    0
   48
    0
    2
  109
   91
    0
    0
   15
   19
   15
   16
   21
  156
  167
    0
   59
    0
    0
   34
  130
   39
    5
   59
    0
    0
   84
   51
    0
  125
    0
    0
    0
    0
    0
   31
  136
   14
   77
   38
   21
   29
   38
   31
   29
    5
    0
   24
    0
   20
    2
    0
  161
   29
   10
   40
    0
    0
    0
    0
   19
    0
    0
    0
    6
   30
   13
    0
    5
    0
    6
   63
  133
   64
    0
    0
    0
   33
   10
    8
    0
    9
   30
   14
   91
    0
    0
    0
    0
    0
    0
    8
   10
   13
    0
    0
    0
    0
    0
    0
  111
    0
    0
   30
    0
    0
    0
    0
    0
    0
    0
    0
    0
    0
    0
    0
    0
    0
    0
    0
    0
    0
    0
    0
    0
    0
    0
    6
    8
   12
    0
    0
   11
    0
    0
   73
    0
    0
    0
    0
    0
    0
    0
    0
    8
    0
    0
    0
    0
    0
    0
    0
   65
   46
    0
    0
    0
    0
    0
    0
    0
    8
   58
    0
    0
    0
    0
    0
    0
    0
    0
    0
    0
    0
    0
   20
    0
    0
    0
    0
    0
   25
   12
    0
    0
    0
    0
    0
    0
    0
    0
   10
    0
   30
    0
    8
    0
    0
    6
    0
    0
   16
    0
    0
    0
   15
    0
    0
    0
    0
   66
    6
    0
    0
    0
    0
    0
    0
    0
    0
    0
    0
    0
    0
    6
    0
   23
   10
    0
   74
    0
    0
   71
    0
    0
    6
    0
    0
    0
    0
  139
    0
  142
  122
  233
    0
   11
   58
    6
    0
  414
    0
    0
   30
    0
    0
    0
  137
    0
    0
    0
    0
    0
    0
    0
    0
    0
    0
    0
  315
  651
   54
    0
    0
   31
    0
   25
    0
   16
    5
   59
    0
    9
   57
    0
  108
    0
    0
    0
    0
  124
    0
    0
    0
   16
  214
    0
    0
   43
    2
    0
    0
    0
    0
    0
    0
  163
   13
   16
   23
   40
    0
    0
  201
    0
    0
    0
    0
    0
  109
   63
    0
    0
    0
    0
    0
    0
    0
    0
    3
    0
    0
    0
    0
    0
    0
    0
    0
   54
   19
    8
   43
   49
   68
    0
    0
    0
    0
    0
    0
   42
    0
   18
    0
    0
    0
    0
    0
    0
    0
    0
    0
    0
    0
    0
    0
    0
    0
    0
    0
    0
    0
    0
    0
    0
    0
    0
    0
    0
    0
    0
    0
    0
    0
    0
    0
    0
    0
    0
    0
    0
    0
    0
    8
    0
    9
   39
   69
    0
   19
   25
   43
   29
    0
    0
    0
    0
   34
    0
  112
    5
   12
    0
   34
   51
   28
    8
   19
    0
    0
    0
    0
   42
   25
    0
   14
   39
    0
   24
   34
    9
   45
   31
   34
    0
    0
   32
    6
    0
    0
   14
    0
   58
   73
   14
   37
  109
   53
   25
    0
    0
    6
   19
    0
    0
    0
    0
    0
    0
    0
    0
    0
    0
    0
   31
    0
    0
    0
    0
    0
    0
   95
   13
   11
    7
    0
   19
   16
    0
   10
   23
   15
   13
    0
    5
    0
    0
    0
    0
    0
    0
   20
    4
    0
   14
    8
   11
    0
    0
    0
    0
    0
    0
    0
    0
    0
    0
    0
    0
    0
    0
    0
    0
    5
    4
    6
    0
    0
   66
    0
    0
   19
    0
    0
    6
    0
   36
    0
    0
    0
    0
    0
    0
    0
    0
    0
   19
    0
    0
   19
    0
    0
    0
    0
    0
    0
    0
    5
   23
    0
   96
   16
    0
    0
    0
    0
   39
    0
    0
    0
    0
    0
    0
    0
    0
    0
    0
   34
    0
    0
    0
    0
    0
    0
    0
    0
  133
   26
    0
   63
   27
    0
    0
   11
    5
    0
    0
   26
    0
   55
    0
    0
   38
    0
    0
   43
  308
   30
    0
    0
   29
   43
   13
    0
    0
   19
   74
   29
   38
    0
    0
   49
   16
   13
   18
    0
    0
    0
   16
   22
   75
   85
  111
    9
   11
   29
    0
    0
    0
    0
    0
    0
    0
    0
   15
  159
    0
    0
    0
   97
   56
    0
    0
    0
    0
    0
    0
    0
    0
    0
    0
    0
    0
    0
    0
    0
    0
    0
   20
    0
   57
  138
    0
   13
    0
    0
   19
   81
    0
    0
    0
    0
    0
   11
    0
    3
    0
    0
    0
   88
    8
    0
    0
    0
    0
    0
   94
    0
    0
   11
    0
    0
    0
    0
  146
    0
    0
    0
    0
    0
    0
    0
   55
   19
   49
    0
    0
    0
    0
    0
   18
    0
    0
    0
    0
    0
    0
    0
    0
    0
    0
    0
    9
   32
   57
   22
    0
   15
    7
    0
    5
   10
   22
    0
    0
   29
    0
   11
    0
   15
   37
    0
    0
    0
    0
    0
    0
    0
    0
    0
    0
    0
    8
   11
    0
    6
   11
  221
  132
   24
    0
    9
   12
    0
   23
   42
    0
    0
   96
   32
    5
    5
    0
    0
   16
    0
    0
   39
   16
    0
    0
   58
  159
   15
    0
   11
    8
    0
    0
    6
    0
    5
   13
    8
   98
   18
   32
    0
   35
   61
    8
    6
   11
    0
   13
    0
    5
    6
    0
    0
   30
   39
    0
    0
    0
    0
    0
   29
    0
   74
   94
   17
   64
    8
   42
   47
   35
    0
    8
   11
    0
    0
    0
   15
    5
    0
    0
    0
    5
   25
   52
    7
    2
   28
   55
   61
   10
    5
    0
    5
    0
    0
    0
    0
    0
    0
    8
    0
   25
   31
    6
   72
    0
    0
    6
    0
   21
   92
   11
    0
    0
    0
    0
    0
    0
    0
    0
    8
   38
    0
    0
    0
    0
    0
    0
    0
   14
    0
    0
    0
   23
   86
   29
   48
    0
    0
    0
    0
    0
    0
    0
    0
    0
    0
    0
    0
   93
  141
    0
    0
   28
    0
    0
    0
    0
    0
   29
   79
    0
   44
    0
    0
    0
    0
    0
    0
    0
    8
   55
   12
    0
    0
   58
    0
   18
  189
  163
   18
  195
   31
  192
   19
  192
  321
    0
    0
    0
    0
    0
   21
  123
    0
    0
    0
   85
    0
    0
    0
    0
    0
    0
  298
    0
    0
    0
   19
  157
    0
    0
    0
   23
    0
   84
    0
    0
    0
    0
    0
    0
    0
    0
    0
    0
    0
    0
    0
    0
    0
    0
    0
    0
    0
    0
    0
    0
   23
    0
    0
   93
   67
  173
    0
   16
    0
    0
   62
  139
    0
  111
   39
    0
    0
    8
    0
   29
   18
    0
    0
    0
    0
    0
   17
    0
    0
    0
    0
    0
    0
    0
    0
    0
    0
    0
   17
    0
    0
   19
    0
    0
    0
    0
  195
    8
    0
   52
    0
    0
    0
    0
   21
    0
    8
    0
   31
    0
    0
    0
    0
    8
   32
    0
    0
    0
    0
    0
    0
    0
    0
   10
    0
    0
    0
   15
  169
  163
   33
    0
    0
   56
   20
    8
   31
    0
    0
    0
    0
    0
    0
    0
   18
   42
    0
    0
    0
    0
   12
   25
   49
   11
   41
   50
  116
   21
    0
    6
    0
   38
    0
    0
    0
    0
    0
    0
   94
   56
   11
    0
    0
    0
    0
    0
   19
    8
   46
   16
    0
    0
    0
   19
   28
   39
   20
    8
   92
    0
    0
    0
    0
    6
    0
    0
    0
    0
    5
    0
    0
    0
    0
    0
   11
    0
    0
   29
   12
    0
    0
    0
    6
    7
    0
    3
   48
    3
    5
    0
    0
   26
    0
    3
   32
    6
   37
    0
    0
    0
   12
   31
    0
   11
    0
    0
    6
   18
    0
    0
    0
    0
    0
   10
    0
    0
    0
    0
    0
    2
    0
    0
    0
    0
    4
    0
    3
   18
    0
    3
    6
    0
   19
    0
    0
    0
    0
    0
    0
    3
    0
    0
    0
    0
    0
    0
    0
    0
    0
    0
    0
    0
    0
    0
   13
    0
    0
   29
    0
    0
    3
   32
    0
   21
    2
    0
    0
    0
    0
    0
    0
    0
    0
   10
    0
    0
    0
    0
    8
    9
    0
    4
    0
    6
   23
   27
    0
   69
   21
    0
    0
    0
    0
    0
    0
    0
    0
    0
    0
    0
    0
   34
   29
    0
    0
    0
    0
    0
   51
    9
   64
   17
    6
   28
   25
    0
    0
   49
  224
    0
    0
    0
    0
    0
    8
    0
   11
  398
  190
    9
    0
    0
    0
    0
    2
    0
    0
    0
    0
    0
    0
    0
    0
    0
    0
   23
    0
    0
    0
    0
    0
    5
    2
    0
    0
    9
   34
   60
    1
   15
   51
    0
    0
    0
    0
    0
    0
    0
   77
   46
    0
   55
   46
    5
   19
    0
    0
    0
    0
    0
    0
    0
  102
    0
    0
  122
    5
    0
   61
   29
  261
    0
    0
    0
   30
  129
  138
    0
    0
    0
    0
    0
   19
    0
    0
   29
    0
   78
   33
    0
    0
    0
    0
    0
    0
    0
    4
   24
   37
    0
    0
   11
   85
   57
    7
    0
    0
    0
    0
    6
   12
    0
    0
   26
   66
    2
    0
   36
    0
    0
    0
    0
   21
  209
  375
   69
    0
    0
    6
   11
    0
    0
    0
   11
