Station: Taubenheim-Seeligstadt , scaling_factor: 10.0, latitude:  51.0838, longitude:  13.4486, altitude:  273, nodata_value: -9
start: ..1998-05-01  end: ..1999-09-30
    0
    9
   28
   32
    0
    0
    0
    0
    0
    0
    0
    0
    0
    0
    0
   11
    0
    0
    0
   11
   45
    9
    0
    0
  100
    0
    0
    0
    0
    0
    0
    0
   66
    0
    0
    0
    0
   17
    0
    0
   22
   71
  359
    0
    0
    0
   99
   96
    0
    0
    0
  144
   34
   44
   35
    0
    0
    0
    0
    0
   28
    5
    0
   23
   59
   63
    0
   11
   73
   67
    1
   65
   10
    4
    0
   11
   61
    0
    6
    0
    0
   40
    0
   35
    0
   10
    0
  223
   59
    1
    5
    0
    0
  171
    0
    0
    0
    0
    0
    0
    0
    0
    0
  214
   28
    0
    0
    0
    0
    0
    0
    0
   38
   72
   51
   23
    7
  114
   35
   35
   59
    7
   36
    0
    0
   17
    0
   72
    6
    0
   47
    5
  132
    7
  213
    0
   67
  157
   70
   39
    0
    0
    0
    0
    2
    3
    0
    0
    0
    4
    0
    0
    0
  105
   12
   10
    0
    0
    0
   25
   24
    0
   11
   24
   80
   43
   15
    0
    0
   25
    2
    0
   24
   10
    0
   17
   56
   26
   10
   25
  113
   10
   39
   60
  191
   24
    8
   35
    0
    7
    0
   24
   49
   46
   14
    0
    0
   30
    8
   27
   16
    3
    3
    5
    0
    0
    0
    0
    0
    0
    1
    0
    2
    5
    0
    0
    0
    3
   25
   33
    8
    0
    0
    0
    0
   37
   29
   53
   29
    3
    0
    0
    1
   12
    1
    9
    0
    0
    0
   15
    0
    0
    0
    0
    0
    0
   12
   38
    0
    0
    0
   11
   47
    8
    0
   55
    6
   19
   10
    1
    0
    0
    0
    0
    0
    0
   10
    0
    0
   16
    0
   42
   33
   23
   15
    4
    1
    4
  105
   18
   26
   13
   41
    4
    1
    0
    0
    5
   10
    4
    0
   62
    7
    6
   94
    3
   44
   11
   10
   39
    0
   12
    3
    0
   29
   53
    0
    0
   27
    0
    0
    0
   26
   65
    0
    0
    0
    4
    1
    0
    0
    0
    0
   30
    2
    2
   15
    0
    0
    0
    9
    3
    0
    0
    0
    0
    0
    0
    0
    0
   39
   30
   14
    0
    0
   18
    0
   41
    2
   19
  141
   25
    0
    0
    0
    0
    0
    0
    1
    2
    9
   72
    0
    0
    0
    0
    0
    0
    0
    0
    0
    4
  222
    0
   30
   66
   71
   22
  101
    7
    2
    0
    0
    0
   19
  127
    8
    0
    0
    0
    0
    0
   20
    0
  115
    0
    0
   79
    0
   11
   16
    3
    0
   51
    0
   23
    8
   25
    0
    0
    0
    0
   90
  493
    4
   22
    1
    0
    0
   58
    0
    0
  138
    2
    0
   30
    0
    2
    0
   20
  115
  226
  203
   36
    2
    0
    0
    3
    0
  341
   45
    0
    0
    0
    0
  267
   48
    0
   10
    2
    0
    0
    0
    0
    0
    0
    0
    0
    0
    0
    0
    0
    0
    0
    0
    0
  115
   14
    0
    0
    2
    2
  131
   17
   19
    0
   21
    0
    0
    0
    0
    0
    0
    2
    8
    0
    0
   34
   15
    8
    0
    0
    0
    0
    0
    0
    0
    0
    0
    0
    0
    0
    0
    0
  215
    0
    0
    0
   34
    4
    0
    0
   40
   44
    0
    7
   11
   14
