Station: Heyda bei Riesa , scaling_factor: 10.0, latitude:  51.2651, longitude:  13.3589, altitude:  132, nodata_value: -9
start: ..2006-03-01  end: ..2015-12-31
   11
    0
   19
    0
    3
   59
    3
    7
  108
   46
   75
   20
    0
    0
    0
   16
    3
    0
    0
    0
    0
    0
    0
    5
   37
   56
    1
    0
    1
   36
   94
    2
   11
   15
    4
    0
    0
    0
    0
    0
    0
    0
    6
   16
   16
   13
   17
    8
    0
    0
    0
    1
    7
    0
    0
    0
   38
   43
   18
   59
    0
    0
    0
    0
    0
    0
    0
    0
    0
    8
    0
    0
    0
   39
    0
    0
    4
    0
   27
   33
   49
    0
   22
    0
    0
   15
   67
   64
    3
   23
   19
   37
    0
    0
   29
    0
    0
   70
    0
    0
    0
    0
    0
    0
    0
    0
   83
   66
    0
    0
  114
    0
   42
    0
    0
    0
    0
    0
   35
    0
   11
  132
    0
    0
    0
    0
    0
   32
    0
   32
    0
    0
    0
    7
   18
    0
    0
    0
    0
    0
    0
    4
    0
    0
   34
    0
    0
    0
   30
   24
  147
   37
    0
    4
   24
   51
   40
  166
   52
    1
    0
    0
   10
    0
    1
    2
   10
   48
    4
    0
   91
    1
   22
   35
   16
    0
   11
    0
  102
   18
   34
   71
   21
    0
    0
    0
   13
    0
    0
    0
    4
    0
    0
    0
    0
    0
    0
    0
    0
    0
    0
    0
    2
    0
    0
    0
    0
    0
    0
    0
   14
    0
    0
   47
   88
    8
  131
   17
    6
    7
    9
    0
    0
    0
    0
    0
    3
    0
    0
    0
    0
    0
    0
    4
    0
    1
   12
   10
    0
    0
    0
  138
  151
    0
   38
    9
    1
    0
   48
   54
    0
    0
   54
   24
    0
   37
   32
   21
    1
    0
    0
    3
    0
    7
    3
   16
    0
    8
    0
    0
    0
    0
    0
    2
    0
    0
    0
   28
   12
    0
    4
    0
    0
   27
    0
   40
   23
    0
    0
    0
   21
    0
    0
    1
    8
    0
    0
    0
    3
    1
    0
    1
   29
    0
   12
   10
   12
   10
    9
    6
    4
   11
    7
   14
    1
   14
    4
    2
    2
    6
    0
    0
   23
  151
   13
   61
    1
    4
    2
   39
    8
   22
    3
   55
   34
    7
   12
    0
   13
    0
    1
    2
    2
   20
   23
   12
   34
    7
    7
   45
   52
    9
    3
    1
    2
    0
    2
   21
    4
    3
    1
    9
   12
   46
   15
   46
    4
  126
    5
   10
    3
    9
    1
   23
    2
    0
    0
    0
    0
    0
    3
    2
   13
    5
   11
   52
  132
   56
    2
    0
    0
    0
    0
    0
    0
    0
    0
    1
    2
    0
    0
    0
    0
    0
    0
    1
    0
    0
    1
    1
    0
    0
    1
    1
    1
    0
    0
    0
    0
    9
    0
    0
    0
    0
    0
    0
    0
    0
    0
    0
    0
    0
  156
   63
    9
   13
    3
   17
   17
  112
    5
   59
    0
    0
    0
    0
    0
  273
    0
    0
    6
   63
   99
   72
    9
    0
    0
    0
    2
    3
    3
    0
    0
    0
    0
    0
    0
    0
    1
    2
    0
  139
    0
   22
   30
    0
    0
  155
   10
   57
    0
   90
   28
    0
   19
    2
    0
    0
   86
    1
    1
   14
    4
    0
   51
    7
   45
  173
    2
    0
    0
    0
    0
   10
   24
    0
  148
  163
   28
    3
   15
    0
    0
    0
   54
  169
   14
    0
    0
   21
    0
    0
    0
    0
   14
    0
    0
    2
   19
    0
    0
    0
    6
   60
    0
    0
    0
  250
   68
    0
   29
    0
    0
    0
    0
    0
    0
    0
  121
    0
    0
   60
   66
    0
    0
   11
   15
    1
  144
   11
    1
    0
    0
    0
    0
    8
   89
    0
    0
    0
    0
    0
    0
   22
   44
  111
  139
    4
    0
    1
   34
    0
    2
    0
    0
    0
    0
    0
    0
    0
    0
    0
    0
    0
    0
   16
   28
    8
    5
   23
    0
   16
    5
    0
    8
    1
    0
    0
    0
    0
    4
   27
   13
    0
   34
   51
   69
   65
    6
   32
   92
   47
   65
   28
    0
   10
    5
    0
    0
    0
    0
    0
   14
    3
   18
    0
    0
    0
   26
   18
   39
    2
   30
    7
    0
   26
   19
    0
   12
    0
   55
   22
    0
    0
    0
    0
    0
    0
    0
    0
    0
    0
    0
    0
    0
    0
    0
    0
    1
   14
    2
    0
    0
    0
    0
    0
   18
   48
    0
    2
    0
    0
    0
    0
    0
    0
    2
   10
   27
  239
   67
   18
    8
    0
   15
    0
  163
   37
   12
    0
   13
    0
   12
    7
    0
    0
    1
    9
    0
    0
    0
    0
    0
    0
    0
    0
    0
    0
    0
    8
    0
    4
    1
   10
    0
    0
    4
   11
    0
    0
  128
   91
   16
   10
   16
    0
    3
    1
    6
    0
    0
   10
    9
   15
    0
    0
  103
    0
   21
   35
   22
    6
   12
   20
    0
   15
    0
    0
    4
    0
    0
    0
   30
   90
   46
    0
    3
   18
   62
    1
   72
    4
  266
    0
   33
   28
   69
    5
    0
    0
   21
    0
   34
    0
    0
    0
    0
    0
    0
    0
   51
   13
    1
    9
   27
    1
   22
    0
    0
    0
    0
    0
    0
    0
    0
    0
    0
   11
   10
    0
    0
    0
    0
    0
    4
    0
    0
    0
    0
    0
    0
    0
    5
    0
    0
    0
    0
    0
    0
    0
    1
    0
    0
    0
  108
   24
    1
   30
   40
    0
    0
   16
    5
    1
   27
    0
    0
  359
    0
    0
    0
    0
    0
    0
    0
   94
   29
    0
   51
    0
   16
   20
    8
  220
    0
   24
    0
    0
   14
    0
   13
   29
   10
   43
    2
    0
   13
    0
    0
    0
    0
    1
    9
    0
   33
    4
    1
   12
    0
    0
  150
   12
    0
   47
   36
    2
    0
   82
  156
   17
    0
    0
  127
    0
    0
   10
   31
   54
   38
    0
    0
    0
    0
    0
    0
   12
    0
  191
   20
    0
  133
    0
    3
    0
    0
    0
    0
    0
    0
    0
    0
    0
    0
    0
   10
  107
    0
   16
   16
    0
    0
    0
    0
   14
   13
   60
    5
    0
    0
    9
    5
    0
    0
    1
    0
    0
    0
    1
    3
   17
   43
    0
    0
    0
    0
   44
  109
    0
    0
    0
   14
   64
   51
  284
   25
    0
    0
    0
    0
    0
    0
    0
    0
    0
    3
    0
    0
    0
    0
    0
    0
    4
    0
   26
   14
   52
   25
   16
    6
   26
    2
    2
    0
    0
   12
    0
   38
    0
    5
    0
   23
   73
   31
    0
    0
   21
   65
    2
    0
    0
    0
    0
   48
    0
   30
    7
   30
    2
   10
   48
    1
    0
    0
    0
    0
    0
    0
    0
    8
   14
   63
   16
    0
    6
    0
    0
    0
    0
    0
    0
    8
    5
    0
   10
   22
    3
    0
    2
    0
    5
    1
    0
    0
    0
    0
    0
    0
   12
    0
    0
    0
    0
    0
    0
    2
    0
   21
   15
    2
    0
    0
    0
   23
   59
    1
    1
   22
   53
   25
   16
   45
    0
    0
   63
   42
   13
    0
   12
    0
    0
   54
    7
   12
    1
   11
  111
    8
   65
   24
    5
   28
    0
    0
    7
    8
    0
    0
   25
   64
   34
    2
    1
   44
   16
    3
    0
    0
    0
    0
    0
    0
    0
    0
    0
    0
    0
    0
    0
    0
    0
    0
    0
    0
   46
    0
    0
    0
    0
   19
    2
    0
    0
    0
    0
    0
    8
    6
    0
    0
    1
    1
   20
    4
    0
    3
    7
    0
   55
    0
    0
    0
   37
    0
   66
    0
    6
   35
   26
  155
    0
    0
    0
  355
    0
   17
    3
   10
  105
   18
    0
    1
   16
    0
   68
    0
    0
   17
   16
   33
   20
    0
   18
  160
    4
    0
    0
    1
   51
  395
    9
   27
   59
   33
    0
    2
    0
    0
  116
    0
    3
    0
   10
    0
    0
    6
   33
    2
   81
   18
    0
    0
    0
    0
    0
   70
   58
   16
    0
    2
    3
   97
    6
   94
    0
    0
    0
    0
    0
    0
    0
  247
    1
    0
    0
    0
    0
    0
    0
   90
    5
   20
    0
    0
    0
    1
   15
    0
    0
    0
   57
    0
    0
    0
   19
   26
    0
    0
    0
    0
    0
   11
    0
   97
   81
    1
    6
    0
    0
    0
    0
    0
    0
   15
    2
    1
    0
    0
    0
    0
    0
    0
    0
    0
    4
    0
    0
    0
    0
  111
    0
   26
    1
    0
   21
   49
   22
    0
    0
    0
   32
   42
   43
   11
    9
  142
  119
   14
   15
    0
    0
    0
   55
    0
    0
    4
   12
   12
   10
    8
    0
    0
    0
  284
   10
  102
    0
    0
    0
   23
    2
    0
    1
    6
    1
    0
    0
   28
  102
    3
    0
    0
    0
    0
   32
    4
    0
    0
    0
    3
    0
   57
   75
    0
    0
    4
   13
   82
    0
   84
   16
   75
   13
    0
    1
    0
    0
    0
   21
    6
    0
   11
    0
   64
   43
   41
    0
    0
    0
    0
   23
   99
   44
   18
   27
   42
    1
    0
    3
    0
   23
   19
   54
    0
    0
    0
    0
    0
   13
   21
    7
   20
    0
    0
    0
    0
    0
    0
    0
   40
   24
   32
    0
    2
    4
   38
    0
    0
    0
    0
    0
    0
    0
   43
    4
   13
    3
    0
    0
    0
    0
    0
   12
    0
    7
    1
   69
    3
    1
    8
    0
    2
    0
    0
    0
    1
   28
    5
    0
    3
    0
    0
    0
   31
   22
   20
   66
    0
    0
    0
    0
    5
   78
    0
    0
    0
    0
  118
   14
    6
   52
    0
    0
    0
    0
    2
    0
    0
    0
    0
    0
    0
   16
    5
    9
    0
   46
   15
    0
    0
    0
    0
    0
   20
    0
    0
    0
    0
   37
    0
    0
    0
    2
    3
   74
   10
    0
   44
  166
    1
    0
   14
   14
   12
    0
    2
  114
    0
    0
    0
   28
   77
    3
    0
    2
    6
  102
    0
    0
   31
   27
    0
  194
   21
   24
   32
   15
    0
    0
    1
    0
    1
    0
    0
    0
    5
    0
    0
    0
    0
    0
    0
    0
    0
    0
    0
    0
    0
    0
    0
    0
    0
    0
    3
    0
    0
    0
   25
   42
   15
    0
    0
    0
    0
    0
    0
    2
    2
    7
  157
   47
    2
    0
    0
    0
  210
  459
   10
    6
    0
    0
  106
   95
    0
    0
   48
  140
   55
    0
    0
  142
   14
    0
    0
    0
    0
   59
   32
   11
  162
    0
  228
   12
    0
    0
    0
   96
   15
    3
    1
   75
  232
   26
   18
   59
    0
   27
   14
    0
    0
    0
    0
    0
   23
   21
    0
    0
    1
    4
  112
   13
    1
   36
    0
    0
    0
    0
    0
    0
    0
  345
  262
  469
    9
    2
    0
    0
    0
    0
    0
    0
    0
    0
    0
    0
    0
    0
    0
    0
    5
   24
   50
    0
    0
    3
   71
    0
    0
    0
    0
    0
    0
    0
    0
    0
    0
    0
    0
    0
   35
    0
    0
   90
  123
    3
    0
   11
   23
    7
    2
    0
  194
  127
    5
   67
    0
    0
   31
   83
   30
   11
   34
    6
    0
   40
   73
    2
   72
    0
    0
    0
    5
    0
   21
  110
    8
   38
   68
   25
    4
   41
   17
    7
   12
    0
   20
    0
    9
    3
    5
  112
   19
    2
   39
    0
    0
    0
    0
    2
    4
    1
    0
    0
   29
   15
    1
    6
    0
    1
   63
   54
  158
    1
    0
    0
   48
   46
   21
    4
    0
   29
    9
   45
   10
    0
    0
    0
    0
    0
    4
    0
   21
   12
    2
    0
    0
    0
    0
   41
   17
    1
   10
    0
    0
    0
    0
    3
    0
    0
    0
    0
    0
    0
    0
    0
    0
    0
    0
    0
    0
    0
    0
    0
    0
    0
    2
    0
   15
    0
    0
    2
    0
    7
   90
    3
    0
    0
    0
    0
    0
    0
    0
   18
    0
    0
    0
    1
    1
    0
    0
   21
   99
    0
    0
    0
    0
    0
    0
    0
    8
  134
   24
    0
    0
    0
    0
    0
    0
    0
    0
    0
    0
    1
   11
    0
    0
    0
    0
    0
   41
    4
    0
    0
    0
    0
    0
    0
    0
    0
   31
    0
   16
    5
    0
    1
    0
    4
    0
    1
   34
    0
    0
    0
    4
    0
    0
    0
    0
    8
   11
    0
    0
    0
    0
   12
    2
    0
    0
    0
    1
    0
    0
    0
    0
   42
   30
    0
   58
    0
   31
   56
   21
    3
    3
    0
    0
    0
    0
   19
    1
  110
   75
  280
    0
   22
  100
    2
   11
  230
    1
    0
   11
    0
    0
    0
  128
    0
    0
   19
   41
   23
    0
    0
    0
    0
    0
    0
  160
  589
   15
    0
    0
   21
  102
   10
    1
   21
   27
   15
    2
    0
   12
   44
   14
    0
    0
    0
    1
   24
    0
    0
    0
   46
  119
    0
    0
   65
    0
    0
    0
    0
    0
    0
    0
  207
   50
    3
    5
   63
    0
    0
    2
    0
    4
    0
    0
    0
  138
  155
    0
    0
    0
    0
    0
    0
    0
    0
    2
    0
    0
    0
    0
    0
    0
    0
    0
   56
   14
   23
   24
   42
   55
   29
    0
    0
    0
    0
    0
   40
   12
   10
    0
    0
    0
    0
    0
    0
    0
    0
    0
    1
    0
    0
    0
    0
    0
    0
    0
    0
    0
    0
    0
    0
    0
    0
    0
    0
    0
    0
    0
    0
    0
    0
    0
    0
    0
    0
    0
    0
    0
    0
    0
    3
   14
   27
  123
   12
    3
   57
   32
   13
    0
    0
    0
   14
   22
    0
  101
    0
    5
    1
   24
   16
    6
    2
   50
    4
    0
    0
    0
   11
   34
    1
    3
   28
    0
    6
   74
    1
   21
   43
   39
    0
    1
   34
   16
    0
    0
   32
    1
   40
   68
   38
   21
  114
   38
   16
    0
    0
    0
    0
    0
    0
    0
    0
    0
    1
    1
    0
    0
    2
    1
   19
    0
    0
    2
    0
   44
    0
   45
   12
    5
    4
    0
   11
    0
    2
    5
    1
   18
   10
   21
    4
    1
    0
    0
    0
    0
    0
   11
   28
    0
   11
    4
    4
    2
    0
    0
    0
    0
    2
    0
    0
    0
    0
    0
    0
    0
    0
    0
    0
   21
   10
    9
    0
    0
   29
    0
    0
    6
    5
    0
    0
    0
   62
   11
    0
    0
   12
    0
    0
    0
    0
    0
   33
    0
   11
   30
    5
    0
    0
    0
    0
    0
    0
   97
    0
    0
   69
   23
    0
    0
    0
    0
   55
    0
    0
    0
   10
    7
    0
    0
    0
    0
    0
    5
    0
    0
    0
    6
    1
    0
    0
    0
   81
    0
    0
   48
  103
   12
   13
    2
  111
   10
    0
   10
    0
   14
   14
    0
   16
    0
    1
  482
  129
    8
    0
    0
   16
   61
    0
   28
    0
    0
  109
   15
   85
    0
    0
  694
   56
    0
   36
    0
    0
    3
   25
   43
   27
   25
   49
    8
    5
   49
    6
    0
    0
    0
    0
    0
    0
   11
    3
   41
    7
    0
    0
    4
    0
    0
    0
   38
    0
    8
    0
    5
    0
    0
    0
    0
    0
    0
    0
    0
    0
    0
   42
    0
   62
  264
    0
   15
    0
    0
    0
   60
    0
    0
    0
    0
    0
    9
    0
    0
    0
    0
    0
  157
   17
    0
    3
    0
    0
    0
  106
    0
    0
   18
    0
    0
    0
    0
  102
    7
    0
    0
    0
    0
    0
    0
   24
   12
   28
    0
    0
    0
    0
    0
   20
    0
    0
    3
    0
    0
    0
    0
    0
    0
    0
    0
    1
    7
   58
   40
    0
    2
    2
    0
   39
   13
   26
    6
    0
    8
   16
    1
    0
   11
   61
    0
    0
    0
    0
    0
    0
   19
    0
    0
    0
    0
    0
    0
    0
    7
    4
  153
  223
   47
    0
    9
   26
   14
   23
    7
    0
    0
   33
   81
   11
    0
    3
   38
   10
   22
    1
   18
   41
    0
    0
   65
  180
    7
    2
   14
    5
    0
    0
   19
    0
   13
    1
   36
   38
   45
   70
   38
   28
   32
   43
    3
    0
    0
    0
    0
    3
    4
    0
    0
   24
   22
    0
    0
    0
    0
    0
   44
    6
   85
   96
   28
   46
   13
   45
   18
   15
    5
    0
    2
    0
    0
    0
   39
    4
    0
    0
    7
    1
   15
   39
    9
    2
    4
   61
   60
    8
    4
    1
    0
    1
    0
    0
    0
    0
    0
   12
    0
   24
   40
    5
   43
    1
    0
    3
    0
    0
   50
    9
   22
    5
    0
    0
    0
    0
    0
    0
   22
    5
    0
    4
    0
    0
    0
    0
    0
    7
    0
    0
    0
   37
   15
   23
    7
    0
    0
    4
    0
    1
    0
    0
    0
    2
    0
    0
    0
   18
  144
    1
    0
   14
    0
    2
    0
    8
    0
   24
   82
    0
    6
   19
    0
   31
    0
    0
    0
    0
    0
   68
   75
    0
    0
   31
    0
    2
   47
  125
    0
  164
   29
  226
  200
  137
  290
   95
    0
    0
    0
    0
   17
  122
    0
    0
    0
   40
    0
    0
    0
    0
    0
    0
  236
    1
    0
    0
  143
  291
    8
    0
    0
   13
    0
    0
    0
    0
    0
    0
    0
    0
    0
    0
    0
    0
    0
    0
    0
    0
    0
    0
    0
    0
    0
    0
    0
    0
   43
    0
    7
    6
  111
  186
    0
   18
    0
    0
    1
   47
    0
  151
    0
    1
   23
   43
    0
   12
   34
    0
    0
    0
    0
    0
    1
    0
    0
    0
    2
    0
    0
    0
    0
   33
    0
    0
   13
    0
    3
   32
    0
    0
    0
    0
  171
   17
   32
    2
    0
    0
    0
    1
   30
    2
   13
   15
   12
    0
    0
    0
    0
    0
   39
    0
    0
    0
    0
    0
    0
    0
    0
    0
    0
    0
    0
   17
  258
  164
   42
    0
    0
   16
   21
    8
    2
    0
    0
    0
    0
    0
    0
    0
   17
    9
    0
    0
    0
    0
    0
   23
   24
   15
   37
   38
    2
   20
    0
    5
    3
   28
    2
    0
    0
    0
    0
    0
   50
   35
    3
    3
    4
    5
    0
    0
    1
    1
    9
   10
    0
    0
    0
    8
   40
    3
   23
    5
   39
    0
    0
    0
    0
    0
    0
    0
    0
    0
    0
    6
    0
    5
    1
    0
    1
    2
    0
   10
    0
    0
    0
    0
    0
   17
    7
   16
   34
    3
    0
    4
    0
   23
    0
   14
   90
    6
   11
    0
    0
    0
    8
   29
    1
    6
    6
    0
    5
   12
    0
    0
    0
    0
   19
    2
    1
    0
    0
    0
    0
    0
    0
    0
    0
    0
    2
    0
   52
   10
    0
    0
    3
    0
   16
    0
    0
    0
    0
    0
    2
    1
    0
    0
    0
    0
    0
    0
    0
    0
    0
    0
    0
    0
    0
    1
   27
   14
    0
   17
    2
    0
    0
   30
    6
   60
   31
    0
    0
    2
    0
    0
    0
    0
    0
    1
    0
    0
    0
    0
    1
   17
    0
    2
    2
    5
   19
    3
    0
   26
   70
    0
    0
    0
    0
    0
    0
    0
    0
   19
    0
    0
    0
   33
    8
    0
    0
    0
    1
   13
   16
    1
    8
   19
    3
   18
   35
    1
    0
   84
   62
    0
    0
    0
    0
   32
   82
    0
   62
  131
  177
   23
    3
    0
    0
    0
    0
    2
    0
    0
    0
    0
    0
    0
    0
    0
    1
    1
    0
    0
    0
    0
    0
   10
    0
    0
    0
    9
   60
   25
    9
    0
  129
   31
    0
    0
    0
    0
    0
    0
  274
  140
   94
    0
    7
   10
   25
    0
    0
    0
    0
    0
    0
    0
    5
    0
    0
  145
   24
    0
  130
    4
   20
    5
    0
    0
   21
   22
   17
   15
    0
    0
    0
    0
   21
    0
   57
   64
    0
   32
   45
    0
   19
    2
    3
    0
    0
   50
   26
   30
   31
    0
    0
  171
   70
   38
    6
   17
    0
    0
    0
    2
    0
    0
    0
    4
   85
  106
    7
   14
    0
    0
    0
    0
   22
  109
  179
   81
    0
    0
    3
   42
    0
    0
    0
    1
    0
    0
    0
    0
    0
    0
    0
   14
    0
    1
    2
    0
   41
   15
    3
   45
    1
    0
   22
    0
   83
   76
    1
    0
    6
    0
    0
    0
    0
    0
    0
    0
    0
    0
    0
    5
    6
    0
    0
    0
    0
    0
    0
    0
    0
    0
    1
    0
   41
    4
    1
    0
    0
    0
   11
    0
    0
    0
    0
    0
    0
    0
    0
    8
   16
    0
    0
   10
    0
    0
    0
    4
    6
   73
   17
    2
   46
    9
   12
   47
   47
    3
    3
    0
   41
   26
   20
    0
   49
    4
   16
   13
    0
   12
   10
   16
    3
    0
    2
   74
   96
   16
   11
    1
    9
   29
    0
   28
    1
    0
    3
   10
    0
   18
    4
    5
    4
   41
   38
    3
    0
   10
    1
    1
    0
   13
    3
    0
    0
   12
    5
   25
    0
    0
    0
    0
    0
    0
    0
    0
    0
    0
    0
    0
    0
   14
    0
    0
    0
    0
    0
   36
   29
    2
    9
    3
    1
    0
    0
    0
   13
   11
    1
    7
   28
    0
    0
    0
    0
    0
    0
    3
    0
    0
    0
    3
   20
    1
    1
   44
   83
   34
   58
   36
    2
    3
    0
    2
    0
    0
    0
    0
    0
    0
    2
    0
    0
    0
    0
    0
    0
    0
    0
    0
    0
    0
    0
   69
  121
  138
    0
   51
    0
    0
   29
    0
    0
    0
    6
    5
   12
    0
    0
   26
    4
    0
    0
    9
    0
    0
    0
    0
    0
    0
    0
    0
   10
    0
    0
    1
   14
    0
    0
   33
    0
    0
    0
    0
    0
    4
  134
    0
    0
   36
    0
   71
    0
    1
    0
    8
   43
   18
    6
    0
  136
    4
    1
    0
    1
    1
    3
    0
    0
    0
    0
    0
    3
   56
    0
   42
    0
   20
    0
    0
   48
   24
    6
    0
    0
   26
   20
   99
   23
    0
   56
    0
   37
    0
    1
   94
    0
    4
    0
    0
    0
    0
    0
    3
    0
    0
    0
    3
    0
    0
    0
    0
    0
    9
    0
   45
  296
  231
   12
    0
    0
    0
   42
   33
    0
    0
    6
   10
    0
    0
   71
  255
    0
   86
    2
   14
    3
    8
    0
    1
    0
    0
    0
    0
    7
    0
    0
   40
    0
   20
    8
    0
    1
    3
    0
    1
    2
    0
    0
    0
    0
    0
    0
    0
    0
    0
   31
   90
   15
    0
    0
    0
    0
   32
   80
   61
   37
    0
    0
    2
   43
    0
    5
    0
    0
    0
    0
    0
    0
    0
    0
    0
    0
    0
    0
    0
    0
   53
    3
    4
    6
    6
    2
    0
   15
   58
   82
   45
   97
   13
   96
    5
    3
   15
    5
    0
    3
    0
    0
   25
  102
  116
    2
    0
    0
    3
    0
    0
    0
    0
   17
    0
   46
   44
    2
    0
    0
    7
    5
   52
    0
    0
   23
    0
    0
    0
   11
    0
    0
    0
    0
    0
   11
