Station: Wilsdruff-Mohorn , scaling_factor: 10.0, latitude:  51.0063, longitude:  13.4708, altitude:  288, nodata_value: -9
start: ..2007-08-01  end: ..2015-12-31
    0
    9
    0
    0
    0
    0
   22
    3
  181
    7
   16
    0
    0
    0
    3
   52
   11
    0
   16
  154
   77
    1
   60
    0
    0
    0
    0
    0
    0
   10
  203
    2
    0
   43
  115
    8
    2
   26
   22
   16
  213
   30
    3
    0
    1
    0
    0
    5
   88
    0
    0
    0
    0
    0
    0
   30
    9
  122
  217
   10
    0
    0
   15
    0
   61
    0
    0
    0
    0
    0
    0
    0
    6
    0
    0
    0
    0
   33
   37
    6
   17
   40
    0
   37
    7
    1
    1
   22
    0
    0
    2
    0
    9
   40
   23
    0
   51
   34
  123
   67
   38
   58
  121
  104
   78
   28
    0
    7
   12
    0
    0
    0
    0
    0
   28
    1
   63
   10
    0
    0
   46
   13
   19
   15
   61
   24
    2
   53
   23
    0
   20
    0
  111
   63
    0
    1
    0
    3
    0
    0
    0
    0
    0
    0
    3
    0
    0
    0
    0
    0
    0
   21
    0
   10
    0
    0
    0
    5
   53
   45
    0
    6
    0
    0
    0
    0
    0
    0
    0
    1
   25
  218
   10
   12
   21
    1
   27
    0
  119
  119
   25
    0
   18
    0
   33
    6
    0
    0
   18
   51
    0
    0
    0
    0
    0
    0
    1
    2
    0
    0
    0
   12
    0
   16
    0
   22
    0
    0
    4
   27
    0
    0
  128
   98
   27
   17
   16
    0
    4
    0
    0
    0
    0
   25
    8
   46
   16
    0
  127
    6
   38
   81
   25
   17
   34
   39
    1
   56
   10
    0
    7
    3
    0
    0
   28
  142
   92
    1
   12
   21
   62
    0
   14
   15
  284
    0
    0
   48
  114
    1
    0
    0
   84
    0
   49
    1
    0
    4
    9
    0
    0
    0
   32
    7
    6
   60
    4
    0
    7
    0
    0
    0
    0
    0
    0
    0
    0
    0
    0
   23
   58
   10
    0
    1
    2
    2
    0
    0
    0
    0
    0
    0
    0
    0
  308
    0
    0
    0
    5
    0
    0
    0
    0
    0
    0
    0
   68
   13
    0
   50
   39
    0
    0
    4
    9
    0
   37
    0
    0
  472
    0
    1
    0
    0
    0
    0
    0
  173
   71
    0
   51
    0
   27
    7
   11
  127
    4
   67
    0
    0
   30
    0
    1
   88
   21
   58
   34
    0
   35
   10
    0
    0
    0
    6
    0
    0
  139
    7
    0
   32
    0
    0
  229
    3
    0
    5
   96
   36
    0
   28
  198
   55
    0
    0
   79
    0
    0
   26
   14
   59
   11
    0
    0
    0
    0
    0
    0
   27
    0
   90
    2
    0
  152
    0
    9
    0
    0
    0
    0
    0
    0
    0
    0
    0
    0
    0
    7
  100
    0
   13
   37
    2
    0
    0
    0
    2
   31
   89
    2
    0
    0
    4
   17
    0
    0
    4
    0
    0
    0
    1
   15
    8
   79
    0
    0
    0
    0
   45
  126
    0
    0
    0
    3
   73
   55
  323
   26
    0
    0
    0
    0
    0
    0
    0
    1
    0
    4
    0
    0
    0
    0
    0
    0
   12
    0
   26
    6
  108
   70
   26
   14
   58
    6
    6
    0
    0
    8
    0
   33
    0
    2
    0
    9
   59
   91
    0
    0
   39
   86
   10
    0
    0
    0
    0
  136
    1
   47
   26
   29
   45
   10
   74
    0
    0
    0
    0
    0
    0
    0
    1
   12
   30
   95
   33
    0
    5
    0
    0
    0
    0
    0
    0
    7
    8
    0
   26
   52
    4
    3
   14
    0
    4
    1
    5
    0
    0
    0
    0
    1
   14
    5
    0
    0
    0
    0
    0
   15
    0
   16
   46
   14
    1
    3
    0
   35
  100
   10
    2
   33
   77
   27
   41
  102
   11
    2
  116
   22
   32
    0
    8
    0
    0
   66
   15
   25
   33
    3
  107
   13
   72
    5
   17
   64
    0
    1
   22
   31
    0
    0
   33
  153
   42
    5
   12
   22
    7
    2
    0
    0
    0
    0
    0
    0
    0
    0
    0
   10
    0
    0
    0
    0
    0
    0
    0
    0
   88
    0
    0
    0
    0
   60
    8
    0
    0
    0
    0
    0
   17
    0
    0
    0
   18
    0
   19
   14
    0
   12
    2
    3
   87
    0
    0
    0
   42
    0
   23
    1
    0
   18
   28
   29
    0
    0
    0
  244
    0
   63
   34
   37
   62
   28
    0
    5
    6
    0
   42
    0
    0
   32
    4
   64
   24
    0
    1
  309
   54
    0
    0
    1
    0
   45
    2
   48
  139
   10
    8
    5
    0
    0
   38
  250
   43
    0
    8
    0
    3
   12
   60
    4
  112
   37
    2
    2
   28
    0
    0
   79
   96
   21
    1
    1
   20
   13
   23
   42
    0
    6
   11
    0
    0
    0
    0
  362
    1
    0
    0
    0
    0
    0
    0
  131
    1
   98
    0
    0
    0
    0
  176
    0
    0
    0
   43
    0
    0
    0
    5
  302
    0
    0
    4
    0
    0
    3
    0
   35
   37
   12
    0
    0
    0
    0
    0
    0
    0
   26
    4
    1
   22
    0
    0
    0
    0
    0
    0
    0
    0
    0
    0
    0
    0
  156
    1
   22
    9
    0
   11
   57
   46
    5
   13
    0
   50
  124
   83
   19
   22
  258
   97
   37
   14
    0
    0
    0
   77
    0
    0
    7
   36
   12
   17
    7
    0
    0
    0
  241
   46
   62
    0
    0
    0
   28
    3
    1
    0
    7
    0
    3
    0
   11
   74
    2
    0
    0
    0
    0
   43
    7
    4
    0
    0
    0
    0
   38
  115
    0
    0
   19
   11
   18
    0
   98
    9
   87
   11
    4
    2
    1
    1
    1
   30
    7
    1
   10
    0
   61
   50
   59
    0
    0
   11
    1
   39
  111
   26
   30
   44
   19
    1
    0
    3
    0
   71
   34
   40
    0
    0
    0
    0
    0
    8
   21
   15
   22
    2
    0
    0
    0
    0
    0
    0
   40
   20
   46
    0
    2
    5
   63
    0
    0
    0
    0
    3
    0
    2
   54
   34
   20
    4
    0
    0
    0
    0
    2
   16
    0
    9
    0
   42
    0
    0
    6
    0
    3
   16
    0
    0
    0
   21
   14
    0
    5
    0
    0
    0
   46
   26
   34
  104
    2
    0
    0
    0
    3
   79
    0
    0
    0
    0
  108
    8
    3
   35
    1
    4
    0
    3
    0
    7
    0
    0
    0
    5
    0
   99
  120
   30
    0
   74
   17
    0
    0
    0
    0
    1
    3
    0
    0
    0
    0
   24
    2
    0
    0
    4
   11
   96
   17
    0
   36
  114
    0
    0
   18
    1
    1
    0
    4
  137
    2
    0
    0
   52
   71
   25
    0
    0
   48
  141
    0
   23
    2
   13
    0
  101
   49
   31
  351
  106
    0
    0
   10
    1
   81
    1
    0
    0
   34
    0
    0
    0
    0
    0
    0
    0
    0
    0
    0
    0
    0
    0
    0
    0
    0
    0
    0
    0
    0
    0
   17
  115
   71
    0
    0
    0
    0
    0
    0
   16
    4
    1
   74
   61
    4
    0
    0
    0
  102
  342
   14
    0
    0
    0
   46
   36
    0
    0
   77
  152
  147
    0
    0
  283
   29
    0
    0
    0
    0
   55
   31
    4
  299
   13
   50
   33
    2
    0
    0
   43
   16
   11
    0
   47
  417
   34
   39
  222
   14
   58
   17
    0
    5
    0
    0
    0
   21
    2
    1
    0
    1
   16
   91
   13
    4
    4
    0
    0
    0
    0
    0
    0
    0
  357
  249
  461
   34
   19
    0
    0
    0
    0
    0
    0
    0
    0
    0
    0
    0
    0
    0
    0
    3
   32
   54
    0
    0
   21
   38
    4
    0
    0
    0
    1
    0
    0
    0
    0
    0
    0
    0
    0
   29
    0
    2
   51
  167
    3
    0
   12
   14
    9
    1
    0
  214
  156
    9
   55
    0
    0
   48
   48
   78
   35
    4
   29
    0
   60
  101
    2
   81
    0
    0
    3
   16
    3
   35
  150
   36
   45
  125
   75
   25
  111
   50
    3
   25
    0
   28
    0
   23
    2
    6
  153
   45
    2
   58
    0
    0
    0
    5
   11
    7
   10
    0
    0
   20
   29
    1
    9
    0
    2
   83
   85
   69
    1
    0
    0
   32
   35
   36
    4
    1
   51
   21
   55
   36
    3
    0
    0
    0
    0
    3
    1
   21
    1
    0
    0
    0
    0
    0
   44
   33
    0
   29
    0
    0
    0
   16
    1
    1
    0
    0
    0
    0
    0
    0
    0
    0
    0
    0
    0
    0
    0
    0
    0
    0
    0
   17
    0
    4
    0
    0
    6
    0
   28
  135
   18
    0
    0
    0
    0
    0
    0
    0
   31
    0
    0
    0
    0
    7
    1
    0
   36
  112
    0
    0
    0
    0
    0
    0
    0
   20
  237
   39
    0
    0
    0
    0
    0
    0
    0
    0
    0
    0
    1
   83
    0
   24
    4
    0
    0
   65
   30
    0
    0
    0
    0
    0
    0
    0
    0
   35
    0
   52
   16
    1
    0
    0
   14
    0
    0
    0
    0
    0
    0
    7
    0
    0
    0
    0
   59
   25
    0
    0
    0
    0
   19
    2
   40
    0
    0
    0
    0
    0
    1
    3
   39
   16
    0
   85
    5
   35
   35
   25
   86
   16
    0
    0
    0
    0
    9
    2
  142
  158
  312
    5
   24
   90
    6
   27
  237
    1
    0
   10
    0
    0
    0
  143
    0
   31
  172
   42
   11
    0
    0
    0
    0
    0
    0
  115
  690
   38
    1
    0
   34
   30
   16
    1
   13
    1
   29
    0
    0
   48
   65
  102
    5
    0
    1
    7
   91
    0
    0
    0
   36
   36
    0
    0
   69
    0
    0
    0
    0
    0
    0
    0
   70
   63
    4
   16
   57
    0
    0
   63
    0
    4
    0
    0
    0
  253
  175
    1
    0
    0
    0
    0
    0
    0
    0
    0
    0
    0
    0
    0
    0
    0
    0
    0
   43
   35
   65
   36
   53
  110
   28
    0
    0
    0
    0
    0
   42
    4
    0
    0
    0
    0
    0
    5
    2
    0
    0
    0
    7
    0
    0
    0
    0
    0
    0
    0
    0
    0
    0
    0
    0
    0
    0
    0
    0
    0
    0
    0
    0
    0
    0
    0
    0
    0
    0
    0
    1
    0
    0
    1
    8
   18
   10
  140
   21
    5
   45
   33
   27
    1
    0
    1
    7
   26
    2
   88
   31
   13
    0
   41
   65
   10
    3
   67
    4
    0
    0
    0
   38
   51
    3
    5
   34
    3
   11
  116
    4
   87
   83
  100
    0
   11
   48
   19
    0
    0
   62
    6
   37
   90
   56
   51
  133
   39
   58
    0
    0
    0
    0
    0
    0
    0
    0
    0
    0
    0
    0
    0
    9
    0
   33
    0
    0
    5
    0
   70
    2
   74
   15
   30
   23
    0
   22
    4
    5
    8
   25
   50
   16
   42
   19
    3
    0
    0
    0
    0
    0
   14
   51
    0
    5
   20
   11
    5
    0
    0
    0
    0
   17
    0
    0
    0
    0
    0
    0
    0
    0
    0
    0
   52
   26
   20
    0
    0
   26
    3
    0
    9
    9
    0
    1
    0
   76
   35
    0
    1
   52
    0
    0
    0
    0
    1
   15
    0
   15
   51
    1
    0
    0
    0
    0
    0
    0
   12
    0
    0
   58
   28
    0
    0
    0
    0
  105
    0
    0
    0
   35
    6
    0
    0
    0
    0
    0
    9
    0
    0
    0
   10
    0
    0
    0
    0
   98
   70
    0
   89
   24
    6
    4
    4
   17
    0
    0
   20
    0
  156
    5
    0
   61
    0
    8
  166
  112
    0
    0
    0
   28
   57
    0
   15
    0
   19
  136
   26
  171
    0
    0
   33
  186
    8
    0
    0
   34
    2
   69
   49
   29
   88
   90
   57
    0
    1
    0
    0
    0
    0
    0
    0
    0
    1
   10
    5
    1
    0
    0
   -9
    3
    0
   78
   11
    3
    0
    0
   15
    1
    0
    0
    0
    0
    1
    0
    0
    0
    2
  166
  100
   57
  151
    0
   20
    0
    0
    0
  174
    7
    0
    0
    0
    0
    8
    0
    0
    0
    0
    0
  158
   71
    0
    3
    0
    0
    0
  115
    0
    0
   26
    5
    0
    0
    0
  109
   38
    0
    0
    0
    0
    0
    0
   22
    4
   65
    0
    2
    0
    1
    0
   23
    0
    0
    5
    0
    0
    0
    0
    0
    0
    0
    0
    1
   13
   87
  102
    0
    2
    4
    0
   46
   15
   53
   45
    2
    5
   16
    3
    0
   12
   97
    0
    0
    0
    0
    0
    0
    0
    0
    0
    0
    0
    0
    0
    0
    2
    4
  215
  329
   45
    0
   17
   19
    4
   16
   24
    0
    0
   72
   78
   43
    1
    0
   31
   19
   53
    1
    7
   27
    0
    0
   64
  215
   14
   10
   18
   27
    0
    0
    2
    0
   27
    2
   32
  119
   87
  129
   72
   74
   54
   41
   11
   13
    0
    0
    0
    4
    2
    0
    0
   18
   29
    0
    0
    2
    0
    0
   39
   12
   66
   71
   49
   53
   19
   38
   25
   18
    1
   17
    2
    0
    0
    0
   47
    4
    0
    0
   13
    0
   15
   76
   43
    5
   36
   68
   54
    7
    1
    1
    0
    6
    1
    2
    0
    0
    0
   16
    0
   25
   24
    6
   92
    0
    4
    7
    0
    3
   60
   24
   27
    8
    1
    0
    0
    0
    0
    7
   50
    4
    2
    7
    3
    0
    0
    0
    5
   12
    0
    0
    3
   23
   37
   34
   36
    0
    0
   21
    0
    1
    0
    0
    0
    2
    0
    0
    0
   11
   81
    2
    3
   49
    0
    7
    0
    2
    0
   13
  175
    1
   17
   67
    0
    0
    0
    0
    0
    0
   36
   92
   59
    0
    0
   47
    0
   18
   52
  227
   13
  188
  129
  336
  121
  367
  722
  141
    8
    0
    0
    0
    2
   79
    0
    0
    0
   34
    0
    0
    0
    0
    0
    0
  323
    0
    1
    2
  243
  292
   18
    0
    8
   31
    0
    0
    0
    5
    0
    1
    0
    0
    0
    0
    0
    0
    0
    0
    0
    0
    0
    0
    0
    0
    0
    0
    0
    0
   17
    0
    0
    0
  103
  178
    6
    0
    0
    0
   63
    7
    0
  113
    0
    6
   69
    1
    0
    9
    1
    0
    0
    0
    0
    0
   26
    2
    0
    0
   25
    0
    2
    0
    0
    7
    0
    0
   12
    0
   29
   40
   19
    0
    0
    0
  113
   40
   46
    1
    1
    0
    0
    1
   45
    4
   12
   23
   23
    1
    0
    5
    9
    4
   39
    0
    0
    0
    0
    0
    0
    0
    0
    0
    0
    0
    0
    3
  284
  138
   18
    0
    0
   16
   26
   15
    1
    1
    6
    0
    0
    2
    0
    0
    7
   11
    0
    0
    0
    0
    0
   16
   38
   19
   28
   29
    0
   23
    0
   29
    4
   20
    2
    0
    5
    0
    0
    0
   43
   14
   10
    7
   10
   11
    0
    6
    6
   13
   37
   27
    3
    0
    0
   19
   58
   36
   25
   20
  127
    5
    0
    0
    0
    2
    1
    0
    0
    0
    0
   21
    0
   25
    0
    0
    1
    2
    0
   14
    0
    0
    0
    0
    1
    1
    4
   26
   27
    0
    0
   14
    0
   11
    0
   23
   91
    5
    8
    0
    0
    0
    8
   14
    5
    7
    6
    0
    0
   12
    0
    0
    0
    0
   38
    5
    1
    0
    0
    1
    0
    0
    0
    0
    0
    0
    0
    4
   34
   27
    0
    0
    5
    0
   30
    0
    0
    0
    0
    0
    0
    0
    0
    0
    0
    0
    0
    2
    0
    0
    0
    0
    0
    0
    0
    0
   81
   35
    0
    9
    5
    0
    0
   28
   34
   68
    0
    0
    0
    4
    0
    0
    0
    0
    0
    0
    0
    0
    0
    0
    5
   19
    0
    8
    8
    6
   73
   17
    0
    6
   64
    0
    0
    1
    0
    0
   45
    0
   14
    0
    0
    0
    0
   25
    9
    0
    0
    0
    4
   13
   25
   32
    6
   10
    0
   40
   13
    2
    0
  157
   86
    7
    0
    0
    0
   28
  163
    0
   26
  408
   90
   13
   14
    0
    0
    0
    0
    0
    0
    0
    0
    0
    0
    0
    0
    0
    3
   31
    0
    0
    0
    0
    0
   17
    7
    0
    0
    1
   39
    1
    4
    3
  164
    5
    0
    0
    0
    0
    6
    0
  186
  294
   93
   11
  103
   12
   10
    3
    0
    0
    0
    0
    0
    0
    1
    0
    0
  185
   16
    0
  187
  108
   13
   20
    0
    0
  127
  214
   33
   19
    0
    0
    0
    0
   10
    0
    5
   44
    4
   65
   31
    0
    9
    2
    1
    0
    0
   26
    1
   19
   28
    0
    0
    2
   14
   60
    2
   19
    0
    0
    0
    0
    1
    0
    0
    7
  290
   97
   16
  116
    0
    0
    0
    0
  165
    7
  124
  143
    0
    0
    2
   43
    0
    0
    0
   84
    0
    0
    0
    0
    0
    0
    0
   18
    0
    0
    4
    0
   69
   12
   44
   27
    0
    0
   17
    1
   67
  168
   11
    0
    0
    0
    0
    0
    0
    1
    0
    0
    0
    0
    0
   13
    5
    0
    0
    0
    1
    0
    0
    0
    0
    0
    8
    0
   56
   13
    3
    0
    0
    0
    5
    0
    0
    0
    0
    0
    0
    0
    0
   21
   15
    0
    1
    9
    0
    0
    0
   31
   11
   72
   20
    0
   19
   15
   15
   43
   41
    2
   -9
    0
   74
   42
    9
    0
   39
    8
   26
   26
    0
   39
   13
   13
   18
    0
   24
   76
  142
   73
   22
    1
   25
   12
    0
   10
    9
    0
    0
   22
    0
   16
   10
    4
   17
   58
   57
    9
    0
   11
    5
    1
    9
   15
    2
    0
    0
   30
   13
   40
    1
    0
    0
    0
    0
    0
    0
    0
    0
    0
    0
    1
    0
   13
    0
    0
    0
    2
    4
   31
   25
   23
   18
   12
    0
    0
    0
    0
   23
   12
    5
    4
   47
    0
    0
    0
    0
    0
    0
   10
    0
    0
    0
    8
   26
   22
    5
  131
   55
  105
  122
   77
    0
    3
    1
    5
    0
    1
    0
    0
   11
    0
    2
    0
    0
   12
    2
    0
    0
    0
    0
    0
    0
    0
    0
   14
  137
  153
    0
   61
    0
    0
   31
    0
   15
    0
    0
    9
   29
    0
    0
   25
    4
    0
    0
    2
    0
    0
    0
    0
    0
    0
    0
    0
   21
    0
    0
    4
    8
    4
    0
   47
    0
    0
    0
    0
    2
    2
  144
   10
    0
  118
    0
   48
    0
    0
    0
    7
   48
   20
   68
    5
  114
   75
    1
    0
    3
   11
    2
    0
    0
    0
    0
    0
    0
   33
    0
   56
    8
   36
    0
    0
   17
   20
  205
    2
    0
    0
   26
   28
   18
    0
  172
    0
   30
   12
    1
   32
    0
    0
    0
    0
    0
    0
    0
    0
    0
    0
    0
    0
    0
    0
    0
    0
    0
   20
    0
   19
  534
  198
   35
    0
    0
    0
   31
   37
    0
    0
    0
   15
    0
    0
    0
  191
    0
  108
    0
   31
   10
   31
    0
    0
   54
    0
    0
    0
    7
    0
    1
   66
    0
   47
    9
    0
   11
    6
    0
    0
    3
    0
    0
    0
    0
    0
    0
    0
    0
    0
   74
  157
   73
    0
    0
    0
    0
   49
   78
   48
   59
    0
    1
    0
   68
    0
    2
    0
    0
    1
    0
    0
    0
    0
    0
    0
    0
    0
    0
    0
    0
   48
   10
    1
   23
    5
   19
    0
    2
   80
  149
   38
   22
   13
  178
   40
   10
   12
    9
    0
    1
    3
    0
   33
  128
  152
    1
    0
    0
    4
    0
    0
    1
    0
   30
    0
   15
   16
    6
    0
    0
   11
   13
   48
    0
    0
   19
    1
    0
    1
   20
    0
    0
    0
    0
    0
   14
