Station: Kohren-Sahlis-Gnandstein , scaling_factor: 10.0, latitude:  51.0207, longitude:  12.5737, altitude:  203, nodata_value: -9
start: ..2009-06-01  end: ..2015-12-31
    2
    0
    1
    0
    0
   36
    2
    0
   56
   14
   51
   49
    0
    4
  162
  123
    0
    0
    0
    0
   22
    9
    6
   26
    5
    2
    4
    0
    0
    0
    0
   11
    0
   13
    0
    7
    9
   75
    2
   29
   52
    5
    1
    0
    0
    0
  182
   29
    6
    0
   46
    2
  121
   19
   18
    0
    2
    0
    0
    0
    0
    0
   14
    1
    0
    0
    0
    0
    0
    0
   36
    2
  136
    0
    0
    0
    0
   81
    0
    0
    2
  112
    0
    0
    0
   12
   92
    0
    0
    3
    0
    0
   59
    0
  126
   49
    6
    1
    0
    0
    0
    0
    0
    0
   81
   26
    2
    0
    0
    0
    0
    0
    0
    0
    0
    9
    0
    0
    0
    0
   88
    2
   26
    2
    0
    6
   59
   18
    1
    1
    8
   39
   38
   22
   21
    2
   42
   79
   48
    8
    0
    0
    0
   91
    4
    6
    2
    4
    8
    5
    0
    0
    0
   19
  213
   49
  124
    2
    0
    0
   14
   13
    3
    2
   12
    0
    1
    0
   14
   74
    0
    0
    0
    0
    1
   28
    4
    0
    0
    0
    0
    0
   71
   36
    0
    0
   16
   14
   14
    1
   39
   29
  148
   20
    1
    0
    1
    0
    1
   14
    2
    0
    0
    2
   75
   10
   39
    0
    0
    0
    0
   66
   82
   61
   44
   42
   24
    0
    0
    0
    0
   34
   32
   42
    0
    0
    0
    0
    0
    2
   90
    2
   45
    0
    4
    0
    0
    0
    0
    0
   40
    2
   18
    1
    7
    2
   38
    0
    0
    0
    0
    0
    0
    2
   36
    8
   19
    3
    0
    0
    0
    0
    2
   30
    0
   19
    0
   54
    0
    4
    2
    0
    4
    3
    0
    0
    3
   34
    0
    0
    0
    0
    0
   14
   16
    4
   12
   94
    0
    0
    0
    0
    2
   61
    0
    0
    0
    0
   71
    6
    9
   21
    9
    2
    0
    0
    2
    4
    2
    0
    0
    2
    0
   33
   28
    4
    5
   32
    6
    0
    0
    0
    0
    0
    2
    0
    0
    0
    0
   22
    0
    0
    0
   19
    8
   38
   12
    6
   19
  106
    4
    0
   18
   78
   19
    0
    0
   59
    4
    0
    0
   24
   82
   12
    0
    0
    0
   36
    0
   42
    6
   18
    1
   54
   88
   44
   16
    0
    0
    0
    4
    0
    0
   12
    0
    0
    3
    0
    0
    0
    0
    0
    0
    0
    0
    0
    0
    0
    0
    4
    0
    0
    0
    0
    0
    0
    0
    0
   98
  142
   62
    0
    0
    0
    0
    0
    0
   54
   16
    0
  133
   38
    0
    0
    0
    0
  301
  224
    0
    0
    0
    0
   24
   34
    0
    0
   52
  251
   53
    0
   11
   68
   28
    0
    0
    0
    8
  219
  218
   12
   29
   32
   38
   58
    0
    0
    0
   68
   18
   28
    0
   38
   83
   11
   29
   58
    6
    8
   25
    0
    0
    0
    0
    0
   78
    3
    0
    0
    0
   14
  102
   20
   30
   25
    0
    0
    0
    0
    0
    0
    0
  246
  238
  391
   31
   18
    0
    0
    0
    0
    0
    0
    0
    0
    0
    0
    0
    0
    0
    0
    3
   21
   23
    0
    0
   26
   12
    0
    0
    0
    0
    0
    4
    0
    0
    0
    0
    0
    0
    0
    6
    0
    2
   24
  144
    0
    0
    8
    2
    2
    8
   17
   79
  162
    6
   48
    2
    0
   44
  141
   64
   24
   56
   11
    0
   56
   51
    0
  120
    0
    0
    0
   28
    3
   35
  138
   13
   68
   34
   39
   31
   84
   26
   38
   18
    8
    9
    0
   36
    3
    4
  148
   22
   13
   14
    0
    0
    7
    6
   14
    6
    0
    0
    2
   16
   18
    0
   14
    0
    0
  104
  113
   15
    0
    0
    0
   51
   39
   16
    8
    4
   69
   29
   59
    6
    0
    0
    1
    1
    0
    4
   29
   21
    0
    0
    0
    0
    0
    0
   19
   31
   29
    9
    0
    0
    0
   41
    2
    0
    0
    0
    0
    0
    0
    0
    0
    0
    0
    0
    0
    0
    0
    0
    0
    0
    0
    4
    2
    0
    0
    3
    0
    0
   34
   64
    8
    0
    0
    0
    2
    0
    0
    0
   14
    0
    0
    0
    0
   11
    0
    0
   78
   49
    0
    0
    0
    0
    0
    0
    0
   27
  129
    4
    0
    0
    0
    0
    0
    0
    0
    0
    0
    0
    0
   16
    4
    0
    0
    0
    0
    6
    0
    0
    0
    0
    0
    0
    0
    0
    0
   98
    0
   67
    4
   12
    4
    0
    4
    3
    2
  238
    0
    0
    0
    9
    0
    0
    0
    0
  305
   78
    0
    0
    0
    8
    0
    2
   28
    0
    2
   26
    0
    3
   79
    0
   88
   52
    0
   64
   13
   11
   54
   21
   72
   39
    0
    0
    0
    3
   88
   18
  154
  226
  118
   12
   92
   88
    3
   24
  352
    0
    6
   11
    0
    2
    0
  136
    0
    0
    2
    7
    0
    0
    0
    0
    0
    0
    0
   42
  263
  103
    3
    0
    3
    6
    2
    0
    0
   18
    3
    7
    0
  130
    1
   72
    0
    1
    0
   72
   74
    2
    0
    0
  144
    0
   42
    0
   28
    0
    0
    0
    0
    0
    0
    0
  186
   61
   11
   22
   36
    0
    0
   82
    0
   21
    0
    0
    0
  132
   92
    0
    0
    0
    0
    0
    0
    0
    0
    0
    0
    0
    0
    0
    0
    0
    0
    0
   88
   65
   38
   42
   39
  172
   18
    0
    0
    0
    0
    0
   48
    2
    0
    0
    0
    0
    0
    2
    0
    0
    0
    0
    0
    0
    0
    0
    0
    0
    0
    0
    0
    0
    0
    2
    0
    0
    0
    0
    0
    0
    0
    0
    0
    0
    0
    0
    0
    0
    0
    0
    0
    0
    0
    0
    3
   14
   44
  106
    4
    4
   18
   31
   34
    0
    0
    2
   22
   28
    0
   64
   16
    2
    3
   21
   79
   31
    9
   71
    6
    0
    0
    0
   17
   39
   24
   14
   31
    0
   19
  108
    4
   48
   33
   66
    0
    3
   29
   51
    0
    0
   14
   12
   66
  104
    3
   76
   57
   32
   11
    0
    0
    8
   10
    0
    0
    0
    0
    0
    0
    2
    0
    0
    4
    0
   18
    0
    0
    0
    8
   29
    3
   67
   14
    6
   10
    0
   11
    4
    3
    4
    2
   16
   26
    7
    7
    0
    0
    0
    0
    0
    0
   21
   20
    0
   36
    9
    3
    6
    0
    0
    0
    0
   29
    0
    0
    0
    0
    0
    0
    0
    0
    0
    0
   16
    4
    6
    0
    0
   38
    3
    0
    8
    6
    0
    2
    2
   58
   13
    7
    5
    6
    0
    0
    0
    0
    2
   29
    0
    0
   19
    0
    0
    0
    0
    0
    0
    0
   94
   78
    0
   97
   38
    6
    2
    0
    0
   48
    0
    0
    0
   16
   11
    0
    0
    0
    0
    0
    7
    0
    0
    0
    0
    0
    0
    0
    0
  144
   99
    0
   72
   59
    0
    9
   19
   18
    0
    0
   19
    0
   91
    2
    0
   72
    2
    0
   61
  206
    4
    0
    2
   24
  112
    0
   36
    0
   41
   39
   31
   59
    2
    0
  312
  299
  141
   24
    0
   18
   11
   18
   52
   41
  302
  133
   19
    0
   31
    4
    0
    0
    0
    0
    0
    0
    0
    1
   65
    0
    0
    0
   35
    5
    0
    0
   34
    2
    0
    0
    0
    0
    0
    0
    0
    0
   21
    0
    0
    0
    0
   62
   46
   72
   74
    0
   32
    0
    0
    0
   82
    4
    0
    0
    0
    0
   24
    0
    0
    0
    0
    0
  146
   14
    0
    6
    0
    0
    0
  142
    2
    0
   28
    0
    0
    3
    0
  121
    3
    0
    0
    0
    0
    0
    0
   17
    3
   62
    2
    0
    0
    0
    0
   34
    0
    2
    0
    0
    0
    0
    0
    0
    0
    0
    3
    4
    7
   84
   85
    0
   16
   24
    0
   22
   11
   19
    8
    3
   16
    9
    0
    0
   22
   49
    0
    0
    0
    0
    0
    0
   22
    0
    0
    0
    0
    0
    1
    0
   11
   22
  238
  196
   26
    0
   16
   18
    4
   31
   28
    0
    0
   52
   74
   19
   11
    0
   39
   48
    8
   19
   47
    0
    0
   11
   54
  264
    7
    9
    6
   32
    0
    0
   13
    0
    0
   13
   11
  162
   41
   81
    4
   88
   49
   35
    9
    9
    0
    6
    0
   11
    8
    0
    0
   38
   19
    0
    0
    6
    0
    0
   18
    4
   91
   68
    2
   91
   32
   14
   31
   41
    4
   43
   11
   16
    0
    0
    9
    0
    0
    2
    7
    0
   11
   81
   18
    9
    9
   92
   29
   15
    2
    0
    0
    0
    4
    0
    0
    0
    0
   21
    2
   19
   51
    9
   68
    2
   12
    3
    0
    2
   92
   24
   16
    2
    0
    0
    0
    0
    0
    2
   26
   11
    0
   19
    0
    0
    0
    0
    2
   16
    0
    0
    0
   13
   44
   28
    0
    0
    0
    0
    0
    0
    0
    0
    0
    0
    0
    0
    0
  122
  246
    6
    0
   14
    0
    4
    0
    3
    0
   94
   36
    3
   40
    2
   18
    6
    1
    0
    0
    0
  126
   58
   74
    0
    2
   88
    0
    9
  224
  236
   24
   66
   26
  388
   86
  268
  434
   12
    0
    0
    0
    0
  196
  126
    9
    0
    0
   78
    0
    0
    0
    0
    0
    0
  243
    0
    0
    0
   69
  189
    4
   21
    0
   29
    3
    0
    0
    2
    2
    2
    0
    0
    0
    0
    0
    0
    0
    0
    0
    0
    0
    0
    0
    0
    0
    0
    0
    0
   32
    0
    0
    0
  163
  173
    0
    0
    0
    0
    2
   69
    0
   97
    2
    0
   22
   52
    0
   26
    2
    0
    0
    0
    0
    0
   18
    0
    0
    0
   11
    0
    4
    0
    0
    6
    0
    0
   29
    0
   11
    9
    0
    0
    0
    0
  211
   36
    3
   17
    9
    0
    6
    2
   58
   14
    8
    3
   24
    5
    0
    0
    0
    5
   29
    0
    0
    0
    0
    0
    0
    0
    0
    4
    0
    0
    0
   47
  144
  138
    6
    0
    4
   14
   34
    8
    0
    0
    2
    0
    0
    0
    0
    0
   36
   26
    0
    0
    0
    0
    9
   10
   21
   11
   29
   44
   13
   32
    0
   11
    0
   46
    0
    0
    0
    1
    0
    0
   78
   33
    9
   16
   14
   12
    0
    0
   22
    7
   15
   38
    2
    1
    0
   34
   33
    6
   34
   43
   64
    6
    0
    0
    1
   12
    2
    0
    0
    0
    0
    4
    0
   48
    0
    1
    1
    7
    0
    4
    0
    0
    0
    0
    0
    6
    4
    1
   26
    2
    1
    9
    0
    6
    0
    9
   48
   12
   29
    1
    0
    4
   11
   26
    1
   19
    2
    6
    1
   29
    0
    0
    0
    0
    2
   14
    0
    0
    0
    0
    0
    1
    0
    0
    0
    0
    1
    0
   15
    8
    0
    0
    1
   10
   37
    0
    0
    0
    0
    0
    1
    0
    0
    0
    0
    0
    0
    0
    0
    0
    0
    0
    0
    0
    0
    1
   28
    1
    0
    4
    1
    0
    0
   14
    1
   22
   21
    0
    0
    1
    0
    0
    0
    0
    0
    0
    0
    0
    0
    0
    2
   59
    1
    2
   14
    3
    9
   22
    0
   74
   91
    0
    0
    0
    0
    0
    0
    0
    0
  234
    0
    0
    0
   39
   19
    0
    0
    0
    0
   59
   29
   31
   19
   36
    0
   37
   36
    3
    0
   89
  171
    0
    0
    0
    0
    0
   58
    0
   49
  394
  136
   31
    1
    0
    0
    0
    0
    4
    0
    0
    0
    0
    0
    0
    1
    0
    0
    7
    0
    4
    0
    0
    3
   21
   14
    0
    0
    7
  167
    3
    7
    2
  151
   46
    3
    0
    0
    0
    0
    0
    6
  189
   64
   54
  156
    2
  112
    0
    0
    0
    0
    0
    0
    0
    1
    0
    0
   32
   27
    0
   15
    1
  104
   19
    0
    0
  243
   32
  194
    1
    0
    0
    0
    0
   46
    0
    0
   71
    0
    6
    9
    0
   26
    3
    0
    1
    0
   74
    0
   42
   26
    0
    0
    7
  111
   54
    7
    3
    1
    0
    0
  106
    3
    0
    0
    5
  149
  256
   71
   19
    3
    0
    0
    0
   92
   11
  103
  122
    0
    0
    2
   17
    0
    0
    0
    7
    0
    0
    0
    0
    0
    0
    7
   29
    4
    1
    0
    0
   14
   17
   34
   11
    0
    0
   12
    2
   67
  181
    1
    0
    1
    0
    0
    0
    0
    1
    0
    0
    0
    0
    0
   34
    3
    0
    0
    0
    3
    0
    5
    1
    0
    1
    1
    2
   53
   26
    1
    0
    0
    1
    2
    0
    0
    0
    0
    0
    0
    0
   17
   15
    2
    0
    0
   25
    0
    0
    0
   23
    8
  102
   22
    5
    9
   44
   28
   29
   12
    0
    0
    0
   32
   39
    0
    0
   38
   49
   39
   33
    0
    1
   36
    9
    2
    0
   31
   81
   51
   11
   12
    0
   14
   21
    1
   54
    4
    0
    4
   22
    0
   12
   16
    9
   11
   68
    4
    4
   11
   25
    5
    4
   14
   16
   19
    5
    0
    4
    6
    9
    2
    0
    0
    0
    0
    0
    0
    0
    0
    0
    0
    0
    0
   18
    0
    0
    0
   16
    0
   42
    7
    9
   20
    0
    0
    0
    0
    0
   16
    3
    5
   34
   17
    0
    0
    0
    0
    0
    0
    6
    0
    0
    0
    7
    6
    0
   11
   41
   58
   64
   26
  108
    0
    0
    0
    2
    0
    0
    0
    0
    4
    1
    0
    0
    0
    1
    0
    0
    0
    0
    0
    0
    0
    0
    0
    0
   69
   64
    0
   88
    0
    0
   32
    0
    1
    0
    0
    3
  116
    0
    0
   78
    5
    0
    0
    0
    0
    0
    0
    7
    0
    0
    6
    2
    6
    4
    0
   10
   21
    0
    0
   91
    0
    0
    0
    0
  388
    0
  149
    4
    0
  122
    0
  274
    0
    1
    0
   44
   51
   36
   14
    4
  141
   22
    0
    0
    7
   74
    3
    0
    0
    0
    0
    0
    0
   35
    0
   34
    0
   24
    0
    0
   46
   71
   46
   22
    0
    0
   31
   54
    0
    0
  295
    3
   12
    0
    0
   35
    0
    4
    0
    0
    0
    0
    0
   68
    0
    0
    0
    0
    0
    0
    0
    0
    0
   35
    0
  118
  262
  168
   41
    0
    0
    0
   22
   51
    0
    0
   21
   25
    0
    0
    5
  147
    1
   41
    1
   43
   24
   24
    0
    0
   45
    0
    0
    0
   42
    2
    3
   35
    3
   14
   18
    0
   37
    1
    0
    0
    5
    0
    0
    0
    0
    0
    0
    0
    1
    0
   37
  231
   32
    2
    0
    0
    0
  108
   76
   88
   21
    3
    1
    3
   61
    1
   18
    1
    0
    2
    0
    0
    1
    0
    0
    0
    0
    0
    0
    0
    0
   37
    3
    1
    2
   24
    0
    0
   10
  146
  111
   44
    9
   26
   49
   32
    3
   59
    0
    0
   11
    3
    0
   35
   68
   40
   16
    0
    0
    1
    0
    0
    0
    9
   41
    0
    0
    4
    1
    3
    0
   11
   12
   37
    0
   11
    9
    0
    0
    0
    1
    0
    0
    0
    0
    0
   20
